#! FIELDS time d
 0.000000 1.200279
 1.000000 1.203567
 2.000000 1.213539
 3.000000 1.228898
 4.000000 1.247902
 5.000000 1.268631
 6.000000 1.288769
 7.000000 1.306447
 8.000000 1.320075
 9.000000 1.328837
 10.000000 1.332299
 11.000000 1.330440
 12.000000 1.323505
 13.000000 1.312003
 14.000000 1.296550
 15.000000 1.278098
 16.000000 1.257889
 17.000000 1.237399
 18.000000 1.218563
 19.000000 1.202956
 20.000000 1.192467
 21.000000 1.188181
 22.000000 1.190093
 23.000000 1.197327
 24.000000 1.208254
 25.000000 1.220898
 26.000000 1.233219
 27.000000 1.243804
 28.000000 1.251886
 29.000000 1.257573
 30.000000 1.261242
 31.000000 1.263499
 32.000000 1.264685
 33.000000 1.264874
 34.000000 1.264026
 35.000000 1.262135
 36.000000 1.259311
 37.000000 1.255834
 38.000000 1.251977
 39.000000 1.248040
 40.000000 1.244147
 41.000000 1.240155
 42.000000 1.235893
 43.000000 1.231215
 44.000000 1.226264
 45.000000 1.221616
 46.000000 1.218385
 47.000000 1.217837
 48.000000 1.220985
 49.000000 1.228287
 50.000000 1.239414
 51.000000 1.253343
 52.000000 1.268514
 53.000000 1.283321
 54.000000 1.296502
 55.000000 1.307289
 56.000000 1.314939
 57.000000 1.319082
 58.000000 1.319271
 59.000000 1.315094
 60.000000 1.306259
 61.000000 1.292787
 62.000000 1.275657
 63.000000 1.256399
 64.000000 1.236816
 65.000000 1.218755
 66.000000 1.204309
 67.000000 1.195183
 68.000000 1.192233
 69.000000 1.195376
 70.000000 1.203859
 71.000000 1.216502
 72.000000 1.231893
 73.000000 1.248431
 74.000000 1.264524
 75.000000 1.278621
 76.000000 1.289386
 77.000000 1.295836
 78.000000 1.297484
 79.000000 1.294536
 80.000000 1.287700
 81.000000 1.278134
 82.000000 1.267055
 83.000000 1.255777
 84.000000 1.245459
 85.000000 1.236903
 86.000000 1.230735
 87.000000 1.227104
 88.000000 1.225983
 89.000000 1.227265
 90.000000 1.230772
 91.000000 1.236290
 92.000000 1.243501
 93.000000 1.251661
 94.000000 1.259935
 95.000000 1.267408
 96.000000 1.273289
 97.000000 1.276967
 98.000000 1.278132
 99.000000 1.276716
 100.000000 1.272932
 101.000000 1.267182
 102.000000 1.260087
 103.000000 1.252229
 104.000000 1.244402
 105.000000 1.237578
 106.000000 1.232508
 107.000000 1.229835
 108.000000 1.229941
 109.000000 1.232693
 110.000000 1.237344
 111.000000 1.242747
 112.000000 1.247687
 113.000000 1.251328
 114.000000 1.253368
 115.000000 1.254142
 116.000000 1.254386
 117.000000 1.254820
 118.000000 1.255828
 119.000000 1.257331
 120.000000 1.258875
 121.000000 1.259871
 122.000000 1.259873
 123.000000 1.258829
 124.000000 1.257101
 125.000000 1.255256
 126.000000 1.253607
 127.000000 1.252014
 128.000000 1.249973
 129.000000 1.246949
 130.000000 1.242714
 131.000000 1.237502
 132.000000 1.232135
 133.000000 1.227528
 134.000000 1.224651
 135.000000 1.224408
 136.000000 1.227425
 137.000000 1.233983
 138.000000 1.243954
 139.000000 1.256736
 140.000000 1.271614
 141.000000 1.287347
 142.000000 1.303094
 143.000000 1.317822
 144.000000 1.330589
 145.000000 1.340263
 146.000000 1.345480
 147.000000 1.345284
 148.000000 1.339174
 149.000000 1.327449
 150.000000 1.310781
 151.000000 1.290267
 152.000000 1.267693
 153.000000 1.245095
 154.000000 1.225000
 155.000000 1.209511
 156.000000 1.200200
 157.000000 1.197991
 158.000000 1.202861
 159.000000 1.213929
 160.000000 1.229615
 161.000000 1.247884
 162.000000 1.266311
 163.000000 1.283203
 164.000000 1.296837
 165.000000 1.306241
 166.000000 1.311104
 167.000000 1.311716
 168.000000 1.308518
 169.000000 1.301973
 170.000000 1.292538
 171.000000 1.280880
 172.000000 1.267822
 173.000000 1.254610
 174.000000 1.242751
 175.000000 1.233991
 176.000000 1.229683
 177.000000 1.230264
 178.000000 1.235029
 179.000000 1.242287
 180.000000 1.249785
 181.000000 1.255750
 182.000000 1.259167
 183.000000 1.260200
 184.000000 1.259975
 185.000000 1.259978
 186.000000 1.261541
 187.000000 1.265442
 188.000000 1.271862
 189.000000 1.280332
 190.000000 1.289839
 191.000000 1.299345
 192.000000 1.307670
 193.000000 1.313647
 194.000000 1.316371
 195.000000 1.315267
 196.000000 1.310111
 197.000000 1.301228
 198.000000 1.289205
 199.000000 1.274934
 200.000000 1.259524
 201.000000 1.244540
 202.000000 1.231581
 203.000000 1.221846
 204.000000 1.216419
 205.000000 1.215681
 206.000000 1.219674
 207.000000 1.228049
 208.000000 1.240118
 209.000000 1.254894
 210.000000 1.271423
 211.000000 1.287956
 212.000000 1.302501
 213.000000 1.312951
 214.000000 1.317615
 215.000000 1.316028
 216.000000 1.308457
 217.000000 1.295650
 218.000000 1.278757
 219.000000 1.259448
 220.000000 1.240131
 221.000000 1.222959
 222.000000 1.210043
 223.000000 1.202776
 224.000000 1.202101
 225.000000 1.208218
 226.000000 1.220502
 227.000000 1.237721
 228.000000 1.258295
 229.000000 1.279849
 230.000000 1.300405
 231.000000 1.317775
 232.000000 1.330382
 233.000000 1.337514
 234.000000 1.339034
 235.000000 1.335216
 236.000000 1.326648
 237.000000 1.313880
 238.000000 1.297856
 239.000000 1.280093
 240.000000 1.262172
 241.000000 1.245589
 242.000000 1.231356
 243.000000 1.220083
 244.000000 1.212482
 245.000000 1.209039
 246.000000 1.209956
 247.000000 1.214975
 248.000000 1.223367
 249.000000 1.234307
 250.000000 1.246880
 251.000000 1.260501
 252.000000 1.274719
 253.000000 1.288850
 254.000000 1.301718
 255.000000 1.311808
 256.000000 1.317830
 257.000000 1.319350
 258.000000 1.316844
 259.000000 1.311526
 260.000000 1.304893
 261.000000 1.298438
 262.000000 1.293156
 263.000000 1.289338
 264.000000 1.286637
 265.000000 1.284102
 266.000000 1.280456
 267.000000 1.274528
 268.000000 1.265926
 269.000000 1.255279
 270.000000 1.244409
 271.000000 1.235792
 272.000000 1.231716
 273.000000 1.233557
 274.000000 1.241425
 275.000000 1.254545
 276.000000 1.271568
 277.000000 1.290736
 278.000000 1.310176
 279.000000 1.328024
 280.000000 1.342690
 281.000000 1.352644
 282.000000 1.356972
 283.000000 1.355301
 284.000000 1.347857
 285.000000 1.335386
 286.000000 1.318736
 287.000000 1.298935
 288.000000 1.277442
 289.000000 1.255790
 290.000000 1.235841
 291.000000 1.219197
 292.000000 1.207279
 293.000000 1.201060
 294.000000 1.200905
 295.000000 1.206589
 296.000000 1.217350
 297.000000 1.231938
 298.000000 1.248855
 299.000000 1.265918
 300.000000 1.281230
 301.000000 1.292945
 302.000000 1.300185
 303.000000 1.303181
 304.000000 1.302631
 305.000000 1.298935
 306.000000 1.292278
 307.000000 1.282898
 308.000000 1.271455
 309.000000 1.259104
 310.000000 1.247068
 311.000000 1.236455
 312.000000 1.228349
 313.000000 1.223363
 314.000000 1.221786
 315.000000 1.223603
 316.000000 1.228147
 317.000000 1.234261
 318.000000 1.240577
 319.000000 1.246247
 320.000000 1.251386
 321.000000 1.256492
 322.000000 1.262010
 323.000000 1.267872
 324.000000 1.273971
 325.000000 1.280232
 326.000000 1.286597
 327.000000 1.292912
 328.000000 1.298570
 329.000000 1.302584
 330.000000 1.303946
 331.000000 1.302049
 332.000000 1.296719
 333.000000 1.288141
 334.000000 1.276851
 335.000000 1.263507
 336.000000 1.249281
 337.000000 1.235599
 338.000000 1.224001
 339.000000 1.215748
 340.000000 1.211491
 341.000000 1.211303
 342.000000 1.214828
 343.000000 1.221563
 344.000000 1.231069
 345.000000 1.243017
 346.000000 1.257067
 347.000000 1.272505
 348.000000 1.288539
 349.000000 1.303943
 350.000000 1.317006
 351.000000 1.326178
 352.000000 1.329983
 353.000000 1.327072
 354.000000 1.316814
 355.000000 1.299739
 356.000000 1.277454
 357.000000 1.252546
 358.000000 1.228050
 359.000000 1.206633
 360.000000 1.190541
 361.000000 1.181816
 362.000000 1.181506
 363.000000 1.189528
 364.000000 1.204820
 365.000000 1.225388
 366.000000 1.248497
 367.000000 1.271885
 368.000000 1.293399
 369.000000 1.311307
 370.000000 1.324332
 371.000000 1.331345
 372.000000 1.332054
 373.000000 1.326952
 374.000000 1.317239
 375.000000 1.304686
 376.000000 1.291316
 377.000000 1.278365
 378.000000 1.266625
 379.000000 1.256697
 380.000000 1.249224
 381.000000 1.244600
 382.000000 1.242743
 383.000000 1.243172
 384.000000 1.245070
 385.000000 1.247503
 386.000000 1.249648
 387.000000 1.251035
 388.000000 1.251508
 389.000000 1.251151
 390.000000 1.250141
 391.000000 1.248649
 392.000000 1.246841
 393.000000 1.244893
 394.000000 1.243028
 395.000000 1.241562
 396.000000 1.240904
 397.000000 1.241510
 398.000000 1.243723
 399.000000 1.247596
 400.000000 1.252774
 401.000000 1.258233
 402.000000 1.262463
 403.000000 1.263727
 404.000000 1.260898
 405.000000 1.253952
 406.000000 1.243985
 407.000000 1.233182
 408.000000 1.223950
 409.000000 1.218452
 410.000000 1.217942
 411.000000 1.222745
 412.000000 1.232165
 413.000000 1.244838
 414.000000 1.258705
 415.000000 1.271682
 416.000000 1.282185
 417.000000 1.288863
 418.000000 1.291210
 419.000000 1.289293
 420.000000 1.283717
 421.000000 1.275338
 422.000000 1.265380
 423.000000 1.254858
 424.000000 1.244936
 425.000000 1.236583
 426.000000 1.230667
 427.000000 1.227368
 428.000000 1.226748
 429.000000 1.228750
 430.000000 1.233308
 431.000000 1.240312
 432.000000 1.249723
 433.000000 1.261220
 434.000000 1.274133
 435.000000 1.287219
 436.000000 1.299143
 437.000000 1.308217
 438.000000 1.313090
 439.000000 1.312814
 440.000000 1.307158
 441.000000 1.296492
 442.000000 1.281948
 443.000000 1.264907
 444.000000 1.247013
 445.000000 1.230046
 446.000000 1.215527
 447.000000 1.204897
 448.000000 1.199364
 449.000000 1.199532
 450.000000 1.205318
 451.000000 1.215840
 452.000000 1.229572
 453.000000 1.244491
 454.000000 1.258433
 455.000000 1.269479
 456.000000 1.276535
 457.000000 1.279221
 458.000000 1.277865
 459.000000 1.273191
 460.000000 1.266224
 461.000000 1.258127
 462.000000 1.249843
 463.000000 1.242150
 464.000000 1.235614
 465.000000 1.230635
 466.000000 1.227631
 467.000000 1.226964
 468.000000 1.228915
 469.000000 1.233538
 470.000000 1.240477
 471.000000 1.248958
 472.000000 1.257778
 473.000000 1.265691
 474.000000 1.271686
 475.000000 1.275225
 476.000000 1.276281
 477.000000 1.275169
 478.000000 1.272370
 479.000000 1.268345
 480.000000 1.263555
 481.000000 1.258483
 482.000000 1.253649
 483.000000 1.249598
 484.000000 1.246808
 485.000000 1.245581
 486.000000 1.245954
 487.000000 1.247608
 488.000000 1.249793
 489.000000 1.251425
 490.000000 1.251360
 491.000000 1.248802
 492.000000 1.243565
 493.000000 1.236245
 494.000000 1.228183
 495.000000 1.220850
 496.000000 1.215657
 497.000000 1.213600
 498.000000 1.215167
 499.000000 1.220327
 500.000000 1.228608
 501.000000 1.239268
 502.000000 1.251214
 503.000000 1.263643
 504.000000 1.275464
 505.000000 1.285256
 506.000000 1.291623
 507.000000 1.293319
 508.000000 1.289631
 509.000000 1.280710
 510.000000 1.267653
 511.000000 1.252157
 512.000000 1.236642
 513.000000 1.223243
 514.000000 1.213737
 515.000000 1.209324
 516.000000 1.210446
 517.000000 1.216955
 518.000000 1.228005
 519.000000 1.242420
 520.000000 1.258905
 521.000000 1.276235
 522.000000 1.293098
 523.000000 1.308014
 524.000000 1.319799
 525.000000 1.327148
 526.000000 1.329030
 527.000000 1.325081
 528.000000 1.315738
 529.000000 1.302044
 530.000000 1.285254
 531.000000 1.267473
 532.000000 1.250478
 533.000000 1.235549
 534.000000 1.224162
 535.000000 1.217409
 536.000000 1.215715
 537.000000 1.219001
 538.000000 1.226622
 539.000000 1.237591
 540.000000 1.250449
 541.000000 1.263114
 542.000000 1.273608
 543.000000 1.280382
 544.000000 1.282377
 545.000000 1.279638
 546.000000 1.273063
 547.000000 1.264047
 548.000000 1.254123
 549.000000 1.244737
 550.000000 1.237169
 551.000000 1.232435
 552.000000 1.231170
 553.000000 1.233706
 554.000000 1.239957
 555.000000 1.249556
 556.000000 1.261470
 557.000000 1.274300
 558.000000 1.286322
 559.000000 1.295698
 560.000000 1.300829
 561.000000 1.300780
 562.000000 1.295543
 563.000000 1.285961
 564.000000 1.273766
 565.000000 1.260899
 566.000000 1.248923
 567.000000 1.239226
 568.000000 1.232741
 569.000000 1.229993
 570.000000 1.231177
 571.000000 1.236106
 572.000000 1.244195
 573.000000 1.254427
 574.000000 1.265683
 575.000000 1.276559
 576.000000 1.285832
 577.000000 1.292438
 578.000000 1.295885
 579.000000 1.296192
 580.000000 1.293923
 581.000000 1.289966
 582.000000 1.285256
 583.000000 1.280485
 584.000000 1.276039
 585.000000 1.272101
 586.000000 1.268787
 587.000000 1.266132
 588.000000 1.264323
 589.000000 1.263564
 590.000000 1.264042
 591.000000 1.265782
 592.000000 1.268499
 593.000000 1.271506
 594.000000 1.273856
 595.000000 1.274587
 596.000000 1.273087
 597.000000 1.269390
 598.000000 1.264236
 599.000000 1.258728
 600.000000 1.254062
 601.000000 1.251199
 602.000000 1.250660
 603.000000 1.252552
 604.000000 1.256631
 605.000000 1.262524
 606.000000 1.269887
 607.000000 1.278230
 608.000000 1.286877
 609.000000 1.294968
 610.000000 1.301359
 611.000000 1.304756
 612.000000 1.304099
 613.000000 1.298864
 614.000000 1.289261
 615.000000 1.276324
 616.000000 1.261407
 617.000000 1.246287
 618.000000 1.232638
 619.000000 1.222007
 620.000000 1.215561
 621.000000 1.214015
 622.000000 1.217464
 623.000000 1.225404
 624.000000 1.236909
 625.000000 1.250801
 626.000000 1.265282
 627.000000 1.278488
 628.000000 1.288824
 629.000000 1.294742
 630.000000 1.295458
 631.000000 1.290792
 632.000000 1.281355
 633.000000 1.268471
 634.000000 1.253927
 635.000000 1.239293
 636.000000 1.226258
 637.000000 1.216426
 638.000000 1.210871
 639.000000 1.210235
 640.000000 1.214656
 641.000000 1.223610
 642.000000 1.236166
 643.000000 1.250782
 644.000000 1.265586
 645.000000 1.278872
 646.000000 1.288809
 647.000000 1.294143
 648.000000 1.294424
 649.000000 1.290060
 650.000000 1.282062
 651.000000 1.271724
 652.000000 1.260319
 653.000000 1.248949
 654.000000 1.238515
 655.000000 1.229764
 656.000000 1.223459
 657.000000 1.220352
 658.000000 1.221021
 659.000000 1.225669
 660.000000 1.233855
 661.000000 1.244442
 662.000000 1.255557
 663.000000 1.265301
 664.000000 1.271773
 665.000000 1.274283
 666.000000 1.273068
 667.000000 1.269242
 668.000000 1.264457
 669.000000 1.260282
 670.000000 1.257859
 671.000000 1.257794
 672.000000 1.260219
 673.000000 1.264797
 674.000000 1.270846
 675.000000 1.277641
 676.000000 1.284308
 677.000000 1.289904
 678.000000 1.293520
 679.000000 1.294256
 680.000000 1.291277
 681.000000 1.284002
 682.000000 1.272337
 683.000000 1.256683
 684.000000 1.238304
 685.000000 1.219431
 686.000000 1.202532
 687.000000 1.189632
 688.000000 1.182650
 689.000000 1.182608
 690.000000 1.189518
 691.000000 1.202521
 692.000000 1.219978
 693.000000 1.239954
 694.000000 1.260439
 695.000000 1.279931
 696.000000 1.296935
 697.000000 1.310262
 698.000000 1.318832
 699.000000 1.321818
 700.000000 1.318801
 701.000000 1.309952
 702.000000 1.296098
 703.000000 1.278669
 704.000000 1.259517
 705.000000 1.240592
 706.000000 1.223626
 707.000000 1.210424
 708.000000 1.202614
 709.000000 1.200999
 710.000000 1.205756
 711.000000 1.216364
 712.000000 1.231382
 713.000000 1.249163
 714.000000 1.267984
 715.000000 1.285848
 716.000000 1.300815
 717.000000 1.311580
 718.000000 1.317530
 719.000000 1.318513
 720.000000 1.314828
 721.000000 1.307077
 722.000000 1.296113
 723.000000 1.282851
 724.000000 1.268357
 725.000000 1.253649
 726.000000 1.239898
 727.000000 1.228358
 728.000000 1.219881
 729.000000 1.214976
 730.000000 1.213653
 731.000000 1.215333
 732.000000 1.219025
 733.000000 1.223558
 734.000000 1.227991
 735.000000 1.231748
 736.000000 1.234750
 737.000000 1.237180
 738.000000 1.239257
 739.000000 1.241105
 740.000000 1.242691
 741.000000 1.243905
 742.000000 1.244650
 743.000000 1.244951
 744.000000 1.244981
 745.000000 1.244984
 746.000000 1.245150
 747.000000 1.245494
 748.000000 1.245784
 749.000000 1.245573
 750.000000 1.244315
 751.000000 1.241683
 752.000000 1.237781
 753.000000 1.233260
 754.000000 1.229184
 755.000000 1.226629
 756.000000 1.226489
 757.000000 1.229220
 758.000000 1.234852
 759.000000 1.242935
 760.000000 1.252937
 761.000000 1.264122
 762.000000 1.275792
 763.000000 1.287249
 764.000000 1.297871
 765.000000 1.306963
 766.000000 1.313634
 767.000000 1.316928
 768.000000 1.316002
 769.000000 1.310286
 770.000000 1.299741
 771.000000 1.284988
 772.000000 1.267574
 773.000000 1.249211
 774.000000 1.231618
 775.000000 1.216568
 776.000000 1.205783
 777.000000 1.200317
 778.000000 1.200744
 779.000000 1.207053
 780.000000 1.218371
 781.000000 1.233397
 782.000000 1.250374
 783.000000 1.267189
 784.000000 1.281856
 785.000000 1.292955
 786.000000 1.299371
 787.000000 1.300554
 788.000000 1.296685
 789.000000 1.288433
 790.000000 1.276784
 791.000000 1.262985
 792.000000 1.248551
 793.000000 1.234936
 794.000000 1.223529
 795.000000 1.215659
 796.000000 1.212239
 797.000000 1.213493
 798.000000 1.219136
 799.000000 1.228212
 800.000000 1.239230
 801.000000 1.250839
 802.000000 1.261490
 803.000000 1.269935
 804.000000 1.275459
 805.000000 1.277972
 806.000000 1.277798
 807.000000 1.275432
 808.000000 1.271382
 809.000000 1.266099
 810.000000 1.259928
 811.000000 1.253374
 812.000000 1.247005
 813.000000 1.241635
 814.000000 1.238116
 815.000000 1.237008
 816.000000 1.238533
 817.000000 1.242328
 818.000000 1.247488
 819.000000 1.252721
 820.000000 1.256884
 821.000000 1.259093
 822.000000 1.259141
 823.000000 1.257417
 824.000000 1.254731
 825.000000 1.252032
 826.000000 1.250064
 827.000000 1.249261
 828.000000 1.249606
 829.000000 1.250747
 830.000000 1.252199
 831.000000 1.253516
 832.000000 1.254354
 833.000000 1.254382
 834.000000 1.253081
 835.000000 1.249794
 836.000000 1.244055
 837.000000 1.235998
 838.000000 1.226740
 839.000000 1.217856
 840.000000 1.211133
 841.000000 1.208210
 842.000000 1.210032
 843.000000 1.216665
 844.000000 1.227545
 845.000000 1.241510
 846.000000 1.257097
 847.000000 1.272697
 848.000000 1.287063
 849.000000 1.298936
 850.000000 1.307624
 851.000000 1.312301
 852.000000 1.312291
 853.000000 1.307106
 854.000000 1.296632
 855.000000 1.281366
 856.000000 1.262376
 857.000000 1.241394
 858.000000 1.220740
 859.000000 1.202704
 860.000000 1.189693
 861.000000 1.183562
 862.000000 1.185268
 863.000000 1.194719
 864.000000 1.210969
 865.000000 1.232161
 866.000000 1.255767
 867.000000 1.279483
 868.000000 1.300890
 869.000000 1.318016
 870.000000 1.329420
 871.000000 1.333864
 872.000000 1.330780
 873.000000 1.320195
 874.000000 1.302903
 875.000000 1.280205
 876.000000 1.254195
 877.000000 1.226721
 878.000000 1.200648
 879.000000 1.179037
 880.000000 1.164854
 881.000000 1.160319
 882.000000 1.166072
 883.000000 1.181155
 884.000000 1.202988
 885.000000 1.228596
 886.000000 1.254810
 887.000000 1.278446
 888.000000 1.297126
 889.000000 1.309353
 890.000000 1.314286
 891.000000 1.312049
 892.000000 1.303575
 893.000000 1.290261
 894.000000 1.273636
 895.000000 1.255117
 896.000000 1.236160
 897.000000 1.218392
 898.000000 1.203530
 899.000000 1.193336
 900.000000 1.189188
 901.000000 1.191615
 902.000000 1.200134
 903.000000 1.213323
 904.000000 1.229196
 905.000000 1.245731
 906.000000 1.260724
 907.000000 1.272973
 908.000000 1.281598
 909.000000 1.286253
 910.000000 1.287026
 911.000000 1.284207
 912.000000 1.278133
 913.000000 1.269256
 914.000000 1.258223
 915.000000 1.246057
 916.000000 1.234165
 917.000000 1.223746
 918.000000 1.215769
 919.000000 1.210736
 920.000000 1.208647
 921.000000 1.209049
 922.000000 1.211166
 923.000000 1.214218
 924.000000 1.217605
 925.000000 1.221022
 926.000000 1.224447
 927.000000 1.227971
 928.000000 1.231765
 929.000000 1.235924
 930.000000 1.240532
 931.000000 1.245697
 932.000000 1.251271
 933.000000 1.256957
 934.000000 1.262340
 935.000000 1.267002
 936.000000 1.270401
 937.000000 1.272054
 938.000000 1.271476
 939.000000 1.268270
 940.000000 1.262284
 941.000000 1.253746
 942.000000 1.243350
 943.000000 1.232265
 944.000000 1.222099
 945.000000 1.214364
 946.000000 1.210260
 947.000000 1.210548
 948.000000 1.215342
 949.000000 1.224130
 950.000000 1.236191
 951.000000 1.250331
 952.000000 1.265441
 953.000000 1.280204
 954.000000 1.293784
 955.000000 1.305329
 956.000000 1.313783
 957.000000 1.318183
 958.000000 1.317647
 959.000000 1.311615
 960.000000 1.300013
 961.000000 1.283320
 962.000000 1.262863
 963.000000 1.240336
 964.000000 1.218121
 965.000000 1.199122
 966.000000 1.185502
 967.000000 1.179120
 968.000000 1.180616
 969.000000 1.189551
 970.000000 1.204394
 971.000000 1.223041
 972.000000 1.243032
 973.000000 1.261913
 974.000000 1.277456
 975.000000 1.288204
 976.000000 1.293261
 977.000000 1.292313
 978.000000 1.285621
 979.000000 1.273931
 980.000000 1.258418
 981.000000 1.240640
 982.000000 1.222600
 983.000000 1.206399
 984.000000 1.193969
 985.000000 1.187177
 986.000000 1.187006
 987.000000 1.193540
 988.000000 1.205798
 989.000000 1.222178
 990.000000 1.240788
 991.000000 1.259704
 992.000000 1.277185
 993.000000 1.291550
 994.000000 1.302114
 995.000000 1.308406
 996.000000 1.310462
 997.000000 1.308601
 998.000000 1.303354
 999.000000 1.295390
 1000.000000 1.285411
 1001.000000 1.274672
 1002.000000 1.264257
 1003.000000 1.254930
 1004.000000 1.247537
 1005.000000 1.242548
 1006.000000 1.240256
 1007.000000 1.240499
 1008.000000 1.242731
 1009.000000 1.246114
 1010.000000 1.249621
 1011.000000 1.252312
 1012.000000 1.253525
 1013.000000 1.253097
 1014.000000 1.251368
 1015.000000 1.249048
 1016.000000 1.246976
 1017.000000 1.245804
 1018.000000 1.245865
 1019.000000 1.247098
 1020.000000 1.249080
 1021.000000 1.251249
 1022.000000 1.253092
 1023.000000 1.254240
 1024.000000 1.254496
 1025.000000 1.253733
 1026.000000 1.251771
 1027.000000 1.248340
 1028.000000 1.243224
 1029.000000 1.236477
 1030.000000 1.228781
 1031.000000 1.221302
 1032.000000 1.215630
 1033.000000 1.213212
 1034.000000 1.215107
 1035.000000 1.221722
 1036.000000 1.232845
 1037.000000 1.247470
 1038.000000 1.264391
 1039.000000 1.282354
 1040.000000 1.300252
 1041.000000 1.316767
 1042.000000 1.330765
 1043.000000 1.341065
 1044.000000 1.346785
 1045.000000 1.347225
 1046.000000 1.342070
 1047.000000 1.331471
 1048.000000 1.316078
 1049.000000 1.297043
 1050.000000 1.275952
 1051.000000 1.254259
 1052.000000 1.233917
 1053.000000 1.216404
 1054.000000 1.203516
 1055.000000 1.196466
 1056.000000 1.196008
 1057.000000 1.202103
 1058.000000 1.214099
 1059.000000 1.230461
 1060.000000 1.249249
 1061.000000 1.268287
 1062.000000 1.285450
 1063.000000 1.299103
 1064.000000 1.308203
 1065.000000 1.312161
 1066.000000 1.311050
 1067.000000 1.305134
 1068.000000 1.294961
 1069.000000 1.281211
 1070.000000 1.264862
 1071.000000 1.247161
 1072.000000 1.229889
 1073.000000 1.214898
 1074.000000 1.203854
 1075.000000 1.197978
 1076.000000 1.197879
 1077.000000 1.203116
 1078.000000 1.212473
 1079.000000 1.224177
 1080.000000 1.236691
 1081.000000 1.248561
 1082.000000 1.259339
 1083.000000 1.268990
 1084.000000 1.277678
 1085.000000 1.285502
 1086.000000 1.292436
 1087.000000 1.298226
 1088.000000 1.302514
 1089.000000 1.305037
 1090.000000 1.305635
 1091.000000 1.304319
 1092.000000 1.301228
 1093.000000 1.296473
 1094.000000 1.290091
 1095.000000 1.281951
 1096.000000 1.272100
 1097.000000 1.260541
 1098.000000 1.247674
 1099.000000 1.234450
 1100.000000 1.222532
 1101.000000 1.213769
 1102.000000 1.209716
 1103.000000 1.211277
 1104.000000 1.218640
 1105.000000 1.231091
 1106.000000 1.247324
 1107.000000 1.265791
 1108.000000 1.284881
 1109.000000 1.303107
 1110.000000 1.319281
 1111.000000 1.332267
 1112.000000 1.341388
 1113.000000 1.345890
 1114.000000 1.345072
 1115.000000 1.338388
 1116.000000 1.325520
 1117.000000 1.306608
 1118.000000 1.282512
 1119.000000 1.255136
 1120.000000 1.226929
 1121.000000 1.201070
 1122.000000 1.180834
 1123.000000 1.168850
 1124.000000 1.167003
 1125.000000 1.175634
 1126.000000 1.193568
 1127.000000 1.218411
 1128.000000 1.247204
 1129.000000 1.276714
 1130.000000 1.304164
 1131.000000 1.327514
 1132.000000 1.344998
 1133.000000 1.355381
 1134.000000 1.358264
 1135.000000 1.353839
 1136.000000 1.342890
 1137.000000 1.326129
 1138.000000 1.304778
 1139.000000 1.280513
 1140.000000 1.255017
 1141.000000 1.230391
 1142.000000 1.208731
 1143.000000 1.192489
 1144.000000 1.183627
 1145.000000 1.183251
 1146.000000 1.191134
 1147.000000 1.205627
 1148.000000 1.224158
 1149.000000 1.243685
 1150.000000 1.261241
 1151.000000 1.275048
 1152.000000 1.284220
 1153.000000 1.288785
 1154.000000 1.289381
 1155.000000 1.286856
 1156.000000 1.282011
 1157.000000 1.275507
 1158.000000 1.267598
 1159.000000 1.258615
 1160.000000 1.248863
 1161.000000 1.238901
 1162.000000 1.229276
 1163.000000 1.220564
 1164.000000 1.213446
 1165.000000 1.208326
 1166.000000 1.205199
 1167.000000 1.203730
 1168.000000 1.203443
 1169.000000 1.203973
 1170.000000 1.205245
 1171.000000 1.207431
 1172.000000 1.210859
 1173.000000 1.215787
 1174.000000 1.222296
 1175.000000 1.230244
 1176.000000 1.239468
 1177.000000 1.249381
 1178.000000 1.259381
 1179.000000 1.268742
 1180.000000 1.276879
 1181.000000 1.283064
 1182.000000 1.286507
 1183.000000 1.286401
 1184.000000 1.281955
 1185.000000 1.272694
 1186.000000 1.258736
 1187.000000 1.240990
 1188.000000 1.221414
 1189.000000 1.202397
 1190.000000 1.186751
 1191.000000 1.177085
 1192.000000 1.174886
 1193.000000 1.180330
 1194.000000 1.192426
 1195.000000 1.209372
 1196.000000 1.228952
 1197.000000 1.249092
 1198.000000 1.268085
 1199.000000 1.284506
 1200.000000 1.297547
 1201.000000 1.306574
 1202.000000 1.310968
 1203.000000 1.310024
 1204.000000 1.303330
 1205.000000 1.290881
 1206.000000 1.273426
 1207.000000 1.252095
 1208.000000 1.228761
 1209.000000 1.205742
 1210.000000 1.185657
 1211.000000 1.170812
 1212.000000 1.163479
 1213.000000 1.164839
 1214.000000 1.174758
 1215.000000 1.191874
 1216.000000 1.213798
 1217.000000 1.237835
 1218.000000 1.261396
 1219.000000 1.282291
 1220.000000 1.298427
 1221.000000 1.308351
 1222.000000 1.311389
 1223.000000 1.307305
 1224.000000 1.296649
 1225.000000 1.280637
 1226.000000 1.261073
 1227.000000 1.240135
 1228.000000 1.220134
 1229.000000 1.203367
 1230.000000 1.192070
 1231.000000 1.187798
 1232.000000 1.191160
 1233.000000 1.201809
 1234.000000 1.218221
 1235.000000 1.238076
 1236.000000 1.259074
 1237.000000 1.278349
 1238.000000 1.293787
 1239.000000 1.303922
 1240.000000 1.308132
 1241.000000 1.306604
 1242.000000 1.300014
 1243.000000 1.289309
 1244.000000 1.275602
 1245.000000 1.259889
 1246.000000 1.243261
 1247.000000 1.227216
 1248.000000 1.213320
 1249.000000 1.202961
 1250.000000 1.197339
 1251.000000 1.196844
 1252.000000 1.201125
 1253.000000 1.208969
 1254.000000 1.218692
 1255.000000 1.228348
 1256.000000 1.236454
 1257.000000 1.241966
 1258.000000 1.244671
 1259.000000 1.245054
 1260.000000 1.243884
 1261.000000 1.241952
 1262.000000 1.239832
 1263.000000 1.237895
 1264.000000 1.236337
 1265.000000 1.235327
 1266.000000 1.235021
 1267.000000 1.235466
 1268.000000 1.236612
 1269.000000 1.238280
 1270.000000 1.240124
 1271.000000 1.241577
 1272.000000 1.241916
 1273.000000 1.240574
 1274.000000 1.237355
 1275.000000 1.232601
 1276.000000 1.227288
 1277.000000 1.222679
 1278.000000 1.219997
 1279.000000 1.220186
 1280.000000 1.223650
 1281.000000 1.230257
 1282.000000 1.239585
 1283.000000 1.250926
 1284.000000 1.263582
 1285.000000 1.276545
 1286.000000 1.288704
 1287.000000 1.299009
 1288.000000 1.306629
 1289.000000 1.310688
 1290.000000 1.310309
 1291.000000 1.304845
 1292.000000 1.294069
 1293.000000 1.278304
 1294.000000 1.258387
 1295.000000 1.235848
 1296.000000 1.213201
 1297.000000 1.193020
 1298.000000 1.177729
 1299.000000 1.169464
 1300.000000 1.169464
 1301.000000 1.177482
 1302.000000 1.192121
 1303.000000 1.211131
 1304.000000 1.232002
 1305.000000 1.252431
 1306.000000 1.270348
 1307.000000 1.283973
 1308.000000 1.292357
 1309.000000 1.294745
 1310.000000 1.290697
 1311.000000 1.280332
 1312.000000 1.264257
 1313.000000 1.243834
 1314.000000 1.221307
 1315.000000 1.199102
 1316.000000 1.179585
 1317.000000 1.165393
 1318.000000 1.158496
 1319.000000 1.160327
 1320.000000 1.170931
 1321.000000 1.189003
 1322.000000 1.212443
 1323.000000 1.238367
 1324.000000 1.263763
 1325.000000 1.285703
 1326.000000 1.302378
 1327.000000 1.312719
 1328.000000 1.316548
 1329.000000 1.314490
 1330.000000 1.307799
 1331.000000 1.297940
 1332.000000 1.286383
 1333.000000 1.274697
 1334.000000 1.263996
 1335.000000 1.254990
 1336.000000 1.248024
 1337.000000 1.243028
 1338.000000 1.239617
 1339.000000 1.237341
 1340.000000 1.235818
 1341.000000 1.234801
 1342.000000 1.234203
 1343.000000 1.234016
 1344.000000 1.234285
 1345.000000 1.235117
 1346.000000 1.236695
 1347.000000 1.239256
 1348.000000 1.242981
 1349.000000 1.247773
 1350.000000 1.253162
 1351.000000 1.258347
 1352.000000 1.262431
 1353.000000 1.264623
 1354.000000 1.264486
 1355.000000 1.262084
 1356.000000 1.257981
 1357.000000 1.252898
 1358.000000 1.247489
 1359.000000 1.242148
 1360.000000 1.236853
 1361.000000 1.231374
 1362.000000 1.225403
 1363.000000 1.218960
 1364.000000 1.212304
 1365.000000 1.206302
 1366.000000 1.202063
 1367.000000 1.200634
 1368.000000 1.202886
 1369.000000 1.209335
 1370.000000 1.219883
 1371.000000 1.233976
 1372.000000 1.250644
 1373.000000 1.268592
 1374.000000 1.286230
 1375.000000 1.302175
 1376.000000 1.315368
 1377.000000 1.325127
 1378.000000 1.330803
 1379.000000 1.331923
 1380.000000 1.328054
 1381.000000 1.318950
 1382.000000 1.304690
 1383.000000 1.285901
 1384.000000 1.264167
 1385.000000 1.241475
 1386.000000 1.220028
 1387.000000 1.202425
 1388.000000 1.191049
 1389.000000 1.187476
 1390.000000 1.192157
 1391.000000 1.204404
 1392.000000 1.222799
 1393.000000 1.244976
 1394.000000 1.268192
 1395.000000 1.290010
 1396.000000 1.308361
 1397.000000 1.321557
 1398.000000 1.328762
 1399.000000 1.329676
 1400.000000 1.324526
 1401.000000 1.314051
 1402.000000 1.299290
 1403.000000 1.281378
 1404.000000 1.261607
 1405.000000 1.241648
 1406.000000 1.222878
 1407.000000 1.207004
 1408.000000 1.195237
 1409.000000 1.188398
 1410.000000 1.186564
 1411.000000 1.189324
 1412.000000 1.195905
 1413.000000 1.205455
 1414.000000 1.217115
 1415.000000 1.230095
 1416.000000 1.243900
 1417.000000 1.258230
 1418.000000 1.272571
 1419.000000 1.286298
 1420.000000 1.298605
 1421.000000 1.308717
 1422.000000 1.315671
 1423.000000 1.318468
 1424.000000 1.316309
 1425.000000 1.308912
 1426.000000 1.296563
 1427.000000 1.280230
 1428.000000 1.261523
 1429.000000 1.242086
 1430.000000 1.223814
 1431.000000 1.208378
 1432.000000 1.197016
 1433.000000 1.190610
 1434.000000 1.189622
 1435.000000 1.193977
 1436.000000 1.203113
 1437.000000 1.216098
 1438.000000 1.231686
 1439.000000 1.248496
 1440.000000 1.265529
 1441.000000 1.282141
 1442.000000 1.297662
 1443.000000 1.311449
 1444.000000 1.323175
 1445.000000 1.332274
 1446.000000 1.338246
 1447.000000 1.340642
 1448.000000 1.338903
 1449.000000 1.332459
 1450.000000 1.320819
 1451.000000 1.303959
 1452.000000 1.282686
 1453.000000 1.258189
 1454.000000 1.232641
 1455.000000 1.209031
 1456.000000 1.190393
 1457.000000 1.179625
 1458.000000 1.178680
 1459.000000 1.187978
 1460.000000 1.206229
 1461.000000 1.231156
 1462.000000 1.259808
 1463.000000 1.289384
 1464.000000 1.316926
 1465.000000 1.339774
 1466.000000 1.356445
 1467.000000 1.365905
 1468.000000 1.368088
 1469.000000 1.363539
 1470.000000 1.353264
 1471.000000 1.338452
 1472.000000 1.320600
 1473.000000 1.301281
 1474.000000 1.281799
 1475.000000 1.263294
 1476.000000 1.246521
 1477.000000 1.232492
 1478.000000 1.221801
 1479.000000 1.215056
 1480.000000 1.212868
 1481.000000 1.215447
 1482.000000 1.222750
 1483.000000 1.234341
 1484.000000 1.249256
 1485.000000 1.266467
 1486.000000 1.284588
 1487.000000 1.302283
 1488.000000 1.318600
 1489.000000 1.332541
 1490.000000 1.343442
 1491.000000 1.350807
 1492.000000 1.354368
 1493.000000 1.354022
 1494.000000 1.349888
 1495.000000 1.342383
 1496.000000 1.332193
 1497.000000 1.320156
 1498.000000 1.307096
 1499.000000 1.293926
 1500.000000 1.281358
 1501.000000 1.269818
 1502.000000 1.259838
 1503.000000 1.251850
 1504.000000 1.245943
 1505.000000 1.242058
 1506.000000 1.239996
 1507.000000 1.239607
 1508.000000 1.240882
 1509.000000 1.244018
 1510.000000 1.249258
 1511.000000 1.256840
 1512.000000 1.266817
 1513.000000 1.278915
 1514.000000 1.292713
 1515.000000 1.307616
 1516.000000 1.322457
 1517.000000 1.336305
 1518.000000 1.347916
 1519.000000 1.356370
 1520.000000 1.360609
 1521.000000 1.359736
 1522.000000 1.353401
 1523.000000 1.341892
 1524.000000 1.326073
 1525.000000 1.307532
 1526.000000 1.288214
 1527.000000 1.270159
 1528.000000 1.255183
 1529.000000 1.244585
 1530.000000 1.239567
 1531.000000 1.240382
 1532.000000 1.246512
 1533.000000 1.256853
 1534.000000 1.269683
 1535.000000 1.283291
 1536.000000 1.296329
 1537.000000 1.308005
 1538.000000 1.318001
 1539.000000 1.326459
 1540.000000 1.333875
 1541.000000 1.340825
 1542.000000 1.347785
 1543.000000 1.354958
 1544.000000 1.362068
 1545.000000 1.368373
 1546.000000 1.372943
 1547.000000 1.374667
 1548.000000 1.372600
 1549.000000 1.366212
 1550.000000 1.355643
 1551.000000 1.341429
 1552.000000 1.324781
 1553.000000 1.307020
 1554.000000 1.289769
 1555.000000 1.274245
 1556.000000 1.261527
 1557.000000 1.252506
 1558.000000 1.247527
 1559.000000 1.246493
 1560.000000 1.248921
 1561.000000 1.254163
 1562.000000 1.261760
 1563.000000 1.271300
 1564.000000 1.282776
 1565.000000 1.296238
 1566.000000 1.311861
 1567.000000 1.329603
 1568.000000 1.349329
 1569.000000 1.370142
 1570.000000 1.391117
 1571.000000 1.411181
 1572.000000 1.428973
 1573.000000 1.442974
 1574.000000 1.452020
 1575.000000 1.455237
 1576.000000 1.452285
 1577.000000 1.443312
 1578.000000 1.429033
 1579.000000 1.410372
 1580.000000 1.388671
 1581.000000 1.364869
 1582.000000 1.340284
 1583.000000 1.315889
 1584.000000 1.292672
 1585.000000 1.271768
 1586.000000 1.254053
 1587.000000 1.240459
 1588.000000 1.231769
 1589.000000 1.228246
 1590.000000 1.229910
 1591.000000 1.236435
 1592.000000 1.247135
 1593.000000 1.261132
 1594.000000 1.277570
 1595.000000 1.295625
 1596.000000 1.314479
 1597.000000 1.333131
 1598.000000 1.350478
 1599.000000 1.365651
 1600.000000 1.377812
 1601.000000 1.386336
 1602.000000 1.390655
 1603.000000 1.390443
 1604.000000 1.385481
 1605.000000 1.375766
 1606.000000 1.361394
 1607.000000 1.342948
 1608.000000 1.321406
 1609.000000 1.297861
 1610.000000 1.273532
 1611.000000 1.250291
 1612.000000 1.230496
 1613.000000 1.216361
 1614.000000 1.209355
 1615.000000 1.210346
 1616.000000 1.219053
 1617.000000 1.234269
 1618.000000 1.254090
 1619.000000 1.276417
 1620.000000 1.299377
 1621.000000 1.321286
 1622.000000 1.340880
 1623.000000 1.357102
 1624.000000 1.369568
 1625.000000 1.377795
 1626.000000 1.381665
 1627.000000 1.381089
 1628.000000 1.376056
 1629.000000 1.366775
 1630.000000 1.353526
 1631.000000 1.336922
 1632.000000 1.317758
 1633.000000 1.297123
 1634.000000 1.276405
 1635.000000 1.257361
 1636.000000 1.241710
 1637.000000 1.230907
 1638.000000 1.225908
 1639.000000 1.226904
 1640.000000 1.233397
 1641.000000 1.244187
 1642.000000 1.257594
 1643.000000 1.271892
 1644.000000 1.285794
 1645.000000 1.298519
 1646.000000 1.309728
 1647.000000 1.319473
 1648.000000 1.327979
 1649.000000 1.335425
 1650.000000 1.341820
 1651.000000 1.346945
 1652.000000 1.350452
 1653.000000 1.351854
 1654.000000 1.350728
 1655.000000 1.346780
 1656.000000 1.339948
 1657.000000 1.330403
 1658.000000 1.318562
 1659.000000 1.305148
 1660.000000 1.290962
 1661.000000 1.276991
 1662.000000 1.264346
 1663.000000 1.253882
 1664.000000 1.246380
 1665.000000 1.242402
 1666.000000 1.242110
 1667.000000 1.245261
 1668.000000 1.251318
 1669.000000 1.259532
 1670.000000 1.269233
 1671.000000 1.279875
 1672.000000 1.291030
 1673.000000 1.302237
 1674.000000 1.313162
 1675.000000 1.323337
 1676.000000 1.332287
 1677.000000 1.339465
 1678.000000 1.344109
 1679.000000 1.345437
 1680.000000 1.342699
 1681.000000 1.335299
 1682.000000 1.323021
 1683.000000 1.306359
 1684.000000 1.286298
 1685.000000 1.264270
 1686.000000 1.242600
 1687.000000 1.223676
 1688.000000 1.209921
 1689.000000 1.203053
 1690.000000 1.204104
 1691.000000 1.212913
 1692.000000 1.228038
 1693.000000 1.247281
 1694.000000 1.268269
 1695.000000 1.288757
 1696.000000 1.306683
 1697.000000 1.320905
 1698.000000 1.331417
 1699.000000 1.338766
 1700.000000 1.343803
 1701.000000 1.347272
 1702.000000 1.349732
 1703.000000 1.351486
 1704.000000 1.352514
 1705.000000 1.352494
 1706.000000 1.350851
 1707.000000 1.346943
 1708.000000 1.340251
 1709.000000 1.330639
 1710.000000 1.318487
 1711.000000 1.304925
 1712.000000 1.291295
 1713.000000 1.279354
 1714.000000 1.270468
 1715.000000 1.265566
 1716.000000 1.264948
 1717.000000 1.268219
 1718.000000 1.274461
 1719.000000 1.282355
 1720.000000 1.290445
 1721.000000 1.297649
 1722.000000 1.303306
 1723.000000 1.307395
 1724.000000 1.310549
 1725.000000 1.313678
 1726.000000 1.317551
 1727.000000 1.322432
 1728.000000 1.328088
 1729.000000 1.333877
 1730.000000 1.338736
 1731.000000 1.341231
 1732.000000 1.339985
 1733.000000 1.333897
 1734.000000 1.322500
 1735.000000 1.306191
 1736.000000 1.286285
 1737.000000 1.265117
 1738.000000 1.245021
 1739.000000 1.228302
 1740.000000 1.216958
 1741.000000 1.212110
 1742.000000 1.213840
 1743.000000 1.221255
 1744.000000 1.232605
 1745.000000 1.245607
 1746.000000 1.258003
 1747.000000 1.268431
 1748.000000 1.276398
 1749.000000 1.282195
 1750.000000 1.286405
 1751.000000 1.289672
 1752.000000 1.292158
 1753.000000 1.293877
 1754.000000 1.294679
 1755.000000 1.294207
 1756.000000 1.291978
 1757.000000 1.287462
 1758.000000 1.280410
 1759.000000 1.270996
 1760.000000 1.259798
 1761.000000 1.248033
 1762.000000 1.237103
 1763.000000 1.228233
 1764.000000 1.222190
 1765.000000 1.219448
 1766.000000 1.219859
 1767.000000 1.223011
 1768.000000 1.228384
 1769.000000 1.235110
 1770.000000 1.242301
 1771.000000 1.249185
 1772.000000 1.255157
 1773.000000 1.259949
 1774.000000 1.263574
 1775.000000 1.266207
 1776.000000 1.268003
 1777.000000 1.269077
 1778.000000 1.269612
 1779.000000 1.269863
 1780.000000 1.270053
 1781.000000 1.270193
 1782.000000 1.269925
 1783.000000 1.268614
 1784.000000 1.265663
 1785.000000 1.260933
 1786.000000 1.255002
 1787.000000 1.249146
 1788.000000 1.245014
 1789.000000 1.244266
 1790.000000 1.248060
 1791.000000 1.256714
 1792.000000 1.269376
 1793.000000 1.284192
 1794.000000 1.299124
 1795.000000 1.311954
 1796.000000 1.320874
 1797.000000 1.325165
 1798.000000 1.325238
 1799.000000 1.322200
 1800.000000 1.317385
 1801.000000 1.311879
 1802.000000 1.306198
 1803.000000 1.300459
 1804.000000 1.294379
 1805.000000 1.287599
 1806.000000 1.279596
 1807.000000 1.269928
 1808.000000 1.258561
 1809.000000 1.245960
 1810.000000 1.233397
 1811.000000 1.222491
 1812.000000 1.215015
 1813.000000 1.212189
 1814.000000 1.214328
 1815.000000 1.220969
 1816.000000 1.231148
 1817.000000 1.243478
 1818.000000 1.256639
 1819.000000 1.269134
 1820.000000 1.279521
 1821.000000 1.286763
 1822.000000 1.290354
 1823.000000 1.290334
 1824.000000 1.287269
 1825.000000 1.281969
 1826.000000 1.275427
 1827.000000 1.268533
 1828.000000 1.262008
 1829.000000 1.256424
 1830.000000 1.252299
 1831.000000 1.249928
 1832.000000 1.249215
 1833.000000 1.249793
 1834.000000 1.251111
 1835.000000 1.252624
 1836.000000 1.253991
 1837.000000 1.255172
 1838.000000 1.256407
 1839.000000 1.258065
 1840.000000 1.260527
 1841.000000 1.264013
 1842.000000 1.268526
 1843.000000 1.273848
 1844.000000 1.279753
 1845.000000 1.285658
 1846.000000 1.290845
 1847.000000 1.294473
 1848.000000 1.295872
 1849.000000 1.294605
 1850.000000 1.290634
 1851.000000 1.284306
 1852.000000 1.276206
 1853.000000 1.267015
 1854.000000 1.257467
 1855.000000 1.248252
 1856.000000 1.240079
 1857.000000 1.233473
 1858.000000 1.228690
 1859.000000 1.225795
 1860.000000 1.224521
 1861.000000 1.224484
 1862.000000 1.225380
 1863.000000 1.227151
 1864.000000 1.229996
 1865.000000 1.234259
 1866.000000 1.240263
 1867.000000 1.248051
 1868.000000 1.257469
 1869.000000 1.267793
 1870.000000 1.278080
 1871.000000 1.287151
 1872.000000 1.293752
 1873.000000 1.296715
 1874.000000 1.295101
 1875.000000 1.288794
 1876.000000 1.278479
 1877.000000 1.265540
 1878.000000 1.251975
 1879.000000 1.239935
 1880.000000 1.231016
 1881.000000 1.226280
 1882.000000 1.226028
 1883.000000 1.229747
 1884.000000 1.236242
 1885.000000 1.244032
 1886.000000 1.251587
 1887.000000 1.257867
 1888.000000 1.262509
 1889.000000 1.265820
 1890.000000 1.268301
 1891.000000 1.270522
 1892.000000 1.272910
 1893.000000 1.275697
 1894.000000 1.278919
 1895.000000 1.282473
 1896.000000 1.286061
 1897.000000 1.289230
 1898.000000 1.291403
 1899.000000 1.292115
 1900.000000 1.291199
 1901.000000 1.288785
 1902.000000 1.285260
 1903.000000 1.281105
 1904.000000 1.276754
 1905.000000 1.272558
 1906.000000 1.268644
 1907.000000 1.265096
 1908.000000 1.261959
 1909.000000 1.259275
 1910.000000 1.257054
 1911.000000 1.255229
 1912.000000 1.253715
 1913.000000 1.252460
 1914.000000 1.251478
 1915.000000 1.250986
 1916.000000 1.251351
 1917.000000 1.252949
 1918.000000 1.256024
 1919.000000 1.260542
 1920.000000 1.266116
 1921.000000 1.272138
 1922.000000 1.277895
 1923.000000 1.282620
 1924.000000 1.285683
 1925.000000 1.286513
 1926.000000 1.284713
 1927.000000 1.280102
 1928.000000 1.272914
 1929.000000 1.263715
 1930.000000 1.253629
 1931.000000 1.244040
 1932.000000 1.236324
 1933.000000 1.231452
 1934.000000 1.230110
 1935.000000 1.232453
 1936.000000 1.238186
 1937.000000 1.246611
 1938.000000 1.256776
 1939.000000 1.267371
 1940.000000 1.276926
 1941.000000 1.284124
 1942.000000 1.287947
 1943.000000 1.288067
 1944.000000 1.284949
 1945.000000 1.279661
 1946.000000 1.273566
 1947.000000 1.267999
 1948.000000 1.264049
 1949.000000 1.262463
 1950.000000 1.263328
 1951.000000 1.266032
 1952.000000 1.269329
 1953.000000 1.271709
 1954.000000 1.272195
 1955.000000 1.270670
 1956.000000 1.267896
 1957.000000 1.265215
 1958.000000 1.264087
 1959.000000 1.265561
 1960.000000 1.270056
 1961.000000 1.277254
 1962.000000 1.286115
 1963.000000 1.295185
 1964.000000 1.302823
 1965.000000 1.307413
 1966.000000 1.308176
 1967.000000 1.305302
 1968.000000 1.299803
 1969.000000 1.293250
 1970.000000 1.287236
 1971.000000 1.282809
 1972.000000 1.280432
 1973.000000 1.279816
 1974.000000 1.280131
 1975.000000 1.280194
 1976.000000 1.278852
 1977.000000 1.275385
 1978.000000 1.269777
 1979.000000 1.262863
 1980.000000 1.256090
 1981.000000 1.250932
 1982.000000 1.248399
 1983.000000 1.248948
 1984.000000 1.252473
 1985.000000 1.258418
 1986.000000 1.265850
 1987.000000 1.273669
 1988.000000 1.280812
 1989.000000 1.286413
 1990.000000 1.289910
 1991.000000 1.291176
 1992.000000 1.290404
 1993.000000 1.288033
 1994.000000 1.284594
 1995.000000 1.280555
 1996.000000 1.276269
 1997.000000 1.272001
 1998.000000 1.267997
 1999.000000 1.264451
 2000.000000 1.261464
 2001.000000 1.259013
 2002.000000 1.257057
 2003.000000 1.255613
 2004.000000 1.254795
 2005.000000 1.254763
 2006.000000 1.255639
 2007.000000 1.257415
 2008.000000 1.259920
 2009.000000 1.262873
 2010.000000 1.265974
 2011.000000 1.268980
 2012.000000 1.271518
 2013.000000 1.273165
 2014.000000 1.273399
 2015.000000 1.271769
 2016.000000 1.268106
 2017.000000 1.262639
 2018.000000 1.256041
 2019.000000 1.249197
 2020.000000 1.243292
 2021.000000 1.239262
 2022.000000 1.237796
 2023.000000 1.239190
 2024.000000 1.243276
 2025.000000 1.249360
 2026.000000 1.256358
 2027.000000 1.262845
 2028.000000 1.267657
 2029.000000 1.270002
 2030.000000 1.269668
 2031.000000 1.267116
 2032.000000 1.263247
 2033.000000 1.259190
 2034.000000 1.256049
 2035.000000 1.254638
 2036.000000 1.255385
 2037.000000 1.258247
 2038.000000 1.262695
 2039.000000 1.267818
 2040.000000 1.272590
 2041.000000 1.276159
 2042.000000 1.277979
 2043.000000 1.277927
 2044.000000 1.276375
 2045.000000 1.274053
 2046.000000 1.271870
 2047.000000 1.270683
 2048.000000 1.271115
 2049.000000 1.273360
 2050.000000 1.277149
 2051.000000 1.281881
 2052.000000 1.286767
 2053.000000 1.290832
 2054.000000 1.293441
 2055.000000 1.294237
 2056.000000 1.293242
 2057.000000 1.290829
 2058.000000 1.287553
 2059.000000 1.283965
 2060.000000 1.280506
 2061.000000 1.277493
 2062.000000 1.275038
 2063.000000 1.273108
 2064.000000 1.271555
 2065.000000 1.270181
 2066.000000 1.268704
 2067.000000 1.266848
 2068.000000 1.264452
 2069.000000 1.261488
 2070.000000 1.258062
 2071.000000 1.254325
 2072.000000 1.250511
 2073.000000 1.246751
 2074.000000 1.243172
 2075.000000 1.239948
 2076.000000 1.237426
 2077.000000 1.235981
 2078.000000 1.235896
 2079.000000 1.237255
 2080.000000 1.239933
 2081.000000 1.243644
 2082.000000 1.248064
 2083.000000 1.252968
 2084.000000 1.258288
 2085.000000 1.264081
 2086.000000 1.270448
 2087.000000 1.277490
 2088.000000 1.285230
 2089.000000 1.293562
 2090.000000 1.302264
 2091.000000 1.310982
 2092.000000 1.318744
 2093.000000 1.324462
 2094.000000 1.327079
 2095.000000 1.325857
 2096.000000 1.320505
 2097.000000 1.311527
 2098.000000 1.300067
 2099.000000 1.287859
 2100.000000 1.276871
 2101.000000 1.268603
 2102.000000 1.263907
 2103.000000 1.262965
 2104.000000 1.265109
 2105.000000 1.268975
 2106.000000 1.272819
 2107.000000 1.275158
 2108.000000 1.275050
 2109.000000 1.272481
 2110.000000 1.268338
 2111.000000 1.264045
 2112.000000 1.261162
 2113.000000 1.260923
 2114.000000 1.263843
 2115.000000 1.269555
 2116.000000 1.277161
 2117.000000 1.285207
 2118.000000 1.292117
 2119.000000 1.296510
 2120.000000 1.297407
 2121.000000 1.294597
 2122.000000 1.288631
 2123.000000 1.280829
 2124.000000 1.272672
 2125.000000 1.265287
 2126.000000 1.259396
 2127.000000 1.255200
 2128.000000 1.252696
 2129.000000 1.251752
 2130.000000 1.252045
 2131.000000 1.253120
 2132.000000 1.254422
 2133.000000 1.255494
 2134.000000 1.256129
 2135.000000 1.256442
 2136.000000 1.256831
 2137.000000 1.257782
 2138.000000 1.259676
 2139.000000 1.262675
 2140.000000 1.266765
 2141.000000 1.271811
 2142.000000 1.277566
 2143.000000 1.283582
 2144.000000 1.289345
 2145.000000 1.294217
 2146.000000 1.297555
 2147.000000 1.298939
 2148.000000 1.298228
 2149.000000 1.295662
 2150.000000 1.291776
 2151.000000 1.287300
 2152.000000 1.282955
 2153.000000 1.279409
 2154.000000 1.277085
 2155.000000 1.276265
 2156.000000 1.277014
 2157.000000 1.279119
 2158.000000 1.282042
 2159.000000 1.285097
 2160.000000 1.287625
 2161.000000 1.289074
 2162.000000 1.289133
 2163.000000 1.287777
 2164.000000 1.285334
 2165.000000 1.282459
 2166.000000 1.280032
 2167.000000 1.278873
 2168.000000 1.279544
 2169.000000 1.282147
 2170.000000 1.286300
 2171.000000 1.291272
 2172.000000 1.295886
 2173.000000 1.298954
 2174.000000 1.299376
 2175.000000 1.296577
 2176.000000 1.290737
 2177.000000 1.282813
 2178.000000 1.274398
 2179.000000 1.267241
 2180.000000 1.263019
 2181.000000 1.262782
 2182.000000 1.266801
 2183.000000 1.274576
 2184.000000 1.285089
 2185.000000 1.297016
 2186.000000 1.308619
 2187.000000 1.318601
 2188.000000 1.325962
 2189.000000 1.330463
 2190.000000 1.332457
 2191.000000 1.332656
 2192.000000 1.331749
 2193.000000 1.330263
 2194.000000 1.328488
 2195.000000 1.326452
 2196.000000 1.323943
 2197.000000 1.320487
 2198.000000 1.315536
 2199.000000 1.308529
 2200.000000 1.299213
 2201.000000 1.287974
 2202.000000 1.275672
 2203.000000 1.263710
 2204.000000 1.253432
 2205.000000 1.246099
 2206.000000 1.242567
 2207.000000 1.243321
 2208.000000 1.248283
 2209.000000 1.256927
 2210.000000 1.268224
 2211.000000 1.280742
 2212.000000 1.293272
 2213.000000 1.304844
 2214.000000 1.314684
 2215.000000 1.322383
 2216.000000 1.327983
 2217.000000 1.331721
 2218.000000 1.334050
 2219.000000 1.335361
 2220.000000 1.335865
 2221.000000 1.335541
 2222.000000 1.334119
 2223.000000 1.331117
 2224.000000 1.325919
 2225.000000 1.318067
 2226.000000 1.307463
 2227.000000 1.294522
 2228.000000 1.279948
 2229.000000 1.265082
 2230.000000 1.251649
 2231.000000 1.241474
 2232.000000 1.236480
 2233.000000 1.237885
 2234.000000 1.246215
 2235.000000 1.261108
 2236.000000 1.281324
 2237.000000 1.304938
 2238.000000 1.329715
 2239.000000 1.353613
 2240.000000 1.375085
 2241.000000 1.392664
 2242.000000 1.406074
 2243.000000 1.415567
 2244.000000 1.421699
 2245.000000 1.425367
 2246.000000 1.427349
 2247.000000 1.428162
 2248.000000 1.427871
 2249.000000 1.426071
 2250.000000 1.422017
 2251.000000 1.414823
 2252.000000 1.403737
 2253.000000 1.388542
 2254.000000 1.369466
 2255.000000 1.347584
 2256.000000 1.324532
 2257.000000 1.302194
 2258.000000 1.282475
 2259.000000 1.266808
 2260.000000 1.256288
 2261.000000 1.251131
 2262.000000 1.250988
 2263.000000 1.254987
 2264.000000 1.261987
 2265.000000 1.270809
 2266.000000 1.280711
 2267.000000 1.291240
 2268.000000 1.302286
 2269.000000 1.314038
 2270.000000 1.326843
 2271.000000 1.340714
 2272.000000 1.355461
 2273.000000 1.370441
 2274.000000 1.384928
 2275.000000 1.398007
 2276.000000 1.408656
 2277.000000 1.416242
 2278.000000 1.420254
 2279.000000 1.420568
 2280.000000 1.417374
 2281.000000 1.411257
 2282.000000 1.403050
 2283.000000 1.393491
 2284.000000 1.383345
 2285.000000 1.373317
 2286.000000 1.363817
 2287.000000 1.355045
 2288.000000 1.346984
 2289.000000 1.339500
 2290.000000 1.332201
 2291.000000 1.324981
 2292.000000 1.317865
 2293.000000 1.311007
 2294.000000 1.304831
 2295.000000 1.299912
 2296.000000 1.296878
 2297.000000 1.296205
 2298.000000 1.298260
 2299.000000 1.303104
 2300.000000 1.310501
 2301.000000 1.319952
 2302.000000 1.330940
 2303.000000 1.342599
 2304.000000 1.354216
 2305.000000 1.364923
 2306.000000 1.374053
 2307.000000 1.381159
 2308.000000 1.385696
 2309.000000 1.387356
 2310.000000 1.385972
 2311.000000 1.381548
 2312.000000 1.374269
 2313.000000 1.364588
 2314.000000 1.352935
 2315.000000 1.339906
 2316.000000 1.326362
 2317.000000 1.313124
 2318.000000 1.301318
 2319.000000 1.291724
 2320.000000 1.285065
 2321.000000 1.281927
 2322.000000 1.282650
 2323.000000 1.287328
 2324.000000 1.295707
 2325.000000 1.307494
 2326.000000 1.322366
 2327.000000 1.339779
 2328.000000 1.359123
 2329.000000 1.379804
 2330.000000 1.401059
 2331.000000 1.422308
 2332.000000 1.442622
 2333.000000 1.461427
 2334.000000 1.478437
 2335.000000 1.493330
 2336.000000 1.505820
 2337.000000 1.515918
 2338.000000 1.523627
 2339.000000 1.528989
 2340.000000 1.532138
 2341.000000 1.533084
 2342.000000 1.531809
 2343.000000 1.528228
 2344.000000 1.522186
 2345.000000 1.513625
 2346.000000 1.502604
 2347.000000 1.489332
 2348.000000 1.474034
 2349.000000 1.457126
 2350.000000 1.439077
 2351.000000 1.420335
 2352.000000 1.401330
 2353.000000 1.382527
 2354.000000 1.364152
 2355.000000 1.346635
 2356.000000 1.330256
 2357.000000 1.315452
 2358.000000 1.302469
 2359.000000 1.291620
 2360.000000 1.283341
 2361.000000 1.277945
 2362.000000 1.275687
 2363.000000 1.276656
 2364.000000 1.280737
 2365.000000 1.287636
 2366.000000 1.296840
 2367.000000 1.307838
 2368.000000 1.320002
 2369.000000 1.332719
 2370.000000 1.345433
 2371.000000 1.357701
 2372.000000 1.369101
 2373.000000 1.379328
 2374.000000 1.388085
 2375.000000 1.395212
 2376.000000 1.400667
 2377.000000 1.404371
 2378.000000 1.406232
 2379.000000 1.406195
 2380.000000 1.404235
 2381.000000 1.400360
 2382.000000 1.394638
 2383.000000 1.387274
 2384.000000 1.378489
 2385.000000 1.368688
 2386.000000 1.358251
 2387.000000 1.347846
 2388.000000 1.337992
 2389.000000 1.329183
 2390.000000 1.322033
 2391.000000 1.316918
 2392.000000 1.314021
 2393.000000 1.313224
 2394.000000 1.314329
 2395.000000 1.317051
 2396.000000 1.321083
 2397.000000 1.326125
 2398.000000 1.332051
 2399.000000 1.338681
 2400.000000 1.345907
 2401.000000 1.353533
 2402.000000 1.361209
 2403.000000 1.368573
 2404.000000 1.375149
 2405.000000 1.380403
 2406.000000 1.383728
 2407.000000 1.384734
 2408.000000 1.383162
 2409.000000 1.378913
 2410.000000 1.372098
 2411.000000 1.363027
 2412.000000 1.352281
 2413.000000 1.340446
 2414.000000 1.328241
 2415.000000 1.316190
 2416.000000 1.304878
 2417.000000 1.294634
 2418.000000 1.285799
 2419.000000 1.278600
 2420.000000 1.273261
 2421.000000 1.269873
 2422.000000 1.268535
 2423.000000 1.269370
 2424.000000 1.272437
 2425.000000 1.277692
 2426.000000 1.284895
 2427.000000 1.293814
 2428.000000 1.304008
 2429.000000 1.314783
 2430.000000 1.325601
 2431.000000 1.335755
 2432.000000 1.344915
 2433.000000 1.352639
 2434.000000 1.358707
 2435.000000 1.362922
 2436.000000 1.365231
 2437.000000 1.365722
 2438.000000 1.364537
 2439.000000 1.361861
 2440.000000 1.357935
 2441.000000 1.353007
 2442.000000 1.347348
 2443.000000 1.341177
 2444.000000 1.334767
 2445.000000 1.328432
 2446.000000 1.322454
 2447.000000 1.317191
 2448.000000 1.312897
 2449.000000 1.309717
 2450.000000 1.307660
 2451.000000 1.306589
 2452.000000 1.306208
 2453.000000 1.306096
 2454.000000 1.305803
 2455.000000 1.304946
 2456.000000 1.303295
 2457.000000 1.300865
 2458.000000 1.297943
 2459.000000 1.294981
 2460.000000 1.292510
 2461.000000 1.291070
 2462.000000 1.291009
 2463.000000 1.292393
 2464.000000 1.294989
 2465.000000 1.298249
 2466.000000 1.301427
 2467.000000 1.303745
 2468.000000 1.304578
 2469.000000 1.303546
 2470.000000 1.300663
 2471.000000 1.296371
 2472.000000 1.291388
 2473.000000 1.286575
 2474.000000 1.282818
 2475.000000 1.280754
 2476.000000 1.280777
 2477.000000 1.282941
 2478.000000 1.286952
 2479.000000 1.292129
 2480.000000 1.297558
 2481.000000 1.302446
 2482.000000 1.306086
 2483.000000 1.308083
 2484.000000 1.308438
 2485.000000 1.307449
 2486.000000 1.305700
 2487.000000 1.303912
 2488.000000 1.302821
 2489.000000 1.303009
 2490.000000 1.304839
 2491.000000 1.308393
 2492.000000 1.313427
 2493.000000 1.319448
 2494.000000 1.325743
 2495.000000 1.331489
 2496.000000 1.335923
 2497.000000 1.338441
 2498.000000 1.338772
 2499.000000 1.337002
 2500.000000 1.333655
 2501.000000 1.329521
 2502.000000 1.325472
 2503.000000 1.322248
 2504.000000 1.320288
 2505.000000 1.319738
 2506.000000 1.320431
 2507.000000 1.321877
 2508.000000 1.323372
 2509.000000 1.324096
 2510.000000 1.323331
 2511.000000 1.320625
 2512.000000 1.315952
 2513.000000 1.309776
 2514.000000 1.303043
 2515.000000 1.296863
 2516.000000 1.292303
 2517.000000 1.290201
 2518.000000 1.291055
 2519.000000 1.294799
 2520.000000 1.300910
 2521.000000 1.308537
 2522.000000 1.316562
 2523.000000 1.323848
 2524.000000 1.329529
 2525.000000 1.333022
 2526.000000 1.334184
 2527.000000 1.333306
 2528.000000 1.331029
 2529.000000 1.328128
 2530.000000 1.325416
 2531.000000 1.323620
 2532.000000 1.323216
 2533.000000 1.324428
 2534.000000 1.327190
 2535.000000 1.331189
 2536.000000 1.335870
 2537.000000 1.340522
 2538.000000 1.344362
 2539.000000 1.346564
 2540.000000 1.346379
 2541.000000 1.343247
 2542.000000 1.336855
 2543.000000 1.327373
 2544.000000 1.315154
 2545.000000 1.301073
 2546.000000 1.286359
 2547.000000 1.272468
 2548.000000 1.260852
 2549.000000 1.252582
 2550.000000 1.248587
 2551.000000 1.249417
 2552.000000 1.254950
 2553.000000 1.264544
 2554.000000 1.277224
 2555.000000 1.291726
 2556.000000 1.306607
 2557.000000 1.320217
 2558.000000 1.331489
 2559.000000 1.339557
 2560.000000 1.344287
 2561.000000 1.346172
 2562.000000 1.346106
 2563.000000 1.345154
 2564.000000 1.344408
 2565.000000 1.344759
 2566.000000 1.346730
 2567.000000 1.350293
 2568.000000 1.354914
 2569.000000 1.359533
 2570.000000 1.363003
 2571.000000 1.364544
 2572.000000 1.363849
 2573.000000 1.361065
 2574.000000 1.356812
 2575.000000 1.352113
 2576.000000 1.348111
 2577.000000 1.345992
 2578.000000 1.346610
 2579.000000 1.350253
 2580.000000 1.356586
 2581.000000 1.364650
 2582.000000 1.373048
 2583.000000 1.380361
 2584.000000 1.385558
 2585.000000 1.388035
 2586.000000 1.387831
 2587.000000 1.385622
 2588.000000 1.382490
 2589.000000 1.379607
 2590.000000 1.378013
 2591.000000 1.378308
 2592.000000 1.380567
 2593.000000 1.384409
 2594.000000 1.389037
 2595.000000 1.393496
 2596.000000 1.396784
 2597.000000 1.398084
 2598.000000 1.396878
 2599.000000 1.393019
 2600.000000 1.386742
 2601.000000 1.378560
 2602.000000 1.369094
 2603.000000 1.358952
 2604.000000 1.348881
 2605.000000 1.339482
 2606.000000 1.331098
 2607.000000 1.324101
 2608.000000 1.318546
 2609.000000 1.314482
 2610.000000 1.311741
 2611.000000 1.310180
 2612.000000 1.309685
 2613.000000 1.310251
 2614.000000 1.311967
 2615.000000 1.314964
 2616.000000 1.319391
 2617.000000 1.325383
 2618.000000 1.333108
 2619.000000 1.342511
 2620.000000 1.353446
 2621.000000 1.365642
 2622.000000 1.378708
 2623.000000 1.391974
 2624.000000 1.404701
 2625.000000 1.416260
 2626.000000 1.425885
 2627.000000 1.432944
 2628.000000 1.436973
 2629.000000 1.437622
 2630.000000 1.434812
 2631.000000 1.428642
 2632.000000 1.419361
 2633.000000 1.407490
 2634.000000 1.393473
 2635.000000 1.377731
 2636.000000 1.360941
 2637.000000 1.343912
 2638.000000 1.327176
 2639.000000 1.310994
 2640.000000 1.295843
 2641.000000 1.282549
 2642.000000 1.271392
 2643.000000 1.263089
 2644.000000 1.258372
 2645.000000 1.257813
 2646.000000 1.261744
 2647.000000 1.270334
 2648.000000 1.283419
 2649.000000 1.300491
 2650.000000 1.321010
 2651.000000 1.344055
 2652.000000 1.368743
 2653.000000 1.393903
 2654.000000 1.418321
 2655.000000 1.441004
 2656.000000 1.461029
 2657.000000 1.477896
 2658.000000 1.491275
 2659.000000 1.501305
 2660.000000 1.508287
 2661.000000 1.512693
 2662.000000 1.515141
 2663.000000 1.516217
 2664.000000 1.516259
 2665.000000 1.515311
 2666.000000 1.513082
 2667.000000 1.508989
 2668.000000 1.502321
 2669.000000 1.492452
