#! FIELDS time d
 0.000000 1.200279
 1.000000 1.199620
 2.000000 1.206295
 3.000000 1.219477
 4.000000 1.237659
 5.000000 1.258978
 6.000000 1.281011
 7.000000 1.301637
 8.000000 1.318893
 9.000000 1.331641
 10.000000 1.339146
 11.000000 1.341149
 12.000000 1.337764
 13.000000 1.329282
 14.000000 1.316050
 15.000000 1.298678
 16.000000 1.278073
 17.000000 1.255495
 18.000000 1.232855
 19.000000 1.211921
 20.000000 1.195237
 21.000000 1.184741
 22.000000 1.181218
 23.000000 1.184639
 24.000000 1.193926
 25.000000 1.207276
 26.000000 1.222510
 27.000000 1.237881
 28.000000 1.252108
 29.000000 1.264762
 30.000000 1.275504
 31.000000 1.284455
 32.000000 1.291435
 33.000000 1.296117
 34.000000 1.298424
 35.000000 1.298260
 36.000000 1.295763
 37.000000 1.291280
 38.000000 1.285144
 39.000000 1.277741
 40.000000 1.269290
 41.000000 1.259703
 42.000000 1.249071
 43.000000 1.237620
 44.000000 1.226030
 45.000000 1.215424
 46.000000 1.207507
 47.000000 1.203905
 48.000000 1.205707
 49.000000 1.213209
 50.000000 1.225747
 51.000000 1.241883
 52.000000 1.259692
 53.000000 1.277280
 54.000000 1.293178
 55.000000 1.306477
 56.000000 1.316253
 57.000000 1.322053
 58.000000 1.323360
 59.000000 1.319759
 60.000000 1.311109
 61.000000 1.297569
 62.000000 1.280144
 63.000000 1.260230
 64.000000 1.239422
 65.000000 1.219437
 66.000000 1.202431
 67.000000 1.190482
 68.000000 1.185065
 69.000000 1.186763
 70.000000 1.195299
 71.000000 1.209600
 72.000000 1.227977
 73.000000 1.248316
 74.000000 1.268534
 75.000000 1.286787
 76.000000 1.301593
 77.000000 1.311690
 78.000000 1.316109
 79.000000 1.314605
 80.000000 1.307394
 81.000000 1.295146
 82.000000 1.278764
 83.000000 1.259602
 84.000000 1.239284
 85.000000 1.219497
 86.000000 1.202389
 87.000000 1.189658
 88.000000 1.182698
 89.000000 1.182366
 90.000000 1.188595
 91.000000 1.200421
 92.000000 1.216262
 93.000000 1.233812
 94.000000 1.251159
 95.000000 1.266823
 96.000000 1.279953
 97.000000 1.290146
 98.000000 1.297593
 99.000000 1.302563
 100.000000 1.305349
 101.000000 1.306102
 102.000000 1.304843
 103.000000 1.301499
 104.000000 1.296069
 105.000000 1.288741
 106.000000 1.279707
 107.000000 1.269295
 108.000000 1.257944
 109.000000 1.246344
 110.000000 1.235092
 111.000000 1.224565
 112.000000 1.215236
 113.000000 1.207639
 114.000000 1.202565
 115.000000 1.200792
 116.000000 1.202779
 117.000000 1.208518
 118.000000 1.217497
 119.000000 1.228777
 120.000000 1.241224
 121.000000 1.253713
 122.000000 1.265188
 123.000000 1.275078
 124.000000 1.283008
 125.000000 1.288735
 126.000000 1.291730
 127.000000 1.291365
 128.000000 1.287140
 129.000000 1.278874
 130.000000 1.266901
 131.000000 1.251931
 132.000000 1.235508
 133.000000 1.219144
 134.000000 1.204830
 135.000000 1.194390
 136.000000 1.189103
 137.000000 1.189519
 138.000000 1.195367
 139.000000 1.205779
 140.000000 1.219752
 141.000000 1.235826
 142.000000 1.252923
 143.000000 1.269787
 144.000000 1.285354
 145.000000 1.298344
 146.000000 1.307305
 147.000000 1.311394
 148.000000 1.310178
 149.000000 1.303827
 150.000000 1.293005
 151.000000 1.278747
 152.000000 1.262547
 153.000000 1.245985
 154.000000 1.230877
 155.000000 1.218651
 156.000000 1.210379
 157.000000 1.206802
 158.000000 1.208179
 159.000000 1.214268
 160.000000 1.224270
 161.000000 1.237027
 162.000000 1.251026
 163.000000 1.265168
 164.000000 1.278137
 165.000000 1.288801
 166.000000 1.296137
 167.000000 1.299443
 168.000000 1.298390
 169.000000 1.293077
 170.000000 1.283970
 171.000000 1.271920
 172.000000 1.257904
 173.000000 1.243265
 174.000000 1.229529
 175.000000 1.218453
 176.000000 1.211499
 177.000000 1.209489
 178.000000 1.212406
 179.000000 1.219436
 180.000000 1.229114
 181.000000 1.240028
 182.000000 1.250756
 183.000000 1.260274
 184.000000 1.268241
 185.000000 1.274783
 186.000000 1.280206
 187.000000 1.284578
 188.000000 1.287976
 189.000000 1.290246
 190.000000 1.291057
 191.000000 1.290041
 192.000000 1.286886
 193.000000 1.281514
 194.000000 1.274146
 195.000000 1.265411
 196.000000 1.256046
 197.000000 1.246967
 198.000000 1.238770
 199.000000 1.231730
 200.000000 1.225832
 201.000000 1.221076
 202.000000 1.217492
 203.000000 1.215180
 204.000000 1.214466
 205.000000 1.215746
 206.000000 1.219401
 207.000000 1.225639
 208.000000 1.234297
 209.000000 1.244700
 210.000000 1.255798
 211.000000 1.266126
 212.000000 1.274525
 213.000000 1.280162
 214.000000 1.282557
 215.000000 1.281676
 216.000000 1.277538
 217.000000 1.270128
 218.000000 1.259545
 219.000000 1.246296
 220.000000 1.231712
 221.000000 1.217329
 222.000000 1.205181
 223.000000 1.197157
 224.000000 1.195026
 225.000000 1.199719
 226.000000 1.210969
 227.000000 1.227474
 228.000000 1.247366
 229.000000 1.268114
 230.000000 1.287840
 231.000000 1.304656
 232.000000 1.317288
 233.000000 1.325157
 234.000000 1.328107
 235.000000 1.326273
 236.000000 1.319959
 237.000000 1.309355
 238.000000 1.294926
 239.000000 1.277725
 240.000000 1.259018
 241.000000 1.240273
 242.000000 1.222866
 243.000000 1.207922
 244.000000 1.196839
 245.000000 1.190857
 246.000000 1.190915
 247.000000 1.197287
 248.000000 1.209324
 249.000000 1.225731
 250.000000 1.244462
 251.000000 1.263610
 252.000000 1.281658
 253.000000 1.297437
 254.000000 1.309905
 255.000000 1.318078
 256.000000 1.321169
 257.000000 1.318830
 258.000000 1.311104
 259.000000 1.298606
 260.000000 1.282218
 261.000000 1.263533
 262.000000 1.244369
 263.000000 1.226533
 264.000000 1.211871
 265.000000 1.201883
 266.000000 1.197507
 267.000000 1.198753
 268.000000 1.204731
 269.000000 1.213991
 270.000000 1.224889
 271.000000 1.236084
 272.000000 1.246790
 273.000000 1.256789
 274.000000 1.266001
 275.000000 1.274471
 276.000000 1.282149
 277.000000 1.288657
 278.000000 1.293514
 279.000000 1.296273
 280.000000 1.296620
 281.000000 1.294300
 282.000000 1.289057
 283.000000 1.280716
 284.000000 1.269246
 285.000000 1.254972
 286.000000 1.238445
 287.000000 1.220714
 288.000000 1.203467
 289.000000 1.188567
 290.000000 1.178015
 291.000000 1.173340
 292.000000 1.175423
 293.000000 1.184272
 294.000000 1.198987
 295.000000 1.218074
 296.000000 1.239599
 297.000000 1.261557
 298.000000 1.282331
 299.000000 1.300045
 300.000000 1.313681
 301.000000 1.322331
 302.000000 1.325526
 303.000000 1.323154
 304.000000 1.315316
 305.000000 1.302400
 306.000000 1.285256
 307.000000 1.265238
 308.000000 1.244270
 309.000000 1.224570
 310.000000 1.207942
 311.000000 1.195856
 312.000000 1.189755
 313.000000 1.190197
 314.000000 1.196949
 315.000000 1.209160
 316.000000 1.225321
 317.000000 1.243971
 318.000000 1.263290
 319.000000 1.281348
 320.000000 1.296776
 321.000000 1.308241
 322.000000 1.314835
 323.000000 1.315891
 324.000000 1.311282
 325.000000 1.301316
 326.000000 1.286944
 327.000000 1.269499
 328.000000 1.250697
 329.000000 1.232389
 330.000000 1.216451
 331.000000 1.204718
 332.000000 1.198672
 333.000000 1.198865
 334.000000 1.205096
 335.000000 1.216349
 336.000000 1.230853
 337.000000 1.246588
 338.000000 1.261625
 339.000000 1.274466
 340.000000 1.284271
 341.000000 1.290767
 342.000000 1.293975
 343.000000 1.294228
 344.000000 1.291989
 345.000000 1.287729
 346.000000 1.281899
 347.000000 1.274947
 348.000000 1.267132
 349.000000 1.258713
 350.000000 1.250117
 351.000000 1.241749
 352.000000 1.234124
 353.000000 1.227887
 354.000000 1.223691
 355.000000 1.222077
 356.000000 1.223269
 357.000000 1.227219
 358.000000 1.233575
 359.000000 1.241814
 360.000000 1.251297
 361.000000 1.261060
 362.000000 1.270233
 363.000000 1.277969
 364.000000 1.283631
 365.000000 1.286940
 366.000000 1.287880
 367.000000 1.286766
 368.000000 1.284056
 369.000000 1.280206
 370.000000 1.275538
 371.000000 1.270226
 372.000000 1.264115
 373.000000 1.256856
 374.000000 1.248097
 375.000000 1.237881
 376.000000 1.226981
 377.000000 1.216404
 378.000000 1.207529
 379.000000 1.201876
 380.000000 1.200723
 381.000000 1.204495
 382.000000 1.212902
 383.000000 1.225006
 384.000000 1.239449
 385.000000 1.254881
 386.000000 1.269850
 387.000000 1.283158
 388.000000 1.293608
 389.000000 1.300381
 390.000000 1.302759
 391.000000 1.300385
 392.000000 1.293338
 393.000000 1.282233
 394.000000 1.268089
 395.000000 1.252260
 396.000000 1.236307
 397.000000 1.222139
 398.000000 1.211215
 399.000000 1.204703
 400.000000 1.203174
 401.000000 1.206673
 402.000000 1.214666
 403.000000 1.225950
 404.000000 1.239190
 405.000000 1.252879
 406.000000 1.265764
 407.000000 1.276559
 408.000000 1.284170
 409.000000 1.287631
 410.000000 1.286427
 411.000000 1.280436
 412.000000 1.270045
 413.000000 1.256012
 414.000000 1.239871
 415.000000 1.223530
 416.000000 1.208859
 417.000000 1.198063
 418.000000 1.192644
 419.000000 1.193528
 420.000000 1.200678
 421.000000 1.213343
 422.000000 1.229839
 423.000000 1.248554
 424.000000 1.267493
 425.000000 1.284793
 426.000000 1.298439
 427.000000 1.307600
 428.000000 1.311810
 429.000000 1.311363
 430.000000 1.307005
 431.000000 1.299597
 432.000000 1.289700
 433.000000 1.277823
 434.000000 1.264513
 435.000000 1.250731
 436.000000 1.237442
 437.000000 1.225959
 438.000000 1.217259
 439.000000 1.212033
 440.000000 1.210367
 441.000000 1.212059
 442.000000 1.216460
 443.000000 1.222625
 444.000000 1.229432
 445.000000 1.235852
 446.000000 1.241370
 447.000000 1.245968
 448.000000 1.249880
 449.000000 1.253284
 450.000000 1.256036
 451.000000 1.257844
 452.000000 1.258499
 453.000000 1.258029
 454.000000 1.256605
 455.000000 1.254309
 456.000000 1.250981
 457.000000 1.246358
 458.000000 1.240401
 459.000000 1.233292
 460.000000 1.225734
 461.000000 1.218550
 462.000000 1.212240
 463.000000 1.207168
 464.000000 1.203847
 465.000000 1.202961
 466.000000 1.205244
 467.000000 1.210943
 468.000000 1.219550
 469.000000 1.230042
 470.000000 1.241072
 471.000000 1.251615
 472.000000 1.261038
 473.000000 1.269108
 474.000000 1.275642
 475.000000 1.280270
 476.000000 1.282423
 477.000000 1.281462
 478.000000 1.276968
 479.000000 1.268832
 480.000000 1.257429
 481.000000 1.243661
 482.000000 1.228982
 483.000000 1.215344
 484.000000 1.204862
 485.000000 1.199253
 486.000000 1.199482
 487.000000 1.205609
 488.000000 1.216820
 489.000000 1.231716
 490.000000 1.248589
 491.000000 1.265711
 492.000000 1.281361
 493.000000 1.293849
 494.000000 1.301428
 495.000000 1.303098
 496.000000 1.298590
 497.000000 1.288516
 498.000000 1.274112
 499.000000 1.256916
 500.000000 1.238541
 501.000000 1.220723
 502.000000 1.205556
 503.000000 1.194491
 504.000000 1.188917
 505.000000 1.189679
 506.000000 1.196736
 507.000000 1.209134
 508.000000 1.225395
 509.000000 1.243587
 510.000000 1.261837
 511.000000 1.278671
 512.000000 1.292400
 513.000000 1.301825
 514.000000 1.306089
 515.000000 1.304887
 516.000000 1.298492
 517.000000 1.287708
 518.000000 1.273864
 519.000000 1.258399
 520.000000 1.242796
 521.000000 1.228528
 522.000000 1.217101
 523.000000 1.209873
 524.000000 1.207520
 525.000000 1.210098
 526.000000 1.216884
 527.000000 1.226459
 528.000000 1.236960
 529.000000 1.246645
 530.000000 1.254303
 531.000000 1.259000
 532.000000 1.260709
 533.000000 1.260071
 534.000000 1.258098
 535.000000 1.255864
 536.000000 1.254216
 537.000000 1.253694
 538.000000 1.254505
 539.000000 1.256619
 540.000000 1.259802
 541.000000 1.263601
 542.000000 1.267522
 543.000000 1.271035
 544.000000 1.273462
 545.000000 1.274138
 546.000000 1.272389
 547.000000 1.267740
 548.000000 1.260168
 549.000000 1.250348
 550.000000 1.239673
 551.000000 1.229846
 552.000000 1.222166
 553.000000 1.217369
 554.000000 1.215509
 555.000000 1.216222
 556.000000 1.219168
 557.000000 1.224176
 558.000000 1.231215
 559.000000 1.240159
 560.000000 1.250539
 561.000000 1.261476
 562.000000 1.271846
 563.000000 1.280511
 564.000000 1.286344
 565.000000 1.288732
 566.000000 1.287725
 567.000000 1.283825
 568.000000 1.277889
 569.000000 1.270909
 570.000000 1.264054
 571.000000 1.258367
 572.000000 1.254463
 573.000000 1.252562
 574.000000 1.252407
 575.000000 1.253491
 576.000000 1.255206
 577.000000 1.256948
 578.000000 1.258133
 579.000000 1.258097
 580.000000 1.256165
 581.000000 1.251863
 582.000000 1.245235
 583.000000 1.236920
 584.000000 1.228043
 585.000000 1.219955
 586.000000 1.213905
 587.000000 1.210546
 588.000000 1.210294
 589.000000 1.213227
 590.000000 1.219273
 591.000000 1.228046
 592.000000 1.238855
 593.000000 1.250507
 594.000000 1.261642
 595.000000 1.270894
 596.000000 1.277198
 597.000000 1.279970
 598.000000 1.279046
 599.000000 1.274647
 600.000000 1.267355
 601.000000 1.258150
 602.000000 1.248554
 603.000000 1.240225
 604.000000 1.234640
 605.000000 1.232635
 606.000000 1.234254
 607.000000 1.238964
 608.000000 1.245902
 609.000000 1.254249
 610.000000 1.263252
 611.000000 1.272151
 612.000000 1.280222
 613.000000 1.286621
 614.000000 1.290514
 615.000000 1.291299
 616.000000 1.288840
 617.000000 1.283401
 618.000000 1.275492
 619.000000 1.265768
 620.000000 1.254984
 621.000000 1.244099
 622.000000 1.234218
 623.000000 1.226529
 624.000000 1.222050
 625.000000 1.221506
 626.000000 1.225146
 627.000000 1.232603
 628.000000 1.243031
 629.000000 1.255103
 630.000000 1.267573
 631.000000 1.278893
 632.000000 1.287803
 633.000000 1.293210
 634.000000 1.294450
 635.000000 1.291446
 636.000000 1.284761
 637.000000 1.275572
 638.000000 1.265249
 639.000000 1.255155
 640.000000 1.246429
 641.000000 1.240120
 642.000000 1.236824
 643.000000 1.236754
 644.000000 1.239534
 645.000000 1.244216
 646.000000 1.249322
 647.000000 1.253282
 648.000000 1.254974
 649.000000 1.254123
 650.000000 1.251303
 651.000000 1.247607
 652.000000 1.244230
 653.000000 1.242200
 654.000000 1.242267
 655.000000 1.244825
 656.000000 1.249827
 657.000000 1.256803
 658.000000 1.265008
 659.000000 1.273438
 660.000000 1.281421
 661.000000 1.288693
 662.000000 1.295166
 663.000000 1.300943
 664.000000 1.305767
 665.000000 1.309332
 666.000000 1.311044
 667.000000 1.310353
 668.000000 1.306965
 669.000000 1.300955
 670.000000 1.292647
 671.000000 1.282553
 672.000000 1.271196
 673.000000 1.259487
 674.000000 1.248431
 675.000000 1.238853
 676.000000 1.231678
 677.000000 1.227691
 678.000000 1.227289
 679.000000 1.230479
 680.000000 1.236879
 681.000000 1.245717
 682.000000 1.255809
 683.000000 1.265832
 684.000000 1.274215
 685.000000 1.279434
 686.000000 1.280606
 687.000000 1.277749
 688.000000 1.271619
 689.000000 1.263501
 690.000000 1.254965
 691.000000 1.247357
 692.000000 1.241815
 693.000000 1.239194
 694.000000 1.239886
 695.000000 1.243738
 696.000000 1.249916
 697.000000 1.257063
 698.000000 1.263588
 699.000000 1.268128
 700.000000 1.269971
 701.000000 1.269165
 702.000000 1.266278
 703.000000 1.262150
 704.000000 1.257666
 705.000000 1.253596
 706.000000 1.250450
 707.000000 1.248464
 708.000000 1.247569
 709.000000 1.247463
 710.000000 1.247883
 711.000000 1.248792
 712.000000 1.250411
 713.000000 1.253162
 714.000000 1.257464
 715.000000 1.263416
 716.000000 1.270593
 717.000000 1.278187
 718.000000 1.285201
 719.000000 1.290523
 720.000000 1.293141
 721.000000 1.292493
 722.000000 1.288615
 723.000000 1.282049
 724.000000 1.273794
 725.000000 1.264956
 726.000000 1.256643
 727.000000 1.249783
 728.000000 1.244839
 729.000000 1.241964
 730.000000 1.241059
 731.000000 1.241798
 732.000000 1.243679
 733.000000 1.246036
 734.000000 1.248092
 735.000000 1.249036
 736.000000 1.248333
 737.000000 1.245909
 738.000000 1.242240
 739.000000 1.238135
 740.000000 1.234528
 741.000000 1.232220
 742.000000 1.231835
 743.000000 1.233765
 744.000000 1.238146
 745.000000 1.244761
 746.000000 1.253141
 747.000000 1.262446
 748.000000 1.271613
 749.000000 1.279578
 750.000000 1.285569
 751.000000 1.288946
 752.000000 1.289404
 753.000000 1.287003
 754.000000 1.282139
 755.000000 1.275390
 756.000000 1.267555
 757.000000 1.259507
 758.000000 1.251967
 759.000000 1.245747
 760.000000 1.241340
 761.000000 1.239182
 762.000000 1.239556
 763.000000 1.242575
 764.000000 1.248205
 765.000000 1.256223
 766.000000 1.266115
 767.000000 1.277111
 768.000000 1.288325
 769.000000 1.298531
 770.000000 1.306513
 771.000000 1.311135
 772.000000 1.311413
 773.000000 1.306930
 774.000000 1.297890
 775.000000 1.285147
 776.000000 1.270283
 777.000000 1.254910
 778.000000 1.240756
 779.000000 1.229157
 780.000000 1.221414
 781.000000 1.218230
 782.000000 1.219700
 783.000000 1.225379
 784.000000 1.234288
 785.000000 1.245217
 786.000000 1.256695
 787.000000 1.267203
 788.000000 1.275790
 789.000000 1.281882
 790.000000 1.285460
 791.000000 1.286851
 792.000000 1.286572
 793.000000 1.285100
 794.000000 1.282711
 795.000000 1.279410
 796.000000 1.275010
 797.000000 1.269139
 798.000000 1.261741
 799.000000 1.253156
 800.000000 1.244285
 801.000000 1.236147
 802.000000 1.230156
 803.000000 1.227581
 804.000000 1.229213
 805.000000 1.235175
 806.000000 1.245090
 807.000000 1.258037
 808.000000 1.272657
 809.000000 1.287398
 810.000000 1.301046
 811.000000 1.312516
 812.000000 1.321361
 813.000000 1.327449
 814.000000 1.331035
 815.000000 1.332718
 816.000000 1.333042
 817.000000 1.332418
 818.000000 1.330985
 819.000000 1.328582
 820.000000 1.324693
 821.000000 1.318658
 822.000000 1.309596
 823.000000 1.296721
 824.000000 1.279850
 825.000000 1.259723
 826.000000 1.237725
 827.000000 1.216755
 828.000000 1.199629
 829.000000 1.189141
 830.000000 1.187224
 831.000000 1.194517
 832.000000 1.210281
 833.000000 1.232824
 834.000000 1.259401
 835.000000 1.287495
 836.000000 1.314775
 837.000000 1.338962
 838.000000 1.357679
 839.000000 1.369476
 840.000000 1.373506
 841.000000 1.369576
 842.000000 1.358397
 843.000000 1.341324
 844.000000 1.319888
 845.000000 1.295993
 846.000000 1.271816
 847.000000 1.249810
 848.000000 1.231955
 849.000000 1.219970
 850.000000 1.214311
 851.000000 1.214751
 852.000000 1.220298
 853.000000 1.229528
 854.000000 1.241119
 855.000000 1.254173
 856.000000 1.268350
 857.000000 1.283605
 858.000000 1.299893
 859.000000 1.317220
 860.000000 1.335183
 861.000000 1.353138
 862.000000 1.370642
 863.000000 1.386741
 864.000000 1.400542
 865.000000 1.410939
 866.000000 1.416746
 867.000000 1.417207
 868.000000 1.411990
 869.000000 1.401335
 870.000000 1.386051
 871.000000 1.367429
 872.000000 1.346679
 873.000000 1.324840
 874.000000 1.303137
 875.000000 1.282324
 876.000000 1.263241
 877.000000 1.246117
 878.000000 1.231527
 879.000000 1.219855
 880.000000 1.211374
 881.000000 1.206370
 882.000000 1.205156
 883.000000 1.208081
 884.000000 1.215253
 885.000000 1.226477
 886.000000 1.241088
 887.000000 1.257770
 888.000000 1.275090
 889.000000 1.291791
 890.000000 1.306462
 891.000000 1.317919
 892.000000 1.325293
 893.000000 1.327635
 894.000000 1.324451
 895.000000 1.315875
 896.000000 1.302898
 897.000000 1.287195
 898.000000 1.270693
 899.000000 1.255276
 900.000000 1.242558
 901.000000 1.233615
 902.000000 1.229218
 903.000000 1.229575
 904.000000 1.234276
 905.000000 1.242339
 906.000000 1.252200
 907.000000 1.262545
 908.000000 1.272228
 909.000000 1.280637
 910.000000 1.287620
 911.000000 1.293321
 912.000000 1.298011
 913.000000 1.301805
 914.000000 1.304762
 915.000000 1.306918
 916.000000 1.308283
 917.000000 1.308837
 918.000000 1.308431
 919.000000 1.306759
 920.000000 1.303485
 921.000000 1.298355
 922.000000 1.291480
 923.000000 1.283282
 924.000000 1.274519
 925.000000 1.266089
 926.000000 1.258780
 927.000000 1.253255
 928.000000 1.249888
 929.000000 1.249017
 930.000000 1.250812
 931.000000 1.255201
 932.000000 1.261675
 933.000000 1.269431
 934.000000 1.277452
 935.000000 1.284747
 936.000000 1.290334
 937.000000 1.293752
 938.000000 1.295037
 939.000000 1.294649
 940.000000 1.293326
 941.000000 1.291875
 942.000000 1.290984
 943.000000 1.291153
 944.000000 1.292561
 945.000000 1.294976
 946.000000 1.297719
 947.000000 1.299769
 948.000000 1.300006
 949.000000 1.297510
 950.000000 1.291882
 951.000000 1.283654
 952.000000 1.274133
 953.000000 1.265364
 954.000000 1.259293
 955.000000 1.257630
 956.000000 1.261462
 957.000000 1.270907
 958.000000 1.285123
 959.000000 1.302519
 960.000000 1.320873
 961.000000 1.338048
 962.000000 1.351867
 963.000000 1.360888
 964.000000 1.364327
 965.000000 1.362229
 966.000000 1.355458
 967.000000 1.345333
 968.000000 1.333045
 969.000000 1.319528
 970.000000 1.305419
 971.000000 1.291156
 972.000000 1.277186
 973.000000 1.263931
 974.000000 1.251793
 975.000000 1.240973
 976.000000 1.231706
 977.000000 1.224446
 978.000000 1.219622
 979.000000 1.217720
 980.000000 1.219111
 981.000000 1.223901
 982.000000 1.231846
 983.000000 1.242480
 984.000000 1.255272
 985.000000 1.269390
 986.000000 1.284215
 987.000000 1.299018
 988.000000 1.313031
 989.000000 1.325505
 990.000000 1.335744
 991.000000 1.343109
 992.000000 1.347148
 993.000000 1.347627
 994.000000 1.344749
 995.000000 1.338989
 996.000000 1.331004
 997.000000 1.321450
 998.000000 1.311143
 999.000000 1.300745
 1000.000000 1.290704
 1001.000000 1.281719
 1002.000000 1.274046
 1003.000000 1.267509
 1004.000000 1.262025
 1005.000000 1.257519
 1006.000000 1.254325
 1007.000000 1.253096
 1008.000000 1.254724
 1009.000000 1.260106
 1010.000000 1.269818
 1011.000000 1.283976
 1012.000000 1.301944
 1013.000000 1.322792
 1014.000000 1.344771
 1015.000000 1.365985
 1016.000000 1.384169
 1017.000000 1.397745
 1018.000000 1.405630
 1019.000000 1.407295
 1020.000000 1.403071
 1021.000000 1.393971
 1022.000000 1.381139
 1023.000000 1.365768
 1024.000000 1.348735
 1025.000000 1.330710
 1026.000000 1.312283
 1027.000000 1.293724
 1028.000000 1.275386
 1029.000000 1.257527
 1030.000000 1.240891
 1031.000000 1.226388
 1032.000000 1.215430
 1033.000000 1.209334
 1034.000000 1.209245
 1035.000000 1.215731
 1036.000000 1.228699
 1037.000000 1.247074
 1038.000000 1.269421
 1039.000000 1.294074
 1040.000000 1.319428
 1041.000000 1.343552
 1042.000000 1.364885
 1043.000000 1.382055
 1044.000000 1.394427
 1045.000000 1.401817
 1046.000000 1.404652
 1047.000000 1.403592
 1048.000000 1.399351
 1049.000000 1.392548
 1050.000000 1.383601
 1051.000000 1.372537
 1052.000000 1.359382
 1053.000000 1.343765
 1054.000000 1.325708
 1055.000000 1.305202
 1056.000000 1.282932
 1057.000000 1.260283
 1058.000000 1.238424
 1059.000000 1.219640
 1060.000000 1.206267
 1061.000000 1.200368
 1062.000000 1.203139
 1063.000000 1.214565
 1064.000000 1.233523
 1065.000000 1.257831
 1066.000000 1.285310
 1067.000000 1.313512
 1068.000000 1.339729
 1069.000000 1.361714
 1070.000000 1.377753
 1071.000000 1.386888
 1072.000000 1.388639
 1073.000000 1.383249
 1074.000000 1.371412
 1075.000000 1.354073
 1076.000000 1.332626
 1077.000000 1.308607
 1078.000000 1.283430
 1079.000000 1.258958
 1080.000000 1.236732
 1081.000000 1.218861
 1082.000000 1.206407
 1083.000000 1.199981
 1084.000000 1.199498
 1085.000000 1.204256
 1086.000000 1.213098
 1087.000000 1.224722
 1088.000000 1.238011
 1089.000000 1.252353
 1090.000000 1.267322
 1091.000000 1.282607
 1092.000000 1.297895
 1093.000000 1.312727
 1094.000000 1.326258
 1095.000000 1.337490
 1096.000000 1.345084
 1097.000000 1.348089
 1098.000000 1.345972
 1099.000000 1.338759
 1100.000000 1.327189
 1101.000000 1.312588
 1102.000000 1.296481
 1103.000000 1.280291
 1104.000000 1.265780
 1105.000000 1.254626
 1106.000000 1.247815
 1107.000000 1.245661
 1108.000000 1.247764
 1109.000000 1.253262
 1110.000000 1.261125
 1111.000000 1.270341
 1112.000000 1.280432
 1113.000000 1.291151
 1114.000000 1.302489
 1115.000000 1.314551
 1116.000000 1.327336
 1117.000000 1.340555
 1118.000000 1.353447
 1119.000000 1.364843
 1120.000000 1.373438
 1121.000000 1.377909
 1122.000000 1.377257
 1123.000000 1.370893
 1124.000000 1.358844
 1125.000000 1.341656
 1126.000000 1.320148
 1127.000000 1.295731
 1128.000000 1.270128
 1129.000000 1.245505
 1130.000000 1.224030
 1131.000000 1.207594
 1132.000000 1.197947
 1133.000000 1.196101
 1134.000000 1.201904
 1135.000000 1.213999
 1136.000000 1.230247
 1137.000000 1.248855
 1138.000000 1.267697
 1139.000000 1.284900
 1140.000000 1.299474
 1141.000000 1.310969
 1142.000000 1.319499
 1143.000000 1.325300
 1144.000000 1.328752
 1145.000000 1.330267
 1146.000000 1.330197
 1147.000000 1.328782
 1148.000000 1.326082
 1149.000000 1.322027
 1150.000000 1.316538
 1151.000000 1.309511
 1152.000000 1.301061
 1153.000000 1.291527
 1154.000000 1.281406
 1155.000000 1.271368
 1156.000000 1.262115
 1157.000000 1.254402
 1158.000000 1.248577
 1159.000000 1.244979
 1160.000000 1.243731
 1161.000000 1.244804
 1162.000000 1.248090
 1163.000000 1.253489
 1164.000000 1.260823
 1165.000000 1.269917
 1166.000000 1.280644
 1167.000000 1.292834
 1168.000000 1.306250
 1169.000000 1.320375
 1170.000000 1.334785
 1171.000000 1.348541
 1172.000000 1.360707
 1173.000000 1.370071
 1174.000000 1.375398
 1175.000000 1.375824
 1176.000000 1.370957
 1177.000000 1.361144
 1178.000000 1.347283
 1179.000000 1.330752
 1180.000000 1.312775
 1181.000000 1.294636
 1182.000000 1.277396
 1183.000000 1.261812
 1184.000000 1.248358
 1185.000000 1.237593
 1186.000000 1.229934
 1187.000000 1.225685
 1188.000000 1.225088
 1189.000000 1.228223
 1190.000000 1.234976
 1191.000000 1.244945
 1192.000000 1.257498
 1193.000000 1.271765
 1194.000000 1.287060
 1195.000000 1.302754
 1196.000000 1.318070
 1197.000000 1.332295
 1198.000000 1.344732
 1199.000000 1.354707
 1200.000000 1.361918
 1201.000000 1.366295
 1202.000000 1.367971
 1203.000000 1.367216
 1204.000000 1.364434
 1205.000000 1.359986
 1206.000000 1.354131
 1207.000000 1.346825
 1208.000000 1.337860
 1209.000000 1.326847
 1210.000000 1.313422
 1211.000000 1.297298
 1212.000000 1.279032
 1213.000000 1.259594
 1214.000000 1.240913
 1215.000000 1.225208
 1216.000000 1.214602
 1217.000000 1.210645
 1218.000000 1.214090
 1219.000000 1.224716
 1220.000000 1.241286
 1221.000000 1.262102
 1222.000000 1.285353
 1223.000000 1.308663
 1224.000000 1.330379
 1225.000000 1.348866
 1226.000000 1.362731
 1227.000000 1.371058
 1228.000000 1.373438
 1229.000000 1.369868
 1230.000000 1.360775
 1231.000000 1.346809
 1232.000000 1.328702
 1233.000000 1.307397
 1234.000000 1.284217
 1235.000000 1.260597
 1236.000000 1.237616
 1237.000000 1.217286
 1238.000000 1.201463
 1239.000000 1.192038
 1240.000000 1.190443
 1241.000000 1.197194
 1242.000000 1.211802
 1243.000000 1.232794
 1244.000000 1.257893
 1245.000000 1.284987
 1246.000000 1.312159
 1247.000000 1.337464
 1248.000000 1.359489
 1249.000000 1.377462
 1250.000000 1.390765
 1251.000000 1.399528
 1252.000000 1.404050
 1253.000000 1.404952
 1254.000000 1.403018
 1255.000000 1.399024
 1256.000000 1.393516
 1257.000000 1.386850
 1258.000000 1.378978
 1259.000000 1.369328
 1260.000000 1.357361
 1261.000000 1.342498
 1262.000000 1.324370
 1263.000000 1.303566
 1264.000000 1.281211
 1265.000000 1.259060
 1266.000000 1.239668
 1267.000000 1.225121
 1268.000000 1.217401
 1269.000000 1.217534
 1270.000000 1.225515
 1271.000000 1.240324
 1272.000000 1.260187
 1273.000000 1.282968
 1274.000000 1.306725
 1275.000000 1.329623
 1276.000000 1.349727
 1277.000000 1.365605
 1278.000000 1.376285
 1279.000000 1.380965
 1280.000000 1.379423
 1281.000000 1.371839
 1282.000000 1.358702
 1283.000000 1.340935
 1284.000000 1.319424
 1285.000000 1.295628
 1286.000000 1.271317
 1287.000000 1.248316
 1288.000000 1.228028
 1289.000000 1.211934
 1290.000000 1.201479
 1291.000000 1.197485
 1292.000000 1.199899
 1293.000000 1.207832
 1294.000000 1.219836
 1295.000000 1.234172
 1296.000000 1.248923
 1297.000000 1.262720
 1298.000000 1.274749
 1299.000000 1.284454
 1300.000000 1.291479
 1301.000000 1.295731
 1302.000000 1.297389
 1303.000000 1.296745
 1304.000000 1.294259
 1305.000000 1.290458
 1306.000000 1.285950
 1307.000000 1.281373
 1308.000000 1.277206
 1309.000000 1.273856
 1310.000000 1.271602
 1311.000000 1.270405
 1312.000000 1.269853
 1313.000000 1.269334
 1314.000000 1.268243
 1315.000000 1.266265
 1316.000000 1.263585
 1317.000000 1.260913
 1318.000000 1.259203
 1319.000000 1.259451
 1320.000000 1.262342
 1321.000000 1.268123
 1322.000000 1.276688
 1323.000000 1.287423
 1324.000000 1.299278
 1325.000000 1.310804
 1326.000000 1.320690
 1327.000000 1.327698
 1328.000000 1.330897
 1329.000000 1.329830
 1330.000000 1.324639
 1331.000000 1.315876
 1332.000000 1.304378
 1333.000000 1.291431
 1334.000000 1.278218
 1335.000000 1.265735
 1336.000000 1.254721
 1337.000000 1.245563
 1338.000000 1.238414
 1339.000000 1.233556
 1340.000000 1.231463
 1341.000000 1.232630
 1342.000000 1.237352
 1343.000000 1.245542
 1344.000000 1.256494
 1345.000000 1.269066
 1346.000000 1.281754
 1347.000000 1.293014
 1348.000000 1.301691
 1349.000000 1.306936
 1350.000000 1.308346
 1351.000000 1.306045
 1352.000000 1.300574
 1353.000000 1.292756
 1354.000000 1.283559
 1355.000000 1.273787
 1356.000000 1.264310
 1357.000000 1.255646
 1358.000000 1.248236
 1359.000000 1.242552
 1360.000000 1.238895
 1361.000000 1.237407
 1362.000000 1.237889
 1363.000000 1.239878
 1364.000000 1.242806
 1365.000000 1.246049
 1366.000000 1.249155
 1367.000000 1.252020
 1368.000000 1.254785
 1369.000000 1.257775
 1370.000000 1.261296
 1371.000000 1.265599
 1372.000000 1.270782
 1373.000000 1.276729
 1374.000000 1.283090
 1375.000000 1.289431
 1376.000000 1.295304
 1377.000000 1.300315
 1378.000000 1.304026
 1379.000000 1.306034
 1380.000000 1.305880
 1381.000000 1.303153
 1382.000000 1.297551
 1383.000000 1.289024
 1384.000000 1.278043
 1385.000000 1.265455
 1386.000000 1.252381
 1387.000000 1.240279
 1388.000000 1.230545
 1389.000000 1.224161
 1390.000000 1.221531
 1391.000000 1.222751
 1392.000000 1.227512
 1393.000000 1.235178
 1394.000000 1.244860
 1395.000000 1.255672
 1396.000000 1.266758
 1397.000000 1.277231
 1398.000000 1.286433
 1399.000000 1.293722
 1400.000000 1.298600
 1401.000000 1.300689
 1402.000000 1.299958
 1403.000000 1.296697
 1404.000000 1.291440
 1405.000000 1.284967
 1406.000000 1.278042
 1407.000000 1.271541
 1408.000000 1.266158
 1409.000000 1.262444
 1410.000000 1.260612
 1411.000000 1.260565
 1412.000000 1.261862
 1413.000000 1.263764
 1414.000000 1.265350
 1415.000000 1.265725
 1416.000000 1.264291
 1417.000000 1.260871
 1418.000000 1.255832
 1419.000000 1.249872
 1420.000000 1.243792
 1421.000000 1.238259
 1422.000000 1.233893
 1423.000000 1.231275
 1424.000000 1.230908
 1425.000000 1.233090
 1426.000000 1.237907
 1427.000000 1.245195
 1428.000000 1.254511
 1429.000000 1.265318
 1430.000000 1.276781
 1431.000000 1.287950
 1432.000000 1.297929
 1433.000000 1.305877
 1434.000000 1.311092
 1435.000000 1.313126
 1436.000000 1.311906
 1437.000000 1.307625
 1438.000000 1.300733
 1439.000000 1.291898
 1440.000000 1.281805
 1441.000000 1.271126
 1442.000000 1.260700
 1443.000000 1.251420
 1444.000000 1.243929
 1445.000000 1.238881
 1446.000000 1.236648
 1447.000000 1.237240
 1448.000000 1.240394
 1449.000000 1.245590
 1450.000000 1.252166
 1451.000000 1.259353
 1452.000000 1.266435
 1453.000000 1.273020
 1454.000000 1.278872
 1455.000000 1.283851
 1456.000000 1.287963
 1457.000000 1.291219
 1458.000000 1.293625
 1459.000000 1.295169
 1460.000000 1.295788
 1461.000000 1.295433
 1462.000000 1.294050
 1463.000000 1.291550
 1464.000000 1.287863
 1465.000000 1.282966
 1466.000000 1.276833
 1467.000000 1.269691
 1468.000000 1.261869
 1469.000000 1.253952
 1470.000000 1.246834
 1471.000000 1.241354
 1472.000000 1.238355
 1473.000000 1.238419
 1474.000000 1.241679
 1475.000000 1.247808
 1476.000000 1.256092
 1477.000000 1.265395
 1478.000000 1.274680
 1479.000000 1.282968
 1480.000000 1.289455
 1481.000000 1.293900
 1482.000000 1.296089
 1483.000000 1.296020
 1484.000000 1.293704
 1485.000000 1.289192
 1486.000000 1.282692
 1487.000000 1.274617
 1488.000000 1.265530
 1489.000000 1.256367
 1490.000000 1.248177
 1491.000000 1.242066
 1492.000000 1.238960
 1493.000000 1.239475
 1494.000000 1.243789
 1495.000000 1.251562
 1496.000000 1.262011
 1497.000000 1.274081
 1498.000000 1.286614
 1499.000000 1.298253
 1500.000000 1.307764
 1501.000000 1.314213
 1502.000000 1.316842
 1503.000000 1.315364
 1504.000000 1.309986
 1505.000000 1.301319
 1506.000000 1.290208
 1507.000000 1.277731
 1508.000000 1.264809
 1509.000000 1.252424
 1510.000000 1.241713
 1511.000000 1.233533
 1512.000000 1.228524
 1513.000000 1.227068
 1514.000000 1.229161
 1515.000000 1.234476
 1516.000000 1.242305
 1517.000000 1.251919
 1518.000000 1.262408
 1519.000000 1.273247
 1520.000000 1.283864
 1521.000000 1.293691
 1522.000000 1.302305
 1523.000000 1.309264
 1524.000000 1.314263
 1525.000000 1.317010
 1526.000000 1.317426
 1527.000000 1.315694
 1528.000000 1.312210
 1529.000000 1.307432
 1530.000000 1.301984
 1531.000000 1.296258
 1532.000000 1.290464
 1533.000000 1.284516
 1534.000000 1.278243
 1535.000000 1.271289
 1536.000000 1.263279
 1537.000000 1.254022
 1538.000000 1.243823
 1539.000000 1.233559
 1540.000000 1.224497
 1541.000000 1.218019
 1542.000000 1.215154
 1543.000000 1.216355
 1544.000000 1.221514
 1545.000000 1.230051
 1546.000000 1.241195
 1547.000000 1.253819
 1548.000000 1.266800
 1549.000000 1.279231
 1550.000000 1.290048
 1551.000000 1.298512
 1552.000000 1.303852
 1553.000000 1.305452
 1554.000000 1.302920
 1555.000000 1.296265
 1556.000000 1.285927
 1557.000000 1.272860
 1558.000000 1.258234
 1559.000000 1.243392
 1560.000000 1.229698
 1561.000000 1.218464
 1562.000000 1.210594
 1563.000000 1.206865
 1564.000000 1.207506
 1565.000000 1.212308
 1566.000000 1.220615
 1567.000000 1.231396
 1568.000000 1.243505
 1569.000000 1.255477
 1570.000000 1.266170
 1571.000000 1.274823
 1572.000000 1.280995
 1573.000000 1.284630
 1574.000000 1.286011
 1575.000000 1.285575
 1576.000000 1.283772
 1577.000000 1.281010
 1578.000000 1.277637
 1579.000000 1.273864
 1580.000000 1.269866
 1581.000000 1.265652
 1582.000000 1.261250
 1583.000000 1.256619
 1584.000000 1.251772
 1585.000000 1.246842
 1586.000000 1.242016
 1587.000000 1.237632
 1588.000000 1.234126
 1589.000000 1.231904
 1590.000000 1.231392
 1591.000000 1.232906
 1592.000000 1.236527
 1593.000000 1.242047
 1594.000000 1.249038
 1595.000000 1.256916
 1596.000000 1.265060
 1597.000000 1.272856
 1598.000000 1.279795
 1599.000000 1.285586
 1600.000000 1.289955
 1601.000000 1.292638
 1602.000000 1.293284
 1603.000000 1.291570
 1604.000000 1.287279
 1605.000000 1.280462
 1606.000000 1.271480
 1607.000000 1.261240
 1608.000000 1.250998
 1609.000000 1.242039
 1610.000000 1.235535
 1611.000000 1.232570
 1612.000000 1.233847
 1613.000000 1.239526
 1614.000000 1.249191
 1615.000000 1.261862
 1616.000000 1.276456
 1617.000000 1.291529
 1618.000000 1.305478
 1619.000000 1.316921
 1620.000000 1.324865
 1621.000000 1.328832
 1622.000000 1.328914
 1623.000000 1.325621
 1624.000000 1.319669
 1625.000000 1.311896
 1626.000000 1.302839
 1627.000000 1.292854
 1628.000000 1.281959
 1629.000000 1.270317
 1630.000000 1.258205
 1631.000000 1.246482
 1632.000000 1.236416
 1633.000000 1.229539
 1634.000000 1.227166
 1635.000000 1.230047
 1636.000000 1.237966
 1637.000000 1.249828
 1638.000000 1.263977
 1639.000000 1.278521
 1640.000000 1.291897
 1641.000000 1.303053
 1642.000000 1.311345
 1643.000000 1.316770
 1644.000000 1.319789
 1645.000000 1.321013
 1646.000000 1.320979
 1647.000000 1.320052
 1648.000000 1.318396
 1649.000000 1.315971
 1650.000000 1.312549
 1651.000000 1.307748
 1652.000000 1.301100
 1653.000000 1.292355
 1654.000000 1.281476
 1655.000000 1.268935
 1656.000000 1.255642
 1657.000000 1.242813
 1658.000000 1.231871
 1659.000000 1.224266
 1660.000000 1.221112
 1661.000000 1.223039
 1662.000000 1.230005
 1663.000000 1.241372
 1664.000000 1.255980
 1665.000000 1.272330
 1666.000000 1.288965
 1667.000000 1.304648
 1668.000000 1.318616
 1669.000000 1.330374
 1670.000000 1.339866
 1671.000000 1.347078
 1672.000000 1.351945
 1673.000000 1.354245
 1674.000000 1.353700
 1675.000000 1.349990
 1676.000000 1.342867
 1677.000000 1.332302
 1678.000000 1.318862
 1679.000000 1.303593
 1680.000000 1.288001
 1681.000000 1.273822
 1682.000000 1.262526
 1683.000000 1.255225
 1684.000000 1.252144
 1685.000000 1.252810
 1686.000000 1.256239
 1687.000000 1.261225
 1688.000000 1.266686
 1689.000000 1.272076
 1690.000000 1.277327
 1691.000000 1.282921
 1692.000000 1.289412
 1693.000000 1.297212
 1694.000000 1.306431
 1695.000000 1.316761
 1696.000000 1.327354
 1697.000000 1.337250
 1698.000000 1.345730
 1699.000000 1.352336
 1700.000000 1.357050
 1701.000000 1.360201
 1702.000000 1.362465
 1703.000000 1.364662
 1704.000000 1.367461
 1705.000000 1.371209
 1706.000000 1.375764
 1707.000000 1.380550
 1708.000000 1.384761
 1709.000000 1.387529
 1710.000000 1.388123
 1711.000000 1.386143
 1712.000000 1.381612
 1713.000000 1.375060
 1714.000000 1.367327
 1715.000000 1.359444
 1716.000000 1.352516
 1717.000000 1.347388
 1718.000000 1.344610
 1719.000000 1.344419
 1720.000000 1.346649
 1721.000000 1.350795
 1722.000000 1.356090
 1723.000000 1.361634
 1724.000000 1.366586
 1725.000000 1.370275
 1726.000000 1.372409
 1727.000000 1.373126
 1728.000000 1.372975
 1729.000000 1.372715
 1730.000000 1.373131
 1731.000000 1.374824
 1732.000000 1.378080
 1733.000000 1.382763
 1734.000000 1.388359
 1735.000000 1.394091
 1736.000000 1.399024
 1737.000000 1.402197
 1738.000000 1.402941
 1739.000000 1.400917
 1740.000000 1.396175
 1741.000000 1.389067
 1742.000000 1.379971
 1743.000000 1.369487
 1744.000000 1.358033
 1745.000000 1.345988
 1746.000000 1.333729
 1747.000000 1.321343
 1748.000000 1.308905
 1749.000000 1.296508
 1750.000000 1.284411
 1751.000000 1.272801
 1752.000000 1.262834
 1753.000000 1.255507
 1754.000000 1.251820
 1755.000000 1.252726
 1756.000000 1.258648
 1757.000000 1.269459
 1758.000000 1.284285
 1759.000000 1.301864
 1760.000000 1.320911
 1761.000000 1.339799
 1762.000000 1.357083
 1763.000000 1.371713
 1764.000000 1.383145
 1765.000000 1.390904
 1766.000000 1.395266
 1767.000000 1.396923
 1768.000000 1.396830
 1769.000000 1.396034
 1770.000000 1.395453
 1771.000000 1.395703
 1772.000000 1.396997
 1773.000000 1.399068
 1774.000000 1.401201
 1775.000000 1.402363
 1776.000000 1.401396
 1777.000000 1.397344
 1778.000000 1.389711
 1779.000000 1.378563
 1780.000000 1.364736
 1781.000000 1.349749
 1782.000000 1.335330
 1783.000000 1.322994
 1784.000000 1.313979
 1785.000000 1.308861
 1786.000000 1.307450
 1787.000000 1.308979
 1788.000000 1.312403
 1789.000000 1.316740
 1790.000000 1.321397
 1791.000000 1.326247
 1792.000000 1.331512
 1793.000000 1.337599
 1794.000000 1.345009
 1795.000000 1.353892
 1796.000000 1.363877
 1797.000000 1.374226
 1798.000000 1.384259
 1799.000000 1.392997
 1800.000000 1.399391
 1801.000000 1.402605
 1802.000000 1.402170
 1803.000000 1.397968
 1804.000000 1.390264
 1805.000000 1.379811
 1806.000000 1.367480
 1807.000000 1.354241
 1808.000000 1.341186
 1809.000000 1.329207
 1810.000000 1.319177
 1811.000000 1.311615
 1812.000000 1.306811
 1813.000000 1.304679
 1814.000000 1.304763
 1815.000000 1.306436
 1816.000000 1.309096
 1817.000000 1.312311
 1818.000000 1.316012
 1819.000000 1.320415
 1820.000000 1.325967
 1821.000000 1.333269
 1822.000000 1.342915
 1823.000000 1.355216
 1824.000000 1.370225
 1825.000000 1.387582
 1826.000000 1.406216
 1827.000000 1.424855
 1828.000000 1.442242
 1829.000000 1.457282
 1830.000000 1.468858
 1831.000000 1.476183
 1832.000000 1.479208
 1833.000000 1.478341
 1834.000000 1.474398
 1835.000000 1.468444
 1836.000000 1.461473
 1837.000000 1.454309
 1838.000000 1.447369
 1839.000000 1.440794
 1840.000000 1.434219
 1841.000000 1.427076
 1842.000000 1.418808
 1843.000000 1.409148
 1844.000000 1.397931
 1845.000000 1.385775
 1846.000000 1.373635
 1847.000000 1.362811
 1848.000000 1.354396
 1849.000000 1.349461
 1850.000000 1.348642
 1851.000000 1.351968
 1852.000000 1.358897
 1853.000000 1.368452
 1854.000000 1.379404
 1855.000000 1.390630
 1856.000000 1.401200
 1857.000000 1.410668
 1858.000000 1.419082
 1859.000000 1.426652
 1860.000000 1.433896
 1861.000000 1.441376
 1862.000000 1.449488
 1863.000000 1.458459
 1864.000000 1.468186
 1865.000000 1.478224
 1866.000000 1.487918
 1867.000000 1.496261
 1868.000000 1.502295
 1869.000000 1.504903
 1870.000000 1.503365
 1871.000000 1.497454
 1872.000000 1.487472
 1873.000000 1.474140
 1874.000000 1.458645
 1875.000000 1.442667
 1876.000000 1.427347
 1877.000000 1.413538
 1878.000000 1.401947
 1879.000000 1.392952
 1880.000000 1.386353
 1881.000000 1.381694
 1882.000000 1.378410
 1883.000000 1.375916
 1884.000000 1.373831
 1885.000000 1.372012
 1886.000000 1.370640
 1887.000000 1.370128
 1888.000000 1.370998
 1889.000000 1.373731
 1890.000000 1.378552
 1891.000000 1.385355
 1892.000000 1.393813
 1893.000000 1.403321
 1894.000000 1.413038
 1895.000000 1.422221
 1896.000000 1.430215
 1897.000000 1.436615
 1898.000000 1.441221
 1899.000000 1.444188
 1900.000000 1.446045
 1901.000000 1.447525
 1902.000000 1.449382
 1903.000000 1.452241
 1904.000000 1.456461
 1905.000000 1.461997
 1906.000000 1.468553
 1907.000000 1.475434
 1908.000000 1.481735
 1909.000000 1.486444
 1910.000000 1.488631
 1911.000000 1.487615
 1912.000000 1.483137
 1913.000000 1.475489
 1914.000000 1.465188
 1915.000000 1.453299
 1916.000000 1.441258
 1917.000000 1.430635
 1918.000000 1.422553
 1919.000000 1.417706
 1920.000000 1.416345
 1921.000000 1.418045
 1922.000000 1.421869
 1923.000000 1.426492
 1924.000000 1.430513
 1925.000000 1.432630
 1926.000000 1.432020
 1927.000000 1.428470
 1928.000000 1.422565
 1929.000000 1.415461
 1930.000000 1.408827
 1931.000000 1.404395
 1932.000000 1.403557
 1933.000000 1.407089
 1934.000000 1.414997
 1935.000000 1.426478
 1936.000000 1.439955
 1937.000000 1.453350
 1938.000000 1.464641
 1939.000000 1.472156
 1940.000000 1.475171
 1941.000000 1.474102
 1942.000000 1.470384
 1943.000000 1.466122
 1944.000000 1.463478
 1945.000000 1.464035
 1946.000000 1.468493
 1947.000000 1.476535
 1948.000000 1.486885
 1949.000000 1.497452
 1950.000000 1.506072
 1951.000000 1.511087
 1952.000000 1.511549
 1953.000000 1.507393
 1954.000000 1.499491
 1955.000000 1.489281
 1956.000000 1.478557
 1957.000000 1.468806
 1958.000000 1.461105
 1959.000000 1.455928
 1960.000000 1.453232
 1961.000000 1.452491
 1962.000000 1.452889
 1963.000000 1.453447
 1964.000000 1.453219
 1965.000000 1.451451
 1966.000000 1.447715
 1967.000000 1.441988
 1968.000000 1.434582
 1969.000000 1.426236
 1970.000000 1.417967
 1971.000000 1.410696
 1972.000000 1.405308
 1973.000000 1.402256
 1974.000000 1.401656
 1975.000000 1.403091
 1976.000000 1.405659
 1977.000000 1.408144
 1978.000000 1.409311
 1979.000000 1.408219
 1980.000000 1.404516
 1981.000000 1.398499
 1982.000000 1.391046
 1983.000000 1.383264
 1984.000000 1.376428
 1985.000000 1.371454
 1986.000000 1.368819
 1987.000000 1.368361
 1988.000000 1.369310
 1989.000000 1.370440
 1990.000000 1.370321
 1991.000000 1.367676
 1992.000000 1.361829
 1993.000000 1.352768
 1994.000000 1.341518
 1995.000000 1.329802
 1996.000000 1.319612
 1997.000000 1.312825
 1998.000000 1.310903
 1999.000000 1.314407
 2000.000000 1.322886
 2001.000000 1.334954
 2002.000000 1.348770
 2003.000000 1.362244
 2004.000000 1.373515
 2005.000000 1.381563
 2006.000000 1.386417
 2007.000000 1.388907
 2008.000000 1.390428
 2009.000000 1.392509
 2010.000000 1.396374
 2011.000000 1.402664
 2012.000000 1.411105
 2013.000000 1.420778
 2014.000000 1.430092
 2015.000000 1.437561
 2016.000000 1.441930
 2017.000000 1.442618
 2018.000000 1.439762
 2019.000000 1.434124
 2020.000000 1.427074
 2021.000000 1.420029
 2022.000000 1.414239
 2023.000000 1.410499
 2024.000000 1.409110
 2025.000000 1.409823
 2026.000000 1.411913
 2027.000000 1.414270
 2028.000000 1.415723
 2029.000000 1.415209
 2030.000000 1.411983
 2031.000000 1.405729
 2032.000000 1.396565
 2033.000000 1.385082
 2034.000000 1.372319
 2035.000000 1.359452
 2036.000000 1.347704
 2037.000000 1.338384
 2038.000000 1.332607
 2039.000000 1.330899
 2040.000000 1.333287
 2041.000000 1.339320
 2042.000000 1.348131
 2043.000000 1.358476
 2044.000000 1.369309
 2045.000000 1.379621
 2046.000000 1.388721
 2047.000000 1.396329
 2048.000000 1.402348
 2049.000000 1.407097
 2050.000000 1.411051
 2051.000000 1.414768
 2052.000000 1.418796
 2053.000000 1.423430
 2054.000000 1.428932
 2055.000000 1.435254
 2056.000000 1.442176
 2057.000000 1.449258
 2058.000000 1.455889
 2059.000000 1.461463
 2060.000000 1.465433
 2061.000000 1.467363
 2062.000000 1.467133
 2063.000000 1.464925
 2064.000000 1.461206
 2065.000000 1.456774
 2066.000000 1.452506
 2067.000000 1.449244
 2068.000000 1.447765
 2069.000000 1.448541
 2070.000000 1.451654
 2071.000000 1.456732
 2072.000000 1.462925
 2073.000000 1.469265
 2074.000000 1.474832
 2075.000000 1.478946
 2076.000000 1.481142
 2077.000000 1.481318
 2078.000000 1.479698
 2079.000000 1.476746
 2080.000000 1.472979
 2081.000000 1.468843
 2082.000000 1.464529
 2083.000000 1.459973
 2084.000000 1.454862
 2085.000000 1.448691
 2086.000000 1.440853
 2087.000000 1.430781
 2088.000000 1.418196
 2089.000000 1.403261
 2090.000000 1.386494
 2091.000000 1.368514
 2092.000000 1.350855
 2093.000000 1.335120
 2094.000000 1.322854
 2095.000000 1.314954
 2096.000000 1.311829
 2097.000000 1.313290
 2098.000000 1.318473
 2099.000000 1.326092
 2100.000000 1.334696
 2101.000000 1.343159
 2102.000000 1.350831
 2103.000000 1.357489
 2104.000000 1.363585
 2105.000000 1.369833
 2106.000000 1.377056
 2107.000000 1.386167
 2108.000000 1.397648
 2109.000000 1.411575
 2110.000000 1.427437
 2111.000000 1.444529
 2112.000000 1.461778
 2113.000000 1.477749
 2114.000000 1.491128
 2115.000000 1.500706
 2116.000000 1.506092
 2117.000000 1.507368
 2118.000000 1.505200
 2119.000000 1.500616
 2120.000000 1.494815
 2121.000000 1.488768
 2122.000000 1.483011
 2123.000000 1.477721
 2124.000000 1.472497
 2125.000000 1.466555
 2126.000000 1.459057
 2127.000000 1.449162
 2128.000000 1.436359
 2129.000000 1.420649
 2130.000000 1.402328
 2131.000000 1.382535
 2132.000000 1.362927
 2133.000000 1.345111
 2134.000000 1.330505
 2135.000000 1.320280
 2136.000000 1.314787
 2137.000000 1.313774
 2138.000000 1.316416
 2139.000000 1.321363
 2140.000000 1.327149
 2141.000000 1.332579
 2142.000000 1.337021
 2143.000000 1.340522
 2144.000000 1.343870
 2145.000000 1.348314
 2146.000000 1.355178
 2147.000000 1.365578
 2148.000000 1.380053
 2149.000000 1.398137
 2150.000000 1.418811
 2151.000000 1.440331
 2152.000000 1.460764
 2153.000000 1.478027
 2154.000000 1.490889
 2155.000000 1.498634
 2156.000000 1.501389
 2157.000000 1.500294
 2158.000000 1.497093
 2159.000000 1.493726
 2160.000000 1.491814
 2161.000000 1.492292
 2162.000000 1.495215
 2163.000000 1.499757
 2164.000000 1.504329
 2165.000000 1.507021
 2166.000000 1.505996
 2167.000000 1.499954
 2168.000000 1.488509
 2169.000000 1.472286
 2170.000000 1.452788
 2171.000000 1.431597
 2172.000000 1.410955
 2173.000000 1.392304
 2174.000000 1.376766
 2175.000000 1.364550
 2176.000000 1.355123
 2177.000000 1.347425
 2178.000000 1.340323
 2179.000000 1.332957
 2180.000000 1.325238
 2181.000000 1.317744
 2182.000000 1.311581
 2183.000000 1.308176
 2184.000000 1.308784
 2185.000000 1.314203
 2186.000000 1.324446
 2187.000000 1.338897
 2188.000000 1.355970
 2189.000000 1.373718
 2190.000000 1.390128
 2191.000000 1.403823
 2192.000000 1.413394
 2193.000000 1.418515
 2194.000000 1.419672
 2195.000000 1.417927
 2196.000000 1.414679
 2197.000000 1.411336
 2198.000000 1.409126
 2199.000000 1.408774
 2200.000000 1.410461
 2201.000000 1.413824
 2202.000000 1.418150
 2203.000000 1.422446
 2204.000000 1.425725
 2205.000000 1.427111
 2206.000000 1.426131
 2207.000000 1.422908
 2208.000000 1.418131
 2209.000000 1.412978
 2210.000000 1.408919
 2211.000000 1.407383
 2212.000000 1.409289
 2213.000000 1.415024
 2214.000000 1.424266
 2215.000000 1.436111
 2216.000000 1.449151
 2217.000000 1.461686
 2218.000000 1.472475
 2219.000000 1.480689
 2220.000000 1.485986
 2221.000000 1.488460
 2222.000000 1.488627
 2223.000000 1.487263
 2224.000000 1.485150
 2225.000000 1.482922
 2226.000000 1.480916
 2227.000000 1.479090
 2228.000000 1.477005
 2229.000000 1.473950
 2230.000000 1.469085
 2231.000000 1.461598
 2232.000000 1.451107
 2233.000000 1.437516
 2234.000000 1.421374
 2235.000000 1.403659
 2236.000000 1.385733
 2237.000000 1.369018
 2238.000000 1.354758
 2239.000000 1.343746
 2240.000000 1.336326
 2241.000000 1.332603
 2242.000000 1.332170
 2243.000000 1.334424
 2244.000000 1.338671
 2245.000000 1.344339
 2246.000000 1.351000
 2247.000000 1.358536
 2248.000000 1.367143
 2249.000000 1.377323
 2250.000000 1.389422
 2251.000000 1.403713
 2252.000000 1.420230
 2253.000000 1.438408
 2254.000000 1.457496
 2255.000000 1.476177
 2256.000000 1.492988
 2257.000000 1.506613
 2258.000000 1.516028
 2259.000000 1.520806
 2260.000000 1.520989
 2261.000000 1.517145
 2262.000000 1.510179
 2263.000000 1.501199
 2264.000000 1.491344
 2265.000000 1.481601
 2266.000000 1.472438
 2267.000000 1.463959
 2268.000000 1.455789
 2269.000000 1.447119
 2270.000000 1.436939
 2271.000000 1.424602
 2272.000000 1.409954
 2273.000000 1.393617
 2274.000000 1.376616
 2275.000000 1.360300
 2276.000000 1.346127
 2277.000000 1.334955
 2278.000000 1.327348
 2279.000000 1.323243
 2280.000000 1.322139
 2281.000000 1.323138
 2282.000000 1.325184
 2283.000000 1.327462
 2284.000000 1.329592
 2285.000000 1.331733
 2286.000000 1.334525
 2287.000000 1.338810
 2288.000000 1.345281
 2289.000000 1.354155
 2290.000000 1.365242
 2291.000000 1.377447
 2292.000000 1.389279
 2293.000000 1.399318
 2294.000000 1.406362
 2295.000000 1.409833
 2296.000000 1.409886
 2297.000000 1.407295
 2298.000000 1.403155
 2299.000000 1.398696
 2300.000000 1.394877
 2301.000000 1.392283
 2302.000000 1.391011
 2303.000000 1.390805
 2304.000000 1.391068
 2305.000000 1.391019
 2306.000000 1.389893
 2307.000000 1.387136
 2308.000000 1.382635
 2309.000000 1.376665
 2310.000000 1.370029
 2311.000000 1.363697
 2312.000000 1.358662
 2313.000000 1.355731
 2314.000000 1.355248
 2315.000000 1.357150
 2316.000000 1.360993
 2317.000000 1.366061
 2318.000000 1.371389
 2319.000000 1.376188
 2320.000000 1.379871
 2321.000000 1.382161
 2322.000000 1.383184
 2323.000000 1.383404
 2324.000000 1.383496
 2325.000000 1.384157
 2326.000000 1.385926
 2327.000000 1.389018
 2328.000000 1.393248
 2329.000000 1.398028
 2330.000000 1.402409
 2331.000000 1.405318
 2332.000000 1.405686
 2333.000000 1.402792
 2334.000000 1.396431
 2335.000000 1.387002
 2336.000000 1.375538
 2337.000000 1.363340
 2338.000000 1.351952
 2339.000000 1.342717
 2340.000000 1.336319
 2341.000000 1.332913
 2342.000000 1.331926
 2343.000000 1.332376
 2344.000000 1.333183
 2345.000000 1.333514
 2346.000000 1.333119
 2347.000000 1.332431
 2348.000000 1.332431
 2349.000000 1.334315
 2350.000000 1.339108
 2351.000000 1.347377
 2352.000000 1.359082
 2353.000000 1.373550
 2354.000000 1.389801
 2355.000000 1.406422
 2356.000000 1.422089
 2357.000000 1.435527
 2358.000000 1.446026
 2359.000000 1.453307
 2360.000000 1.457469
 2361.000000 1.459039
 2362.000000 1.458719
 2363.000000 1.457226
 2364.000000 1.455126
 2365.000000 1.452676
 2366.000000 1.449808
 2367.000000 1.446100
 2368.000000 1.440959
 2369.000000 1.433821
 2370.000000 1.424346
 2371.000000 1.412580
 2372.000000 1.399025
 2373.000000 1.384541
 2374.000000 1.370323
 2375.000000 1.357564
 2376.000000 1.347281
 2377.000000 1.340419
 2378.000000 1.337633
 2379.000000 1.339065
 2380.000000 1.344348
 2381.000000 1.352731
 2382.000000 1.363211
 2383.000000 1.374723
 2384.000000 1.386587
 2385.000000 1.398416
 2386.000000 1.410388
 2387.000000 1.422727
 2388.000000 1.435958
 2389.000000 1.450516
 2390.000000 1.466251
 2391.000000 1.482794
 2392.000000 1.499358
 2393.000000 1.515459
 2394.000000 1.530094
 2395.000000 1.542252
 2396.000000 1.551218
 2397.000000 1.556543
 2398.000000 1.558271
 2399.000000 1.556734
 2400.000000 1.552521
 2401.000000 1.546415
 2402.000000 1.539231
 2403.000000 1.531544
 2404.000000 1.523665
 2405.000000 1.515571
 2406.000000 1.507162
 2407.000000 1.498076
 2408.000000 1.488048
 2409.000000 1.477184
 2410.000000 1.466099
 2411.000000 1.455765
 2412.000000 1.447385
 2413.000000 1.441828
 2414.000000 1.439596
 2415.000000 1.440532
 2416.000000 1.443916
 2417.000000 1.448625
 2418.000000 1.453319
 2419.000000 1.456765
 2420.000000 1.458085
 2421.000000 1.457015
 2422.000000 1.453922
 2423.000000 1.449717
 2424.000000 1.445611
 2425.000000 1.442865
 2426.000000 1.442504
 2427.000000 1.445107
 2428.000000 1.450728
 2429.000000 1.458832
 2430.000000 1.468539
 2431.000000 1.478541
 2432.000000 1.487738
 2433.000000 1.494970
 2434.000000 1.499559
 2435.000000 1.501312
 2436.000000 1.500679
 2437.000000 1.498644
 2438.000000 1.496480
 2439.000000 1.495463
 2440.000000 1.496504
 2441.000000 1.499872
 2442.000000 1.505130
 2443.000000 1.511299
 2444.000000 1.517002
 2445.000000 1.520817
 2446.000000 1.521647
 2447.000000 1.518927
 2448.000000 1.512876
 2449.000000 1.504282
 2450.000000 1.494257
 2451.000000 1.483951
 2452.000000 1.474367
 2453.000000 1.465908
 2454.000000 1.458706
 2455.000000 1.452460
 2456.000000 1.446560
 2457.000000 1.440284
 2458.000000 1.432967
 2459.000000 1.424017
 2460.000000 1.413082
 2461.000000 1.400309
 2462.000000 1.386218
 2463.000000 1.371589
 2464.000000 1.357316
 2465.000000 1.344608
 2466.000000 1.334548
 2467.000000 1.327856
 2468.000000 1.324732
 2469.000000 1.324998
 2470.000000 1.328096
 2471.000000 1.333115
 2472.000000 1.339083
 2473.000000 1.345238
 2474.000000 1.351187
 2475.000000 1.357197
 2476.000000 1.363995
 2477.000000 1.372629
 2478.000000 1.384197
 2479.000000 1.399338
 2480.000000 1.418012
 2481.000000 1.439873
 2482.000000 1.463497
 2483.000000 1.487043
 2484.000000 1.508885
 2485.000000 1.527458
 2486.000000 1.541894
 2487.000000 1.552581
 2488.000000 1.560702
 2489.000000 1.567956
 2490.000000 1.575835
 2491.000000 1.585314
 2492.000000 1.596380
 2493.000000 1.608301
 2494.000000 1.619775
 2495.000000 1.629359
 2496.000000 1.635949
 2497.000000 1.638912
 2498.000000 1.638255
 2499.000000 1.634409
 2500.000000 1.628221
 2501.000000 1.620635
 2502.000000 1.612458
 2503.000000 1.604133
 2504.000000 1.595578
 2505.000000 1.586274
 2506.000000 1.575546
 2507.000000 1.562639
 2508.000000 1.546826
 2509.000000 1.527925
 2510.000000 1.506051
 2511.000000 1.481962
 2512.000000 1.456507
 2513.000000 1.431005
 2514.000000 1.407230
 2515.000000 1.386639
 2516.000000 1.370440
 2517.000000 1.359482
 2518.000000 1.354442
 2519.000000 1.355078
 2520.000000 1.360740
 2521.000000 1.370380
 2522.000000 1.382688
 2523.000000 1.396357
 2524.000000 1.410420
 2525.000000 1.424173
 2526.000000 1.437333
 2527.000000 1.449887
 2528.000000 1.462103
 2529.000000 1.474548
 2530.000000 1.487519
 2531.000000 1.500771
 2532.000000 1.513929
 2533.000000 1.526184
 2534.000000 1.536337
 2535.000000 1.543355
 2536.000000 1.546257
 2537.000000 1.544415
 2538.000000 1.537680
 2539.000000 1.526540
 2540.000000 1.512089
 2541.000000 1.495847
 2542.000000 1.479288
 2543.000000 1.464222
 2544.000000 1.451630
 2545.000000 1.442155
 2546.000000 1.435914
 2547.000000 1.432563
 2548.000000 1.431460
 2549.000000 1.431872
 2550.000000 1.433192
 2551.000000 1.435024
 2552.000000 1.437322
 2553.000000 1.440370
 2554.000000 1.444776
 2555.000000 1.451312
 2556.000000 1.460560
 2557.000000 1.472393
 2558.000000 1.486177
 2559.000000 1.500397
 2560.000000 1.513382
 2561.000000 1.523684
 2562.000000 1.530185
 2563.000000 1.532349
 2564.000000 1.530163
 2565.000000 1.524408
 2566.000000 1.516187
 2567.000000 1.506684
 2568.000000 1.496534
 2569.000000 1.486162
 2570.000000 1.475609
 2571.000000 1.464426
 2572.000000 1.451958
 2573.000000 1.437465
 2574.000000 1.420473
 2575.000000 1.401083
 2576.000000 1.379637
 2577.000000 1.357401
 2578.000000 1.335963
 2579.000000 1.316874
 2580.000000 1.301518
 2581.000000 1.290908
 2582.000000 1.285583
 2583.000000 1.285254
 2584.000000 1.289014
 2585.000000 1.295628
 2586.000000 1.303745
 2587.000000 1.312186
 2588.000000 1.320306
 2589.000000 1.328033
 2590.000000 1.335462
 2591.000000 1.342833
 2592.000000 1.350257
 2593.000000 1.357666
 2594.000000 1.364595
 2595.000000 1.370427
 2596.000000 1.374467
 2597.000000 1.376263
 2598.000000 1.375759
 2599.000000 1.373339
 2600.000000 1.369778
 2601.000000 1.366066
 2602.000000 1.363198
 2603.000000 1.361988
 2604.000000 1.362929
 2605.000000 1.366022
 2606.000000 1.370802
 2607.000000 1.376362
 2608.000000 1.381716
 2609.000000 1.385818
 2610.000000 1.388060
 2611.000000 1.388276
 2612.000000 1.386836
 2613.000000 1.384606
 2614.000000 1.382636
 2615.000000 1.381975
 2616.000000 1.383351
 2617.000000 1.387004
 2618.000000 1.392768
 2619.000000 1.400047
 2620.000000 1.408064
 2621.000000 1.416001
 2622.000000 1.423120
 2623.000000 1.428781
 2624.000000 1.432711
 2625.000000 1.435131
 2626.000000 1.436635
 2627.000000 1.438057
 2628.000000 1.440225
 2629.000000 1.443726
 2630.000000 1.448802
 2631.000000 1.455367
 2632.000000 1.462982
 2633.000000 1.470829
 2634.000000 1.478151
 2635.000000 1.484350
 2636.000000 1.489089
 2637.000000 1.492457
 2638.000000 1.494991
 2639.000000 1.497423
 2640.000000 1.500333
 2641.000000 1.503939
 2642.000000 1.508220
 2643.000000 1.512684
 2644.000000 1.516513
 2645.000000 1.518716
 2646.000000 1.518311
 2647.000000 1.514455
 2648.000000 1.506676
 2649.000000 1.495018
 2650.000000 1.479888
 2651.000000 1.462211
 2652.000000 1.442925
 2653.000000 1.423049
 2654.000000 1.403375
 2655.000000 1.384309
 2656.000000 1.366146
 2657.000000 1.348966
 2658.000000 1.333057
 2659.000000 1.318689
 2660.000000 1.306493
 2661.000000 1.297282
 2662.000000 1.291772
 2663.000000 1.290431
 2664.000000 1.293514
 2665.000000 1.300982
 2666.000000 1.312374
 2667.000000 1.326901
 2668.000000 1.343543
 2669.000000 1.361008
 2670.000000 1.378217
 2671.000000 1.394065
 2672.000000 1.407838
 2673.000000 1.419062
 2674.000000 1.427718
 2675.000000 1.433934
 2676.000000 1.437934
 2677.000000 1.439931
 2678.000000 1.440048
 2679.000000 1.438178
 2680.000000 1.434115
 2681.000000 1.427613
 2682.000000 1.418712
 2683.000000 1.407572
 2684.000000 1.394467
 2685.000000 1.379813
 2686.000000 1.364440
 2687.000000 1.349340
 2688.000000 1.335446
 2689.000000 1.323525
 2690.000000 1.314555
 2691.000000 1.309234
 2692.000000 1.307812
 2693.000000 1.310126
 2694.000000 1.315777
 2695.000000 1.324086
 2696.000000 1.334413
 2697.000000 1.346182
 2698.000000 1.358700
 2699.000000 1.371722
 2700.000000 1.384931
 2701.000000 1.398058
 2702.000000 1.410816
 2703.000000 1.422897
 2704.000000 1.433802
 2705.000000 1.443152
 2706.000000 1.450206
 2707.000000 1.454306
 2708.000000 1.454932
 2709.000000 1.451854
 2710.000000 1.445141
 2711.000000 1.435137
 2712.000000 1.422279
 2713.000000 1.407322
 2714.000000 1.390656
 2715.000000 1.372724
 2716.000000 1.353720
 2717.000000 1.334324
 2718.000000 1.315160
 2719.000000 1.297144
 2720.000000 1.281591
 2721.000000 1.269795
 2722.000000 1.262738
 2723.000000 1.261471
 2724.000000 1.266350
 2725.000000 1.277169
 2726.000000 1.293124
 2727.000000 1.313045
 2728.000000 1.335028
 2729.000000 1.357767
 2730.000000 1.379666
 2731.000000 1.399565
 2732.000000 1.416619
 2733.000000 1.430208
 2734.000000 1.440217
 2735.000000 1.446710
 2736.000000 1.449799
 2737.000000 1.449622
 2738.000000 1.446375
 2739.000000 1.440345
 2740.000000 1.431824
 2741.000000 1.421300
 2742.000000 1.409286
 2743.000000 1.396119
 2744.000000 1.382464
 2745.000000 1.368682
 2746.000000 1.354886
 2747.000000 1.341429
 2748.000000 1.328522
 2749.000000 1.316418
 2750.000000 1.305318
 2751.000000 1.295468
 2752.000000 1.287120
 2753.000000 1.280935
 2754.000000 1.277592
 2755.000000 1.277794
 2756.000000 1.281918
 2757.000000 1.289956
