#! FIELDS time d
 0.000000 1.200279
 1.000000 1.200730
 2.000000 1.208100
 3.000000 1.221287
 4.000000 1.238595
 5.000000 1.258048
 6.000000 1.277225
 7.000000 1.294127
 8.000000 1.307103
 9.000000 1.315377
 10.000000 1.318661
 11.000000 1.317093
 12.000000 1.311036
 13.000000 1.301051
 14.000000 1.287776
 15.000000 1.272159
 16.000000 1.255412
 17.000000 1.238939
 18.000000 1.224456
 19.000000 1.213273
 20.000000 1.206735
 21.000000 1.205361
 22.000000 1.208753
 23.000000 1.215808
 24.000000 1.224985
 25.000000 1.234652
 26.000000 1.243331
 27.000000 1.250202
 28.000000 1.255048
 29.000000 1.258262
 30.000000 1.260369
 31.000000 1.261930
 32.000000 1.263224
 33.000000 1.264233
 34.000000 1.264828
 35.000000 1.264853
 36.000000 1.264290
 37.000000 1.263279
 38.000000 1.262012
 39.000000 1.260622
 40.000000 1.259018
 41.000000 1.256839
 42.000000 1.253669
 43.000000 1.249203
 44.000000 1.243528
 45.000000 1.237226
 46.000000 1.231438
 47.000000 1.227426
 48.000000 1.226230
 49.000000 1.228393
 50.000000 1.233835
 51.000000 1.241901
 52.000000 1.251460
 53.000000 1.261233
 54.000000 1.270124
 55.000000 1.277408
 56.000000 1.282460
 57.000000 1.284927
 58.000000 1.284177
 59.000000 1.279647
 60.000000 1.271146
 61.000000 1.259043
 62.000000 1.244755
 63.000000 1.230256
 64.000000 1.217470
 65.000000 1.207939
 66.000000 1.203029
 67.000000 1.203503
 68.000000 1.209402
 69.000000 1.220029
 70.000000 1.234295
 71.000000 1.250837
 72.000000 1.268061
 73.000000 1.284185
 74.000000 1.297585
 75.000000 1.306832
 76.000000 1.310914
 77.000000 1.309315
 78.000000 1.302269
 79.000000 1.290667
 80.000000 1.275692
 81.000000 1.259065
 82.000000 1.242387
 83.000000 1.227349
 84.000000 1.215323
 85.000000 1.207177
 86.000000 1.203510
 87.000000 1.204291
 88.000000 1.209109
 89.000000 1.217134
 90.000000 1.227139
 91.000000 1.237863
 92.000000 1.248192
 93.000000 1.256906
 94.000000 1.263321
 95.000000 1.267194
 96.000000 1.268724
 97.000000 1.268447
 98.000000 1.266985
 99.000000 1.264938
 100.000000 1.262835
 101.000000 1.261080
 102.000000 1.259941
 103.000000 1.259516
 104.000000 1.259828
 105.000000 1.260871
 106.000000 1.262650
 107.000000 1.265132
 108.000000 1.268126
 109.000000 1.271099
 110.000000 1.273253
 111.000000 1.273711
 112.000000 1.271732
 113.000000 1.266954
 114.000000 1.259605
 115.000000 1.250471
 116.000000 1.240690
 117.000000 1.231453
 118.000000 1.223880
 119.000000 1.218858
 120.000000 1.216955
 121.000000 1.218403
 122.000000 1.223083
 123.000000 1.230589
 124.000000 1.240229
 125.000000 1.251118
 126.000000 1.262028
 127.000000 1.271651
 128.000000 1.278658
 129.000000 1.281870
 130.000000 1.280688
 131.000000 1.275288
 132.000000 1.266571
 133.000000 1.255656
 134.000000 1.244088
 135.000000 1.233400
 136.000000 1.224766
 137.000000 1.219061
 138.000000 1.216921
 139.000000 1.218738
 140.000000 1.224470
 141.000000 1.233459
 142.000000 1.244726
 143.000000 1.256833
 144.000000 1.268366
 145.000000 1.278039
 146.000000 1.284811
 147.000000 1.288311
 148.000000 1.288601
 149.000000 1.286117
 150.000000 1.281477
 151.000000 1.275300
 152.000000 1.268214
 153.000000 1.260738
 154.000000 1.253421
 155.000000 1.246661
 156.000000 1.240810
 157.000000 1.236200
 158.000000 1.233106
 159.000000 1.231744
 160.000000 1.232074
 161.000000 1.233839
 162.000000 1.236588
 163.000000 1.239915
 164.000000 1.243453
 165.000000 1.246988
 166.000000 1.250423
 167.000000 1.253729
 168.000000 1.256908
 169.000000 1.259922
 170.000000 1.262674
 171.000000 1.265087
 172.000000 1.267169
 173.000000 1.268978
 174.000000 1.270608
 175.000000 1.272085
 176.000000 1.273295
 177.000000 1.273924
 178.000000 1.273503
 179.000000 1.271567
 180.000000 1.267883
 181.000000 1.262546
 182.000000 1.256202
 183.000000 1.249881
 184.000000 1.244598
 185.000000 1.241168
 186.000000 1.240128
 187.000000 1.241742
 188.000000 1.245933
 189.000000 1.252321
 190.000000 1.260247
 191.000000 1.269115
 192.000000 1.278199
 193.000000 1.286672
 194.000000 1.293771
 195.000000 1.298754
 196.000000 1.301068
 197.000000 1.300377
 198.000000 1.296618
 199.000000 1.290019
 200.000000 1.281062
 201.000000 1.270602
 202.000000 1.259712
 203.000000 1.249376
 204.000000 1.240816
 205.000000 1.234775
 206.000000 1.232003
 207.000000 1.232827
 208.000000 1.237098
 209.000000 1.244188
 210.000000 1.253235
 211.000000 1.263061
 212.000000 1.272542
 213.000000 1.280524
 214.000000 1.285879
 215.000000 1.288074
 216.000000 1.286969
 217.000000 1.282834
 218.000000 1.276331
 219.000000 1.268431
 220.000000 1.260447
 221.000000 1.253534
 222.000000 1.248826
 223.000000 1.247136
 224.000000 1.248974
 225.000000 1.254410
 226.000000 1.262972
 227.000000 1.273706
 228.000000 1.285392
 229.000000 1.296355
 230.000000 1.305209
 231.000000 1.310632
 232.000000 1.311825
 233.000000 1.308765
 234.000000 1.302061
 235.000000 1.292926
 236.000000 1.283046
 237.000000 1.273589
 238.000000 1.265509
 239.000000 1.259457
 240.000000 1.255727
 241.000000 1.254394
 242.000000 1.255337
 243.000000 1.258262
 244.000000 1.262700
 245.000000 1.268005
 246.000000 1.273384
 247.000000 1.277995
 248.000000 1.281141
 249.000000 1.282430
 250.000000 1.281786
 251.000000 1.279472
 252.000000 1.276002
 253.000000 1.271973
 254.000000 1.267963
 255.000000 1.264442
 256.000000 1.261696
 257.000000 1.259754
 258.000000 1.258461
 259.000000 1.257609
 260.000000 1.256961
 261.000000 1.256360
 262.000000 1.255759
 263.000000 1.255213
 264.000000 1.254835
 265.000000 1.254718
 266.000000 1.254886
 267.000000 1.255291
 268.000000 1.255833
 269.000000 1.256425
 270.000000 1.257020
 271.000000 1.257647
 272.000000 1.258428
 273.000000 1.259564
 274.000000 1.261262
 275.000000 1.263697
 276.000000 1.266930
 277.000000 1.270792
 278.000000 1.274877
 279.000000 1.278571
 280.000000 1.281185
 281.000000 1.281997
 282.000000 1.280466
 283.000000 1.276377
 284.000000 1.269961
 285.000000 1.261911
 286.000000 1.253047
 287.000000 1.244268
 288.000000 1.236458
 289.000000 1.230258
 290.000000 1.226193
 291.000000 1.224589
 292.000000 1.225627
 293.000000 1.229274
 294.000000 1.235206
 295.000000 1.242844
 296.000000 1.251343
 297.000000 1.259727
 298.000000 1.267113
 299.000000 1.272563
 300.000000 1.275608
 301.000000 1.276050
 302.000000 1.274076
 303.000000 1.269992
 304.000000 1.264063
 305.000000 1.256620
 306.000000 1.248127
 307.000000 1.239302
 308.000000 1.231102
 309.000000 1.224469
 310.000000 1.220028
 311.000000 1.218089
 312.000000 1.218726
 313.000000 1.221671
 314.000000 1.226421
 315.000000 1.232303
 316.000000 1.238527
 317.000000 1.244545
 318.000000 1.249971
 319.000000 1.254618
 320.000000 1.258571
 321.000000 1.261932
 322.000000 1.264862
 323.000000 1.267479
 324.000000 1.269959
 325.000000 1.272333
 326.000000 1.274352
 327.000000 1.275623
 328.000000 1.275719
 329.000000 1.274263
 330.000000 1.270984
 331.000000 1.265820
 332.000000 1.258909
 333.000000 1.250516
 334.000000 1.241259
 335.000000 1.231889
 336.000000 1.223520
 337.000000 1.217267
 338.000000 1.214112
 339.000000 1.214690
 340.000000 1.219153
 341.000000 1.227213
 342.000000 1.237961
 343.000000 1.250310
 344.000000 1.263089
 345.000000 1.275149
 346.000000 1.285506
 347.000000 1.293201
 348.000000 1.297658
 349.000000 1.298491
 350.000000 1.295547
 351.000000 1.288965
 352.000000 1.279139
 353.000000 1.266713
 354.000000 1.252690
 355.000000 1.238387
 356.000000 1.224983
 357.000000 1.213710
 358.000000 1.205662
 359.000000 1.201536
 360.000000 1.201666
 361.000000 1.205949
 362.000000 1.213883
 363.000000 1.224551
 364.000000 1.236876
 365.000000 1.249725
 366.000000 1.261819
 367.000000 1.272327
 368.000000 1.280593
 369.000000 1.286289
 370.000000 1.289390
 371.000000 1.290022
 372.000000 1.288492
 373.000000 1.285149
 374.000000 1.280337
 375.000000 1.274465
 376.000000 1.268057
 377.000000 1.261417
 378.000000 1.254789
 379.000000 1.248445
 380.000000 1.242706
 381.000000 1.237862
 382.000000 1.234021
 383.000000 1.231236
 384.000000 1.229530
 385.000000 1.228887
 386.000000 1.229298
 387.000000 1.230751
 388.000000 1.233228
 389.000000 1.236731
 390.000000 1.241175
 391.000000 1.246448
 392.000000 1.252320
 393.000000 1.258415
 394.000000 1.264244
 395.000000 1.269244
 396.000000 1.272832
 397.000000 1.274434
 398.000000 1.273704
 399.000000 1.270523
 400.000000 1.264965
 401.000000 1.257428
 402.000000 1.248509
 403.000000 1.239222
 404.000000 1.230474
 405.000000 1.223185
 406.000000 1.218100
 407.000000 1.215788
 408.000000 1.216361
 409.000000 1.219505
 410.000000 1.224646
 411.000000 1.231102
 412.000000 1.238298
 413.000000 1.245915
 414.000000 1.253626
 415.000000 1.261188
 416.000000 1.268464
 417.000000 1.275042
 418.000000 1.280550
 419.000000 1.284375
 420.000000 1.286074
 421.000000 1.285356
 422.000000 1.282178
 423.000000 1.276767
 424.000000 1.269659
 425.000000 1.261594
 426.000000 1.253617
 427.000000 1.246435
 428.000000 1.240901
 429.000000 1.237643
 430.000000 1.237058
 431.000000 1.239179
 432.000000 1.243720
 433.000000 1.250111
 434.000000 1.257607
 435.000000 1.265298
 436.000000 1.272487
 437.000000 1.278449
 438.000000 1.282706
 439.000000 1.284935
 440.000000 1.285078
 441.000000 1.283173
 442.000000 1.279427
 443.000000 1.274120
 444.000000 1.267693
 445.000000 1.260768
 446.000000 1.253966
 447.000000 1.247959
 448.000000 1.243365
 449.000000 1.240548
 450.000000 1.239634
 451.000000 1.240451
 452.000000 1.242597
 453.000000 1.245516
 454.000000 1.248559
 455.000000 1.251083
 456.000000 1.252603
 457.000000 1.252857
 458.000000 1.251893
 459.000000 1.250019
 460.000000 1.247770
 461.000000 1.245743
 462.000000 1.244410
 463.000000 1.244119
 464.000000 1.245077
 465.000000 1.247357
 466.000000 1.250901
 467.000000 1.255505
 468.000000 1.260819
 469.000000 1.266418
 470.000000 1.271704
 471.000000 1.276069
 472.000000 1.278933
 473.000000 1.279897
 474.000000 1.278865
 475.000000 1.276039
 476.000000 1.271880
 477.000000 1.267047
 478.000000 1.262169
 479.000000 1.257685
 480.000000 1.253900
 481.000000 1.250995
 482.000000 1.249042
 483.000000 1.248056
 484.000000 1.247976
 485.000000 1.248630
 486.000000 1.249756
 487.000000 1.251038
 488.000000 1.252148
 489.000000 1.252847
 490.000000 1.253027
 491.000000 1.252748
 492.000000 1.252196
 493.000000 1.251637
 494.000000 1.251357
 495.000000 1.251583
 496.000000 1.252464
 497.000000 1.254044
 498.000000 1.256259
 499.000000 1.258954
 500.000000 1.261883
 501.000000 1.264711
 502.000000 1.266994
 503.000000 1.268332
 504.000000 1.268269
 505.000000 1.266373
 506.000000 1.262339
 507.000000 1.256154
 508.000000 1.248161
 509.000000 1.239238
 510.000000 1.230570
 511.000000 1.223369
 512.000000 1.218927
 513.000000 1.218092
 514.000000 1.221240
 515.000000 1.228149
 516.000000 1.238218
 517.000000 1.250431
 518.000000 1.263476
 519.000000 1.276188
 520.000000 1.287657
 521.000000 1.297251
 522.000000 1.304483
 523.000000 1.308929
 524.000000 1.310363
 525.000000 1.308588
 526.000000 1.303524
 527.000000 1.295327
 528.000000 1.284493
 529.000000 1.271666
 530.000000 1.257474
 531.000000 1.243285
 532.000000 1.230322
 533.000000 1.219580
 534.000000 1.212260
 535.000000 1.209164
 536.000000 1.210401
 537.000000 1.215443
 538.000000 1.223157
 539.000000 1.232233
 540.000000 1.241283
 541.000000 1.248933
 542.000000 1.254321
 543.000000 1.257076
 544.000000 1.257075
 545.000000 1.254530
 546.000000 1.249856
 547.000000 1.243590
 548.000000 1.236395
 549.000000 1.229060
 550.000000 1.222465
 551.000000 1.217451
 552.000000 1.214627
 553.000000 1.214394
 554.000000 1.216839
 555.000000 1.221780
 556.000000 1.228655
 557.000000 1.236725
 558.000000 1.245172
 559.000000 1.253221
 560.000000 1.260244
 561.000000 1.265824
 562.000000 1.269772
 563.000000 1.272079
 564.000000 1.272817
 565.000000 1.272190
 566.000000 1.270497
 567.000000 1.268068
 568.000000 1.265203
 569.000000 1.262105
 570.000000 1.258946
 571.000000 1.255831
 572.000000 1.252829
 573.000000 1.250036
 574.000000 1.247477
 575.000000 1.245180
 576.000000 1.243113
 577.000000 1.241274
 578.000000 1.239699
 579.000000 1.238524
 580.000000 1.237989
 581.000000 1.238342
 582.000000 1.239770
 583.000000 1.242340
 584.000000 1.245970
 585.000000 1.250395
 586.000000 1.255167
 587.000000 1.259893
 588.000000 1.264081
 589.000000 1.267354
 590.000000 1.269408
 591.000000 1.269951
 592.000000 1.268796
 593.000000 1.265839
 594.000000 1.261059
 595.000000 1.254576
 596.000000 1.246746
 597.000000 1.238239
 598.000000 1.230055
 599.000000 1.223130
 600.000000 1.218380
 601.000000 1.216503
 602.000000 1.217769
 603.000000 1.222024
 604.000000 1.228671
 605.000000 1.236942
 606.000000 1.246172
 607.000000 1.255693
 608.000000 1.264956
 609.000000 1.273581
 610.000000 1.281169
 611.000000 1.287234
 612.000000 1.291336
 613.000000 1.293058
 614.000000 1.292068
 615.000000 1.288233
 616.000000 1.281642
 617.000000 1.272772
 618.000000 1.262414
 619.000000 1.251622
 620.000000 1.241504
 621.000000 1.233117
 622.000000 1.227257
 623.000000 1.224382
 624.000000 1.224587
 625.000000 1.227834
 626.000000 1.233671
 627.000000 1.241248
 628.000000 1.249595
 629.000000 1.257629
 630.000000 1.264623
 631.000000 1.269875
 632.000000 1.273057
 633.000000 1.274095
 634.000000 1.273170
 635.000000 1.270513
 636.000000 1.266307
 637.000000 1.260697
 638.000000 1.253813
 639.000000 1.245987
 640.000000 1.237811
 641.000000 1.230308
 642.000000 1.224409
 643.000000 1.220754
 644.000000 1.219220
 645.000000 1.219148
 646.000000 1.220026
 647.000000 1.221724
 648.000000 1.224363
 649.000000 1.227998
 650.000000 1.232469
 651.000000 1.237547
 652.000000 1.243081
 653.000000 1.248918
 654.000000 1.254669
 655.000000 1.259661
 656.000000 1.263168
 657.000000 1.264821
 658.000000 1.264818
 659.000000 1.263679
 660.000000 1.261916
 661.000000 1.259844
 662.000000 1.257668
 663.000000 1.255503
 664.000000 1.253452
 665.000000 1.251364
 666.000000 1.248970
 667.000000 1.246009
 668.000000 1.242626
 669.000000 1.239423
 670.000000 1.237286
 671.000000 1.236968
 672.000000 1.238789
 673.000000 1.242562
 674.000000 1.247775
 675.000000 1.253945
 676.000000 1.260528
 677.000000 1.266925
 678.000000 1.272518
 679.000000 1.276632
 680.000000 1.278650
 681.000000 1.278223
 682.000000 1.275218
 683.000000 1.269700
 684.000000 1.261984
 685.000000 1.252778
 686.000000 1.243019
 687.000000 1.233576
 688.000000 1.225461
 689.000000 1.219418
 690.000000 1.216020
 691.000000 1.215594
 692.000000 1.218314
 693.000000 1.224199
 694.000000 1.232925
 695.000000 1.243954
 696.000000 1.256288
 697.000000 1.268818
 698.000000 1.280452
 699.000000 1.290283
 700.000000 1.297703
 701.000000 1.302350
 702.000000 1.303860
 703.000000 1.302027
 704.000000 1.296931
 705.000000 1.289125
 706.000000 1.279507
 707.000000 1.269427
 708.000000 1.260344
 709.000000 1.253228
 710.000000 1.248720
 711.000000 1.247114
 712.000000 1.248230
 713.000000 1.251417
 714.000000 1.255719
 715.000000 1.260072
 716.000000 1.263584
 717.000000 1.265790
 718.000000 1.266550
 719.000000 1.265992
 720.000000 1.264449
 721.000000 1.262307
 722.000000 1.259976
 723.000000 1.257889
 724.000000 1.256485
 725.000000 1.256121
 726.000000 1.256984
 727.000000 1.259000
 728.000000 1.261871
 729.000000 1.265157
 730.000000 1.268372
 731.000000 1.271076
 732.000000 1.272880
 733.000000 1.273445
 734.000000 1.272485
 735.000000 1.269846
 736.000000 1.265576
 737.000000 1.259937
 738.000000 1.253383
 739.000000 1.246374
 740.000000 1.239399
 741.000000 1.232878
 742.000000 1.227294
 743.000000 1.223117
 744.000000 1.220707
 745.000000 1.220323
 746.000000 1.222024
 747.000000 1.225630
 748.000000 1.230698
 749.000000 1.236592
 750.000000 1.242719
 751.000000 1.248378
 752.000000 1.253030
 753.000000 1.256357
 754.000000 1.258291
 755.000000 1.259037
 756.000000 1.258933
 757.000000 1.258375
 758.000000 1.257719
 759.000000 1.257270
 760.000000 1.257233
 761.000000 1.257720
 762.000000 1.258733
 763.000000 1.260142
 764.000000 1.261707
 765.000000 1.263125
 766.000000 1.264091
 767.000000 1.264366
 768.000000 1.263822
 769.000000 1.262433
 770.000000 1.260261
 771.000000 1.257464
 772.000000 1.254320
 773.000000 1.251068
 774.000000 1.247883
 775.000000 1.244908
 776.000000 1.242308
 777.000000 1.240225
 778.000000 1.238880
 779.000000 1.238519
 780.000000 1.239358
 781.000000 1.241456
 782.000000 1.244615
 783.000000 1.248327
 784.000000 1.251890
 785.000000 1.254616
 786.000000 1.255901
 787.000000 1.255418
 788.000000 1.253245
 789.000000 1.249810
 790.000000 1.245768
 791.000000 1.241900
 792.000000 1.239002
 793.000000 1.237649
 794.000000 1.238072
 795.000000 1.240165
 796.000000 1.243492
 797.000000 1.247532
 798.000000 1.251570
 799.000000 1.254899
 800.000000 1.256868
 801.000000 1.257046
 802.000000 1.255121
 803.000000 1.250965
 804.000000 1.244715
 805.000000 1.236838
 806.000000 1.228078
 807.000000 1.219558
 808.000000 1.212617
 809.000000 1.208512
 810.000000 1.208100
 811.000000 1.211794
 812.000000 1.219529
 813.000000 1.230693
 814.000000 1.244277
 815.000000 1.259290
 816.000000 1.274378
 817.000000 1.288274
 818.000000 1.299857
 819.000000 1.308094
 820.000000 1.312383
 821.000000 1.312201
 822.000000 1.307394
 823.000000 1.298170
 824.000000 1.285384
 825.000000 1.270462
 826.000000 1.254862
 827.000000 1.240412
 828.000000 1.228154
 829.000000 1.218737
 830.000000 1.212526
 831.000000 1.209942
 832.000000 1.211393
 833.000000 1.216963
 834.000000 1.226194
 835.000000 1.238217
 836.000000 1.251765
 837.000000 1.265312
 838.000000 1.277164
 839.000000 1.286199
 840.000000 1.291664
 841.000000 1.293059
 842.000000 1.290309
 843.000000 1.283787
 844.000000 1.274189
 845.000000 1.262650
 846.000000 1.250593
 847.000000 1.239637
 848.000000 1.231168
 849.000000 1.226436
 850.000000 1.226062
 851.000000 1.230183
 852.000000 1.238323
 853.000000 1.249245
 854.000000 1.261215
 855.000000 1.272383
 856.000000 1.281245
 857.000000 1.286854
 858.000000 1.289018
 859.000000 1.288261
 860.000000 1.285528
 861.000000 1.281888
 862.000000 1.278171
 863.000000 1.275051
 864.000000 1.272940
 865.000000 1.272111
 866.000000 1.272700
 867.000000 1.274654
 868.000000 1.277692
 869.000000 1.281249
 870.000000 1.284490
 871.000000 1.286374
 872.000000 1.286028
 873.000000 1.282984
 874.000000 1.277304
 875.000000 1.269402
 876.000000 1.259986
 877.000000 1.249673
 878.000000 1.239544
 879.000000 1.230887
 880.000000 1.225027
 881.000000 1.222962
 882.000000 1.225028
 883.000000 1.230979
 884.000000 1.240002
 885.000000 1.251052
 886.000000 1.262801
 887.000000 1.273648
 888.000000 1.282169
 889.000000 1.287336
 890.000000 1.288579
 891.000000 1.286018
 892.000000 1.280369
 893.000000 1.272673
 894.000000 1.264024
 895.000000 1.255514
 896.000000 1.248213
 897.000000 1.242993
 898.000000 1.240375
 899.000000 1.240526
 900.000000 1.243240
 901.000000 1.248041
 902.000000 1.254170
 903.000000 1.260702
 904.000000 1.266610
 905.000000 1.270913
 906.000000 1.272721
 907.000000 1.271727
 908.000000 1.268190
 909.000000 1.262885
 910.000000 1.256912
 911.000000 1.251374
 912.000000 1.247149
 913.000000 1.244938
 914.000000 1.245102
 915.000000 1.247629
 916.000000 1.252130
 917.000000 1.258008
 918.000000 1.264421
 919.000000 1.270450
 920.000000 1.275156
 921.000000 1.277618
 922.000000 1.277074
 923.000000 1.273057
 924.000000 1.265581
 925.000000 1.255210
 926.000000 1.243062
 927.000000 1.230757
 928.000000 1.219873
 929.000000 1.212038
 930.000000 1.208425
 931.000000 1.209505
 932.000000 1.215093
 933.000000 1.224507
 934.000000 1.236738
 935.000000 1.250700
 936.000000 1.264914
 937.000000 1.278131
 938.000000 1.289043
 939.000000 1.296350
 940.000000 1.298871
 941.000000 1.295986
 942.000000 1.287773
 943.000000 1.274928
 944.000000 1.258932
 945.000000 1.241459
 946.000000 1.224326
 947.000000 1.209638
 948.000000 1.199428
 949.000000 1.195328
 950.000000 1.198098
 951.000000 1.207628
 952.000000 1.222947
 953.000000 1.242117
 954.000000 1.263241
 955.000000 1.284213
 956.000000 1.302583
 957.000000 1.316267
 958.000000 1.323737
 959.000000 1.324465
 960.000000 1.318780
 961.000000 1.307666
 962.000000 1.292478
 963.000000 1.274487
 964.000000 1.255194
 965.000000 1.236475
 966.000000 1.219740
 967.000000 1.206607
 968.000000 1.198155
 969.000000 1.195102
 970.000000 1.197543
 971.000000 1.205083
 972.000000 1.216812
 973.000000 1.231364
 974.000000 1.247001
 975.000000 1.262055
 976.000000 1.275023
 977.000000 1.284642
 978.000000 1.290396
 979.000000 1.292254
 980.000000 1.290504
 981.000000 1.285571
 982.000000 1.277989
 983.000000 1.268379
 984.000000 1.257504
 985.000000 1.246569
 986.000000 1.236698
 987.000000 1.229009
 988.000000 1.224303
 989.000000 1.222950
 990.000000 1.224815
 991.000000 1.229258
 992.000000 1.235172
 993.000000 1.241162
 994.000000 1.246168
 995.000000 1.249486
 996.000000 1.251099
 997.000000 1.251531
 998.000000 1.251498
 999.000000 1.251610
 1000.000000 1.252207
 1001.000000 1.253336
 1002.000000 1.254850
 1003.000000 1.256455
 1004.000000 1.257701
 1005.000000 1.258147
 1006.000000 1.257470
 1007.000000 1.255646
 1008.000000 1.252976
 1009.000000 1.249971
 1010.000000 1.247147
 1011.000000 1.244808
 1012.000000 1.243081
 1013.000000 1.242002
 1014.000000 1.241671
 1015.000000 1.242187
 1016.000000 1.243559
 1017.000000 1.245704
 1018.000000 1.248503
 1019.000000 1.251885
 1020.000000 1.255899
 1021.000000 1.260720
 1022.000000 1.266463
 1023.000000 1.272938
 1024.000000 1.279639
 1025.000000 1.285746
 1026.000000 1.290289
 1027.000000 1.292465
 1028.000000 1.291669
 1029.000000 1.287599
 1030.000000 1.280347
 1031.000000 1.270384
 1032.000000 1.258797
 1033.000000 1.246853
 1034.000000 1.236075
 1035.000000 1.227730
 1036.000000 1.222576
 1037.000000 1.221059
 1038.000000 1.223301
 1039.000000 1.229193
 1040.000000 1.238466
 1041.000000 1.250381
 1042.000000 1.263788
 1043.000000 1.277111
 1044.000000 1.288835
 1045.000000 1.297639
 1046.000000 1.302875
 1047.000000 1.304441
 1048.000000 1.302767
 1049.000000 1.298720
 1050.000000 1.293418
 1051.000000 1.287914
 1052.000000 1.283145
 1053.000000 1.279557
 1054.000000 1.277249
 1055.000000 1.275896
 1056.000000 1.275002
 1057.000000 1.274098
 1058.000000 1.272840
 1059.000000 1.271055
 1060.000000 1.268627
 1061.000000 1.265447
 1062.000000 1.261498
 1063.000000 1.256960
 1064.000000 1.252271
 1065.000000 1.248022
 1066.000000 1.244539
 1067.000000 1.241891
 1068.000000 1.239949
 1069.000000 1.238552
 1070.000000 1.237739
 1071.000000 1.237810
 1072.000000 1.239258
 1073.000000 1.242561
 1074.000000 1.248006
 1075.000000 1.255540
 1076.000000 1.264555
 1077.000000 1.274013
 1078.000000 1.282648
 1079.000000 1.288951
 1080.000000 1.291645
 1081.000000 1.289810
 1082.000000 1.283343
 1083.000000 1.272943
 1084.000000 1.260086
 1085.000000 1.246691
 1086.000000 1.234703
 1087.000000 1.225875
 1088.000000 1.221426
 1089.000000 1.221793
 1090.000000 1.226698
 1091.000000 1.235194
 1092.000000 1.245847
 1093.000000 1.257059
 1094.000000 1.267198
 1095.000000 1.275039
 1096.000000 1.279762
 1097.000000 1.281342
 1098.000000 1.280262
 1099.000000 1.277257
 1100.000000 1.273168
 1101.000000 1.268774
 1102.000000 1.264624
 1103.000000 1.260901
 1104.000000 1.257538
 1105.000000 1.254274
 1106.000000 1.250873
 1107.000000 1.247452
 1108.000000 1.244625
 1109.000000 1.243352
 1110.000000 1.244568
 1111.000000 1.248749
 1112.000000 1.255789
 1113.000000 1.264859
 1114.000000 1.274677
 1115.000000 1.283879
 1116.000000 1.291327
 1117.000000 1.296336
 1118.000000 1.298702
 1119.000000 1.298776
 1120.000000 1.297243
 1121.000000 1.294962
 1122.000000 1.292753
 1123.000000 1.291263
 1124.000000 1.290976
 1125.000000 1.292113
 1126.000000 1.294555
 1127.000000 1.297725
 1128.000000 1.300571
 1129.000000 1.301753
 1130.000000 1.300090
 1131.000000 1.295058
 1132.000000 1.287111
 1133.000000 1.277710
 1134.000000 1.268803
 1135.000000 1.262539
 1136.000000 1.260484
 1137.000000 1.263377
 1138.000000 1.271189
 1139.000000 1.283008
 1140.000000 1.297498
 1141.000000 1.313133
 1142.000000 1.328758
 1143.000000 1.343361
 1144.000000 1.356389
 1145.000000 1.367451
 1146.000000 1.376031
 1147.000000 1.381653
 1148.000000 1.383816
 1149.000000 1.382047
 1150.000000 1.376080
 1151.000000 1.365809
 1152.000000 1.351441
 1153.000000 1.333484
 1154.000000 1.312729
 1155.000000 1.290464
 1156.000000 1.268404
 1157.000000 1.248853
 1158.000000 1.233533
 1159.000000 1.224328
 1160.000000 1.222382
 1161.000000 1.227797
 1162.000000 1.239487
 1163.000000 1.255455
 1164.000000 1.272775
 1165.000000 1.288494
 1166.000000 1.300419
 1167.000000 1.307557
 1168.000000 1.310204
 1169.000000 1.309575
 1170.000000 1.307111
 1171.000000 1.303968
 1172.000000 1.300681
 1173.000000 1.297313
 1174.000000 1.293599
 1175.000000 1.289163
 1176.000000 1.283680
 1177.000000 1.277321
 1178.000000 1.270576
 1179.000000 1.264234
 1180.000000 1.258990
 1181.000000 1.255376
 1182.000000 1.253540
 1183.000000 1.253270
 1184.000000 1.254170
 1185.000000 1.255889
 1186.000000 1.258270
 1187.000000 1.261334
 1188.000000 1.265118
 1189.000000 1.269685
 1190.000000 1.275031
 1191.000000 1.281098
 1192.000000 1.287894
 1193.000000 1.295404
 1194.000000 1.303703
 1195.000000 1.312799
 1196.000000 1.322458
 1197.000000 1.332269
 1198.000000 1.341581
 1199.000000 1.349405
 1200.000000 1.354657
 1201.000000 1.356150
 1202.000000 1.352887
 1203.000000 1.344457
 1204.000000 1.331282
 1205.000000 1.314649
 1206.000000 1.296639
 1207.000000 1.279420
 1208.000000 1.265302
 1209.000000 1.256201
 1210.000000 1.253203
 1211.000000 1.256226
 1212.000000 1.264020
 1213.000000 1.274535
 1214.000000 1.285239
 1215.000000 1.293975
 1216.000000 1.299448
 1217.000000 1.301449
 1218.000000 1.300717
 1219.000000 1.298635
 1220.000000 1.296746
 1221.000000 1.296212
 1222.000000 1.297510
 1223.000000 1.300354
 1224.000000 1.303874
 1225.000000 1.306868
 1226.000000 1.308153
 1227.000000 1.306933
 1228.000000 1.303017
 1229.000000 1.296881
 1230.000000 1.289662
 1231.000000 1.282721
 1232.000000 1.277262
 1233.000000 1.274092
 1234.000000 1.273344
 1235.000000 1.274456
 1236.000000 1.276516
 1237.000000 1.278566
 1238.000000 1.279937
 1239.000000 1.280337
 1240.000000 1.279870
 1241.000000 1.278991
 1242.000000 1.278427
 1243.000000 1.279004
 1244.000000 1.281483
 1245.000000 1.286431
 1246.000000 1.294102
 1247.000000 1.304255
 1248.000000 1.316199
 1249.000000 1.328915
 1250.000000 1.340824
 1251.000000 1.350402
 1252.000000 1.355953
 1253.000000 1.356197
 1254.000000 1.350596
 1255.000000 1.339543
 1256.000000 1.324050
 1257.000000 1.305915
 1258.000000 1.287035
 1259.000000 1.268854
 1260.000000 1.253231
 1261.000000 1.241572
 1262.000000 1.234745
 1263.000000 1.233257
 1264.000000 1.236951
 1265.000000 1.245109
 1266.000000 1.256478
 1267.000000 1.269757
 1268.000000 1.283428
 1269.000000 1.296163
 1270.000000 1.307036
 1271.000000 1.315471
 1272.000000 1.321206
 1273.000000 1.324317
 1274.000000 1.325068
 1275.000000 1.323719
 1276.000000 1.320476
 1277.000000 1.315448
 1278.000000 1.308679
 1279.000000 1.300427
 1280.000000 1.291009
 1281.000000 1.281142
 1282.000000 1.271557
 1283.000000 1.263044
 1284.000000 1.256152
 1285.000000 1.251252
 1286.000000 1.248346
 1287.000000 1.247070
 1288.000000 1.246907
 1289.000000 1.247462
 1290.000000 1.248573
 1291.000000 1.250315
 1292.000000 1.252906
 1293.000000 1.256585
 1294.000000 1.261529
 1295.000000 1.267780
 1296.000000 1.275131
 1297.000000 1.283321
 1298.000000 1.292024
 1299.000000 1.300667
 1300.000000 1.308425
 1301.000000 1.314328
 1302.000000 1.317457
 1303.000000 1.316883
 1304.000000 1.311971
 1305.000000 1.302484
 1306.000000 1.288895
 1307.000000 1.272406
 1308.000000 1.254323
 1309.000000 1.236246
 1310.000000 1.220201
 1311.000000 1.208074
 1312.000000 1.201091
 1313.000000 1.200186
 1314.000000 1.205608
 1315.000000 1.216839
 1316.000000 1.232709
 1317.000000 1.251413
 1318.000000 1.271215
 1319.000000 1.290035
 1320.000000 1.305958
 1321.000000 1.318115
 1322.000000 1.326367
 1323.000000 1.330857
 1324.000000 1.332066
 1325.000000 1.330611
 1326.000000 1.327061
 1327.000000 1.321799
 1328.000000 1.315045
 1329.000000 1.307024
 1330.000000 1.297969
 1331.000000 1.288335
 1332.000000 1.278887
 1333.000000 1.270792
 1334.000000 1.265047
 1335.000000 1.262348
 1336.000000 1.262905
 1337.000000 1.266253
 1338.000000 1.271341
 1339.000000 1.276756
 1340.000000 1.281055
 1341.000000 1.283223
 1342.000000 1.282848
 1343.000000 1.280222
 1344.000000 1.276166
 1345.000000 1.271725
 1346.000000 1.267974
 1347.000000 1.265796
 1348.000000 1.265693
 1349.000000 1.267814
 1350.000000 1.271981
 1351.000000 1.277737
 1352.000000 1.284468
 1353.000000 1.291404
 1354.000000 1.297645
 1355.000000 1.302350
 1356.000000 1.304664
 1357.000000 1.304028
 1358.000000 1.300208
 1359.000000 1.293408
 1360.000000 1.284309
 1361.000000 1.274076
 1362.000000 1.263963
 1363.000000 1.255381
 1364.000000 1.249386
 1365.000000 1.247023
 1366.000000 1.248907
 1367.000000 1.255175
 1368.000000 1.265461
 1369.000000 1.279090
 1370.000000 1.294889
 1371.000000 1.311648
 1372.000000 1.328130
 1373.000000 1.343095
 1374.000000 1.355246
 1375.000000 1.363675
 1376.000000 1.367857
 1377.000000 1.367692
 1378.000000 1.363351
 1379.000000 1.355296
 1380.000000 1.344275
 1381.000000 1.331016
 1382.000000 1.316219
 1383.000000 1.300638
 1384.000000 1.285331
 1385.000000 1.271163
 1386.000000 1.258828
 1387.000000 1.249067
 1388.000000 1.242407
 1389.000000 1.238971
 1390.000000 1.238433
 1391.000000 1.240199
 1392.000000 1.243505
 1393.000000 1.247519
 1394.000000 1.251564
 1395.000000 1.255339
 1396.000000 1.258911
 1397.000000 1.262581
 1398.000000 1.266782
 1399.000000 1.271826
 1400.000000 1.277819
 1401.000000 1.284494
 1402.000000 1.291384
 1403.000000 1.297888
 1404.000000 1.303236
 1405.000000 1.306466
 1406.000000 1.306713
 1407.000000 1.303204
 1408.000000 1.295574
 1409.000000 1.284084
 1410.000000 1.269617
 1411.000000 1.253757
 1412.000000 1.238834
 1413.000000 1.227121
 1414.000000 1.220694
 1415.000000 1.220949
 1416.000000 1.228178
 1417.000000 1.241738
 1418.000000 1.259891
 1419.000000 1.280509
 1420.000000 1.301590
 1421.000000 1.321963
 1422.000000 1.341053
 1423.000000 1.358685
 1424.000000 1.374733
 1425.000000 1.389155
 1426.000000 1.401905
 1427.000000 1.412671
 1428.000000 1.420788
 1429.000000 1.425588
 1430.000000 1.426229
 1431.000000 1.422073
 1432.000000 1.412857
 1433.000000 1.398848
 1434.000000 1.380856
 1435.000000 1.360245
 1436.000000 1.338281
 1437.000000 1.316309
 1438.000000 1.295830
 1439.000000 1.278420
 1440.000000 1.265100
 1441.000000 1.256391
 1442.000000 1.252433
 1443.000000 1.252688
 1444.000000 1.256046
 1445.000000 1.261126
 1446.000000 1.266759
 1447.000000 1.272289
 1448.000000 1.277643
 1449.000000 1.283235
 1450.000000 1.289661
 1451.000000 1.297307
 1452.000000 1.306139
 1453.000000 1.315866
 1454.000000 1.325766
 1455.000000 1.334810
 1456.000000 1.342037
 1457.000000 1.346610
 1458.000000 1.348047
 1459.000000 1.346307
 1460.000000 1.341743
 1461.000000 1.334907
 1462.000000 1.326463
 1463.000000 1.316997
 1464.000000 1.307188
 1465.000000 1.297729
 1466.000000 1.289047
 1467.000000 1.281619
 1468.000000 1.275683
 1469.000000 1.271451
 1470.000000 1.269222
 1471.000000 1.269263
 1472.000000 1.271868
 1473.000000 1.277255
 1474.000000 1.285498
 1475.000000 1.296432
 1476.000000 1.309683
 1477.000000 1.324318
 1478.000000 1.339427
 1479.000000 1.353816
 1480.000000 1.366103
 1481.000000 1.375483
 1482.000000 1.381115
 1483.000000 1.382774
 1484.000000 1.380599
 1485.000000 1.375093
 1486.000000 1.367031
 1487.000000 1.357302
 1488.000000 1.346691
 1489.000000 1.336055
 1490.000000 1.326035
 1491.000000 1.317134
 1492.000000 1.309665
 1493.000000 1.303779
 1494.000000 1.299484
 1495.000000 1.296705
 1496.000000 1.295161
 1497.000000 1.294431
 1498.000000 1.294089
 1499.000000 1.293850
 1500.000000 1.293683
 1501.000000 1.293860
 1502.000000 1.294904
 1503.000000 1.297403
 1504.000000 1.301844
 1505.000000 1.308419
 1506.000000 1.316985
 1507.000000 1.326998
 1508.000000 1.337861
 1509.000000 1.348842
 1510.000000 1.359059
 1511.000000 1.367884
 1512.000000 1.374845
 1513.000000 1.379578
 1514.000000 1.381955
 1515.000000 1.382056
 1516.000000 1.380168
 1517.000000 1.376829
 1518.000000 1.372814
 1519.000000 1.368866
 1520.000000 1.365734
 1521.000000 1.364021
 1522.000000 1.364055
 1523.000000 1.365880
 1524.000000 1.369286
 1525.000000 1.373875
 1526.000000 1.379185
 1527.000000 1.384791
 1528.000000 1.390392
 1529.000000 1.395880
 1530.000000 1.401010
 1531.000000 1.405656
 1532.000000 1.409614
 1533.000000 1.412617
 1534.000000 1.414208
 1535.000000 1.413951
 1536.000000 1.411481
 1537.000000 1.406556
 1538.000000 1.399128
 1539.000000 1.389386
 1540.000000 1.377735
 1541.000000 1.364869
 1542.000000 1.351645
 1543.000000 1.338972
 1544.000000 1.327956
 1545.000000 1.319746
 1546.000000 1.315148
 1547.000000 1.314712
 1548.000000 1.318536
 1549.000000 1.326239
 1550.000000 1.336931
 1551.000000 1.349641
 1552.000000 1.363096
 1553.000000 1.376274
 1554.000000 1.388317
 1555.000000 1.399086
 1556.000000 1.408867
 1557.000000 1.418178
 1558.000000 1.427731
 1559.000000 1.438161
 1560.000000 1.449889
 1561.000000 1.462932
 1562.000000 1.477145
 1563.000000 1.491729
 1564.000000 1.505924
 1565.000000 1.518676
 1566.000000 1.529079
 1567.000000 1.536265
 1568.000000 1.539654
 1569.000000 1.538861
 1570.000000 1.533832
 1571.000000 1.524825
 1572.000000 1.512364
 1573.000000 1.497408
 1574.000000 1.480822
 1575.000000 1.463628
 1576.000000 1.446401
 1577.000000 1.429702
 1578.000000 1.413913
 1579.000000 1.398938
 1580.000000 1.384926
 1581.000000 1.371862
 1582.000000 1.360259
 1583.000000 1.350778
 1584.000000 1.344306
 1585.000000 1.341781
 1586.000000 1.343854
 1587.000000 1.350684
 1588.000000 1.361815
 1589.000000 1.376320
 1590.000000 1.392780
 1591.000000 1.409564
 1592.000000 1.424973
 1593.000000 1.437806
 1594.000000 1.447554
 1595.000000 1.454388
 1596.000000 1.459016
 1597.000000 1.462475
 1598.000000 1.465874
 1599.000000 1.470203
 1600.000000 1.476122
 1601.000000 1.483905
 1602.000000 1.493394
 1603.000000 1.504068
 1604.000000 1.514934
 1605.000000 1.524789
 1606.000000 1.532315
 1607.000000 1.536338
 1608.000000 1.536219
 1609.000000 1.532023
 1610.000000 1.524333
 1611.000000 1.514174
 1612.000000 1.502852
 1613.000000 1.491530
 1614.000000 1.480938
 1615.000000 1.471571
 1616.000000 1.463256
 1617.000000 1.455594
 1618.000000 1.448059
 1619.000000 1.440131
 1620.000000 1.431463
 1621.000000 1.422096
 1622.000000 1.412430
 1623.000000 1.403183
 1624.000000 1.394900
 1625.000000 1.388149
 1626.000000 1.383097
 1627.000000 1.379722
 1628.000000 1.377755
 1629.000000 1.376828
 1630.000000 1.376536
 1631.000000 1.376543
 1632.000000 1.376637
 1633.000000 1.376762
 1634.000000 1.377006
 1635.000000 1.377576
 1636.000000 1.378756
 1637.000000 1.380857
 1638.000000 1.384137
 1639.000000 1.388680
 1640.000000 1.394388
 1641.000000 1.400878
 1642.000000 1.407356
 1643.000000 1.412852
 1644.000000 1.416427
 1645.000000 1.417288
 1646.000000 1.414916
 1647.000000 1.409173
 1648.000000 1.400311
 1649.000000 1.388874
 1650.000000 1.375589
 1651.000000 1.361297
 1652.000000 1.346808
 1653.000000 1.333190
 1654.000000 1.321333
 1655.000000 1.312155
 1656.000000 1.306328
 1657.000000 1.304174
 1658.000000 1.305662
 1659.000000 1.310387
 1660.000000 1.317714
 1661.000000 1.326869
 1662.000000 1.337073
 1663.000000 1.347915
 1664.000000 1.359273
 1665.000000 1.371295
 1666.000000 1.384392
 1667.000000 1.398989
 1668.000000 1.415452
 1669.000000 1.433761
 1670.000000 1.453794
 1671.000000 1.475126
 1672.000000 1.497029
 1673.000000 1.518361
 1674.000000 1.538140
 1675.000000 1.555298
 1676.000000 1.569108
 1677.000000 1.579120
 1678.000000 1.584991
 1679.000000 1.586679
 1680.000000 1.584325
 1681.000000 1.578193
 1682.000000 1.568685
 1683.000000 1.556368
 1684.000000 1.541657
 1685.000000 1.524728
 1686.000000 1.505970
 1687.000000 1.485603
 1688.000000 1.464008
 1689.000000 1.441384
 1690.000000 1.418536
 1691.000000 1.396010
 1692.000000 1.374798
 1693.000000 1.355852
 1694.000000 1.339813
 1695.000000 1.327258
 1696.000000 1.318745
 1697.000000 1.314486
 1698.000000 1.314206
 1699.000000 1.317468
 1700.000000 1.323839
 1701.000000 1.332854
 1702.000000 1.343957
 1703.000000 1.356488
 1704.000000 1.369611
 1705.000000 1.382624
 1706.000000 1.394702
 1707.000000 1.405111
 1708.000000 1.413403
 1709.000000 1.419414
 1710.000000 1.423244
 1711.000000 1.425188
 1712.000000 1.425753
 1713.000000 1.425504
 1714.000000 1.424977
 1715.000000 1.424591
 1716.000000 1.424590
 1717.000000 1.425014
 1718.000000 1.425698
 1719.000000 1.426296
 1720.000000 1.426410
 1721.000000 1.425754
 1722.000000 1.424268
 1723.000000 1.421975
 1724.000000 1.419002
 1725.000000 1.415697
 1726.000000 1.412580
 1727.000000 1.410252
 1728.000000 1.409194
 1729.000000 1.409713
 1730.000000 1.411928
 1731.000000 1.415673
 1732.000000 1.420591
 1733.000000 1.426107
 1734.000000 1.431587
 1735.000000 1.436494
 1736.000000 1.440426
 1737.000000 1.443137
 1738.000000 1.444647
 1739.000000 1.445138
 1740.000000 1.444910
 1741.000000 1.444320
 1742.000000 1.443697
 1743.000000 1.443295
 1744.000000 1.443222
 1745.000000 1.443419
 1746.000000 1.443662
 1747.000000 1.443605
 1748.000000 1.442858
 1749.000000 1.441097
 1750.000000 1.438155
 1751.000000 1.434036
 1752.000000 1.429207
 1753.000000 1.424194
 1754.000000 1.419580
 1755.000000 1.416024
 1756.000000 1.414047
 1757.000000 1.413906
 1758.000000 1.415619
 1759.000000 1.418972
 1760.000000 1.423649
 1761.000000 1.429196
 1762.000000 1.435182
 1763.000000 1.441297
 1764.000000 1.447412
 1765.000000 1.453327
 1766.000000 1.459031
 1767.000000 1.464573
 1768.000000 1.470056
 1769.000000 1.475298
 1770.000000 1.480140
 1771.000000 1.484465
 1772.000000 1.488140
 1773.000000 1.491098
 1774.000000 1.493353
 1775.000000 1.495010
 1776.000000 1.496232
 1777.000000 1.497208
 1778.000000 1.498181
 1779.000000 1.499415
 1780.000000 1.501171
 1781.000000 1.503660
 1782.000000 1.507026
 1783.000000 1.511299
 1784.000000 1.516289
 1785.000000 1.521590
 1786.000000 1.526636
 1787.000000 1.530749
 1788.000000 1.533294
 1789.000000 1.533734
 1790.000000 1.531782
 1791.000000 1.527427
 1792.000000 1.520980
 1793.000000 1.512939
 1794.000000 1.503701
 1795.000000 1.493763
 1796.000000 1.483700
 1797.000000 1.473957
 1798.000000 1.464558
 1799.000000 1.455557
 1800.000000 1.446948
 1801.000000 1.438602
 1802.000000 1.430310
 1803.000000 1.422019
 1804.000000 1.413709
 1805.000000 1.405735
 1806.000000 1.398553
 1807.000000 1.392783
 1808.000000 1.389165
 1809.000000 1.388326
 1810.000000 1.390719
 1811.000000 1.396515
 1812.000000 1.405473
 1813.000000 1.417069
 1814.000000 1.430590
 1815.000000 1.445188
 1816.000000 1.460209
 1817.000000 1.474836
 1818.000000 1.488550
 1819.000000 1.500761
 1820.000000 1.510987
 1821.000000 1.519004
 1822.000000 1.524755
 1823.000000 1.528235
 1824.000000 1.529604
 1825.000000 1.529106
 1826.000000 1.527144
 1827.000000 1.524219
 1828.000000 1.520835
 1829.000000 1.517446
 1830.000000 1.514485
 1831.000000 1.512286
 1832.000000 1.510991
 1833.000000 1.510621
 1834.000000 1.511072
 1835.000000 1.512118
 1836.000000 1.513435
 1837.000000 1.514616
 1838.000000 1.515223
 1839.000000 1.514811
 1840.000000 1.513013
 1841.000000 1.509623
 1842.000000 1.504619
 1843.000000 1.498251
 1844.000000 1.490760
 1845.000000 1.482678
 1846.000000 1.474460
 1847.000000 1.466511
 1848.000000 1.458927
 1849.000000 1.451835
 1850.000000 1.445294
 1851.000000 1.439307
 1852.000000 1.433878
 1853.000000 1.429042
 1854.000000 1.424871
 1855.000000 1.421417
 1856.000000 1.418742
 1857.000000 1.416860
 1858.000000 1.415776
 1859.000000 1.415521
 1860.000000 1.416057
 1861.000000 1.417266
 1862.000000 1.418931
 1863.000000 1.420797
 1864.000000 1.422609
 1865.000000 1.424188
 1866.000000 1.425510
 1867.000000 1.426679
 1868.000000 1.427963
 1869.000000 1.429671
 1870.000000 1.432105
 1871.000000 1.435445
 1872.000000 1.439698
 1873.000000 1.444665
 1874.000000 1.449860
 1875.000000 1.454521
 1876.000000 1.457995
 1877.000000 1.459724
 1878.000000 1.459343
 1879.000000 1.456845
 1880.000000 1.452556
 1881.000000 1.447119
 1882.000000 1.441346
 1883.000000 1.436004
 1884.000000 1.431793
 1885.000000 1.429111
 1886.000000 1.428149
 1887.000000 1.428824
 1888.000000 1.430868
 1889.000000 1.433920
 1890.000000 1.437506
 1891.000000 1.441217
 1892.000000 1.444813
 1893.000000 1.448219
 1894.000000 1.451480
 1895.000000 1.454821
 1896.000000 1.458534
 1897.000000 1.462936
 1898.000000 1.468176
 1899.000000 1.474211
 1900.000000 1.480882
 1901.000000 1.487911
 1902.000000 1.494904
 1903.000000 1.501518
 1904.000000 1.507546
 1905.000000 1.512856
 1906.000000 1.517539
 1907.000000 1.521674
 1908.000000 1.525296
 1909.000000 1.528293
 1910.000000 1.530378
 1911.000000 1.531089
 1912.000000 1.529827
 1913.000000 1.526029
 1914.000000 1.519203
 1915.000000 1.509258
 1916.000000 1.496582
 1917.000000 1.482033
 1918.000000 1.466471
 1919.000000 1.450909
 1920.000000 1.436578
 1921.000000 1.424350
 1922.000000 1.414661
 1923.000000 1.407605
 1924.000000 1.402762
 1925.000000 1.399497
 1926.000000 1.396936
 1927.000000 1.394211
 1928.000000 1.390630
 1929.000000 1.385753
 1930.000000 1.379587
 1931.000000 1.372505
 1932.000000 1.365172
 1933.000000 1.358231
 1934.000000 1.352398
 1935.000000 1.348108
 1936.000000 1.345493
 1937.000000 1.344332
 1938.000000 1.344129
 1939.000000 1.344258
 1940.000000 1.344125
 1941.000000 1.343327
 1942.000000 1.341732
 1943.000000 1.339505
 1944.000000 1.337034
 1945.000000 1.334802
 1946.000000 1.333303
 1947.000000 1.332918
 1948.000000 1.333846
 1949.000000 1.336065
 1950.000000 1.339344
 1951.000000 1.343347
 1952.000000 1.347628
 1953.000000 1.351657
 1954.000000 1.355091
 1955.000000 1.357760
 1956.000000 1.359629
 1957.000000 1.360883
 1958.000000 1.361816
 1959.000000 1.362769
 1960.000000 1.364018
 1961.000000 1.365711
 1962.000000 1.367769
 1963.000000 1.369895
 1964.000000 1.371590
 1965.000000 1.372180
 1966.000000 1.371045
 1967.000000 1.367751
 1968.000000 1.362122
 1969.000000 1.354413
 1970.000000 1.345331
 1971.000000 1.335818
 1972.000000 1.327083
 1973.000000 1.320045
 1974.000000 1.315521
 1975.000000 1.313931
 1976.000000 1.315237
 1977.000000 1.319034
 1978.000000 1.324615
 1979.000000 1.330977
 1980.000000 1.336950
 1981.000000 1.341411
 1982.000000 1.343516
 1983.000000 1.342756
 1984.000000 1.339114
 1985.000000 1.333065
 1986.000000 1.325531
 1987.000000 1.317639
 1988.000000 1.310457
 1989.000000 1.304841
 1990.000000 1.301343
 1991.000000 1.300082
 1992.000000 1.300815
 1993.000000 1.302991
 1994.000000 1.305950
 1995.000000 1.309154
 1996.000000 1.312404
 1997.000000 1.315896
 1998.000000 1.320077
 1999.000000 1.325447
 2000.000000 1.332396
 2001.000000 1.341114
 2002.000000 1.351595
 2003.000000 1.363479
 2004.000000 1.376025
 2005.000000 1.388346
 2006.000000 1.399783
 2007.000000 1.409858
 2008.000000 1.418418
 2009.000000 1.425609
 2010.000000 1.431788
 2011.000000 1.437568
 2012.000000 1.443437
 2013.000000 1.449941
 2014.000000 1.457352
 2015.000000 1.465819
 2016.000000 1.475058
 2017.000000 1.484477
 2018.000000 1.493131
 2019.000000 1.500002
 2020.000000 1.503884
 2021.000000 1.503982
 2022.000000 1.499907
 2023.000000 1.491682
 2024.000000 1.479740
 2025.000000 1.464809
 2026.000000 1.447632
 2027.000000 1.429298
 2028.000000 1.410429
 2029.000000 1.391880
 2030.000000 1.374618
 2031.000000 1.359207
 2032.000000 1.346150
 2033.000000 1.336018
 2034.000000 1.329150
 2035.000000 1.325528
 2036.000000 1.324777
 2037.000000 1.326275
 2038.000000 1.329318
 2039.000000 1.333369
 2040.000000 1.338314
 2041.000000 1.344533
 2042.000000 1.352651
 2043.000000 1.363192
 2044.000000 1.376633
 2045.000000 1.392898
 2046.000000 1.411417
 2047.000000 1.431251
 2048.000000 1.450755
 2049.000000 1.468578
 2050.000000 1.483519
 2051.000000 1.494898
 2052.000000 1.502696
 2053.000000 1.507120
 2054.000000 1.509001
 2055.000000 1.509282
 2056.000000 1.508814
 2057.000000 1.508136
 2058.000000 1.507327
 2059.000000 1.505971
 2060.000000 1.503285
 2061.000000 1.498380
 2062.000000 1.490487
 2063.000000 1.479192
 2064.000000 1.464494
 2065.000000 1.447233
 2066.000000 1.428362
 2067.000000 1.408822
 2068.000000 1.389823
 2069.000000 1.372319
 2070.000000 1.356987
 2071.000000 1.344004
 2072.000000 1.333658
 2073.000000 1.325745
 2074.000000 1.319955
 2075.000000 1.315923
 2076.000000 1.313468
 2077.000000 1.312563
 2078.000000 1.313379
 2079.000000 1.316268
 2080.000000 1.321731
 2081.000000 1.330259
 2082.000000 1.342204
 2083.000000 1.357698
 2084.000000 1.376631
 2085.000000 1.398551
 2086.000000 1.422551
 2087.000000 1.447258
 2088.000000 1.470850
 2089.000000 1.491366
 2090.000000 1.507518
 2091.000000 1.518997
 2092.000000 1.525739
 2093.000000 1.528450
 2094.000000 1.528269
 2095.000000 1.526459
 2096.000000 1.524089
 2097.000000 1.521859
 2098.000000 1.519878
 2099.000000 1.517731
 2100.000000 1.514734
 2101.000000 1.510192
 2102.000000 1.503576
 2103.000000 1.494638
 2104.000000 1.483233
 2105.000000 1.469832
 2106.000000 1.455427
 2107.000000 1.440905
 2108.000000 1.427455
 2109.000000 1.415931
 2110.000000 1.406839
 2111.000000 1.400036
 2112.000000 1.395019
 2113.000000 1.391180
 2114.000000 1.387969
 2115.000000 1.385181
 2116.000000 1.382903
 2117.000000 1.381582
 2118.000000 1.381865
 2119.000000 1.384552
 2120.000000 1.390380
 2121.000000 1.399744
 2122.000000 1.412505
 2123.000000 1.427709
 2124.000000 1.444052
 2125.000000 1.459891
 2126.000000 1.473126
 2127.000000 1.482123
 2128.000000 1.485782
 2129.000000 1.483714
 2130.000000 1.476262
 2131.000000 1.464303
 2132.000000 1.449115
 2133.000000 1.431834
 2134.000000 1.413407
 2135.000000 1.394711
 2136.000000 1.376064
 2137.000000 1.357688
 2138.000000 1.339798
 2139.000000 1.322585
 2140.000000 1.306238
 2141.000000 1.291065
 2142.000000 1.277640
 2143.000000 1.266949
 2144.000000 1.259971
 2145.000000 1.257658
 2146.000000 1.260614
 2147.000000 1.268931
 2148.000000 1.282172
 2149.000000 1.299199
 2150.000000 1.318805
 2151.000000 1.339645
 2152.000000 1.360634
 2153.000000 1.380718
 2154.000000 1.399585
 2155.000000 1.416832
 2156.000000 1.432038
 2157.000000 1.445207
 2158.000000 1.455831
 2159.000000 1.463414
 2160.000000 1.467492
 2161.000000 1.467564
 2162.000000 1.463252
 2163.000000 1.454436
 2164.000000 1.441432
 2165.000000 1.424820
 2166.000000 1.405618
 2167.000000 1.384920
 2168.000000 1.364189
 2169.000000 1.344793
 2170.000000 1.328039
 2171.000000 1.314566
 2172.000000 1.305204
 2173.000000 1.300144
 2174.000000 1.299302
 2175.000000 1.302155
 2176.000000 1.307923
 2177.000000 1.315763
 2178.000000 1.324897
 2179.000000 1.334850
 2180.000000 1.345234
 2181.000000 1.355966
 2182.000000 1.367196
 2183.000000 1.378942
 2184.000000 1.391197
 2185.000000 1.403848
 2186.000000 1.416217
 2187.000000 1.427712
 2188.000000 1.437491
 2189.000000 1.444970
 2190.000000 1.449859
 2191.000000 1.452261
 2192.000000 1.452342
 2193.000000 1.450429
 2194.000000 1.446854
 2195.000000 1.441838
 2196.000000 1.435535
 2197.000000 1.427971
 2198.000000 1.419309
 2199.000000 1.409614
 2200.000000 1.399055
 2201.000000 1.388094
 2202.000000 1.377281
 2203.000000 1.367408
 2204.000000 1.359190
 2205.000000 1.353428
 2206.000000 1.350791
 2207.000000 1.351790
 2208.000000 1.356577
 2209.000000 1.364964
 2210.000000 1.376263
 2211.000000 1.389248
 2212.000000 1.402701
 2213.000000 1.415429
 2214.000000 1.426312
 2215.000000 1.434666
 2216.000000 1.440519
 2217.000000 1.444436
 2218.000000 1.447503
 2219.000000 1.450880
 2220.000000 1.455519
 2221.000000 1.461900
 2222.000000 1.470014
 2223.000000 1.479393
 2224.000000 1.489393
 2225.000000 1.499095
 2226.000000 1.507557
 2227.000000 1.514120
 2228.000000 1.518662
 2229.000000 1.521389
 2230.000000 1.522828
 2231.000000 1.523654
 2232.000000 1.524461
 2233.000000 1.525624
 2234.000000 1.527128
 2235.000000 1.528543
 2236.000000 1.529036
 2237.000000 1.527571
 2238.000000 1.523254
 2239.000000 1.515716
 2240.000000 1.505245
 2241.000000 1.493075
 2242.000000 1.480608
 2243.000000 1.469443
 2244.000000 1.461149
 2245.000000 1.456647
 2246.000000 1.456190
 2247.000000 1.459090
 2248.000000 1.463952
 2249.000000 1.469049
 2250.000000 1.472558
 2251.000000 1.473157
 2252.000000 1.470321
 2253.000000 1.464423
 2254.000000 1.456551
 2255.000000 1.448335
 2256.000000 1.441493
 2257.000000 1.437428
 2258.000000 1.436989
 2259.000000 1.440272
 2260.000000 1.446626
 2261.000000 1.454915
 2262.000000 1.463648
 2263.000000 1.471302
 2264.000000 1.476649
 2265.000000 1.479084
 2266.000000 1.478743
 2267.000000 1.476397
 2268.000000 1.473223
 2269.000000 1.470478
 2270.000000 1.469191
 2271.000000 1.470041
 2272.000000 1.473172
 2273.000000 1.478208
 2274.000000 1.484326
 2275.000000 1.490338
 2276.000000 1.494849
 2277.000000 1.496739
 2278.000000 1.495246
 2279.000000 1.490167
 2280.000000 1.481918
 2281.000000 1.471620
 2282.000000 1.460775
 2283.000000 1.450719
 2284.000000 1.442719
 2285.000000 1.437588
 2286.000000 1.435536
 2287.000000 1.436242
 2288.000000 1.438957
 2289.000000 1.442661
 2290.000000 1.446391
 2291.000000 1.449279
 2292.000000 1.450867
 2293.000000 1.451183
 2294.000000 1.450649
 2295.000000 1.449946
 2296.000000 1.449801
 2297.000000 1.450773
 2298.000000 1.453106
 2299.000000 1.456598
 2300.000000 1.460664
 2301.000000 1.464457
 2302.000000 1.467159
 2303.000000 1.468053
 2304.000000 1.466825
 2305.000000 1.463593
 2306.000000 1.458824
 2307.000000 1.453150
 2308.000000 1.447384
 2309.000000 1.442120
 2310.000000 1.437833
 2311.000000 1.434716
 2312.000000 1.432794
 2313.000000 1.431984
 2314.000000 1.432138
 2315.000000 1.433109
 2316.000000 1.434751
 2317.000000 1.436920
 2318.000000 1.439426
 2319.000000 1.442180
 2320.000000 1.445132
 2321.000000 1.448231
 2322.000000 1.451383
 2323.000000 1.454490
 2324.000000 1.457402
 2325.000000 1.460043
 2326.000000 1.462369
 2327.000000 1.464324
 2328.000000 1.465869
 2329.000000 1.467009
 2330.000000 1.467785
 2331.000000 1.468292
 2332.000000 1.468634
 2333.000000 1.468891
 2334.000000 1.469042
 2335.000000 1.468858
 2336.000000 1.467855
 2337.000000 1.465324
 2338.000000 1.460517
 2339.000000 1.452852
 2340.000000 1.442053
 2341.000000 1.428545
 2342.000000 1.413046
 2343.000000 1.396684
 2344.000000 1.380631
 2345.000000 1.366282
 2346.000000 1.354804
 2347.000000 1.347072
 2348.000000 1.343426
 2349.000000 1.343880
 2350.000000 1.348044
 2351.000000 1.355232
 2352.000000 1.364554
 2353.000000 1.374988
 2354.000000 1.385654
 2355.000000 1.395684
 2356.000000 1.404527
 2357.000000 1.411880
 2358.000000 1.417867
 2359.000000 1.422858
 2360.000000 1.427301
 2361.000000 1.431636
 2362.000000 1.436122
 2363.000000 1.440812
 2364.000000 1.445513
 2365.000000 1.449984
 2366.000000 1.453935
 2367.000000 1.457215
 2368.000000 1.459759
 2369.000000 1.461668
 2370.000000 1.463168
 2371.000000 1.464529
 2372.000000 1.465956
 2373.000000 1.467510
 2374.000000 1.469062
 2375.000000 1.470354
 2376.000000 1.471062
 2377.000000 1.470875
 2378.000000 1.469629
 2379.000000 1.467382
 2380.000000 1.464413
 2381.000000 1.461222
 2382.000000 1.458479
 2383.000000 1.456869
 2384.000000 1.456944
 2385.000000 1.459072
 2386.000000 1.463395
 2387.000000 1.469702
 2388.000000 1.477575
 2389.000000 1.486321
 2390.000000 1.494787
 2391.000000 1.501756
 2392.000000 1.506086
 2393.000000 1.507138
 2394.000000 1.504692
 2395.000000 1.499141
 2396.000000 1.491409
 2397.000000 1.482777
 2398.000000 1.474325
 2399.000000 1.467039
 2400.000000 1.461434
 2401.000000 1.457584
 2402.000000 1.455234
 2403.000000 1.453863
 2404.000000 1.452912
 2405.000000 1.451922
 2406.000000 1.450660
 2407.000000 1.449117
 2408.000000 1.447475
 2409.000000 1.446034
 2410.000000 1.445095
 2411.000000 1.444829
 2412.000000 1.445223
 2413.000000 1.446085
 2414.000000 1.447082
 2415.000000 1.447807
 2416.000000 1.447816
 2417.000000 1.446722
 2418.000000 1.444269
 2419.000000 1.440428
 2420.000000 1.435486
 2421.000000 1.429923
 2422.000000 1.424513
 2423.000000 1.420244
 2424.000000 1.418076
 2425.000000 1.418820
 2426.000000 1.422911
 2427.000000 1.430387
 2428.000000 1.440719
 2429.000000 1.452778
 2430.000000 1.465378
 2431.000000 1.477178
 2432.000000 1.487548
 2433.000000 1.496109
 2434.000000 1.503140
 2435.000000 1.509224
 2436.000000 1.515165
 2437.000000 1.521830
 2438.000000 1.529825
 2439.000000 1.539297
 2440.000000 1.549935
 2441.000000 1.561068
 2442.000000 1.571659
 2443.000000 1.580667
 2444.000000 1.586960
 2445.000000 1.589606
 2446.000000 1.588090
 2447.000000 1.582412
 2448.000000 1.573222
 2449.000000 1.561506
 2450.000000 1.548338
 2451.000000 1.534621
 2452.000000 1.520966
 2453.000000 1.507254
 2454.000000 1.493221
 2455.000000 1.478380
 2456.000000 1.462352
 2457.000000 1.445266
 2458.000000 1.427767
 2459.000000 1.410621
 2460.000000 1.394688
 2461.000000 1.381099
 2462.000000 1.370760
 2463.000000 1.364183
 2464.000000 1.361445
 2465.000000 1.362314
 2466.000000 1.366144
 2467.000000 1.372082
 2468.000000 1.379270
 2469.000000 1.387000
 2470.000000 1.394664
 2471.000000 1.401895
 2472.000000 1.408735
 2473.000000 1.415578
 2474.000000 1.422915
 2475.000000 1.431288
 2476.000000 1.440869
 2477.000000 1.451464
 2478.000000 1.462519
 2479.000000 1.473032
 2480.000000 1.481760
 2481.000000 1.487675
 2482.000000 1.489757
 2483.000000 1.487381
 2484.000000 1.480491
 2485.000000 1.469588
 2486.000000 1.455750
 2487.000000 1.440171
 2488.000000 1.424090
 2489.000000 1.408411
 2490.000000 1.393793
 2491.000000 1.380322
 2492.000000 1.368027
 2493.000000 1.356583
 2494.000000 1.345646
 2495.000000 1.335007
 2496.000000 1.324699
 2497.000000 1.315116
 2498.000000 1.307063
 2499.000000 1.301620
 2500.000000 1.299804
 2501.000000 1.302362
 2502.000000 1.309478
 2503.000000 1.320821
 2504.000000 1.335677
 2505.000000 1.353043
 2506.000000 1.371406
 2507.000000 1.389245
 2508.000000 1.405446
 2509.000000 1.419056
 2510.000000 1.429801
 2511.000000 1.437809
 2512.000000 1.443754
 2513.000000 1.448421
 2514.000000 1.452495
 2515.000000 1.456458
 2516.000000 1.460449
 2517.000000 1.464232
 2518.000000 1.467172
 2519.000000 1.468609
 2520.000000 1.467923
 2521.000000 1.464789
 2522.000000 1.459254
 2523.000000 1.451710
 2524.000000 1.443029
 2525.000000 1.434522
 2526.000000 1.427542
 2527.000000 1.423265
 2528.000000 1.422470
 2529.000000 1.425459
 2530.000000 1.432054
 2531.000000 1.441405
 2532.000000 1.452227
 2533.000000 1.462763
 2534.000000 1.471078
 2535.000000 1.475841
 2536.000000 1.476433
 2537.000000 1.473249
 2538.000000 1.467579
 2539.000000 1.461328
 2540.000000 1.456444
 2541.000000 1.454345
 2542.000000 1.455542
 2543.000000 1.459604
 2544.000000 1.465393
 2545.000000 1.471295
 2546.000000 1.475712
 2547.000000 1.477513
 2548.000000 1.476316
 2549.000000 1.472520
 2550.000000 1.467157
 2551.000000 1.461692
 2552.000000 1.457368
 2553.000000 1.455132
 2554.000000 1.455359
 2555.000000 1.457756
 2556.000000 1.461346
 2557.000000 1.464606
 2558.000000 1.465931
 2559.000000 1.463917
 2560.000000 1.457851
 2561.000000 1.447780
 2562.000000 1.434493
 2563.000000 1.419197
 2564.000000 1.404012
 2565.000000 1.390842
 2566.000000 1.380845
 2567.000000 1.374575
 2568.000000 1.371758
 2569.000000 1.371601
 2570.000000 1.372930
 2571.000000 1.374548
 2572.000000 1.375439
 2573.000000 1.374926
 2574.000000 1.372792
 2575.000000 1.369345
 2576.000000 1.365374
 2577.000000 1.362163
 2578.000000 1.361188
 2579.000000 1.363804
 2580.000000 1.371032
 2581.000000 1.383231
 2582.000000 1.399875
 2583.000000 1.419598
 2584.000000 1.440742
 2585.000000 1.461157
 2586.000000 1.478634
 2587.000000 1.491346
 2588.000000 1.498458
 2589.000000 1.500262
 2590.000000 1.497867
 2591.000000 1.493050
 2592.000000 1.487800
 2593.000000 1.483805
 2594.000000 1.482211
 2595.000000 1.483316
 2596.000000 1.486489
 2597.000000 1.490313
 2598.000000 1.492786
 2599.000000 1.491720
 2600.000000 1.485419
 2601.000000 1.473262
 2602.000000 1.456025
 2603.000000 1.435740
 2604.000000 1.415665
 2605.000000 1.399046
 2606.000000 1.388047
 2607.000000 1.383691
 2608.000000 1.385167
 2609.000000 1.390275
 2610.000000 1.396290
 2611.000000 1.400698
 2612.000000 1.402049
 2613.000000 1.400182
 2614.000000 1.396272
 2615.000000 1.392496
 2616.000000 1.391225
 2617.000000 1.394330
 2618.000000 1.402715
 2619.000000 1.415983
 2620.000000 1.432641
 2621.000000 1.450372
 2622.000000 1.466598
 2623.000000 1.478870
 2624.000000 1.485705
 2625.000000 1.486903
 2626.000000 1.483415
 2627.000000 1.477145
 2628.000000 1.470419
 2629.000000 1.465483
 2630.000000 1.463903
 2631.000000 1.466427
 2632.000000 1.473005
 2633.000000 1.482710
 2634.000000 1.494069
 2635.000000 1.505223
 2636.000000 1.513998
 2637.000000 1.518360
 2638.000000 1.516981
 2639.000000 1.509454
 2640.000000 1.496499
 2641.000000 1.479956
 2642.000000 1.461086
 2643.000000 1.441588
 2644.000000 1.423070
 2645.000000 1.406620
 2646.000000 1.392499
 2647.000000 1.380150
 2648.000000 1.368601
 2649.000000 1.356641
 2650.000000 1.343027
 2651.000000 1.327216
 2652.000000 1.309389
 2653.000000 1.290831
 2654.000000 1.273592
 2655.000000 1.259901
 2656.000000 1.251771
 2657.000000 1.250441
 2658.000000 1.256194
 2659.000000 1.268405
 2660.000000 1.285497
 2661.000000 1.305297
 2662.000000 1.325587
 2663.000000 1.344719
 2664.000000 1.361239
 2665.000000 1.374965
 2666.000000 1.386121
 2667.000000 1.395393
 2668.000000 1.403766
 2669.000000 1.412058
 2670.000000 1.420856
 2671.000000 1.430177
 2672.000000 1.439528
 2673.000000 1.447801
 2674.000000 1.453616
 2675.000000 1.455493
 2676.000000 1.452404
 2677.000000 1.444088
 2678.000000 1.431013
 2679.000000 1.414659
 2680.000000 1.397115
 2681.000000 1.380370
 2682.000000 1.366380
 2683.000000 1.356384
 2684.000000 1.350920
 2685.000000 1.349811
 2686.000000 1.352297
 2687.000000 1.356993
 2688.000000 1.362253
 2689.000000 1.366578
 2690.000000 1.368823
 2691.000000 1.368682
 2692.000000 1.366801
 2693.000000 1.364580
 2694.000000 1.363800
 2695.000000 1.366190
 2696.000000 1.372967
 2697.000000 1.384538
 2698.000000 1.400143
 2699.000000 1.418522
 2700.000000 1.437549
 2701.000000 1.454888
 2702.000000 1.468486
 2703.000000 1.477029
 2704.000000 1.480108
 2705.000000 1.478454
 2706.000000 1.473577
 2707.000000 1.467456
 2708.000000 1.462159
 2709.000000 1.459201
 2710.000000 1.459245
 2711.000000 1.461993
 2712.000000 1.466260
 2713.000000 1.470143
 2714.000000 1.471731
 2715.000000 1.469538
 2716.000000 1.462929
 2717.000000 1.452429
 2718.000000 1.439357
 2719.000000 1.425654
 2720.000000 1.413529
 2721.000000 1.404804
 2722.000000 1.400473
 2723.000000 1.400965
 2724.000000 1.405703
 2725.000000 1.413360
 2726.000000 1.421962
 2727.000000 1.429353
 2728.000000 1.433441
 2729.000000 1.433097
 2730.000000 1.428220
 2731.000000 1.419886
