#! FIELDS time d
 0.000000 1.200279
 1.000000 1.202000
 2.000000 1.210880
 3.000000 1.225922
 4.000000 1.245492
 5.000000 1.267648
 6.000000 1.289923
 7.000000 1.310174
 8.000000 1.326381
 9.000000 1.337271
 10.000000 1.341989
 11.000000 1.340313
 12.000000 1.332598
 13.000000 1.319728
 14.000000 1.302777
 15.000000 1.283083
 16.000000 1.262086
 17.000000 1.241248
 18.000000 1.222355
 19.000000 1.206772
 20.000000 1.196228
 21.000000 1.191727
 22.000000 1.193302
 23.000000 1.200240
 24.000000 1.211165
 25.000000 1.224350
 26.000000 1.237902
 27.000000 1.250360
 28.000000 1.260675
 29.000000 1.268518
 30.000000 1.273734
 31.000000 1.276543
 32.000000 1.277079
 33.000000 1.275464
 34.000000 1.271825
 35.000000 1.266525
 36.000000 1.260048
 37.000000 1.253085
 38.000000 1.246225
 39.000000 1.240145
 40.000000 1.235273
 41.000000 1.231625
 42.000000 1.229010
 43.000000 1.227010
 44.000000 1.225272
 45.000000 1.223776
 46.000000 1.223013
 47.000000 1.223816
 48.000000 1.226978
 49.000000 1.232780
 50.000000 1.240892
 51.000000 1.250543
 52.000000 1.260676
 53.000000 1.270326
 54.000000 1.278882
 55.000000 1.286151
 56.000000 1.291907
 57.000000 1.296027
 58.000000 1.298175
 59.000000 1.297826
 60.000000 1.294452
 61.000000 1.287659
 62.000000 1.277630
 63.000000 1.265097
 64.000000 1.251247
 65.000000 1.237424
 66.000000 1.225213
 67.000000 1.216011
 68.000000 1.210729
 69.000000 1.209735
 70.000000 1.212952
 71.000000 1.219934
 72.000000 1.229902
 73.000000 1.241582
 74.000000 1.253577
 75.000000 1.264582
 76.000000 1.273433
 77.000000 1.279076
 78.000000 1.280650
 79.000000 1.277853
 80.000000 1.270913
 81.000000 1.260667
 82.000000 1.248236
 83.000000 1.235062
 84.000000 1.222644
 85.000000 1.212323
 86.000000 1.205439
 87.000000 1.202772
 88.000000 1.204651
 89.000000 1.210815
 90.000000 1.220351
 91.000000 1.232043
 92.000000 1.244623
 93.000000 1.256478
 94.000000 1.266315
 95.000000 1.273015
 96.000000 1.275755
 97.000000 1.274188
 98.000000 1.268688
 99.000000 1.260356
 100.000000 1.250572
 101.000000 1.240736
 102.000000 1.232069
 103.000000 1.225367
 104.000000 1.221325
 105.000000 1.220430
 106.000000 1.222758
 107.000000 1.228106
 108.000000 1.235993
 109.000000 1.245472
 110.000000 1.255352
 111.000000 1.264428
 112.000000 1.271416
 113.000000 1.275275
 114.000000 1.275252
 115.000000 1.271226
 116.000000 1.263739
 117.000000 1.253725
 118.000000 1.242351
 119.000000 1.230864
 120.000000 1.220486
 121.000000 1.212369
 122.000000 1.207556
 123.000000 1.206627
 124.000000 1.209738
 125.000000 1.216556
 126.000000 1.226156
 127.000000 1.237239
 128.000000 1.248477
 129.000000 1.258437
 130.000000 1.265962
 131.000000 1.270616
 132.000000 1.272380
 133.000000 1.271586
 134.000000 1.268739
 135.000000 1.264453
 136.000000 1.259436
 137.000000 1.254421
 138.000000 1.250146
 139.000000 1.247356
 140.000000 1.246569
 141.000000 1.248091
 142.000000 1.251830
 143.000000 1.257220
 144.000000 1.263323
 145.000000 1.268906
 146.000000 1.272621
 147.000000 1.273444
 148.000000 1.270789
 149.000000 1.264786
 150.000000 1.256156
 151.000000 1.246112
 152.000000 1.236266
 153.000000 1.228150
 154.000000 1.223101
 155.000000 1.221868
 156.000000 1.224638
 157.000000 1.231218
 158.000000 1.240956
 159.000000 1.252713
 160.000000 1.265200
 161.000000 1.277040
 162.000000 1.286734
 163.000000 1.293337
 164.000000 1.295966
 165.000000 1.294302
 166.000000 1.288594
 167.000000 1.279701
 168.000000 1.268618
 169.000000 1.256462
 170.000000 1.244422
 171.000000 1.233571
 172.000000 1.224701
 173.000000 1.218565
 174.000000 1.215739
 175.000000 1.216620
 176.000000 1.221183
 177.000000 1.228862
 178.000000 1.238659
 179.000000 1.249304
 180.000000 1.259273
 181.000000 1.267524
 182.000000 1.273261
 183.000000 1.276242
 184.000000 1.276732
 185.000000 1.275202
 186.000000 1.272118
 187.000000 1.267956
 188.000000 1.263046
 189.000000 1.257793
 190.000000 1.252685
 191.000000 1.248076
 192.000000 1.244305
 193.000000 1.241612
 194.000000 1.239988
 195.000000 1.239137
 196.000000 1.238490
 197.000000 1.237393
 198.000000 1.235360
 199.000000 1.232313
 200.000000 1.228655
 201.000000 1.225228
 202.000000 1.222995
 203.000000 1.222700
 204.000000 1.224746
 205.000000 1.229186
 206.000000 1.235622
 207.000000 1.243425
 208.000000 1.251753
 209.000000 1.259617
 210.000000 1.266230
 211.000000 1.270834
 212.000000 1.272973
 213.000000 1.272366
 214.000000 1.268945
 215.000000 1.262741
 216.000000 1.253987
 217.000000 1.243261
 218.000000 1.231484
 219.000000 1.220033
 220.000000 1.210668
 221.000000 1.204729
 222.000000 1.203220
 223.000000 1.206634
 224.000000 1.214820
 225.000000 1.227041
 226.000000 1.242158
 227.000000 1.258779
 228.000000 1.275579
 229.000000 1.290890
 230.000000 1.303550
 231.000000 1.312324
 232.000000 1.316319
 233.000000 1.315083
 234.000000 1.308494
 235.000000 1.296934
 236.000000 1.281538
 237.000000 1.263222
 238.000000 1.243315
 239.000000 1.223694
 240.000000 1.206253
 241.000000 1.192964
 242.000000 1.185443
 243.000000 1.184489
 244.000000 1.190116
 245.000000 1.201289
 246.000000 1.216134
 247.000000 1.232275
 248.000000 1.247473
 249.000000 1.260222
 250.000000 1.269522
 251.000000 1.275173
 252.000000 1.277533
 253.000000 1.277148
 254.000000 1.274603
 255.000000 1.270438
 256.000000 1.265141
 257.000000 1.259067
 258.000000 1.252485
 259.000000 1.245904
 260.000000 1.239774
 261.000000 1.234702
 262.000000 1.231200
 263.000000 1.229572
 264.000000 1.229881
 265.000000 1.231869
 266.000000 1.235004
 267.000000 1.238624
 268.000000 1.242069
 269.000000 1.244949
 270.000000 1.247176
 271.000000 1.248948
 272.000000 1.250640
 273.000000 1.252636
 274.000000 1.255140
 275.000000 1.258182
 276.000000 1.261635
 277.000000 1.265209
 278.000000 1.268558
 279.000000 1.271339
 280.000000 1.273252
 281.000000 1.273947
 282.000000 1.273070
 283.000000 1.270273
 284.000000 1.265333
 285.000000 1.258341
 286.000000 1.249680
 287.000000 1.240118
 288.000000 1.230782
 289.000000 1.222785
 290.000000 1.217176
 291.000000 1.214657
 292.000000 1.215606
 293.000000 1.220040
 294.000000 1.227585
 295.000000 1.237571
 296.000000 1.249022
 297.000000 1.260775
 298.000000 1.271710
 299.000000 1.280436
 300.000000 1.285955
 301.000000 1.287399
 302.000000 1.284402
 303.000000 1.277107
 304.000000 1.266121
 305.000000 1.252579
 306.000000 1.237937
 307.000000 1.223747
 308.000000 1.211554
 309.000000 1.202705
 310.000000 1.198053
 311.000000 1.198071
 312.000000 1.202820
 313.000000 1.211788
 314.000000 1.224045
 315.000000 1.238330
 316.000000 1.253080
 317.000000 1.267060
 318.000000 1.278998
 319.000000 1.287767
 320.000000 1.292771
 321.000000 1.293653
 322.000000 1.290493
 323.000000 1.283826
 324.000000 1.274325
 325.000000 1.262959
 326.000000 1.250967
 327.000000 1.239426
 328.000000 1.229364
 329.000000 1.221616
 330.000000 1.216772
 331.000000 1.215117
 332.000000 1.216570
 333.000000 1.220619
 334.000000 1.226419
 335.000000 1.233017
 336.000000 1.239407
 337.000000 1.244862
 338.000000 1.249000
 339.000000 1.251770
 340.000000 1.253362
 341.000000 1.254059
 342.000000 1.254147
 343.000000 1.253892
 344.000000 1.253520
 345.000000 1.253204
 346.000000 1.253053
 347.000000 1.253096
 348.000000 1.253258
 349.000000 1.253351
 350.000000 1.253063
 351.000000 1.252038
 352.000000 1.249964
 353.000000 1.246649
 354.000000 1.242196
 355.000000 1.237052
 356.000000 1.231829
 357.000000 1.227264
 358.000000 1.224073
 359.000000 1.222721
 360.000000 1.223443
 361.000000 1.226250
 362.000000 1.231028
 363.000000 1.237519
 364.000000 1.245421
 365.000000 1.254379
 366.000000 1.263819
 367.000000 1.273228
 368.000000 1.281818
 369.000000 1.288598
 370.000000 1.292451
 371.000000 1.292222
 372.000000 1.287169
 373.000000 1.277129
 374.000000 1.262674
 375.000000 1.245414
 376.000000 1.227995
 377.000000 1.212738
 378.000000 1.201716
 379.000000 1.196528
 380.000000 1.197960
 381.000000 1.205474
 382.000000 1.217773
 383.000000 1.233030
 384.000000 1.249285
 385.000000 1.264970
 386.000000 1.278781
 387.000000 1.289963
 388.000000 1.297957
 389.000000 1.302591
 390.000000 1.303765
 391.000000 1.301544
 392.000000 1.296104
 393.000000 1.287723
 394.000000 1.276748
 395.000000 1.263737
 396.000000 1.249598
 397.000000 1.235879
 398.000000 1.224127
 399.000000 1.215926
 400.000000 1.212386
 401.000000 1.214069
 402.000000 1.220691
 403.000000 1.231008
 404.000000 1.243344
 405.000000 1.255782
 406.000000 1.266836
 407.000000 1.275431
 408.000000 1.281275
 409.000000 1.284539
 410.000000 1.285751
 411.000000 1.285441
 412.000000 1.284082
 413.000000 1.282029
 414.000000 1.279589
 415.000000 1.276976
 416.000000 1.274272
 417.000000 1.271520
 418.000000 1.268591
 419.000000 1.265339
 420.000000 1.261466
 421.000000 1.256690
 422.000000 1.250937
 423.000000 1.244155
 424.000000 1.236656
 425.000000 1.229066
 426.000000 1.222480
 427.000000 1.217826
 428.000000 1.216124
 429.000000 1.218048
 430.000000 1.223741
 431.000000 1.232733
 432.000000 1.244331
 433.000000 1.257558
 434.000000 1.271382
 435.000000 1.284600
 436.000000 1.296277
 437.000000 1.305269
 438.000000 1.310644
 439.000000 1.311541
 440.000000 1.307432
 441.000000 1.298061
 442.000000 1.283783
 443.000000 1.265395
 444.000000 1.244387
 445.000000 1.222977
 446.000000 1.203543
 447.000000 1.188633
 448.000000 1.180465
 449.000000 1.180210
 450.000000 1.187894
 451.000000 1.202403
 452.000000 1.221912
 453.000000 1.244178
 454.000000 1.266873
 455.000000 1.287763
 456.000000 1.305207
 457.000000 1.317834
 458.000000 1.324748
 459.000000 1.325738
 460.000000 1.320901
 461.000000 1.310860
 462.000000 1.296554
 463.000000 1.279269
 464.000000 1.260471
 465.000000 1.241690
 466.000000 1.224680
 467.000000 1.211097
 468.000000 1.202375
 469.000000 1.199324
 470.000000 1.202178
 471.000000 1.210419
 472.000000 1.222825
 473.000000 1.237914
 474.000000 1.254080
 475.000000 1.269904
 476.000000 1.284244
 477.000000 1.296072
 478.000000 1.304700
 479.000000 1.309767
 480.000000 1.311014
 481.000000 1.308259
 482.000000 1.301468
 483.000000 1.290872
 484.000000 1.277115
 485.000000 1.261244
 486.000000 1.244568
 487.000000 1.228474
 488.000000 1.214538
 489.000000 1.203987
 490.000000 1.197692
 491.000000 1.195841
 492.000000 1.198134
 493.000000 1.203881
 494.000000 1.212192
 495.000000 1.222385
 496.000000 1.233909
 497.000000 1.246337
 498.000000 1.259186
 499.000000 1.271869
 500.000000 1.283648
 501.000000 1.293594
 502.000000 1.300649
 503.000000 1.304246
 504.000000 1.303973
 505.000000 1.299743
 506.000000 1.291764
 507.000000 1.280539
 508.000000 1.266723
 509.000000 1.251337
 510.000000 1.235555
 511.000000 1.220531
 512.000000 1.207930
 513.000000 1.199170
 514.000000 1.195470
 515.000000 1.197463
 516.000000 1.205057
 517.000000 1.217436
 518.000000 1.233098
 519.000000 1.250463
 520.000000 1.268137
 521.000000 1.285083
 522.000000 1.300435
 523.000000 1.313362
 524.000000 1.323365
 525.000000 1.329776
 526.000000 1.331930
 527.000000 1.329326
 528.000000 1.321662
 529.000000 1.308799
 530.000000 1.290699
 531.000000 1.268533
 532.000000 1.243868
 533.000000 1.218513
 534.000000 1.195556
 535.000000 1.178238
 536.000000 1.168927
 537.000000 1.168929
 538.000000 1.177950
 539.000000 1.194388
 540.000000 1.215607
 541.000000 1.238218
 542.000000 1.259473
 543.000000 1.277547
 544.000000 1.290984
 545.000000 1.299438
 546.000000 1.302842
 547.000000 1.301433
 548.000000 1.295527
 549.000000 1.285557
 550.000000 1.272107
 551.000000 1.255948
 552.000000 1.237891
 553.000000 1.219348
 554.000000 1.202265
 555.000000 1.188499
 556.000000 1.180285
 557.000000 1.179065
 558.000000 1.185280
 559.000000 1.198206
 560.000000 1.216116
 561.000000 1.236759
 562.000000 1.257913
 563.000000 1.277775
 564.000000 1.294610
 565.000000 1.307460
 566.000000 1.316311
 567.000000 1.321392
 568.000000 1.323150
 569.000000 1.321986
 570.000000 1.318210
 571.000000 1.311998
 572.000000 1.303500
 573.000000 1.293020
 574.000000 1.280787
 575.000000 1.267276
 576.000000 1.252920
 577.000000 1.238406
 578.000000 1.224421
 579.000000 1.211847
 580.000000 1.201839
 581.000000 1.195448
 582.000000 1.193496
 583.000000 1.196340
 584.000000 1.203814
 585.000000 1.215184
 586.000000 1.229136
 587.000000 1.244492
 588.000000 1.259752
 589.000000 1.273739
 590.000000 1.285516
 591.000000 1.294099
 592.000000 1.298979
 593.000000 1.299847
 594.000000 1.296621
 595.000000 1.289348
 596.000000 1.278243
 597.000000 1.263810
 598.000000 1.247009
 599.000000 1.228912
 600.000000 1.211155
 601.000000 1.195805
 602.000000 1.185138
 603.000000 1.181030
 604.000000 1.184411
 605.000000 1.195139
 606.000000 1.212189
 607.000000 1.233752
 608.000000 1.257672
 609.000000 1.282032
 610.000000 1.305063
 611.000000 1.325134
 612.000000 1.341138
 613.000000 1.352266
 614.000000 1.358049
 615.000000 1.358396
 616.000000 1.353657
 617.000000 1.344469
 618.000000 1.331638
 619.000000 1.316106
 620.000000 1.298862
 621.000000 1.281058
 622.000000 1.263861
 623.000000 1.248413
 624.000000 1.235624
 625.000000 1.226196
 626.000000 1.220810
 627.000000 1.219676
 628.000000 1.222483
 629.000000 1.228552
 630.000000 1.236998
 631.000000 1.246663
 632.000000 1.256554
 633.000000 1.265786
 634.000000 1.273694
 635.000000 1.279991
 636.000000 1.284430
 637.000000 1.286818
 638.000000 1.287131
 639.000000 1.285448
 640.000000 1.281944
 641.000000 1.276971
 642.000000 1.270873
 643.000000 1.264091
 644.000000 1.257031
 645.000000 1.249893
 646.000000 1.242941
 647.000000 1.236396
 648.000000 1.230502
 649.000000 1.225566
 650.000000 1.221999
 651.000000 1.220293
 652.000000 1.220964
 653.000000 1.224369
 654.000000 1.230625
 655.000000 1.239582
 656.000000 1.250769
 657.000000 1.263539
 658.000000 1.277203
 659.000000 1.290702
 660.000000 1.303180
 661.000000 1.313938
 662.000000 1.322218
 663.000000 1.327567
 664.000000 1.329486
 665.000000 1.327886
 666.000000 1.322922
 667.000000 1.314984
 668.000000 1.304898
 669.000000 1.293587
 670.000000 1.281893
 671.000000 1.270527
 672.000000 1.259935
 673.000000 1.250698
 674.000000 1.243275
 675.000000 1.237952
 676.000000 1.235119
 677.000000 1.235143
 678.000000 1.238180
 679.000000 1.244086
 680.000000 1.252350
 681.000000 1.262129
 682.000000 1.272290
 683.000000 1.281789
 684.000000 1.289567
 685.000000 1.294715
 686.000000 1.296795
 687.000000 1.295860
 688.000000 1.292236
 689.000000 1.286455
 690.000000 1.279216
 691.000000 1.271134
 692.000000 1.262867
 693.000000 1.255051
 694.000000 1.248279
 695.000000 1.242964
 696.000000 1.239494
 697.000000 1.238112
 698.000000 1.238939
 699.000000 1.241926
 700.000000 1.246898
 701.000000 1.253602
 702.000000 1.261657
 703.000000 1.270606
 704.000000 1.279911
 705.000000 1.289032
 706.000000 1.297541
 707.000000 1.304975
 708.000000 1.310918
 709.000000 1.315311
 710.000000 1.318250
 711.000000 1.319944
 712.000000 1.320641
 713.000000 1.320563
 714.000000 1.319801
 715.000000 1.318261
 716.000000 1.315697
 717.000000 1.311747
 718.000000 1.306039
 719.000000 1.298419
 720.000000 1.289212
 721.000000 1.279070
 722.000000 1.269005
 723.000000 1.260155
 724.000000 1.253567
 725.000000 1.249937
 726.000000 1.249592
 727.000000 1.252418
 728.000000 1.257890
 729.000000 1.265237
 730.000000 1.273557
 731.000000 1.282033
 732.000000 1.290022
 733.000000 1.297086
 734.000000 1.302929
 735.000000 1.307190
 736.000000 1.309608
 737.000000 1.309937
 738.000000 1.308003
 739.000000 1.303735
 740.000000 1.297265
 741.000000 1.288917
 742.000000 1.279405
 743.000000 1.269724
 744.000000 1.260927
 745.000000 1.254154
 746.000000 1.250289
 747.000000 1.249971
 748.000000 1.253388
 749.000000 1.260178
 750.000000 1.269681
 751.000000 1.280781
 752.000000 1.292401
 753.000000 1.303679
 754.000000 1.314081
 755.000000 1.323691
 756.000000 1.332821
 757.000000 1.341934
 758.000000 1.351586
 759.000000 1.361904
 760.000000 1.372926
 761.000000 1.384206
 762.000000 1.395110
 763.000000 1.404861
 764.000000 1.412774
 765.000000 1.418293
 766.000000 1.421041
 767.000000 1.420943
 768.000000 1.418207
 769.000000 1.413251
 770.000000 1.406555
 771.000000 1.398589
 772.000000 1.389932
 773.000000 1.380939
 774.000000 1.371790
 775.000000 1.362609
 776.000000 1.353558
 777.000000 1.344616
 778.000000 1.335888
 779.000000 1.327490
 780.000000 1.319952
 781.000000 1.313827
 782.000000 1.309687
 783.000000 1.308060
 784.000000 1.309210
 785.000000 1.313103
 786.000000 1.319382
 787.000000 1.327356
 788.000000 1.336364
 789.000000 1.345708
 790.000000 1.354909
 791.000000 1.363664
 792.000000 1.371836
 793.000000 1.379556
 794.000000 1.387081
 795.000000 1.394623
 796.000000 1.402328
 797.000000 1.410475
 798.000000 1.418914
 799.000000 1.427265
 800.000000 1.434840
 801.000000 1.441037
 802.000000 1.445023
 803.000000 1.446089
 804.000000 1.443868
 805.000000 1.438471
 806.000000 1.430333
 807.000000 1.420185
 808.000000 1.408884
 809.000000 1.397216
 810.000000 1.385584
 811.000000 1.374350
 812.000000 1.363535
 813.000000 1.353232
 814.000000 1.343531
 815.000000 1.334364
 816.000000 1.325961
 817.000000 1.318637
 818.000000 1.312810
 819.000000 1.308994
 820.000000 1.307547
 821.000000 1.308729
 822.000000 1.312543
 823.000000 1.318763
 824.000000 1.326881
 825.000000 1.336224
 826.000000 1.346327
 827.000000 1.356627
 828.000000 1.367094
 829.000000 1.377885
 830.000000 1.389407
 831.000000 1.401962
 832.000000 1.415587
 833.000000 1.430270
 834.000000 1.445323
 835.000000 1.459992
 836.000000 1.473369
 837.000000 1.484444
 838.000000 1.492235
 839.000000 1.496361
 840.000000 1.496892
 841.000000 1.494306
 842.000000 1.489421
 843.000000 1.483115
 844.000000 1.476049
 845.000000 1.468632
 846.000000 1.460963
 847.000000 1.452926
 848.000000 1.444182
 849.000000 1.434568
 850.000000 1.423863
 851.000000 1.412355
 852.000000 1.400532
 853.000000 1.389263
 854.000000 1.379474
 855.000000 1.371917
 856.000000 1.367045
 857.000000 1.365023
 858.000000 1.365676
 859.000000 1.368568
 860.000000 1.373067
 861.000000 1.378472
 862.000000 1.384270
 863.000000 1.389979
 864.000000 1.395396
 865.000000 1.400509
 866.000000 1.405511
 867.000000 1.410890
 868.000000 1.417123
 869.000000 1.424570
 870.000000 1.433306
 871.000000 1.442945
 872.000000 1.452902
 873.000000 1.462407
 874.000000 1.470407
 875.000000 1.476016
 876.000000 1.478524
 877.000000 1.477661
 878.000000 1.473538
 879.000000 1.466655
 880.000000 1.457832
 881.000000 1.448012
 882.000000 1.438028
 883.000000 1.428561
 884.000000 1.420149
 885.000000 1.412793
 886.000000 1.406298
 887.000000 1.400314
 888.000000 1.394285
 889.000000 1.387560
 890.000000 1.379698
 891.000000 1.370441
 892.000000 1.359764
 893.000000 1.348262
 894.000000 1.336943
 895.000000 1.327106
 896.000000 1.320102
 897.000000 1.317059
 898.000000 1.318644
 899.000000 1.325019
 900.000000 1.335784
 901.000000 1.350222
 902.000000 1.367175
 903.000000 1.385406
 904.000000 1.403759
 905.000000 1.421417
 906.000000 1.437480
 907.000000 1.452028
 908.000000 1.465271
 909.000000 1.477701
 910.000000 1.489878
 911.000000 1.502296
 912.000000 1.515296
 913.000000 1.528660
 914.000000 1.541848
 915.000000 1.554018
 916.000000 1.564118
 917.000000 1.571371
 918.000000 1.575288
 919.000000 1.575848
 920.000000 1.573568
 921.000000 1.569273
 922.000000 1.564001
 923.000000 1.558677
 924.000000 1.553931
 925.000000 1.549911
 926.000000 1.546185
 927.000000 1.541841
 928.000000 1.535547
 929.000000 1.525934
 930.000000 1.511910
 931.000000 1.492823
 932.000000 1.469181
 933.000000 1.441989
 934.000000 1.412798
 935.000000 1.383297
 936.000000 1.355962
 937.000000 1.332551
 938.000000 1.314564
 939.000000 1.303078
 940.000000 1.298652
 941.000000 1.300945
 942.000000 1.308819
 943.000000 1.320704
 944.000000 1.334739
 945.000000 1.349588
 946.000000 1.364689
 947.000000 1.380096
 948.000000 1.396423
 949.000000 1.414505
 950.000000 1.435529
 951.000000 1.459736
 952.000000 1.486896
 953.000000 1.515540
 954.000000 1.544263
 955.000000 1.571218
 956.000000 1.594128
 957.000000 1.611461
 958.000000 1.622530
 959.000000 1.627738
 960.000000 1.628221
 961.000000 1.625679
 962.000000 1.621858
 963.000000 1.618146
 964.000000 1.615347
 965.000000 1.613510
 966.000000 1.611821
 967.000000 1.608875
 968.000000 1.602987
 969.000000 1.592602
 970.000000 1.576688
 971.000000 1.554886
 972.000000 1.527854
 973.000000 1.497099
 974.000000 1.464813
 975.000000 1.433065
 976.000000 1.403793
 977.000000 1.378985
 978.000000 1.359653
 979.000000 1.346238
 980.000000 1.338494
 981.000000 1.335545
 982.000000 1.336136
 983.000000 1.338949
 984.000000 1.342928
 985.000000 1.347412
 986.000000 1.352359
 987.000000 1.358187
 988.000000 1.365593
 989.000000 1.375348
 990.000000 1.388091
 991.000000 1.404130
 992.000000 1.423323
 993.000000 1.444709
 994.000000 1.467425
 995.000000 1.489811
 996.000000 1.510183
 997.000000 1.527161
 998.000000 1.539492
 999.000000 1.546802
 1000.000000 1.549547
 1001.000000 1.548732
 1002.000000 1.545791
 1003.000000 1.542223
 1004.000000 1.539349
 1005.000000 1.538003
 1006.000000 1.538497
 1007.000000 1.540503
 1008.000000 1.543153
 1009.000000 1.545226
 1010.000000 1.545397
 1011.000000 1.542549
 1012.000000 1.536011
 1013.000000 1.525507
 1014.000000 1.511367
 1015.000000 1.494228
 1016.000000 1.475167
 1017.000000 1.454935
 1018.000000 1.434283
 1019.000000 1.414226
 1020.000000 1.395680
 1021.000000 1.379084
 1022.000000 1.364682
 1023.000000 1.352634
 1024.000000 1.342855
 1025.000000 1.335196
 1026.000000 1.329551
 1027.000000 1.325805
 1028.000000 1.323997
 1029.000000 1.324268
 1030.000000 1.326879
 1031.000000 1.332129
 1032.000000 1.340165
 1033.000000 1.351074
 1034.000000 1.364550
 1035.000000 1.380069
 1036.000000 1.397094
 1037.000000 1.414602
 1038.000000 1.431674
 1039.000000 1.447488
 1040.000000 1.461400
 1041.000000 1.472703
 1042.000000 1.481043
 1043.000000 1.486223
 1044.000000 1.488393
 1045.000000 1.487902
 1046.000000 1.485289
 1047.000000 1.481243
 1048.000000 1.476504
 1049.000000 1.471769
 1050.000000 1.467571
 1051.000000 1.464105
 1052.000000 1.461337
 1053.000000 1.458869
 1054.000000 1.456125
 1055.000000 1.452400
 1056.000000 1.447176
 1057.000000 1.440363
 1058.000000 1.432200
 1059.000000 1.423694
 1060.000000 1.416227
 1061.000000 1.411336
 1062.000000 1.410331
 1063.000000 1.413898
 1064.000000 1.421923
 1065.000000 1.433380
 1066.000000 1.446798
 1067.000000 1.460285
 1068.000000 1.471771
 1069.000000 1.479620
 1070.000000 1.482914
 1071.000000 1.481645
 1072.000000 1.476568
 1073.000000 1.468992
 1074.000000 1.460360
 1075.000000 1.451909
 1076.000000 1.444582
 1077.000000 1.438668
 1078.000000 1.433751
 1079.000000 1.428963
 1080.000000 1.423101
 1081.000000 1.415206
 1082.000000 1.404531
 1083.000000 1.390938
 1084.000000 1.375029
 1085.000000 1.358030
 1086.000000 1.341484
 1087.000000 1.327122
 1088.000000 1.316491
 1089.000000 1.310527
 1090.000000 1.309575
 1091.000000 1.313263
 1092.000000 1.320555
 1093.000000 1.330100
 1094.000000 1.340379
 1095.000000 1.350142
 1096.000000 1.358335
 1097.000000 1.364715
 1098.000000 1.369659
 1099.000000 1.374011
 1100.000000 1.378771
 1101.000000 1.384861
 1102.000000 1.392958
 1103.000000 1.403410
 1104.000000 1.415871
 1105.000000 1.429376
 1106.000000 1.442716
 1107.000000 1.454533
 1108.000000 1.463517
 1109.000000 1.468627
 1110.000000 1.469395
 1111.000000 1.466045
 1112.000000 1.459365
 1113.000000 1.450675
 1114.000000 1.441497
 1115.000000 1.433198
 1116.000000 1.426732
 1117.000000 1.422509
 1118.000000 1.420430
 1119.000000 1.419831
 1120.000000 1.419680
 1121.000000 1.418812
 1122.000000 1.416274
 1123.000000 1.411498
 1124.000000 1.404581
 1125.000000 1.396268
 1126.000000 1.387771
 1127.000000 1.380770
 1128.000000 1.376995
 1129.000000 1.377864
 1130.000000 1.384194
 1131.000000 1.396092
 1132.000000 1.412844
 1133.000000 1.432939
 1134.000000 1.454621
 1135.000000 1.475672
 1136.000000 1.494365
 1137.000000 1.510146
 1138.000000 1.522593
 1139.000000 1.531834
 1140.000000 1.538671
 1141.000000 1.544097
 1142.000000 1.549103
 1143.000000 1.554324
 1144.000000 1.560014
 1145.000000 1.565945
 1146.000000 1.571407
 1147.000000 1.575505
 1148.000000 1.577319
 1149.000000 1.576035
 1150.000000 1.571131
 1151.000000 1.562391
 1152.000000 1.550040
 1153.000000 1.534649
 1154.000000 1.516970
 1155.000000 1.497959
 1156.000000 1.478582
 1157.000000 1.459954
 1158.000000 1.442380
 1159.000000 1.426376
 1160.000000 1.412108
 1161.000000 1.399678
 1162.000000 1.388831
 1163.000000 1.379203
 1164.000000 1.370688
 1165.000000 1.363348
 1166.000000 1.357472
 1167.000000 1.353612
 1168.000000 1.352490
 1169.000000 1.354797
 1170.000000 1.361059
 1171.000000 1.371332
 1172.000000 1.385412
 1173.000000 1.402504
 1174.000000 1.421403
 1175.000000 1.440718
 1176.000000 1.459410
 1177.000000 1.475984
 1178.000000 1.489426
 1179.000000 1.499051
 1180.000000 1.504876
 1181.000000 1.507313
 1182.000000 1.507159
 1183.000000 1.505378
 1184.000000 1.502794
 1185.000000 1.499954
 1186.000000 1.496984
 1187.000000 1.493564
 1188.000000 1.489037
 1189.000000 1.482501
 1190.000000 1.473139
 1191.000000 1.460472
 1192.000000 1.444501
 1193.000000 1.425922
 1194.000000 1.405665
 1195.000000 1.384947
 1196.000000 1.365333
 1197.000000 1.348241
 1198.000000 1.334864
 1199.000000 1.326080
 1200.000000 1.322081
 1201.000000 1.322576
 1202.000000 1.326881
 1203.000000 1.333937
 1204.000000 1.342581
 1205.000000 1.351703
 1206.000000 1.360372
 1207.000000 1.368150
 1208.000000 1.374959
 1209.000000 1.381127
 1210.000000 1.387292
 1211.000000 1.394302
 1212.000000 1.402767
 1213.000000 1.413111
 1214.000000 1.425160
 1215.000000 1.438344
 1216.000000 1.451665
 1217.000000 1.463875
 1218.000000 1.473581
 1219.000000 1.479485
 1220.000000 1.480482
 1221.000000 1.475962
 1222.000000 1.465941
 1223.000000 1.451173
 1224.000000 1.432635
 1225.000000 1.411719
 1226.000000 1.389985
 1227.000000 1.368866
 1228.000000 1.349508
 1229.000000 1.332746
 1230.000000 1.319263
 1231.000000 1.309277
 1232.000000 1.302603
 1233.000000 1.298968
 1234.000000 1.298079
 1235.000000 1.299692
 1236.000000 1.303723
 1237.000000 1.310179
 1238.000000 1.319219
 1239.000000 1.330971
 1240.000000 1.345379
 1241.000000 1.362179
 1242.000000 1.380810
 1243.000000 1.400438
 1244.000000 1.419798
 1245.000000 1.437753
 1246.000000 1.453112
 1247.000000 1.464537
 1248.000000 1.471051
 1249.000000 1.472182
 1250.000000 1.467992
 1251.000000 1.459026
 1252.000000 1.446366
 1253.000000 1.431413
 1254.000000 1.415429
 1255.000000 1.399701
 1256.000000 1.384929
 1257.000000 1.371726
 1258.000000 1.360146
 1259.000000 1.349610
 1260.000000 1.339653
 1261.000000 1.329731
 1262.000000 1.319459
 1263.000000 1.309083
 1264.000000 1.299186
 1265.000000 1.290714
 1266.000000 1.284937
 1267.000000 1.282793
 1268.000000 1.284886
 1269.000000 1.291153
 1270.000000 1.300966
 1271.000000 1.313158
 1272.000000 1.326192
 1273.000000 1.338492
 1274.000000 1.348786
 1275.000000 1.356132
 1276.000000 1.359973
 1277.000000 1.360350
 1278.000000 1.357769
 1279.000000 1.353117
 1280.000000 1.347400
 1281.000000 1.341727
 1282.000000 1.336971
 1283.000000 1.333777
 1284.000000 1.332461
 1285.000000 1.333020
 1286.000000 1.335106
 1287.000000 1.338085
 1288.000000 1.341244
 1289.000000 1.343837
 1290.000000 1.345200
 1291.000000 1.344915
 1292.000000 1.342910
 1293.000000 1.339466
 1294.000000 1.335134
 1295.000000 1.330653
 1296.000000 1.326852
 1297.000000 1.324314
 1298.000000 1.323284
 1299.000000 1.323628
 1300.000000 1.324819
 1301.000000 1.326043
 1302.000000 1.326464
 1303.000000 1.325424
 1304.000000 1.322678
 1305.000000 1.318462
 1306.000000 1.313509
 1307.000000 1.308880
 1308.000000 1.305553
 1309.000000 1.304367
 1310.000000 1.305798
 1311.000000 1.309798
 1312.000000 1.315869
 1313.000000 1.323088
 1314.000000 1.330217
 1315.000000 1.336121
 1316.000000 1.339999
 1317.000000 1.341347
 1318.000000 1.340184
 1319.000000 1.336971
 1320.000000 1.332584
 1321.000000 1.327979
 1322.000000 1.323979
 1323.000000 1.321276
 1324.000000 1.320237
 1325.000000 1.320846
 1326.000000 1.322680
 1327.000000 1.324994
 1328.000000 1.326806
 1329.000000 1.327067
 1330.000000 1.324947
 1331.000000 1.320008
 1332.000000 1.312328
 1333.000000 1.302690
 1334.000000 1.292207
 1335.000000 1.282217
 1336.000000 1.274143
 1337.000000 1.269193
 1338.000000 1.268101
 1339.000000 1.271078
 1340.000000 1.277703
 1341.000000 1.287054
 1342.000000 1.297729
 1343.000000 1.308433
 1344.000000 1.317949
 1345.000000 1.325486
 1346.000000 1.330760
 1347.000000 1.333986
 1348.000000 1.335874
 1349.000000 1.337301
 1350.000000 1.339087
 1351.000000 1.341803
 1352.000000 1.345681
 1353.000000 1.350544
 1354.000000 1.355795
 1355.000000 1.360597
 1356.000000 1.363869
 1357.000000 1.364700
 1358.000000 1.362441
 1359.000000 1.356857
 1360.000000 1.348240
 1361.000000 1.337443
 1362.000000 1.325524
 1363.000000 1.313777
 1364.000000 1.303105
 1365.000000 1.294570
 1366.000000 1.288902
 1367.000000 1.286351
 1368.000000 1.286831
 1369.000000 1.289931
 1370.000000 1.294964
 1371.000000 1.301260
 1372.000000 1.308318
 1373.000000 1.315865
 1374.000000 1.323757
 1375.000000 1.332028
 1376.000000 1.340804
 1377.000000 1.350212
 1378.000000 1.360185
 1379.000000 1.370562
 1380.000000 1.380872
 1381.000000 1.390676
 1382.000000 1.399544
 1383.000000 1.407021
 1384.000000 1.412549
 1385.000000 1.415782
 1386.000000 1.416569
 1387.000000 1.414956
 1388.000000 1.411313
 1389.000000 1.406304
 1390.000000 1.400727
 1391.000000 1.395621
 1392.000000 1.391833
 1393.000000 1.390195
 1394.000000 1.391263
 1395.000000 1.395219
 1396.000000 1.401871
 1397.000000 1.410601
 1398.000000 1.420595
 1399.000000 1.430791
 1400.000000 1.440144
 1401.000000 1.447679
 1402.000000 1.452967
 1403.000000 1.456193
 1404.000000 1.458002
 1405.000000 1.459338
 1406.000000 1.461279
 1407.000000 1.464720
 1408.000000 1.470195
 1409.000000 1.477720
 1410.000000 1.486882
 1411.000000 1.496855
 1412.000000 1.506385
 1413.000000 1.514248
 1414.000000 1.519251
 1415.000000 1.520467
 1416.000000 1.517509
 1417.000000 1.510465
 1418.000000 1.500100
 1419.000000 1.487561
 1420.000000 1.474158
 1421.000000 1.460921
 1422.000000 1.448660
 1423.000000 1.437936
 1424.000000 1.429088
 1425.000000 1.422066
 1426.000000 1.416462
 1427.000000 1.411738
 1428.000000 1.407407
 1429.000000 1.403075
 1430.000000 1.398687
 1431.000000 1.394511
 1432.000000 1.391075
 1433.000000 1.389078
 1434.000000 1.389232
 1435.000000 1.392075
 1436.000000 1.397884
 1437.000000 1.406626
 1438.000000 1.417852
 1439.000000 1.430687
 1440.000000 1.444152
 1441.000000 1.457231
 1442.000000 1.468731
 1443.000000 1.477590
 1444.000000 1.483298
 1445.000000 1.485657
 1446.000000 1.484951
 1447.000000 1.481919
 1448.000000 1.477475
 1449.000000 1.472514
 1450.000000 1.467718
 1451.000000 1.463501
 1452.000000 1.459872
 1453.000000 1.456343
 1454.000000 1.452095
 1455.000000 1.446154
 1456.000000 1.437548
 1457.000000 1.425719
 1458.000000 1.410580
 1459.000000 1.392732
 1460.000000 1.373620
 1461.000000 1.354612
 1462.000000 1.337235
 1463.000000 1.322798
 1464.000000 1.312525
 1465.000000 1.307195
 1466.000000 1.306810
 1467.000000 1.310807
 1468.000000 1.318192
 1469.000000 1.327721
 1470.000000 1.338001
 1471.000000 1.347999
 1472.000000 1.356877
 1473.000000 1.364195
 1474.000000 1.369997
 1475.000000 1.374613
 1476.000000 1.378581
 1477.000000 1.382358
 1478.000000 1.386400
 1479.000000 1.390953
 1480.000000 1.395987
 1481.000000 1.401343
 1482.000000 1.406477
 1483.000000 1.410780
 1484.000000 1.413531
 1485.000000 1.414170
 1486.000000 1.412321
 1487.000000 1.407931
 1488.000000 1.401249
 1489.000000 1.392898
 1490.000000 1.383644
 1491.000000 1.374345
 1492.000000 1.365764
 1493.000000 1.358466
 1494.000000 1.352791
 1495.000000 1.348917
 1496.000000 1.346708
 1497.000000 1.345773
 1498.000000 1.345588
 1499.000000 1.345632
 1500.000000 1.345528
 1501.000000 1.345128
 1502.000000 1.344568
 1503.000000 1.344233
 1504.000000 1.344658
 1505.000000 1.346411
 1506.000000 1.349959
 1507.000000 1.355530
 1508.000000 1.363144
 1509.000000 1.372489
 1510.000000 1.382827
 1511.000000 1.393349
 1512.000000 1.403213
 1513.000000 1.411630
 1514.000000 1.418188
 1515.000000 1.422873
 1516.000000 1.425899
 1517.000000 1.427874
 1518.000000 1.429474
 1519.000000 1.431352
 1520.000000 1.433908
 1521.000000 1.437205
 1522.000000 1.440943
 1523.000000 1.444467
 1524.000000 1.446927
 1525.000000 1.447365
 1526.000000 1.444993
 1527.000000 1.439361
 1528.000000 1.430422
 1529.000000 1.418408
 1530.000000 1.404356
 1531.000000 1.389293
 1532.000000 1.374364
 1533.000000 1.360483
 1534.000000 1.348685
 1535.000000 1.339534
 1536.000000 1.333155
 1537.000000 1.329269
 1538.000000 1.327343
 1539.000000 1.326685
 1540.000000 1.326582
 1541.000000 1.326447
 1542.000000 1.325923
 1543.000000 1.324921
 1544.000000 1.323634
 1545.000000 1.322500
 1546.000000 1.322100
 1547.000000 1.323083
 1548.000000 1.326038
 1549.000000 1.331394
 1550.000000 1.339219
 1551.000000 1.349427
 1552.000000 1.361504
 1553.000000 1.374801
 1554.000000 1.388303
 1555.000000 1.401128
 1556.000000 1.412338
 1557.000000 1.420997
 1558.000000 1.426509
 1559.000000 1.428598
 1560.000000 1.427416
 1561.000000 1.423530
 1562.000000 1.417753
 1563.000000 1.411163
 1564.000000 1.404674
 1565.000000 1.399055
 1566.000000 1.394667
 1567.000000 1.391522
 1568.000000 1.389246
 1569.000000 1.387273
 1570.000000 1.384921
 1571.000000 1.381591
 1572.000000 1.376920
 1573.000000 1.370971
 1574.000000 1.364094
 1575.000000 1.357040
 1576.000000 1.350642
 1577.000000 1.345872
 1578.000000 1.343582
 1579.000000 1.344229
 1580.000000 1.347903
 1581.000000 1.354318
 1582.000000 1.362702
 1583.000000 1.372067
 1584.000000 1.381209
 1585.000000 1.388808
 1586.000000 1.393772
 1587.000000 1.395307
 1588.000000 1.393089
 1589.000000 1.387357
 1590.000000 1.378827
 1591.000000 1.368596
 1592.000000 1.358073
 1593.000000 1.348628
 1594.000000 1.341390
 1595.000000 1.337121
 1596.000000 1.336113
 1597.000000 1.338052
 1598.000000 1.342063
 1599.000000 1.346986
 1600.000000 1.351694
 1601.000000 1.355426
 1602.000000 1.357933
 1603.000000 1.359564
 1604.000000 1.361139
 1605.000000 1.363799
 1606.000000 1.368736
 1607.000000 1.376766
 1608.000000 1.388063
 1609.000000 1.402175
 1610.000000 1.418088
 1611.000000 1.434055
 1612.000000 1.447864
 1613.000000 1.457497
 1614.000000 1.461684
 1615.000000 1.459822
 1616.000000 1.452237
 1617.000000 1.439954
 1618.000000 1.424487
 1619.000000 1.407473
 1620.000000 1.390394
 1621.000000 1.374579
 1622.000000 1.360978
 1623.000000 1.350233
 1624.000000 1.342274
 1625.000000 1.336790
 1626.000000 1.332953
 1627.000000 1.329796
 1628.000000 1.326372
 1629.000000 1.322097
 1630.000000 1.316840
 1631.000000 1.311078
 1632.000000 1.305717
 1633.000000 1.301897
 1634.000000 1.300656
 1635.000000 1.302731
 1636.000000 1.308324
 1637.000000 1.317089
 1638.000000 1.328230
 1639.000000 1.340567
 1640.000000 1.352883
 1641.000000 1.364020
 1642.000000 1.372818
 1643.000000 1.378477
 1644.000000 1.380641
 1645.000000 1.379372
 1646.000000 1.375107
 1647.000000 1.368603
 1648.000000 1.360847
 1649.000000 1.352946
 1650.000000 1.345962
 1651.000000 1.340771
 1652.000000 1.337884
 1653.000000 1.337490
 1654.000000 1.339428
 1655.000000 1.343301
 1656.000000 1.348563
 1657.000000 1.354640
 1658.000000 1.361051
 1659.000000 1.367483
 1660.000000 1.373947
 1661.000000 1.380657
 1662.000000 1.387904
 1663.000000 1.396059
 1664.000000 1.405317
 1665.000000 1.415595
 1666.000000 1.426582
 1667.000000 1.437712
 1668.000000 1.448324
 1669.000000 1.457596
 1670.000000 1.464886
 1671.000000 1.469646
 1672.000000 1.471542
 1673.000000 1.470511
 1674.000000 1.466859
 1675.000000 1.461252
 1676.000000 1.454552
 1677.000000 1.447689
 1678.000000 1.441647
 1679.000000 1.437161
 1680.000000 1.434633
 1681.000000 1.434115
 1682.000000 1.435291
 1683.000000 1.437580
 1684.000000 1.440247
 1685.000000 1.442511
 1686.000000 1.443568
 1687.000000 1.442787
 1688.000000 1.439828
 1689.000000 1.434717
 1690.000000 1.428010
 1691.000000 1.420567
 1692.000000 1.413620
 1693.000000 1.408424
 1694.000000 1.406018
 1695.000000 1.407181
 1696.000000 1.412171
 1697.000000 1.420693
 1698.000000 1.431987
 1699.000000 1.444988
 1700.000000 1.458551
 1701.000000 1.471374
 1702.000000 1.482335
 1703.000000 1.490712
 1704.000000 1.496214
 1705.000000 1.499091
 1706.000000 1.499862
 1707.000000 1.499186
 1708.000000 1.497685
 1709.000000 1.495836
 1710.000000 1.493898
 1711.000000 1.491915
 1712.000000 1.489684
 1713.000000 1.486897
 1714.000000 1.483211
 1715.000000 1.478390
 1716.000000 1.472469
 1717.000000 1.465664
 1718.000000 1.458398
 1719.000000 1.451317
 1720.000000 1.445172
 1721.000000 1.440530
 1722.000000 1.437831
 1723.000000 1.437265
 1724.000000 1.438709
 1725.000000 1.441739
 1726.000000 1.445679
 1727.000000 1.449694
 1728.000000 1.453070
 1729.000000 1.455379
 1730.000000 1.456503
 1731.000000 1.456675
 1732.000000 1.456456
 1733.000000 1.456568
 1734.000000 1.457707
 1735.000000 1.460376
 1736.000000 1.464788
 1737.000000 1.470746
 1738.000000 1.477824
 1739.000000 1.485361
 1740.000000 1.492517
 1741.000000 1.498516
 1742.000000 1.502843
 1743.000000 1.505097
 1744.000000 1.505249
 1745.000000 1.503587
 1746.000000 1.500653
 1747.000000 1.497115
 1748.000000 1.493668
 1749.000000 1.490912
 1750.000000 1.489271
 1751.000000 1.488842
 1752.000000 1.489498
 1753.000000 1.490838
 1754.000000 1.492300
 1755.000000 1.493243
 1756.000000 1.493124
 1757.000000 1.491650
 1758.000000 1.488879
 1759.000000 1.485196
 1760.000000 1.481182
 1761.000000 1.477581
 1762.000000 1.475042
 1763.000000 1.473969
 1764.000000 1.474456
 1765.000000 1.476278
 1766.000000 1.478920
 1767.000000 1.481745
 1768.000000 1.484143
 1769.000000 1.485511
 1770.000000 1.485508
 1771.000000 1.484126
 1772.000000 1.481684
 1773.000000 1.478802
 1774.000000 1.476281
 1775.000000 1.474932
 1776.000000 1.475457
 1777.000000 1.478282
 1778.000000 1.483482
 1779.000000 1.490831
 1780.000000 1.499687
 1781.000000 1.509040
 1782.000000 1.517770
 1783.000000 1.524917
 1784.000000 1.529721
 1785.000000 1.531854
 1786.000000 1.531469
 1787.000000 1.529086
 1788.000000 1.525444
 1789.000000 1.521314
 1790.000000 1.517254
 1791.000000 1.513505
 1792.000000 1.509983
 1793.000000 1.506282
 1794.000000 1.501708
 1795.000000 1.495572
 1796.000000 1.487414
 1797.000000 1.477114
 1798.000000 1.464664
 1799.000000 1.450693
 1800.000000 1.436289
 1801.000000 1.422723
 1802.000000 1.411183
 1803.000000 1.402835
 1804.000000 1.398353
 1805.000000 1.398085
 1806.000000 1.401834
 1807.000000 1.408982
 1808.000000 1.418540
 1809.000000 1.429480
 1810.000000 1.440773
 1811.000000 1.451811
 1812.000000 1.462214
 1813.000000 1.471960
 1814.000000 1.481264
 1815.000000 1.490319
 1816.000000 1.499352
 1817.000000 1.508283
 1818.000000 1.516965
 1819.000000 1.524958
 1820.000000 1.531698
 1821.000000 1.536680
 1822.000000 1.539481
 1823.000000 1.539759
 1824.000000 1.537333
 1825.000000 1.532135
 1826.000000 1.524364
 1827.000000 1.514341
 1828.000000 1.502412
 1829.000000 1.488932
 1830.000000 1.474552
 1831.000000 1.460081
 1832.000000 1.446083
 1833.000000 1.433094
 1834.000000 1.421719
 1835.000000 1.412437
 1836.000000 1.405467
 1837.000000 1.400869
 1838.000000 1.398496
 1839.000000 1.398135
 1840.000000 1.399478
 1841.000000 1.402193
 1842.000000 1.405953
 1843.000000 1.410427
 1844.000000 1.415462
 1845.000000 1.420791
 1846.000000 1.426201
 1847.000000 1.431449
 1848.000000 1.436438
 1849.000000 1.441019
 1850.000000 1.445105
 1851.000000 1.448690
 1852.000000 1.451825
 1853.000000 1.454575
 1854.000000 1.456983
 1855.000000 1.459085
 1856.000000 1.460892
 1857.000000 1.462450
 1858.000000 1.463863
 1859.000000 1.465267
 1860.000000 1.466873
 1861.000000 1.468917
 1862.000000 1.471601
 1863.000000 1.475060
 1864.000000 1.479294
 1865.000000 1.484150
 1866.000000 1.489366
 1867.000000 1.494505
 1868.000000 1.499146
 1869.000000 1.502715
 1870.000000 1.504762
 1871.000000 1.504963
 1872.000000 1.503150
 1873.000000 1.499269
 1874.000000 1.493367
 1875.000000 1.485711
 1876.000000 1.476402
 1877.000000 1.465486
 1878.000000 1.453131
 1879.000000 1.439604
 1880.000000 1.424961
 1881.000000 1.409391
 1882.000000 1.393152
 1883.000000 1.376485
 1884.000000 1.360007
 1885.000000 1.344253
 1886.000000 1.330098
 1887.000000 1.318401
 1888.000000 1.309947
 1889.000000 1.305261
 1890.000000 1.304868
 1891.000000 1.308823
 1892.000000 1.316923
 1893.000000 1.328608
 1894.000000 1.342996
 1895.000000 1.359223
 1896.000000 1.376408
 1897.000000 1.393861
 1898.000000 1.410748
 1899.000000 1.426418
 1900.000000 1.440709
 1901.000000 1.453709
 1902.000000 1.465510
 1903.000000 1.476212
 1904.000000 1.485806
 1905.000000 1.493998
 1906.000000 1.500481
 1907.000000 1.504736
 1908.000000 1.506220
 1909.000000 1.504478
 1910.000000 1.499310
 1911.000000 1.490772
 1912.000000 1.479409
 1913.000000 1.466148
 1914.000000 1.451532
 1915.000000 1.436326
 1916.000000 1.421340
 1917.000000 1.407368
 1918.000000 1.394727
 1919.000000 1.383532
 1920.000000 1.373879
 1921.000000 1.365596
 1922.000000 1.358400
 1923.000000 1.352082
 1924.000000 1.346440
 1925.000000 1.341506
 1926.000000 1.337366
 1927.000000 1.334252
 1928.000000 1.332439
 1929.000000 1.332141
 1930.000000 1.333436
 1931.000000 1.336187
 1932.000000 1.339994
 1933.000000 1.344310
 1934.000000 1.348357
 1935.000000 1.351318
 1936.000000 1.352434
 1937.000000 1.351192
 1938.000000 1.347427
 1939.000000 1.341414
 1940.000000 1.333798
 1941.000000 1.325392
 1942.000000 1.317222
 1943.000000 1.310311
 1944.000000 1.305487
 1945.000000 1.303205
 1946.000000 1.303615
 1947.000000 1.306562
 1948.000000 1.311659
 1949.000000 1.318326
 1950.000000 1.326009
 1951.000000 1.334379
 1952.000000 1.343196
 1953.000000 1.352188
 1954.000000 1.361359
 1955.000000 1.370754
 1956.000000 1.380178
 1957.000000 1.389396
 1958.000000 1.397966
 1959.000000 1.405357
 1960.000000 1.410986
 1961.000000 1.414328
 1962.000000 1.414857
 1963.000000 1.412250
 1964.000000 1.406422
 1965.000000 1.397648
 1966.000000 1.386354
 1967.000000 1.373184
 1968.000000 1.358789
 1969.000000 1.344050
 1970.000000 1.329941
 1971.000000 1.317132
 1972.000000 1.306339
 1973.000000 1.297892
 1974.000000 1.292177
 1975.000000 1.289398
 1976.000000 1.289504
 1977.000000 1.292311
 1978.000000 1.297528
 1979.000000 1.304711
 1980.000000 1.313283
 1981.000000 1.322673
 1982.000000 1.332355
 1983.000000 1.341917
 1984.000000 1.350838
 1985.000000 1.358786
 1986.000000 1.365460
 1987.000000 1.370673
 1988.000000 1.374339
 1989.000000 1.376417
 1990.000000 1.376865
 1991.000000 1.375630
 1992.000000 1.372674
 1993.000000 1.367891
 1994.000000 1.361296
 1995.000000 1.352999
 1996.000000 1.343196
 1997.000000 1.332242
 1998.000000 1.320781
 1999.000000 1.309708
 2000.000000 1.299992
 2001.000000 1.292476
 2002.000000 1.287918
 2003.000000 1.286871
 2004.000000 1.289520
 2005.000000 1.295532
 2006.000000 1.304200
 2007.000000 1.314462
 2008.000000 1.325217
 2009.000000 1.335591
 2010.000000 1.345076
 2011.000000 1.353689
 2012.000000 1.361447
 2013.000000 1.368651
 2014.000000 1.375470
 2015.000000 1.382082
 2016.000000 1.388372
 2017.000000 1.394048
 2018.000000 1.398594
 2019.000000 1.401424
 2020.000000 1.401843
 2021.000000 1.399370
 2022.000000 1.393793
 2023.000000 1.385207
 2024.000000 1.374117
 2025.000000 1.361368
 2026.000000 1.347900
 2027.000000 1.334924
 2028.000000 1.323245
 2029.000000 1.313637
 2030.000000 1.306703
 2031.000000 1.302573
 2032.000000 1.301104
 2033.000000 1.301956
 2034.000000 1.304519
 2035.000000 1.308079
 2036.000000 1.311927
 2037.000000 1.315420
 2038.000000 1.318114
 2039.000000 1.319895
 2040.000000 1.320929
 2041.000000 1.321609
 2042.000000 1.322430
 2043.000000 1.323889
 2044.000000 1.326421
 2045.000000 1.330258
 2046.000000 1.335313
 2047.000000 1.341086
 2048.000000 1.346580
 2049.000000 1.350774
 2050.000000 1.352865
 2051.000000 1.352521
 2052.000000 1.349963
 2053.000000 1.345974
 2054.000000 1.341578
 2055.000000 1.337955
 2056.000000 1.336082
 2057.000000 1.336561
 2058.000000 1.339495
 2059.000000 1.344494
 2060.000000 1.350771
 2061.000000 1.357216
 2062.000000 1.362748
 2063.000000 1.366483
 2064.000000 1.367933
 2065.000000 1.367059
 2066.000000 1.364318
 2067.000000 1.360452
 2068.000000 1.356358
 2069.000000 1.352845
 2070.000000 1.350489
 2071.000000 1.349494
 2072.000000 1.349743
 2073.000000 1.350725
 2074.000000 1.351674
 2075.000000 1.351713
 2076.000000 1.350040
 2077.000000 1.346143
 2078.000000 1.339933
 2079.000000 1.331884
 2080.000000 1.322799
 2081.000000 1.313751
 2082.000000 1.305874
 2083.000000 1.300119
 2084.000000 1.297131
 2085.000000 1.297162
 2086.000000 1.300124
 2087.000000 1.305575
 2088.000000 1.312772
 2089.000000 1.320821
 2090.000000 1.328940
 2091.000000 1.336679
 2092.000000 1.343550
 2093.000000 1.349337
 2094.000000 1.353967
 2095.000000 1.357546
 2096.000000 1.360139
 2097.000000 1.361658
 2098.000000 1.361924
 2099.000000 1.360627
 2100.000000 1.357371
 2101.000000 1.351735
 2102.000000 1.343411
 2103.000000 1.332452
 2104.000000 1.319049
 2105.000000 1.304020
 2106.000000 1.288616
 2107.000000 1.273872
 2108.000000 1.261167
 2109.000000 1.251684
 2110.000000 1.246435
 2111.000000 1.245910
 2112.000000 1.250087
 2113.000000 1.258411
 2114.000000 1.269950
 2115.000000 1.283341
 2116.000000 1.297576
 2117.000000 1.311540
 2118.000000 1.324389
 2119.000000 1.335546
 2120.000000 1.344435
 2121.000000 1.350767
 2122.000000 1.354446
 2123.000000 1.355378
 2124.000000 1.353626
 2125.000000 1.349315
 2126.000000 1.342693
 2127.000000 1.334001
 2128.000000 1.323566
 2129.000000 1.311821
 2130.000000 1.299081
 2131.000000 1.285996
 2132.000000 1.273365
 2133.000000 1.261909
 2134.000000 1.252317
 2135.000000 1.245349
 2136.000000 1.241552
 2137.000000 1.241422
 2138.000000 1.245312
 2139.000000 1.253221
 2140.000000 1.264842
 2141.000000 1.279648
 2142.000000 1.296979
 2143.000000 1.315870
 2144.000000 1.335506
 2145.000000 1.354903
 2146.000000 1.373018
 2147.000000 1.389207
 2148.000000 1.402949
 2149.000000 1.413681
 2150.000000 1.421207
 2151.000000 1.425483
 2152.000000 1.426666
 2153.000000 1.424983
 2154.000000 1.420665
 2155.000000 1.413953
 2156.000000 1.405078
 2157.000000 1.394039
 2158.000000 1.381152
 2159.000000 1.366695
 2160.000000 1.350927
 2161.000000 1.334336
 2162.000000 1.317540
 2163.000000 1.301246
 2164.000000 1.286567
 2165.000000 1.274473
 2166.000000 1.265940
 2167.000000 1.261618
 2168.000000 1.261796
 2169.000000 1.266185
 2170.000000 1.274028
 2171.000000 1.284410
 2172.000000 1.296027
 2173.000000 1.307815
 2174.000000 1.318696
 2175.000000 1.327965
 2176.000000 1.335264
 2177.000000 1.340520
 2178.000000 1.343745
 2179.000000 1.344962
 2180.000000 1.344104
 2181.000000 1.341083
 2182.000000 1.335812
 2183.000000 1.328300
 2184.000000 1.318526
 2185.000000 1.306451
 2186.000000 1.292470
 2187.000000 1.276966
 2188.000000 1.260956
 2189.000000 1.245623
 2190.000000 1.232279
 2191.000000 1.221943
 2192.000000 1.215949
 2193.000000 1.215072
 2194.000000 1.219572
 2195.000000 1.229214
 2196.000000 1.243133
 2197.000000 1.260124
 2198.000000 1.278406
 2199.000000 1.296546
 2200.000000 1.313364
 2201.000000 1.327788
 2202.000000 1.339336
 2203.000000 1.347799
 2204.000000 1.353409
 2205.000000 1.356511
 2206.000000 1.357506
 2207.000000 1.356683
 2208.000000 1.354190
 2209.000000 1.349988
 2210.000000 1.343944
 2211.000000 1.335949
 2212.000000 1.325838
 2213.000000 1.313597
 2214.000000 1.299705
 2215.000000 1.285062
 2216.000000 1.270950
 2217.000000 1.259013
 2218.000000 1.250536
 2219.000000 1.246490
 2220.000000 1.247394
 2221.000000 1.253117
 2222.000000 1.262865
 2223.000000 1.275346
 2224.000000 1.289237
 2225.000000 1.303043
 2226.000000 1.315310
 2227.000000 1.324899
 2228.000000 1.331246
 2229.000000 1.334032
 2230.000000 1.333222
 2231.000000 1.328933
 2232.000000 1.321480
 2233.000000 1.311220
 2234.000000 1.298769
 2235.000000 1.284915
 2236.000000 1.270677
 2237.000000 1.257161
 2238.000000 1.245436
 2239.000000 1.236342
 2240.000000 1.230476
 2241.000000 1.228301
 2242.000000 1.229876
 2243.000000 1.235018
 2244.000000 1.243266
 2245.000000 1.254068
 2246.000000 1.266601
 2247.000000 1.280071
 2248.000000 1.293804
 2249.000000 1.307373
 2250.000000 1.320090
 2251.000000 1.331376
 2252.000000 1.340714
 2253.000000 1.347445
 2254.000000 1.351110
 2255.000000 1.351311
 2256.000000 1.347907
 2257.000000 1.341058
 2258.000000 1.331218
 2259.000000 1.319049
 2260.000000 1.305538
 2261.000000 1.291557
 2262.000000 1.278086
 2263.000000 1.266087
 2264.000000 1.256410
 2265.000000 1.249653
 2266.000000 1.246021
 2267.000000 1.245505
 2268.000000 1.247879
 2269.000000 1.252789
 2270.000000 1.259906
 2271.000000 1.268835
 2272.000000 1.279217
 2273.000000 1.290582
 2274.000000 1.302524
 2275.000000 1.314547
 2276.000000 1.325988
 2277.000000 1.336344
 2278.000000 1.344924
 2279.000000 1.351094
 2280.000000 1.354165
 2281.000000 1.353551
 2282.000000 1.348951
 2283.000000 1.340384
 2284.000000 1.328243
 2285.000000 1.313450
 2286.000000 1.297158
 2287.000000 1.280880
 2288.000000 1.266304
 2289.000000 1.255146
 2290.000000 1.248530
 2291.000000 1.247421
 2292.000000 1.252052
 2293.000000 1.262063
 2294.000000 1.276523
 2295.000000 1.294116
 2296.000000 1.313395
 2297.000000 1.333442
 2298.000000 1.353234
 2299.000000 1.371598
 2300.000000 1.387930
 2301.000000 1.401865
 2302.000000 1.413485
 2303.000000 1.422567
 2304.000000 1.429021
 2305.000000 1.432511
 2306.000000 1.432637
 2307.000000 1.428898
 2308.000000 1.420828
 2309.000000 1.407946
 2310.000000 1.390263
 2311.000000 1.367989
 2312.000000 1.341798
 2313.000000 1.313098
 2314.000000 1.283157
 2315.000000 1.253725
 2316.000000 1.227238
 2317.000000 1.205979
 2318.000000 1.192424
 2319.000000 1.187857
 2320.000000 1.192544
 2321.000000 1.205565
 2322.000000 1.225036
 2323.000000 1.248652
 2324.000000 1.273738
 2325.000000 1.298545
 2326.000000 1.321919
 2327.000000 1.342848
 2328.000000 1.360649
 2329.000000 1.374983
 2330.000000 1.385590
 2331.000000 1.392401
 2332.000000 1.395235
 2333.000000 1.393973
 2334.000000 1.388500
 2335.000000 1.378724
 2336.000000 1.364751
 2337.000000 1.346788
 2338.000000 1.325579
 2339.000000 1.302307
 2340.000000 1.278229
 2341.000000 1.255316
 2342.000000 1.235238
 2343.000000 1.219696
 2344.000000 1.210034
 2345.000000 1.207256
 2346.000000 1.211500
 2347.000000 1.222055
 2348.000000 1.237552
 2349.000000 1.256243
 2350.000000 1.276393
 2351.000000 1.296554
 2352.000000 1.315597
 2353.000000 1.332607
 2354.000000 1.347069
 2355.000000 1.358384
 2356.000000 1.366122
 2357.000000 1.369902
 2358.000000 1.369484
 2359.000000 1.364748
 2360.000000 1.355737
 2361.000000 1.342678
 2362.000000 1.326062
 2363.000000 1.306641
 2364.000000 1.285701
 2365.000000 1.264550
 2366.000000 1.244870
 2367.000000 1.228103
 2368.000000 1.215803
 2369.000000 1.209112
 2370.000000 1.208645
 2371.000000 1.214314
 2372.000000 1.225406
 2373.000000 1.240674
 2374.000000 1.258487
 2375.000000 1.277315
 2376.000000 1.296000
 2377.000000 1.313525
 2378.000000 1.329058
 2379.000000 1.342067
 2380.000000 1.352368
 2381.000000 1.359969
 2382.000000 1.364843
 2383.000000 1.367031
 2384.000000 1.366618
 2385.000000 1.363691
 2386.000000 1.358331
 2387.000000 1.350759
 2388.000000 1.341165
 2389.000000 1.329818
 2390.000000 1.317386
 2391.000000 1.304613
 2392.000000 1.292432
 2393.000000 1.281425
 2394.000000 1.272453
 2395.000000 1.266269
 2396.000000 1.263313
 2397.000000 1.263736
 2398.000000 1.267374
 2399.000000 1.273758
 2400.000000 1.282297
 2401.000000 1.292287
 2402.000000 1.303031
 2403.000000 1.314110
 2404.000000 1.325213
 2405.000000 1.336055
 2406.000000 1.345990
 2407.000000 1.354428
 2408.000000 1.360682
 2409.000000 1.364031
 2410.000000 1.363855
 2411.000000 1.359852
 2412.000000 1.352170
 2413.000000 1.341293
 2414.000000 1.328020
 2415.000000 1.313120
 2416.000000 1.297543
 2417.000000 1.282049
 2418.000000 1.267574
 2419.000000 1.255041
 2420.000000 1.245453
 2421.000000 1.239518
 2422.000000 1.237777
 2423.000000 1.240468
 2424.000000 1.247389
 2425.000000 1.257942
 2426.000000 1.271176
 2427.000000 1.286352
 2428.000000 1.302624
 2429.000000 1.318944
 2430.000000 1.334684
 2431.000000 1.349027
 2432.000000 1.361682
 2433.000000 1.372085
 2434.000000 1.379844
 2435.000000 1.384456
 2436.000000 1.385508
 2437.000000 1.382712
 2438.000000 1.375872
 2439.000000 1.365054
 2440.000000 1.350658
 2441.000000 1.333399
 2442.000000 1.314414
 2443.000000 1.294843
 2444.000000 1.276160
 2445.000000 1.259960
 2446.000000 1.247615
 2447.000000 1.240389
 2448.000000 1.238799
 2449.000000 1.242734
 2450.000000 1.251528
 2451.000000 1.264105
 2452.000000 1.279144
 2453.000000 1.295767
 2454.000000 1.313204
 2455.000000 1.331161
 2456.000000 1.349583
 2457.000000 1.368218
 2458.000000 1.386559
 2459.000000 1.404124
 2460.000000 1.420321
 2461.000000 1.434091
 2462.000000 1.444317
 2463.000000 1.449972
 2464.000000 1.450245
 2465.000000 1.444604
 2466.000000 1.433113
 2467.000000 1.416290
 2468.000000 1.394916
 2469.000000 1.369883
 2470.000000 1.342641
 2471.000000 1.314940
 2472.000000 1.288301
 2473.000000 1.264115
 2474.000000 1.243951
 2475.000000 1.228856
 2476.000000 1.219810
 2477.000000 1.217404
 2478.000000 1.221770
 2479.000000 1.232405
 2480.000000 1.248292
 2481.000000 1.268491
 2482.000000 1.291646
 2483.000000 1.316559
 2484.000000 1.342442
 2485.000000 1.368237
 2486.000000 1.392702
 2487.000000 1.414936
 2488.000000 1.433955
 2489.000000 1.449036
 2490.000000 1.459468
 2491.000000 1.464955
 2492.000000 1.465317
 2493.000000 1.460791
 2494.000000 1.451880
 2495.000000 1.439262
 2496.000000 1.423676
 2497.000000 1.405713
 2498.000000 1.386012
 2499.000000 1.365099
 2500.000000 1.343510
 2501.000000 1.321869
 2502.000000 1.300835
 2503.000000 1.281160
 2504.000000 1.263594
 2505.000000 1.249125
 2506.000000 1.239156
 2507.000000 1.234927
 2508.000000 1.237162
 2509.000000 1.245889
 2510.000000 1.260364
 2511.000000 1.279148
 2512.000000 1.300710
 2513.000000 1.323352
 2514.000000 1.345261
 2515.000000 1.365152
 2516.000000 1.382112
 2517.000000 1.395534
 2518.000000 1.404774
 2519.000000 1.409929
 2520.000000 1.411163
 2521.000000 1.408905
 2522.000000 1.403718
 2523.000000 1.396213
 2524.000000 1.386929
 2525.000000 1.376378
 2526.000000 1.364967
 2527.000000 1.353132
 2528.000000 1.341223
 2529.000000 1.329287
 2530.000000 1.317441
 2531.000000 1.306017
 2532.000000 1.295223
 2533.000000 1.285494
 2534.000000 1.277474
 2535.000000 1.271604
 2536.000000 1.268258
 2537.000000 1.267602
 2538.000000 1.269577
 2539.000000 1.273889
 2540.000000 1.280039
 2541.000000 1.287403
 2542.000000 1.295426
 2543.000000 1.303406
 2544.000000 1.310993
 2545.000000 1.317889
 2546.000000 1.323949
 2547.000000 1.329183
 2548.000000 1.333714
 2549.000000 1.337787
 2550.000000 1.341553
 2551.000000 1.344958
 2552.000000 1.347872
 2553.000000 1.349963
 2554.000000 1.350781
 2555.000000 1.349766
 2556.000000 1.346382
 2557.000000 1.340297
 2558.000000 1.331397
 2559.000000 1.320143
 2560.000000 1.307325
 2561.000000 1.293839
 2562.000000 1.280646
 2563.000000 1.268600
 2564.000000 1.258992
 2565.000000 1.252695
 2566.000000 1.250022
 2567.000000 1.250845
 2568.000000 1.254731
 2569.000000 1.260997
 2570.000000 1.268838
 2571.000000 1.277493
 2572.000000 1.286156
 2573.000000 1.294070
 2574.000000 1.300582
 2575.000000 1.305181
 2576.000000 1.307681
 2577.000000 1.308029
 2578.000000 1.306357
 2579.000000 1.302931
 2580.000000 1.298097
 2581.000000 1.292291
 2582.000000 1.286061
 2583.000000 1.279975
 2584.000000 1.274484
 2585.000000 1.270072
 2586.000000 1.267180
 2587.000000 1.266133
 2588.000000 1.267065
 2589.000000 1.269894
 2590.000000 1.274312
 2591.000000 1.279865
 2592.000000 1.285992
 2593.000000 1.292143
 2594.000000 1.297679
 2595.000000 1.302065
 2596.000000 1.304847
 2597.000000 1.305736
 2598.000000 1.304616
 2599.000000 1.301561
 2600.000000 1.296839
 2601.000000 1.290867
 2602.000000 1.284136
 2603.000000 1.277104
 2604.000000 1.270307
 2605.000000 1.264167
 2606.000000 1.258922
 2607.000000 1.254827
 2608.000000 1.251958
 2609.000000 1.250423
 2610.000000 1.250269
 2611.000000 1.251586
 2612.000000 1.254518
 2613.000000 1.259094
 2614.000000 1.265345
 2615.000000 1.273089
 2616.000000 1.281997
 2617.000000 1.291605
 2618.000000 1.301483
 2619.000000 1.310933
 2620.000000 1.319276
 2621.000000 1.325897
 2622.000000 1.330264
 2623.000000 1.331934
 2624.000000 1.330703
 2625.000000 1.326601
 2626.000000 1.319945
 2627.000000 1.311297
 2628.000000 1.301389
 2629.000000 1.291203
 2630.000000 1.281644
 2631.000000 1.273400
 2632.000000 1.266991
 2633.000000 1.262807
 2634.000000 1.260867
 2635.000000 1.261010
 2636.000000 1.262949
 2637.000000 1.266322
 2638.000000 1.270813
 2639.000000 1.276210
 2640.000000 1.282274
 2641.000000 1.288614
 2642.000000 1.295095
 2643.000000 1.301315
 2644.000000 1.306758
 2645.000000 1.310897
 2646.000000 1.313267
 2647.000000 1.313465
 2648.000000 1.311187
 2649.000000 1.306344
 2650.000000 1.299075
 2651.000000 1.289902
 2652.000000 1.279549
 2653.000000 1.269016
 2654.000000 1.259348
 2655.000000 1.251437
 2656.000000 1.246009
 2657.000000 1.243467
 2658.000000 1.243921
 2659.000000 1.247181
 2660.000000 1.252778
 2661.000000 1.260062
 2662.000000 1.268365
 2663.000000 1.277196
 2664.000000 1.286000
 2665.000000 1.294606
 2666.000000 1.302763
 2667.000000 1.310216
 2668.000000 1.316756
 2669.000000 1.322095
 2670.000000 1.326029
 2671.000000 1.328299
 2672.000000 1.328688
 2673.000000 1.327024
 2674.000000 1.323228
 2675.000000 1.317353
 2676.000000 1.309712
 2677.000000 1.300782
 2678.000000 1.291028
 2679.000000 1.281285
 2680.000000 1.272467
 2681.000000 1.265317
 2682.000000 1.260496
 2683.000000 1.258352
 2684.000000 1.258973
 2685.000000 1.262201
 2686.000000 1.267629
 2687.000000 1.274658
 2688.000000 1.282699
 2689.000000 1.291310
 2690.000000 1.299925
 2691.000000 1.308015
 2692.000000 1.315188
 2693.000000 1.321160
 2694.000000 1.325647
 2695.000000 1.328265
 2696.000000 1.328718
 2697.000000 1.326781
 2698.000000 1.322397
 2699.000000 1.315601
 2700.000000 1.306754
 2701.000000 1.296473
 2702.000000 1.285618
 2703.000000 1.275141
 2704.000000 1.266088
 2705.000000 1.259226
 2706.000000 1.255365
 2707.000000 1.254969
 2708.000000 1.258085
 2709.000000 1.264389
 2710.000000 1.273279
 2711.000000 1.283960
 2712.000000 1.295673
 2713.000000 1.307474
 2714.000000 1.318866
 2715.000000 1.329438
 2716.000000 1.339079
 2717.000000 1.347590
 2718.000000 1.354945
 2719.000000 1.361106
 2720.000000 1.365947
 2721.000000 1.369334
 2722.000000 1.371153
 2723.000000 1.371167
 2724.000000 1.369222
 2725.000000 1.365241
 2726.000000 1.359306
 2727.000000 1.351637
 2728.000000 1.342803
 2729.000000 1.333259
 2730.000000 1.323703
 2731.000000 1.314775
 2732.000000 1.307053
 2733.000000 1.301018
 2734.000000 1.296833
 2735.000000 1.294429
 2736.000000 1.293545
 2737.000000 1.293779
 2738.000000 1.294662
 2739.000000 1.295732
 2740.000000 1.296638
 2741.000000 1.297123
 2742.000000 1.297063
 2743.000000 1.296423
 2744.000000 1.295237
 2745.000000 1.293541
 2746.000000 1.291377
 2747.000000 1.288856
 2748.000000 1.286123
 2749.000000 1.283394
 2750.000000 1.280926
 2751.000000 1.279003
 2752.000000 1.277904
 2753.000000 1.277938
 2754.000000 1.279357
 2755.000000 1.282272
 2756.000000 1.286714
 2757.000000 1.292516
 2758.000000 1.299390
 2759.000000 1.306930
 2760.000000 1.314712
 2761.000000 1.322192
 2762.000000 1.328690
 2763.000000 1.333590
 2764.000000 1.336571
 2765.000000 1.337450
 2766.000000 1.336231
 2767.000000 1.333134
 2768.000000 1.328576
 2769.000000 1.323060
 2770.000000 1.317114
 2771.000000 1.311277
 2772.000000 1.305878
 2773.000000 1.301296
 2774.000000 1.297602
 2775.000000 1.294850
 2776.000000 1.292991
 2777.000000 1.292003
 2778.000000 1.291874
 2779.000000 1.292604
 2780.000000 1.294191
 2781.000000 1.296605
 2782.000000 1.299763
 2783.000000 1.303486
 2784.000000 1.307510
 2785.000000 1.311407
 2786.000000 1.314724
 2787.000000 1.317027
 2788.000000 1.318023
 2789.000000 1.317555
 2790.000000 1.315650
 2791.000000 1.312484
 2792.000000 1.308370
 2793.000000 1.303637
 2794.000000 1.298627
 2795.000000 1.293665
 2796.000000 1.288841
 2797.000000 1.284101
 2798.000000 1.279294
 2799.000000 1.274321
 2800.000000 1.269090
 2801.000000 1.263751
 2802.000000 1.258626
 2803.000000 1.254260
 2804.000000 1.251228
 2805.000000 1.250130
 2806.000000 1.251319
 2807.000000 1.254872
 2808.000000 1.260562
 2809.000000 1.268001
 2810.000000 1.276556
 2811.000000 1.285440
 2812.000000 1.293975
 2813.000000 1.301296
 2814.000000 1.306903
 2815.000000 1.310448
