#! FIELDS time d
 0.000000 2.657218
 1.000000 2.659329
 2.000000 2.663094
 3.000000 2.667263
 4.000000 2.670819
 5.000000 2.673076
 6.000000 2.673695
 7.000000 2.672773
 8.000000 2.670777
 9.000000 2.668342
 10.000000 2.666142
 11.000000 2.664678
 12.000000 2.664114
 13.000000 2.664343
 14.000000 2.665112
 15.000000 2.666188
 16.000000 2.667505
 17.000000 2.669236
 18.000000 2.671774
 19.000000 2.675735
 20.000000 2.681678
 21.000000 2.690064
 22.000000 2.701266
 23.000000 2.715073
 24.000000 2.730997
 25.000000 2.748327
 26.000000 2.765976
 27.000000 2.783032
 28.000000 2.798619
 29.000000 2.812425
 30.000000 2.824141
 31.000000 2.834121
 32.000000 2.842680
 33.000000 2.850222
 34.000000 2.857542
 35.000000 2.865077
 36.000000 2.873244
 37.000000 2.882227
 38.000000 2.892218
 39.000000 2.903033
 40.000000 2.914378
 41.000000 2.926154
 42.000000 2.938231
 43.000000 2.950635
 44.000000 2.963353
 45.000000 2.976431
 46.000000 2.989582
 47.000000 3.002451
 48.000000 3.014074
 49.000000 3.022747
 50.000000 3.027297
 51.000000 3.027324
 52.000000 3.023157
 53.000000 3.015870
 54.000000 3.007073
 55.000000 2.998530
 56.000000 2.991744
 57.000000 2.986899
 58.000000 2.983712
 59.000000 2.981509
 60.000000 2.979383
 61.000000 2.976594
 62.000000 2.972965
 63.000000 2.968952
 64.000000 2.965515
 65.000000 2.963862
 66.000000 2.965223
 67.000000 2.970507
 68.000000 2.980164
 69.000000 2.993999
 70.000000 3.011257
 71.000000 3.029379
 72.000000 3.044557
 73.000000 3.053324
 74.000000 3.053632
 75.000000 3.045111
 76.000000 3.029378
 77.000000 3.009588
 78.000000 2.990024
 79.000000 2.973235
 80.000000 2.959707
 81.000000 2.949614
 82.000000 2.942306
 83.000000 2.937025
 84.000000 2.933071
 85.000000 2.929906
 86.000000 2.927319
 87.000000 2.925303
 88.000000 2.924099
 89.000000 2.924140
 90.000000 2.925910
 91.000000 2.929792
 92.000000 2.935916
 93.000000 2.943836
 94.000000 2.952775
 95.000000 2.961629
 96.000000 2.969287
 97.000000 2.974919
 98.000000 2.978520
 99.000000 2.980920
 100.000000 2.983739
 101.000000 2.988910
 102.000000 2.998101
 103.000000 3.012384
 104.000000 3.030407
 105.000000 3.048918
 106.000000 3.064726
 107.000000 3.075048
 108.000000 3.078046
 109.000000 3.073342
 110.000000 3.062158
 111.000000 3.046755
 112.000000 3.029910
 113.000000 3.013972
 114.000000 3.000685
 115.000000 2.990610
 116.000000 2.982606
 117.000000 2.975248
 118.000000 2.967588
 119.000000 2.959333
 120.000000 2.950872
 121.000000 2.943148
 122.000000 2.937416
 123.000000 2.934834
 124.000000 2.936291
 125.000000 2.942109
 126.000000 2.951864
 127.000000 2.964560
 128.000000 2.978992
 129.000000 2.993582
 130.000000 3.006794
 131.000000 3.017166
 132.000000 3.023530
 133.000000 3.026487
 134.000000 3.027790
 135.000000 3.029604
 136.000000 3.033614
 137.000000 3.040383
 138.000000 3.049045
 139.000000 3.057457
 140.000000 3.063084
 141.000000 3.063391
 142.000000 3.056941
 143.000000 3.043767
 144.000000 3.025420
 145.000000 3.004853
 146.000000 2.985619
 147.000000 2.968886
 148.000000 2.954629
 149.000000 2.942769
 150.000000 2.932724
 151.000000 2.923817
 152.000000 2.915449
 153.000000 2.906969
 154.000000 2.897929
 155.000000 2.887973
 156.000000 2.877059
 157.000000 2.865498
 158.000000 2.854029
 159.000000 2.843862
 160.000000 2.836050
 161.000000 2.831312
 162.000000 2.829848
 163.000000 2.831187
 164.000000 2.834393
 165.000000 2.838071
 166.000000 2.840652
 167.000000 2.840805
 168.000000 2.837775
 169.000000 2.831588
 170.000000 2.822973
 171.000000 2.813120
 172.000000 2.803205
 173.000000 2.794363
 174.000000 2.787406
 175.000000 2.782830
 176.000000 2.780605
 177.000000 2.780217
 178.000000 2.780824
 179.000000 2.781468
 180.000000 2.781292
 181.000000 2.779746
 182.000000 2.776711
 183.000000 2.772565
 184.000000 2.768028
 185.000000 2.764012
 186.000000 2.761473
 187.000000 2.761297
 188.000000 2.763884
 189.000000 2.769050
 190.000000 2.775993
 191.000000 2.783729
 192.000000 2.791176
 193.000000 2.797434
 194.000000 2.802093
 195.000000 2.805239
 196.000000 2.807443
 197.000000 2.809536
 198.000000 2.812398
 199.000000 2.816714
 200.000000 2.822798
 201.000000 2.830435
 202.000000 2.839119
 203.000000 2.848287
 204.000000 2.857110
 205.000000 2.865237
 206.000000 2.872268
 207.000000 2.878179
 208.000000 2.883233
 209.000000 2.887874
 210.000000 2.892767
 211.000000 2.898515
 212.000000 2.905659
 213.000000 2.914432
 214.000000 2.924502
 215.000000 2.935517
 216.000000 2.946822
 217.000000 2.957547
 218.000000 2.966929
 219.000000 2.974339
 220.000000 2.979529
 221.000000 2.983047
 222.000000 2.986003
 223.000000 2.989990
 224.000000 2.996646
 225.000000 3.007287
 226.000000 3.021692
 227.000000 3.037850
 228.000000 3.052975
 229.000000 3.063780
 230.000000 3.067937
 231.000000 3.064170
 232.000000 3.052708
 233.000000 3.035408
 234.000000 3.015116
 235.000000 2.995140
 236.000000 2.977936
 237.000000 2.962740
 238.000000 2.948351
 239.000000 2.933743
 240.000000 2.918040
 241.000000 2.900948
 242.000000 2.882555
 243.000000 2.863371
 244.000000 2.844567
 245.000000 2.827128
 246.000000 2.811659
 247.000000 2.798390
 248.000000 2.787125
 249.000000 2.777228
 250.000000 2.767995
 251.000000 2.758521
 252.000000 2.747942
 253.000000 2.735679
 254.000000 2.721668
 255.000000 2.706470
 256.000000 2.691172
 257.000000 2.676870
 258.000000 2.664516
 259.000000 2.655276
 260.000000 2.649734
 261.000000 2.648128
 262.000000 2.650126
 263.000000 2.654922
 264.000000 2.661417
 265.000000 2.668430
 266.000000 2.674910
 267.000000 2.680236
 268.000000 2.684272
 269.000000 2.687584
 270.000000 2.691117
 271.000000 2.695699
 272.000000 2.701916
 273.000000 2.710197
 274.000000 2.720492
 275.000000 2.732515
 276.000000 2.745705
 277.000000 2.759130
 278.000000 2.771846
 279.000000 2.783161
 280.000000 2.792896
 281.000000 2.801216
 282.000000 2.808886
 283.000000 2.816720
 284.000000 2.825492
 285.000000 2.835842
 286.000000 2.848317
 287.000000 2.863037
 288.000000 2.879413
 289.000000 2.896523
 290.000000 2.913238
 291.000000 2.929012
 292.000000 2.943775
 293.000000 2.957864
 294.000000 2.971838
 295.000000 2.986395
 296.000000 3.002059
 297.000000 3.018556
 298.000000 3.034045
 299.000000 3.046176
 300.000000 3.053644
 301.000000 3.055885
 302.000000 3.053384
 303.000000 3.047367
 304.000000 3.039397
 305.000000 3.031076
 306.000000 3.023595
 307.000000 3.017528
 308.000000 3.012835
 309.000000 3.009032
 310.000000 3.005398
 311.000000 3.001356
 312.000000 2.996819
 313.000000 2.991819
 314.000000 2.986642
 315.000000 2.982034
 316.000000 2.979050
 317.000000 2.978729
 318.000000 2.981938
 319.000000 2.989144
 320.000000 3.000342
 321.000000 3.014511
 322.000000 3.029083
 323.000000 3.040889
 324.000000 3.047968
 325.000000 3.049538
 326.000000 3.046253
 327.000000 3.040024
 328.000000 3.033294
 329.000000 3.028219
 330.000000 3.025984
 331.000000 3.026457
 332.000000 3.028357
 333.000000 3.029785
 334.000000 3.028930
 335.000000 3.024736
 336.000000 3.017313
 337.000000 3.007952
 338.000000 2.998777
 339.000000 2.991841
 340.000000 2.988267
 341.000000 2.988860
 342.000000 2.994089
 343.000000 3.004000
 344.000000 3.017487
 345.000000 3.031850
 346.000000 3.044075
 347.000000 3.051577
 348.000000 3.053299
 349.000000 3.049748
 350.000000 3.042858
 351.000000 3.035305
 352.000000 3.029662
 353.000000 3.027666
 354.000000 3.029572
 355.000000 3.033984
 356.000000 3.038248
 357.000000 3.039319
 358.000000 3.034991
 359.000000 3.024846
 360.000000 3.010414
 361.000000 2.994933
 362.000000 2.980761
 363.000000 2.968829
 364.000000 2.959571
 365.000000 2.952929
 366.000000 2.948593
 367.000000 2.945857
 368.000000 2.943938
 369.000000 2.942088
 370.000000 2.939747
 371.000000 2.936704
 372.000000 2.933075
 373.000000 2.929283
 374.000000 2.925950
 375.000000 2.923781
 376.000000 2.923337
 377.000000 2.924819
 378.000000 2.928140
 379.000000 2.932986
 380.000000 2.938871
 381.000000 2.945208
 382.000000 2.951589
 383.000000 2.957684
 384.000000 2.963307
 385.000000 2.968564
 386.000000 2.973809
 387.000000 2.979711
 388.000000 2.987061
 389.000000 2.996817
 390.000000 3.009570
 391.000000 3.024623
 392.000000 3.040017
 393.000000 3.053384
 394.000000 3.062576
 395.000000 3.066295
 396.000000 3.064385
 397.000000 3.057887
 398.000000 3.048658
 399.000000 3.038888
 400.000000 3.030335
 401.000000 3.024168
 402.000000 3.020480
 403.000000 3.018652
 404.000000 3.017474
 405.000000 3.015642
 406.000000 3.012185
 407.000000 3.006891
 408.000000 3.000360
 409.000000 2.993845
 410.000000 2.988386
 411.000000 2.985223
 412.000000 2.985625
 413.000000 2.990665
 414.000000 3.000891
 415.000000 3.015978
 416.000000 3.033865
 417.000000 3.051066
 418.000000 3.064309
 419.000000 3.070690
 420.000000 3.069342
 421.000000 3.061314
 422.000000 3.049417
 423.000000 3.036827
 424.000000 3.026535
 425.000000 3.020425
 426.000000 3.019256
 427.000000 3.022291
 428.000000 3.027711
 429.000000 3.033112
 430.000000 3.036047
 431.000000 3.034840
 432.000000 3.029149
 433.000000 3.020010
 434.000000 3.009465
 435.000000 3.000112
 436.000000 2.994037
 437.000000 2.992339
 438.000000 2.995446
 439.000000 3.003324
 440.000000 3.015051
 441.000000 3.028361
 442.000000 3.040610
 443.000000 3.049506
 444.000000 3.053461
 445.000000 3.052303
 446.000000 3.047430
 447.000000 3.041370
 448.000000 3.036904
 449.000000 3.036138
 450.000000 3.040073
 451.000000 3.048324
 452.000000 3.059104
 453.000000 3.069341
 454.000000 3.075407
 455.000000 3.074344
 456.000000 3.065183
 457.000000 3.049364
 458.000000 3.030302
 459.000000 3.011355
 460.000000 2.995841
 461.000000 2.985446
 462.000000 2.979559
 463.000000 2.976967
 464.000000 2.976142
 465.000000 2.975475
 466.000000 2.973596
 467.000000 2.969653
 468.000000 2.963483
 469.000000 2.955634
 470.000000 2.947460
 471.000000 2.940684
 472.000000 2.936935
 473.000000 2.937111
 474.000000 2.941046
 475.000000 2.947700
 476.000000 2.955411
 477.000000 2.962126
 478.000000 2.965930
 479.000000 2.965462
 480.000000 2.960100
 481.000000 2.950009
 482.000000 2.936033
 483.000000 2.919810
 484.000000 2.903681
 485.000000 2.890062
 486.000000 2.880666
 487.000000 2.875993
 488.000000 2.875468
 489.000000 2.877522
 490.000000 2.879945
 491.000000 2.880286
 492.000000 2.876394
 493.000000 2.867051
 494.000000 2.852563
 495.000000 2.834480
 496.000000 2.815260
 497.000000 2.797290
 498.000000 2.782362
 499.000000 2.771245
 500.000000 2.763467
 501.000000 2.757452
 502.000000 2.750936
 503.000000 2.741320
 504.000000 2.726648
 505.000000 2.706341
 506.000000 2.681043
 507.000000 2.652597
 508.000000 2.623349
 509.000000 2.596237
 510.000000 2.573714
 511.000000 2.556976
 512.000000 2.546507
 513.000000 2.541494
 514.000000 2.540359
 515.000000 2.541001
 516.000000 2.541278
 517.000000 2.539494
 518.000000 2.534881
 519.000000 2.527764
 520.000000 2.519525
 521.000000 2.512185
 522.000000 2.507759
 523.000000 2.507782
 524.000000 2.512901
 525.000000 2.522871
 526.000000 2.536725
 527.000000 2.552983
 528.000000 2.569793
 529.000000 2.585537
 530.000000 2.599204
 531.000000 2.609780
 532.000000 2.617358
 533.000000 2.623021
 534.000000 2.628230
 535.000000 2.634476
 536.000000 2.642915
 537.000000 2.654074
 538.000000 2.667886
 539.000000 2.683996
 540.000000 2.701357
 541.000000 2.717974
 542.000000 2.731901
 543.000000 2.741660
 544.000000 2.746242
 545.000000 2.745903
 546.000000 2.742004
 547.000000 2.736636
 548.000000 2.731847
 549.000000 2.729030
 550.000000 2.728750
 551.000000 2.730733
 552.000000 2.733938
 553.000000 2.736620
 554.000000 2.736834
 555.000000 2.733134
 556.000000 2.724856
 557.000000 2.712282
 558.000000 2.696811
 559.000000 2.680838
 560.000000 2.667119
 561.000000 2.657763
 562.000000 2.653515
 563.000000 2.654037
 564.000000 2.658109
 565.000000 2.663881
 566.000000 2.669394
 567.000000 2.672929
 568.000000 2.673573
 569.000000 2.671382
 570.000000 2.667480
 571.000000 2.663846
 572.000000 2.662854
 573.000000 2.666506
 574.000000 2.675661
 575.000000 2.689822
 576.000000 2.707598
 577.000000 2.726696
 578.000000 2.744559
 579.000000 2.758811
 580.000000 2.767907
 581.000000 2.771712
 582.000000 2.771361
 583.000000 2.769017
 584.000000 2.767351
 585.000000 2.768702
 586.000000 2.774149
 587.000000 2.783391
 588.000000 2.795064
 589.000000 2.807546
 590.000000 2.819171
 591.000000 2.828062
 592.000000 2.832819
 593.000000 2.832607
 594.000000 2.827461
 595.000000 2.818292
 596.000000 2.806757
 597.000000 2.794803
 598.000000 2.784073
 599.000000 2.775136
 600.000000 2.767886
 601.000000 2.761692
 602.000000 2.755400
 603.000000 2.747513
 604.000000 2.736783
 605.000000 2.722594
 606.000000 2.705129
 607.000000 2.685737
 608.000000 2.666442
 609.000000 2.649164
 610.000000 2.635431
 611.000000 2.626020
 612.000000 2.620721
 613.000000 2.618690
 614.000000 2.618679
 615.000000 2.619119
 616.000000 2.618387
 617.000000 2.615193
 618.000000 2.608916
 619.000000 2.599782
 620.000000 2.588983
 621.000000 2.578612
 622.000000 2.570905
 623.000000 2.567379
 624.000000 2.568441
 625.000000 2.573794
 626.000000 2.582573
 627.000000 2.593530
 628.000000 2.605249
 629.000000 2.616229
 630.000000 2.625706
 631.000000 2.633226
 632.000000 2.639145
 633.000000 2.644548
 634.000000 2.650949
 635.000000 2.659704
 636.000000 2.671192
 637.000000 2.684834
 638.000000 2.699733
 639.000000 2.714702
 640.000000 2.728392
 641.000000 2.739259
 642.000000 2.746632
 643.000000 2.750387
 644.000000 2.751041
 645.000000 2.749780
 646.000000 2.748315
 647.000000 2.748393
 648.000000 2.751031
 649.000000 2.756140
 650.000000 2.762858
 651.000000 2.770090
 652.000000 2.776781
 653.000000 2.782003
 654.000000 2.785091
 655.000000 2.785868
 656.000000 2.784677
 657.000000 2.782314
 658.000000 2.780044
 659.000000 2.779484
 660.000000 2.781988
 661.000000 2.788039
 662.000000 2.797087
 663.000000 2.808206
 664.000000 2.820098
 665.000000 2.831950
 666.000000 2.842768
 667.000000 2.852005
 668.000000 2.859409
 669.000000 2.865263
 670.000000 2.870359
 671.000000 2.875919
 672.000000 2.883173
 673.000000 2.892368
 674.000000 2.902576
 675.000000 2.912475
 676.000000 2.920730
 677.000000 2.926341
 678.000000 2.928715
 679.000000 2.927619
 680.000000 2.923237
 681.000000 2.916139
 682.000000 2.907217
 683.000000 2.897666
 684.000000 2.889069
 685.000000 2.882758
 686.000000 2.878912
 687.000000 2.876608
 688.000000 2.874629
 689.000000 2.871816
 690.000000 2.867248
 691.000000 2.860307
 692.000000 2.851019
 693.000000 2.839980
 694.000000 2.828192
 695.000000 2.816679
 696.000000 2.806675
 697.000000 2.799058
 698.000000 2.794023
 699.000000 2.791025
 700.000000 2.789198
 701.000000 2.787685
 702.000000 2.785743
 703.000000 2.782743
 704.000000 2.778360
 705.000000 2.772734
 706.000000 2.766376
 707.000000 2.760344
 708.000000 2.756194
 709.000000 2.755375
 710.000000 2.758636
 711.000000 2.765558
 712.000000 2.774680
 713.000000 2.784497
 714.000000 2.793808
 715.000000 2.801635
 716.000000 2.807326
 717.000000 2.810704
 718.000000 2.812090
 719.000000 2.812295
 720.000000 2.812606
 721.000000 2.814687
 722.000000 2.820285
 723.000000 2.830670
 724.000000 2.845785
 725.000000 2.864268
 726.000000 2.883638
 727.000000 2.901132
 728.000000 2.915074
 729.000000 2.924880
 730.000000 2.930903
 731.000000 2.934110
 732.000000 2.935688
 733.000000 2.936941
 734.000000 2.939160
 735.000000 2.943129
 736.000000 2.948597
 737.000000 2.954380
 738.000000 2.959046
 739.000000 2.961534
 740.000000 2.961178
 741.000000 2.957583
 742.000000 2.950668
 743.000000 2.940665
 744.000000 2.927966
 745.000000 2.913429
 746.000000 2.898272
 747.000000 2.884385
 748.000000 2.873466
 749.000000 2.865968
 750.000000 2.860924
 751.000000 2.856887
 752.000000 2.852464
 753.000000 2.846597
 754.000000 2.838760
 755.000000 2.828951
 756.000000 2.817820
 757.000000 2.806315
 758.000000 2.795402
 759.000000 2.786493
 760.000000 2.780561
 761.000000 2.777856
 762.000000 2.777446
 763.000000 2.777763
 764.000000 2.777217
 765.000000 2.774433
 766.000000 2.768299
 767.000000 2.758118
 768.000000 2.743767
 769.000000 2.726091
 770.000000 2.706563
 771.000000 2.687132
 772.000000 2.670090
 773.000000 2.656535
 774.000000 2.646011
 775.000000 2.637018
 776.000000 2.627900
 777.000000 2.617280
 778.000000 2.604467
 779.000000 2.589248
 780.000000 2.572699
 781.000000 2.556300
 782.000000 2.541725
 783.000000 2.530767
 784.000000 2.524873
 785.000000 2.524630
 786.000000 2.529435
 787.000000 2.537457
 788.000000 2.546613
 789.000000 2.555049
 790.000000 2.561584
 791.000000 2.565742
 792.000000 2.567937
 793.000000 2.569438
 794.000000 2.571957
 795.000000 2.577238
 796.000000 2.586638
 797.000000 2.600958
 798.000000 2.619284
 799.000000 2.639324
 800.000000 2.658297
 801.000000 2.674767
 802.000000 2.687975
 803.000000 2.697832
 804.000000 2.704861
 805.000000 2.710156
 806.000000 2.715035
 807.000000 2.720700
 808.000000 2.728041
 809.000000 2.737337
 810.000000 2.748107
 811.000000 2.758916
 812.000000 2.768269
 813.000000 2.774839
 814.000000 2.777756
 815.000000 2.776651
 816.000000 2.771410
 817.000000 2.762320
 818.000000 2.750016
 819.000000 2.735592
 820.000000 2.720143
 821.000000 2.705301
 822.000000 2.691925
 823.000000 2.680001
 824.000000 2.668904
 825.000000 2.657723
 826.000000 2.645374
 827.000000 2.631324
 828.000000 2.615099
 829.000000 2.596969
 830.000000 2.577778
 831.000000 2.558911
 832.000000 2.541694
 833.000000 2.526591
 834.000000 2.513895
 835.000000 2.503082
 836.000000 2.493090
 837.000000 2.482681
 838.000000 2.470956
 839.000000 2.457199
 840.000000 2.441177
 841.000000 2.423341
 842.000000 2.404328
 843.000000 2.384932
 844.000000 2.366073
 845.000000 2.348872
 846.000000 2.334384
 847.000000 2.323300
 848.000000 2.315433
 849.000000 2.310056
 850.000000 2.305968
 851.000000 2.302159
 852.000000 2.297872
 853.000000 2.292784
 854.000000 2.287012
 855.000000 2.281045
 856.000000 2.275449
 857.000000 2.270704
 858.000000 2.267056
 859.000000 2.264359
 860.000000 2.262109
 861.000000 2.259530
 862.000000 2.255827
 863.000000 2.250647
 864.000000 2.244063
 865.000000 2.236627
 866.000000 2.229261
 867.000000 2.222902
 868.000000 2.218462
 869.000000 2.216448
 870.000000 2.216832
 871.000000 2.219139
 872.000000 2.222511
 873.000000 2.225892
 874.000000 2.228255
 875.000000 2.229072
 876.000000 2.228435
 877.000000 2.226941
 878.000000 2.225454
 879.000000 2.224838
 880.000000 2.225740
 881.000000 2.228447
 882.000000 2.232884
 883.000000 2.238681
 884.000000 2.245189
 885.000000 2.251813
 886.000000 2.257977
 887.000000 2.263238
 888.000000 2.267540
 889.000000 2.271222
 890.000000 2.274837
 891.000000 2.279090
 892.000000 2.284708
 893.000000 2.292120
 894.000000 2.301385
 895.000000 2.312161
 896.000000 2.323753
 897.000000 2.335307
 898.000000 2.346061
 899.000000 2.355412
 900.000000 2.363048
 901.000000 2.369129
 902.000000 2.374090
 903.000000 2.378596
 904.000000 2.383312
 905.000000 2.388704
 906.000000 2.394722
 907.000000 2.401107
 908.000000 2.407235
 909.000000 2.412396
 910.000000 2.415935
 911.000000 2.417402
 912.000000 2.416666
 913.000000 2.413918
 914.000000 2.409681
 915.000000 2.404708
 916.000000 2.399829
 917.000000 2.395624
 918.000000 2.392286
 919.000000 2.389229
 920.000000 2.385600
 921.000000 2.381077
 922.000000 2.375241
 923.000000 2.367438
 924.000000 2.357238
 925.000000 2.344637
 926.000000 2.330116
 927.000000 2.314695
 928.000000 2.299336
 929.000000 2.285112
 930.000000 2.272636
 931.000000 2.261724
 932.000000 2.251844
 933.000000 2.241971
 934.000000 2.230999
 935.000000 2.217945
 936.000000 2.202532
 937.000000 2.184783
 938.000000 2.165418
 939.000000 2.145633
 940.000000 2.127005
 941.000000 2.110645
 942.000000 2.096842
 943.000000 2.085158
 944.000000 2.074654
 945.000000 2.064016
 946.000000 2.052009
 947.000000 2.037947
 948.000000 2.021827
 949.000000 2.004405
 950.000000 1.986533
 951.000000 1.969769
 952.000000 1.955313
 953.000000 1.944157
 954.000000 1.936409
 955.000000 1.931768
 956.000000 1.929665
 957.000000 1.929286
 958.000000 1.929816
 959.000000 1.930576
 960.000000 1.931137
 961.000000 1.931419
 962.000000 1.931698
 963.000000 1.932546
 964.000000 1.934647
 965.000000 1.938576
 966.000000 1.944763
 967.000000 1.953245
 968.000000 1.963787
 969.000000 1.975818
 970.000000 1.988579
 971.000000 2.001275
 972.000000 2.013094
 973.000000 2.023398
 974.000000 2.031859
 975.000000 2.038729
 976.000000 2.044646
 977.000000 2.050390
 978.000000 2.056842
 979.000000 2.064732
 980.000000 2.074539
 981.000000 2.086398
 982.000000 2.099921
 983.000000 2.114352
 984.000000 2.128670
 985.000000 2.141327
 986.000000 2.151081
 987.000000 2.157057
 988.000000 2.159125
 989.000000 2.157758
 990.000000 2.153825
 991.000000 2.148362
 992.000000 2.142422
 993.000000 2.136989
 994.000000 2.132541
 995.000000 2.129270
 996.000000 2.126970
 997.000000 2.125133
 998.000000 2.123119
 999.000000 2.120289
 1000.000000 2.116161
 1001.000000 2.110704
 1002.000000 2.103945
 1003.000000 2.095952
 1004.000000 2.087067
 1005.000000 2.077595
 1006.000000 2.068082
 1007.000000 2.058982
 1008.000000 2.050592
 1009.000000 2.043001
 1010.000000 2.036193
 1011.000000 2.030002
 1012.000000 2.024343
 1013.000000 2.019190
 1014.000000 2.014798
 1015.000000 2.011527
 1016.000000 2.009852
 1017.000000 2.010181
 1018.000000 2.012830
 1019.000000 2.017914
 1020.000000 2.025275
 1021.000000 2.034555
 1022.000000 2.045249
 1023.000000 2.056629
 1024.000000 2.067996
 1025.000000 2.078694
 1026.000000 2.088179
 1027.000000 2.096236
 1028.000000 2.102772
 1029.000000 2.107907
 1030.000000 2.111784
 1031.000000 2.114647
 1032.000000 2.116693
 1033.000000 2.118092
 1034.000000 2.118932
 1035.000000 2.119215
 1036.000000 2.118851
 1037.000000 2.117710
 1038.000000 2.115720
 1039.000000 2.112958
 1040.000000 2.109552
 1041.000000 2.105598
 1042.000000 2.100970
 1043.000000 2.095437
 1044.000000 2.088670
 1045.000000 2.080358
 1046.000000 2.070129
 1047.000000 2.057875
 1048.000000 2.043809
 1049.000000 2.028498
 1050.000000 2.012830
 1051.000000 1.997518
 1052.000000 1.983415
 1053.000000 1.970658
 1054.000000 1.959265
 1055.000000 1.948736
 1056.000000 1.938556
 1057.000000 1.928278
 1058.000000 1.917224
 1059.000000 1.905224
 1060.000000 1.892317
 1061.000000 1.878856
 1062.000000 1.865469
 1063.000000 1.852809
 1064.000000 1.841435
 1065.000000 1.831813
 1066.000000 1.823814
 1067.000000 1.817052
 1068.000000 1.810941
 1069.000000 1.804747
 1070.000000 1.797778
 1071.000000 1.789514
 1072.000000 1.779825
 1073.000000 1.768858
 1074.000000 1.756974
 1075.000000 1.744667
 1076.000000 1.732750
 1077.000000 1.722068
 1078.000000 1.713299
 1079.000000 1.706977
 1080.000000 1.703118
 1081.000000 1.701428
 1082.000000 1.701135
 1083.000000 1.701326
 1084.000000 1.701105
 1085.000000 1.699783
 1086.000000 1.696980
 1087.000000 1.692655
 1088.000000 1.687159
 1089.000000 1.681214
 1090.000000 1.675917
 1091.000000 1.672340
 1092.000000 1.671134
 1093.000000 1.672425
 1094.000000 1.675820
 1095.000000 1.680529
 1096.000000 1.685386
 1097.000000 1.689356
 1098.000000 1.691654
 1099.000000 1.691881
 1100.000000 1.690063
 1101.000000 1.686709
 1102.000000 1.682631
 1103.000000 1.678654
 1104.000000 1.675480
 1105.000000 1.673445
 1106.000000 1.672392
 1107.000000 1.671812
 1108.000000 1.671015
 1109.000000 1.669324
 1110.000000 1.666221
 1111.000000 1.661485
 1112.000000 1.655054
 1113.000000 1.647205
 1114.000000 1.638500
 1115.000000 1.629709
 1116.000000 1.621645
 1117.000000 1.614956
 1118.000000 1.610054
 1119.000000 1.606954
 1120.000000 1.605261
 1121.000000 1.604223
 1122.000000 1.602888
 1123.000000 1.600292
 1124.000000 1.595661
 1125.000000 1.588499
 1126.000000 1.578713
 1127.000000 1.566929
 1128.000000 1.554351
 1129.000000 1.542503
 1130.000000 1.532641
 1131.000000 1.525463
 1132.000000 1.521177
 1133.000000 1.519379
 1134.000000 1.519109
 1135.000000 1.519123
 1136.000000 1.518150
 1137.000000 1.515163
 1138.000000 1.509720
 1139.000000 1.502231
 1140.000000 1.493742
 1141.000000 1.485644
 1142.000000 1.479132
 1143.000000 1.475061
 1144.000000 1.473647
 1145.000000 1.474481
 1146.000000 1.476648
 1147.000000 1.479020
 1148.000000 1.480567
 1149.000000 1.480571
 1150.000000 1.478804
 1151.000000 1.475618
 1152.000000 1.472014
 1153.000000 1.469436
 1154.000000 1.469406
 1155.000000 1.473183
 1156.000000 1.481473
 1157.000000 1.494176
 1158.000000 1.510852
 1159.000000 1.530050
 1160.000000 1.549987
 1161.000000 1.568651
 1162.000000 1.585084
 1163.000000 1.599151
 1164.000000 1.611207
 1165.000000 1.622216
 1166.000000 1.633385
 1167.000000 1.645726
 1168.000000 1.659858
 1169.000000 1.675758
 1170.000000 1.693256
 1171.000000 1.711533
 1172.000000 1.729928
 1173.000000 1.747515
 1174.000000 1.763311
 1175.000000 1.776668
 1176.000000 1.787638
 1177.000000 1.796451
 1178.000000 1.803765
 1179.000000 1.810224
 1180.000000 1.816367
 1181.000000 1.822291
 1182.000000 1.827690
 1183.000000 1.831959
 1184.000000 1.834359
 1185.000000 1.834169
 1186.000000 1.830958
 1187.000000 1.824679
 1188.000000 1.815727
 1189.000000 1.804697
 1190.000000 1.792449
 1191.000000 1.779957
 1192.000000 1.767946
 1193.000000 1.756905
 1194.000000 1.746751
 1195.000000 1.737020
 1196.000000 1.727160
 1197.000000 1.716534
 1198.000000 1.704595
 1199.000000 1.691069
 1200.000000 1.675791
 1201.000000 1.658984
 1202.000000 1.641176
 1203.000000 1.623595
 1204.000000 1.607267
 1205.000000 1.592916
 1206.000000 1.580768
 1207.000000 1.570366
 1208.000000 1.561018
 1209.000000 1.551879
 1210.000000 1.542105
 1211.000000 1.530849
 1212.000000 1.517807
 1213.000000 1.503084
 1214.000000 1.487763
 1215.000000 1.473318
 1216.000000 1.461113
 1217.000000 1.451956
 1218.000000 1.446083
 1219.000000 1.443209
 1220.000000 1.442768
 1221.000000 1.444054
 1222.000000 1.446425
 1223.000000 1.449401
 1224.000000 1.452808
 1225.000000 1.456643
 1226.000000 1.461076
 1227.000000 1.466411
 1228.000000 1.472923
 1229.000000 1.480700
 1230.000000 1.489445
 1231.000000 1.498631
 1232.000000 1.507612
 1233.000000 1.515636
 1234.000000 1.521991
 1235.000000 1.526236
 1236.000000 1.528361
 1237.000000 1.528531
 1238.000000 1.527193
 1239.000000 1.525005
 1240.000000 1.522746
 1241.000000 1.521091
 1242.000000 1.520403
 1243.000000 1.520694
 1244.000000 1.521666
 1245.000000 1.522796
 1246.000000 1.523440
 1247.000000 1.522937
 1248.000000 1.520717
 1249.000000 1.516333
 1250.000000 1.509654
 1251.000000 1.500847
 1252.000000 1.490703
 1253.000000 1.480339
 1254.000000 1.470693
 1255.000000 1.462482
 1256.000000 1.455800
 1257.000000 1.450427
 1258.000000 1.445760
 1259.000000 1.441027
 1260.000000 1.435805
 1261.000000 1.430028
 1262.000000 1.424059
 1263.000000 1.418833
 1264.000000 1.415478
 1265.000000 1.415060
 1266.000000 1.418296
 1267.000000 1.425274
 1268.000000 1.435358
 1269.000000 1.447349
 1270.000000 1.459843
 1271.000000 1.471407
 1272.000000 1.480852
 1273.000000 1.487547
 1274.000000 1.491454
 1275.000000 1.492952
 1276.000000 1.492770
 1277.000000 1.491856
 1278.000000 1.491114
 1279.000000 1.491173
 1280.000000 1.492202
 1281.000000 1.493908
 1282.000000 1.495677
 1283.000000 1.496685
 1284.000000 1.496091
 1285.000000 1.493225
 1286.000000 1.487751
 1287.000000 1.479789
 1288.000000 1.469795
 1289.000000 1.458751
 1290.000000 1.448092
 1291.000000 1.439153
 1292.000000 1.432809
 1293.000000 1.429326
 1294.000000 1.428346
 1295.000000 1.429066
 1296.000000 1.430445
 1297.000000 1.431529
 1298.000000 1.431714
 1299.000000 1.430904
 1300.000000 1.429590
 1301.000000 1.428814
 1302.000000 1.429861
 1303.000000 1.433877
 1304.000000 1.441379
 1305.000000 1.452094
 1306.000000 1.464879
 1307.000000 1.478048
 1308.000000 1.490258
 1309.000000 1.500449
 1310.000000 1.507880
 1311.000000 1.512369
 1312.000000 1.514395
 1313.000000 1.514798
 1314.000000 1.514685
 1315.000000 1.515113
 1316.000000 1.516758
 1317.000000 1.519781
 1318.000000 1.523905
 1319.000000 1.528467
 1320.000000 1.532646
 1321.000000 1.535873
 1322.000000 1.537970
 1323.000000 1.539054
 1324.000000 1.539594
 1325.000000 1.540354
 1326.000000 1.542273
 1327.000000 1.546246
 1328.000000 1.552900
 1329.000000 1.562339
 1330.000000 1.574213
 1331.000000 1.587702
 1332.000000 1.601638
 1333.000000 1.614466
 1334.000000 1.625095
 1335.000000 1.633020
 1336.000000 1.638306
 1337.000000 1.641540
 1338.000000 1.643613
 1339.000000 1.645392
 1340.000000 1.647489
 1341.000000 1.650114
 1342.000000 1.653007
 1343.000000 1.655632
 1344.000000 1.657285
 1345.000000 1.657311
 1346.000000 1.655291
 1347.000000 1.651110
 1348.000000 1.644978
 1349.000000 1.637475
 1350.000000 1.629485
 1351.000000 1.622083
 1352.000000 1.616283
 1353.000000 1.612835
 1354.000000 1.611976
 1355.000000 1.613369
 1356.000000 1.616260
 1357.000000 1.619853
 1358.000000 1.623552
 1359.000000 1.627092
 1360.000000 1.630611
 1361.000000 1.634461
 1362.000000 1.639187
 1363.000000 1.645242
 1364.000000 1.653067
 1365.000000 1.662620
 1366.000000 1.673485
 1367.000000 1.685098
 1368.000000 1.696645
 1369.000000 1.707443
 1370.000000 1.716874
 1371.000000 1.724771
 1372.000000 1.731405
 1373.000000 1.737373
 1374.000000 1.743366
 1375.000000 1.750054
 1376.000000 1.757895
 1377.000000 1.766968
 1378.000000 1.776741
 1379.000000 1.786293
 1380.000000 1.794419
 1381.000000 1.800214
 1382.000000 1.803235
 1383.000000 1.803529
 1384.000000 1.801591
 1385.000000 1.798261
 1386.000000 1.794429
 1387.000000 1.790906
 1388.000000 1.788230
 1389.000000 1.786569
 1390.000000 1.785750
 1391.000000 1.785429
 1392.000000 1.785164
 1393.000000 1.784588
 1394.000000 1.783505
 1395.000000 1.781914
 1396.000000 1.779982
 1397.000000 1.778011
 1398.000000 1.776302
 1399.000000 1.775125
 1400.000000 1.774679
 1401.000000 1.775150
 1402.000000 1.776765
 1403.000000 1.779807
 1404.000000 1.784528
 1405.000000 1.791016
 1406.000000 1.799296
 1407.000000 1.809082
 1408.000000 1.819958
 1409.000000 1.831249
 1410.000000 1.842345
 1411.000000 1.852659
 1412.000000 1.861614
 1413.000000 1.869051
 1414.000000 1.875086
 1415.000000 1.880061
 1416.000000 1.884486
 1417.000000 1.888822
 1418.000000 1.893325
 1419.000000 1.898073
 1420.000000 1.902987
 1421.000000 1.907951
 1422.000000 1.912802
 1423.000000 1.917377
 1424.000000 1.921509
 1425.000000 1.925123
 1426.000000 1.928260
 1427.000000 1.931013
 1428.000000 1.933467
 1429.000000 1.935739
 1430.000000 1.937861
 1431.000000 1.939799
 1432.000000 1.941466
 1433.000000 1.942737
 1434.000000 1.943484
 1435.000000 1.943624
 1436.000000 1.943156
 1437.000000 1.942167
 1438.000000 1.940821
 1439.000000 1.939349
 1440.000000 1.937984
 1441.000000 1.936922
 1442.000000 1.936273
 1443.000000 1.935997
 1444.000000 1.935887
 1445.000000 1.935617
 1446.000000 1.934790
 1447.000000 1.933028
 1448.000000 1.930025
 1449.000000 1.925588
 1450.000000 1.919636
 1451.000000 1.912291
 1452.000000 1.903898
 1453.000000 1.894801
 1454.000000 1.885494
 1455.000000 1.876449
 1456.000000 1.867806
 1457.000000 1.859461
 1458.000000 1.850971
 1459.000000 1.841714
 1460.000000 1.831206
 1461.000000 1.818931
 1462.000000 1.804713
 1463.000000 1.788576
 1464.000000 1.771077
 1465.000000 1.753237
 1466.000000 1.735987
 1467.000000 1.720548
 1468.000000 1.707567
 1469.000000 1.697252
 1470.000000 1.689499
 1471.000000 1.683657
 1472.000000 1.678976
 1473.000000 1.674734
 1474.000000 1.670376
 1475.000000 1.665662
 1476.000000 1.660633
 1477.000000 1.655713
 1478.000000 1.651430
 1479.000000 1.648426
 1480.000000 1.647238
 1481.000000 1.647962
 1482.000000 1.650326
 1483.000000 1.653761
 1484.000000 1.657531
 1485.000000 1.661018
 1486.000000 1.663751
 1487.000000 1.665539
 1488.000000 1.666472
 1489.000000 1.666863
 1490.000000 1.667289
 1491.000000 1.668526
 1492.000000 1.671325
 1493.000000 1.676204
 1494.000000 1.683313
 1495.000000 1.692368
 1496.000000 1.702834
 1497.000000 1.714096
 1498.000000 1.725646
 1499.000000 1.737031
 1500.000000 1.748129
 1501.000000 1.759254
 1502.000000 1.770756
 1503.000000 1.782981
 1504.000000 1.796397
 1505.000000 1.811129
 1506.000000 1.826860
 1507.000000 1.842541
 1508.000000 1.857004
 1509.000000 1.868895
 1510.000000 1.876906
 1511.000000 1.880323
 1512.000000 1.878912
 1513.000000 1.872873
 1514.000000 1.862771
 1515.000000 1.849514
 1516.000000 1.834612
 1517.000000 1.819270
 1518.000000 1.804604
 1519.000000 1.790758
 1520.000000 1.777605
 1521.000000 1.764738
 1522.000000 1.751365
 1523.000000 1.736884
 1524.000000 1.720990
 1525.000000 1.704070
 1526.000000 1.686796
 1527.000000 1.669837
 1528.000000 1.653674
 1529.000000 1.638516
 1530.000000 1.625154
 1531.000000 1.613928
 1532.000000 1.604906
 1533.000000 1.597634
 1534.000000 1.591395
 1535.000000 1.585080
 1536.000000 1.577531
 1537.000000 1.567835
 1538.000000 1.555599
 1539.000000 1.540937
 1540.000000 1.524261
 1541.000000 1.506274
 1542.000000 1.487793
 1543.000000 1.469672
 1544.000000 1.453096
 1545.000000 1.439324
 1546.000000 1.429024
 1547.000000 1.422496
 1548.000000 1.419448
 1549.000000 1.419073
 1550.000000 1.420375
 1551.000000 1.422402
 1552.000000 1.424476
 1553.000000 1.426476
 1554.000000 1.428820
 1555.000000 1.432312
 1556.000000 1.437741
 1557.000000 1.445503
 1558.000000 1.455468
 1559.000000 1.466926
 1560.000000 1.478786
 1561.000000 1.489898
 1562.000000 1.499694
 1563.000000 1.507654
 1564.000000 1.513695
 1565.000000 1.518000
 1566.000000 1.521248
 1567.000000 1.524452
 1568.000000 1.528811
 1569.000000 1.535355
 1570.000000 1.544941
 1571.000000 1.558040
 1572.000000 1.574474
 1573.000000 1.593059
 1574.000000 1.612422
 1575.000000 1.631012
 1576.000000 1.647994
 1577.000000 1.662841
 1578.000000 1.675511
 1579.000000 1.686646
 1580.000000 1.696877
 1581.000000 1.707060
 1582.000000 1.717722
 1583.000000 1.729292
 1584.000000 1.741904
 1585.000000 1.755370
 1586.000000 1.769528
 1587.000000 1.784053
 1588.000000 1.798530
 1589.000000 1.812684
 1590.000000 1.825956
 1591.000000 1.837644
 1592.000000 1.846949
 1593.000000 1.853364
 1594.000000 1.856753
 1595.000000 1.857351
 1596.000000 1.855688
 1597.000000 1.852519
 1598.000000 1.848649
 1599.000000 1.844703
 1600.000000 1.841036
 1601.000000 1.837628
 1602.000000 1.834135
 1603.000000 1.830060
 1604.000000 1.824999
 1605.000000 1.818712
 1606.000000 1.811156
 1607.000000 1.802631
 1608.000000 1.793677
 1609.000000 1.784868
 1610.000000 1.776726
 1611.000000 1.769793
 1612.000000 1.764446
 1613.000000 1.760640
 1614.000000 1.757789
 1615.000000 1.755053
 1616.000000 1.751510
 1617.000000 1.746502
 1618.000000 1.739793
 1619.000000 1.731590
 1620.000000 1.722504
 1621.000000 1.713516
 1622.000000 1.705631
 1623.000000 1.699652
 1624.000000 1.695751
 1625.000000 1.693641
 1626.000000 1.692476
 1627.000000 1.691170
 1628.000000 1.688671
 1629.000000 1.684277
 1630.000000 1.677666
 1631.000000 1.668989
 1632.000000 1.658677
 1633.000000 1.647334
 1634.000000 1.635592
 1635.000000 1.624073
 1636.000000 1.613172
 1637.000000 1.602975
 1638.000000 1.593226
 1639.000000 1.583415
 1640.000000 1.572834
 1641.000000 1.560871
 1642.000000 1.547223
 1643.000000 1.531834
 1644.000000 1.514698
 1645.000000 1.495966
 1646.000000 1.476127
 1647.000000 1.456114
 1648.000000 1.437377
 1649.000000 1.421542
 1650.000000 1.409803
 1651.000000 1.402485
 1652.000000 1.398908
 1653.000000 1.397877
 1654.000000 1.398123
 1655.000000 1.398723
 1656.000000 1.399243
 1657.000000 1.399789
 1658.000000 1.400967
 1659.000000 1.403720
 1660.000000 1.409027
 1661.000000 1.417485
 1662.000000 1.428977
 1663.000000 1.442781
 1664.000000 1.457605
 1665.000000 1.471979
 1666.000000 1.484758
 1667.000000 1.495155
 1668.000000 1.502745
 1669.000000 1.507278
 1670.000000 1.508864
 1671.000000 1.507817
 1672.000000 1.504695
 1673.000000 1.500239
 1674.000000 1.495170
 1675.000000 1.490052
 1676.000000 1.485089
 1677.000000 1.480097
 1678.000000 1.474643
 1679.000000 1.468057
 1680.000000 1.459591
 1681.000000 1.448640
 1682.000000 1.434828
 1683.000000 1.418611
 1684.000000 1.401094
 1685.000000 1.383906
 1686.000000 1.369244
 1687.000000 1.358890
 1688.000000 1.354007
 1689.000000 1.354770
 1690.000000 1.360642
 1691.000000 1.370742
 1692.000000 1.383812
 1693.000000 1.398366
 1694.000000 1.412842
 1695.000000 1.425768
 1696.000000 1.436010
 1697.000000 1.443249
 1698.000000 1.447990
 1699.000000 1.451089
 1700.000000 1.453489
 1701.000000 1.455942
 1702.000000 1.458940
 1703.000000 1.462707
 1704.000000 1.467164
 1705.000000 1.471964
 1706.000000 1.476408
 1707.000000 1.479642
 1708.000000 1.480900
 1709.000000 1.479663
 1710.000000 1.475740
 1711.000000 1.469406
 1712.000000 1.461193
 1713.000000 1.452023
 1714.000000 1.442817
 1715.000000 1.434476
 1716.000000 1.427815
 1717.000000 1.423263
 1718.000000 1.420849
 1719.000000 1.420247
 1720.000000 1.420895
 1721.000000 1.422225
 1722.000000 1.423836
 1723.000000 1.425531
 1724.000000 1.427293
 1725.000000 1.429119
 1726.000000 1.430906
 1727.000000 1.432454
 1728.000000 1.433675
 1729.000000 1.434629
 1730.000000 1.435289
 1731.000000 1.435363
 1732.000000 1.434385
 1733.000000 1.431926
 1734.000000 1.427770
 1735.000000 1.422026
 1736.000000 1.415183
 1737.000000 1.408159
 1738.000000 1.401934
 1739.000000 1.397427
 1740.000000 1.395279
 1741.000000 1.395735
 1742.000000 1.398561
 1743.000000 1.402966
 1744.000000 1.407831
 1745.000000 1.411923
 1746.000000 1.414135
 1747.000000 1.413828
 1748.000000 1.410839
 1749.000000 1.405543
 1750.000000 1.398750
 1751.000000 1.391405
 1752.000000 1.384976
 1753.000000 1.380660
 1754.000000 1.379374
 1755.000000 1.381641
 1756.000000 1.387402
 1757.000000 1.396225
 1758.000000 1.407283
 1759.000000 1.419736
 1760.000000 1.432983
 1761.000000 1.446402
 1762.000000 1.459761
 1763.000000 1.472983
 1764.000000 1.486118
 1765.000000 1.498944
 1766.000000 1.511685
 1767.000000 1.524741
 1768.000000 1.538651
 1769.000000 1.553225
 1770.000000 1.568285
 1771.000000 1.583621
 1772.000000 1.598863
 1773.000000 1.613761
 1774.000000 1.628263
 1775.000000 1.642666
 1776.000000 1.657452
 1777.000000 1.673038
 1778.000000 1.690048
 1779.000000 1.708981
 1780.000000 1.729572
 1781.000000 1.750897
 1782.000000 1.771922
 1783.000000 1.791915
 1784.000000 1.810096
 1785.000000 1.825743
 1786.000000 1.838285
 1787.000000 1.847365
 1788.000000 1.853078
 1789.000000 1.855834
 1790.000000 1.856337
 1791.000000 1.855352
 1792.000000 1.853582
 1793.000000 1.851555
 1794.000000 1.849546
 1795.000000 1.847684
 1796.000000 1.846004
 1797.000000 1.844464
 1798.000000 1.842961
 1799.000000 1.841439
 1800.000000 1.839881
 1801.000000 1.838301
 1802.000000 1.836737
 1803.000000 1.835366
 1804.000000 1.834440
 1805.000000 1.834184
 1806.000000 1.834610
 1807.000000 1.835487
 1808.000000 1.836427
 1809.000000 1.837058
 1810.000000 1.837157
 1811.000000 1.836743
 1812.000000 1.836088
 1813.000000 1.835609
 1814.000000 1.835760
 1815.000000 1.836961
 1816.000000 1.839548
 1817.000000 1.843654
 1818.000000 1.849215
 1819.000000 1.855844
 1820.000000 1.862967
 1821.000000 1.870093
 1822.000000 1.876964
 1823.000000 1.883563
 1824.000000 1.890234
 1825.000000 1.897518
 1826.000000 1.905912
 1827.000000 1.915856
 1828.000000 1.927650
 1829.000000 1.941382
 1830.000000 1.956604
 1831.000000 1.972430
 1832.000000 1.987981
 1833.000000 2.002301
 1834.000000 2.014522
 1835.000000 2.024307
 1836.000000 2.032004
 1837.000000 2.038319
 1838.000000 2.044058
 1839.000000 2.049658
 1840.000000 2.055225
 1841.000000 2.060442
 1842.000000 2.064858
 1843.000000 2.067931
 1844.000000 2.069268
 1845.000000 2.068521
 1846.000000 2.065555
 1847.000000 2.060454
 1848.000000 2.053396
 1849.000000 2.044859
 1850.000000 2.035460
 1851.000000 2.025819
 1852.000000 2.016444
 1853.000000 2.007670
 1854.000000 1.999675
 1855.000000 1.992450
 1856.000000 1.985928
 1857.000000 1.979959
 1858.000000 1.974439
 1859.000000 1.969549
 1860.000000 1.965580
 1861.000000 1.962958
 1862.000000 1.962156
 1863.000000 1.963550
 1864.000000 1.967339
 1865.000000 1.973498
 1866.000000 1.981826
 1867.000000 1.991850
 1868.000000 2.003054
 1869.000000 2.014442
 1870.000000 2.025069
 1871.000000 2.034174
 1872.000000 2.041432
 1873.000000 2.046955
 1874.000000 2.051031
 1875.000000 2.054088
 1876.000000 2.056761
 1877.000000 2.059591
 1878.000000 2.062712
 1879.000000 2.065755
 1880.000000 2.068014
 1881.000000 2.068574
 1882.000000 2.066540
 1883.000000 2.061181
 1884.000000 2.052158
 1885.000000 2.039521
 1886.000000 2.024087
 1887.000000 2.007299
 1888.000000 1.990938
 1889.000000 1.976386
 1890.000000 1.964852
 1891.000000 1.956442
 1892.000000 1.950534
 1893.000000 1.946159
 1894.000000 1.942347
 1895.000000 1.938163
 1896.000000 1.932856
 1897.000000 1.925863
 1898.000000 1.917045
 1899.000000 1.906653
 1900.000000 1.895191
 1901.000000 1.883453
 1902.000000 1.872498
 1903.000000 1.863297
 1904.000000 1.856501
 1905.000000 1.852389
 1906.000000 1.850662
 1907.000000 1.850573
 1908.000000 1.850975
 1909.000000 1.850529
 1910.000000 1.848016
 1911.000000 1.842602
 1912.000000 1.834153
 1913.000000 1.823250
 1914.000000 1.810525
 1915.000000 1.797029
 1916.000000 1.783980
 1917.000000 1.772614
 1918.000000 1.763695
 1919.000000 1.757643
 1920.000000 1.754472
 1921.000000 1.753532
 1922.000000 1.753657
 1923.000000 1.753353
 1924.000000 1.751057
 1925.000000 1.745481
 1926.000000 1.735840
 1927.000000 1.722163
 1928.000000 1.705475
 1929.000000 1.687225
 1930.000000 1.669244
 1931.000000 1.653025
 1932.000000 1.639489
 1933.000000 1.628771
 1934.000000 1.620750
 1935.000000 1.614796
 1936.000000 1.610024
 1937.000000 1.605498
 1938.000000 1.600424
 1939.000000 1.594391
 1940.000000 1.587399
 1941.000000 1.579766
 1942.000000 1.572229
 1943.000000 1.565795
 1944.000000 1.561574
 1945.000000 1.560512
 1946.000000 1.563239
 1947.000000 1.569815
 1948.000000 1.579596
 1949.000000 1.591176
 1950.000000 1.602859
 1951.000000 1.613107
 1952.000000 1.620603
 1953.000000 1.624385
 1954.000000 1.624351
 1955.000000 1.621069
 1956.000000 1.615696
 1957.000000 1.609719
 1958.000000 1.604639
 1959.000000 1.601578
 1960.000000 1.601114
 1961.000000 1.603182
 1962.000000 1.607241
 1963.000000 1.612468
 1964.000000 1.617902
 1965.000000 1.622431
 1966.000000 1.625177
 1967.000000 1.625549
 1968.000000 1.623352
 1969.000000 1.618925
 1970.000000 1.613155
 1971.000000 1.607249
 1972.000000 1.602635
 1973.000000 1.600464
 1974.000000 1.601526
 1975.000000 1.605973
 1976.000000 1.613272
 1977.000000 1.622224
 1978.000000 1.631221
 1979.000000 1.638470
 1980.000000 1.642411
 1981.000000 1.642168
 1982.000000 1.637912
 1983.000000 1.630645
 1984.000000 1.622158
 1985.000000 1.614374
 1986.000000 1.609101
 1987.000000 1.607630
 1988.000000 1.610580
 1989.000000 1.617868
 1990.000000 1.628693
 1991.000000 1.641857
 1992.000000 1.655455
 1993.000000 1.668087
 1994.000000 1.678321
 1995.000000 1.685346
 1996.000000 1.689221
 1997.000000 1.690790
 1998.000000 1.691395
 1999.000000 1.692532
 2000.000000 1.695430
 2001.000000 1.700743
 2002.000000 1.708558
 2003.000000 1.718271
 2004.000000 1.728688
 2005.000000 1.738389
 2006.000000 1.746116
 2007.000000 1.750842
 2008.000000 1.752037
 2009.000000 1.749786
 2010.000000 1.744699
 2011.000000 1.737677
 2012.000000 1.729958
 2013.000000 1.722589
 2014.000000 1.716414
 2015.000000 1.711634
 2016.000000 1.707968
 2017.000000 1.704654
 2018.000000 1.700704
 2019.000000 1.695092
 2020.000000 1.687247
 2021.000000 1.677036
 2022.000000 1.664929
 2023.000000 1.651758
 2024.000000 1.638699
 2025.000000 1.627029
 2026.000000 1.617770
 2027.000000 1.611679
 2028.000000 1.608766
 2029.000000 1.608446
 2030.000000 1.609585
 2031.000000 1.610646
 2032.000000 1.610005
 2033.000000 1.606259
 2034.000000 1.598703
 2035.000000 1.587381
 2036.000000 1.573094
 2037.000000 1.557475
 2038.000000 1.542527
 2039.000000 1.529846
 2040.000000 1.520363
 2041.000000 1.514152
 2042.000000 1.510656
 2043.000000 1.508938
 2044.000000 1.507816
 2045.000000 1.506219
 2046.000000 1.503395
 2047.000000 1.499000
 2048.000000 1.493165
 2049.000000 1.486244
 2050.000000 1.478834
 2051.000000 1.471584
 2052.000000 1.465053
 2053.000000 1.459831
 2054.000000 1.455942
 2055.000000 1.453026
 2056.000000 1.450233
 2057.000000 1.446409
 2058.000000 1.440440
 2059.000000 1.431508
 2060.000000 1.419311
 2061.000000 1.404345
 2062.000000 1.387740
 2063.000000 1.371298
 2064.000000 1.357094
 2065.000000 1.347382
 2066.000000 1.343398
 2067.000000 1.345316
 2068.000000 1.352421
 2069.000000 1.363213
 2070.000000 1.375904
 2071.000000 1.388961
 2072.000000 1.400934
 2073.000000 1.411164
 2074.000000 1.419493
 2075.000000 1.426203
 2076.000000 1.431640
 2077.000000 1.436215
 2078.000000 1.440278
 2079.000000 1.443950
 2080.000000 1.447163
 2081.000000 1.449626
 2082.000000 1.450888
 2083.000000 1.450442
 2084.000000 1.447834
 2085.000000 1.442786
 2086.000000 1.435239
 2087.000000 1.425457
 2088.000000 1.414155
 2089.000000 1.402480
 2090.000000 1.391687
 2091.000000 1.382739
 2092.000000 1.376550
 2093.000000 1.373322
 2094.000000 1.372660
 2095.000000 1.373860
 2096.000000 1.376349
 2097.000000 1.379756
 2098.000000 1.383863
 2099.000000 1.388379
 2100.000000 1.392890
 2101.000000 1.397037
 2102.000000 1.400554
 2103.000000 1.403239
 2104.000000 1.405095
 2105.000000 1.406201
 2106.000000 1.406674
 2107.000000 1.406642
 2108.000000 1.406182
 2109.000000 1.405297
 2110.000000 1.403887
 2111.000000 1.401741
 2112.000000 1.398656
 2113.000000 1.394586
 2114.000000 1.389696
 2115.000000 1.384479
 2116.000000 1.379436
 2117.000000 1.375150
 2118.000000 1.371986
 2119.000000 1.369984
 2120.000000 1.368908
 2121.000000 1.368287
 2122.000000 1.367579
 2123.000000 1.366341
 2124.000000 1.364381
 2125.000000 1.361893
 2126.000000 1.359510
 2127.000000 1.358078
 2128.000000 1.358467
 2129.000000 1.361329
 2130.000000 1.366939
 2131.000000 1.375042
 2132.000000 1.384890
 2133.000000 1.395674
 2134.000000 1.406700
 2135.000000 1.417364
 2136.000000 1.427383
 2137.000000 1.436492
 2138.000000 1.444431
 2139.000000 1.451072
 2140.000000 1.456482
 2141.000000 1.460907
 2142.000000 1.464709
 2143.000000 1.468227
 2144.000000 1.471773
 2145.000000 1.475536
 2146.000000 1.479626
 2147.000000 1.484216
 2148.000000 1.489506
 2149.000000 1.495624
 2150.000000 1.502760
 2151.000000 1.511041
 2152.000000 1.520573
 2153.000000 1.531236
 2154.000000 1.542945
 2155.000000 1.555185
 2156.000000 1.567067
 2157.000000 1.577792
 2158.000000 1.586297
 2159.000000 1.592059
 2160.000000 1.595262
 2161.000000 1.596588
 2162.000000 1.597022
 2163.000000 1.597599
 2164.000000 1.599178
 2165.000000 1.602280
 2166.000000 1.606964
 2167.000000 1.612906
 2168.000000 1.619411
 2169.000000 1.625649
 2170.000000 1.630828
 2171.000000 1.634645
 2172.000000 1.637197
 2173.000000 1.639181
 2174.000000 1.641575
 2175.000000 1.645385
 2176.000000 1.651352
 2177.000000 1.659723
 2178.000000 1.670028
 2179.000000 1.681215
 2180.000000 1.691624
 2181.000000 1.699728
 2182.000000 1.704628
 2183.000000 1.706156
 2184.000000 1.704947
 2185.000000 1.702192
 2186.000000 1.699300
 2187.000000 1.697405
 2188.000000 1.697185
 2189.000000 1.698662
 2190.000000 1.701263
 2191.000000 1.704054
 2192.000000 1.705841
 2193.000000 1.705638
 2194.000000 1.702904
 2195.000000 1.697642
 2196.000000 1.690500
 2197.000000 1.682571
 2198.000000 1.675345
 2199.000000 1.670082
 2200.000000 1.667663
 2201.000000 1.668446
 2202.000000 1.672129
 2203.000000 1.677832
 2204.000000 1.684422
 2205.000000 1.690735
 2206.000000 1.696005
 2207.000000 1.699970
 2208.000000 1.703257
 2209.000000 1.707181
 2210.000000 1.713402
 2211.000000 1.723357
 2212.000000 1.737929
 2213.000000 1.757194
 2214.000000 1.780233
 2215.000000 1.805716
 2216.000000 1.832181
 2217.000000 1.857827
 2218.000000 1.881505
 2219.000000 1.902515
 2220.000000 1.921037
 2221.000000 1.938004
 2222.000000 1.954997
 2223.000000 1.973560
 2224.000000 1.994710
 2225.000000 2.017892
 2226.000000 2.041312
 2227.000000 2.063104
 2228.000000 2.082514
 2229.000000 2.099187
 2230.000000 2.113137
 2231.000000 2.124633
 2232.000000 2.133897
 2233.000000 2.141632
 2234.000000 2.148645
 2235.000000 2.155857
 2236.000000 2.164042
 2237.000000 2.173658
 2238.000000 2.184768
 2239.000000 2.197094
 2240.000000 2.210137
 2241.000000 2.222964
 2242.000000 2.235149
 2243.000000 2.246212
 2244.000000 2.255503
 2245.000000 2.262644
 2246.000000 2.267424
 2247.000000 2.270098
 2248.000000 2.271286
 2249.000000 2.271843
 2250.000000 2.272648
 2251.000000 2.274444
 2252.000000 2.277681
 2253.000000 2.282390
 2254.000000 2.288241
 2255.000000 2.294458
 2256.000000 2.299979
 2257.000000 2.303628
 2258.000000 2.304290
 2259.000000 2.301274
 2260.000000 2.294674
 2261.000000 2.285329
 2262.000000 2.274583
 2263.000000 2.263879
 2264.000000 2.254445
 2265.000000 2.247096
 2266.000000 2.242054
 2267.000000 2.239157
 2268.000000 2.237881
 2269.000000 2.237456
 2270.000000 2.237036
 2271.000000 2.235791
 2272.000000 2.233034
 2273.000000 2.228406
 2274.000000 2.221999
 2275.000000 2.214315
 2276.000000 2.206126
 2277.000000 2.198039
 2278.000000 2.190618
 2279.000000 2.184163
 2280.000000 2.178794
 2281.000000 2.174434
 2282.000000 2.170750
 2283.000000 2.167241
 2284.000000 2.163512
 2285.000000 2.159383
 2286.000000 2.154970
 2287.000000 2.150780
 2288.000000 2.147558
 2289.000000 2.146042
 2290.000000 2.146672
 2291.000000 2.149565
 2292.000000 2.154421
 2293.000000 2.160647
 2294.000000 2.167371
 2295.000000 2.173684
 2296.000000 2.178875
 2297.000000 2.182741
 2298.000000 2.185431
 2299.000000 2.187402
 2300.000000 2.189316
 2301.000000 2.191788
 2302.000000 2.195314
 2303.000000 2.200110
 2304.000000 2.206255
 2305.000000 2.213574
 2306.000000 2.221862
 2307.000000 2.230988
 2308.000000 2.240584
 2309.000000 2.250508
 2310.000000 2.260543
 2311.000000 2.270659
 2312.000000 2.280823
 2313.000000 2.290853
 2314.000000 2.300724
 2315.000000 2.310317
 2316.000000 2.319312
 2317.000000 2.327363
 2318.000000 2.333876
 2319.000000 2.338458
 2320.000000 2.340780
 2321.000000 2.340669
 2322.000000 2.338177
 2323.000000 2.333498
 2324.000000 2.327030
 2325.000000 2.319136
 2326.000000 2.310230
 2327.000000 2.300875
 2328.000000 2.291596
 2329.000000 2.282732
 2330.000000 2.274444
 2331.000000 2.266595
 2332.000000 2.259034
 2333.000000 2.251485
 2334.000000 2.243686
 2335.000000 2.235560
 2336.000000 2.227197
 2337.000000 2.218714
 2338.000000 2.210467
 2339.000000 2.202931
 2340.000000 2.196445
 2341.000000 2.191307
 2342.000000 2.187497
 2343.000000 2.184831
 2344.000000 2.182971
 2345.000000 2.181510
 2346.000000 2.180016
 2347.000000 2.178108
 2348.000000 2.175471
 2349.000000 2.171918
 2350.000000 2.167485
 2351.000000 2.162499
 2352.000000 2.157482
 2353.000000 2.152921
 2354.000000 2.149013
 2355.000000 2.145762
 2356.000000 2.142985
 2357.000000 2.140460
 2358.000000 2.137952
 2359.000000 2.135309
 2360.000000 2.132482
 2361.000000 2.129415
 2362.000000 2.125977
 2363.000000 2.121976
 2364.000000 2.117238
 2365.000000 2.111477
 2366.000000 2.104390
 2367.000000 2.095569
 2368.000000 2.084721
 2369.000000 2.071686
 2370.000000 2.056463
 2371.000000 2.039277
 2372.000000 2.020785
 2373.000000 2.001972
 2374.000000 1.983990
 2375.000000 1.967450
 2376.000000 1.952131
 2377.000000 1.937409
 2378.000000 1.922564
 2379.000000 1.907070
 2380.000000 1.890765
 2381.000000 1.874037
 2382.000000 1.857852
 2383.000000 1.843240
 2384.000000 1.830683
 2385.000000 1.820280
 2386.000000 1.811551
 2387.000000 1.803960
 2388.000000 1.796832
 2389.000000 1.789723
 2390.000000 1.782708
 2391.000000 1.776147
 2392.000000 1.770666
 2393.000000 1.766796
 2394.000000 1.765150
 2395.000000 1.766125
 2396.000000 1.769763
 2397.000000 1.775693
 2398.000000 1.783374
 2399.000000 1.791953
 2400.000000 1.800662
 2401.000000 1.808981
 2402.000000 1.816900
 2403.000000 1.824986
 2404.000000 1.834091
 2405.000000 1.845152
 2406.000000 1.858642
 2407.000000 1.874845
 2408.000000 1.893620
 2409.000000 1.914433
 2410.000000 1.936647
 2411.000000 1.959867
 2412.000000 1.983341
 2413.000000 2.006001
 2414.000000 2.026216
 2415.000000 2.043143
 2416.000000 2.056688
 2417.000000 2.067737
 2418.000000 2.077376
 2419.000000 2.086636
 2420.000000 2.096088
 2421.000000 2.105992
 2422.000000 2.116088
 2423.000000 2.125716
 2424.000000 2.134199
 2425.000000 2.140966
 2426.000000 2.145786
 2427.000000 2.149082
 2428.000000 2.151737
 2429.000000 2.154806
 2430.000000 2.159223
 2431.000000 2.165376
 2432.000000 2.173200
 2433.000000 2.181988
 2434.000000 2.190894
 2435.000000 2.199011
 2436.000000 2.205873
 2437.000000 2.211682
 2438.000000 2.217092
 2439.000000 2.223061
 2440.000000 2.230693
 2441.000000 2.240986
 2442.000000 2.254544
 2443.000000 2.271367
 2444.000000 2.290414
 2445.000000 2.309893
 2446.000000 2.328213
 2447.000000 2.344292
 2448.000000 2.358198
 2449.000000 2.370773
 2450.000000 2.383156
 2451.000000 2.396293
 2452.000000 2.410575
 2453.000000 2.426123
 2454.000000 2.442298
 2455.000000 2.458185
 2456.000000 2.472796
 2457.000000 2.485220
 2458.000000 2.495056
 2459.000000 2.502682
 2460.000000 2.509098
 2461.000000 2.515518
 2462.000000 2.523224
 2463.000000 2.533305
 2464.000000 2.546425
 2465.000000 2.562304
 2466.000000 2.579616
 2467.000000 2.596322
 2468.000000 2.610408
 2469.000000 2.620404
 2470.000000 2.625603
 2471.000000 2.626226
 2472.000000 2.623244
 2473.000000 2.618028
 2474.000000 2.612009
 2475.000000 2.606184
 2476.000000 2.601081
 2477.000000 2.596552
 2478.000000 2.591793
 2479.000000 2.585665
 2480.000000 2.577164
 2481.000000 2.565644
 2482.000000 2.551240
 2483.000000 2.534672
 2484.000000 2.516939
 2485.000000 2.499408
 2486.000000 2.483342
 2487.000000 2.469165
 2488.000000 2.456610
 2489.000000 2.444642
 2490.000000 2.432015
 2491.000000 2.417480
 2492.000000 2.400521
 2493.000000 2.381141
 2494.000000 2.359922
 2495.000000 2.337852
 2496.000000 2.316200
 2497.000000 2.296422
 2498.000000 2.279757
 2499.000000 2.266551
 2500.000000 2.255902
 2501.000000 2.246171
 2502.000000 2.235511
 2503.000000 2.222508
 2504.000000 2.206563
 2505.000000 2.188200
 2506.000000 2.169427
 2507.000000 2.152901
 2508.000000 2.140823
 2509.000000 2.134587
 2510.000000 2.134243
 2511.000000 2.138852
 2512.000000 2.146754
 2513.000000 2.155983
 2514.000000 2.164557
 2515.000000 2.171127
 2516.000000 2.175180
 2517.000000 2.177169
 2518.000000 2.178279
 2519.000000 2.180077
 2520.000000 2.183862
 2521.000000 2.190333
 2522.000000 2.199509
 2523.000000 2.210909
 2524.000000 2.223879
 2525.000000 2.237669
 2526.000000 2.251627
 2527.000000 2.265128
 2528.000000 2.277848
 2529.000000 2.290070
 2530.000000 2.302292
 2531.000000 2.314995
 2532.000000 2.328877
 2533.000000 2.344366
 2534.000000 2.361449
 2535.000000 2.380068
 2536.000000 2.399640
 2537.000000 2.419244
 2538.000000 2.437784
 2539.000000 2.454101
 2540.000000 2.467382
 2541.000000 2.477463
 2542.000000 2.484972
 2543.000000 2.490728
 2544.000000 2.495863
 2545.000000 2.501256
 2546.000000 2.507399
 2547.000000 2.514240
 2548.000000 2.521194
 2549.000000 2.527408
 2550.000000 2.531793
 2551.000000 2.533278
 2552.000000 2.531295
 2553.000000 2.525849
 2554.000000 2.517669
 2555.000000 2.508115
 2556.000000 2.498733
 2557.000000 2.490915
 2558.000000 2.485239
 2559.000000 2.481652
 2560.000000 2.479266
 2561.000000 2.476620
 2562.000000 2.472009
 2563.000000 2.463834
 2564.000000 2.451310
 2565.000000 2.434567
 2566.000000 2.414458
 2567.000000 2.392830
 2568.000000 2.371287
 2569.000000 2.351498
 2570.000000 2.334402
 2571.000000 2.319796
 2572.000000 2.306719
 2573.000000 2.293774
 2574.000000 2.279753
 2575.000000 2.264235
 2576.000000 2.247404
 2577.000000 2.230365
 2578.000000 2.214450
 2579.000000 2.200946
 2580.000000 2.191102
 2581.000000 2.185833
 2582.000000 2.185355
 2583.000000 2.188734
 2584.000000 2.194104
 2585.000000 2.199008
 2586.000000 2.201084
 2587.000000 2.198892
 2588.000000 2.192389
 2589.000000 2.182887
 2590.000000 2.172703
 2591.000000 2.164074
 2592.000000 2.158387
 2593.000000 2.155691
 2594.000000 2.154894
 2595.000000 2.154163
 2596.000000 2.151541
 2597.000000 2.145441
 2598.000000 2.135027
 2599.000000 2.120447
 2600.000000 2.102648
 2601.000000 2.082932
 2602.000000 2.062377
 2603.000000 2.042017
 2604.000000 2.023413
 2605.000000 2.007791
 2606.000000 1.995276
 2607.000000 1.985179
 2608.000000 1.975778
 2609.000000 1.965427
 2610.000000 1.952664
 2611.000000 1.936911
 2612.000000 1.918137
 2613.000000 1.897924
 2614.000000 1.878377
 2615.000000 1.862342
 2616.000000 1.852044
 2617.000000 1.848510
 2618.000000 1.851378
 2619.000000 1.859176
 2620.000000 1.869637
 2621.000000 1.880260
 2622.000000 1.889057
 2623.000000 1.894984
 2624.000000 1.898300
 2625.000000 1.900425
 2626.000000 1.903491
 2627.000000 1.909791
 2628.000000 1.921131
 2629.000000 1.938201
 2630.000000 1.960529
 2631.000000 1.986404
 2632.000000 2.012283
 2633.000000 2.033308
 2634.000000 2.046366
 2635.000000 2.050604
 2636.000000 2.047191
 2637.000000 2.038814
 2638.000000 2.028784
 2639.000000 2.020041
 2640.000000 2.014558
 2641.000000 2.012777
 2642.000000 2.013420
 2643.000000 2.014304
 2644.000000 2.013123
 2645.000000 2.008195
 2646.000000 1.998997
 2647.000000 1.986228
 2648.000000 1.971850
 2649.000000 1.958421
 2650.000000 1.948084
 2651.000000 1.942305
 2652.000000 1.941341
 2653.000000 1.944112
 2654.000000 1.948482
 2655.000000 1.951970
 2656.000000 1.952556
 2657.000000 1.949347
 2658.000000 1.942840
 2659.000000 1.934597
 2660.000000 1.926947
 2661.000000 1.922283
 2662.000000 1.922314
 2663.000000 1.927661
 2664.000000 1.937736
 2665.000000 1.951317
 2666.000000 1.966469
 2667.000000 1.981062
 2668.000000 1.993322
 2669.000000 2.002038
 2670.000000 2.007141
 2671.000000 2.009364
 2672.000000 2.010063
 2673.000000 2.010704
 2674.000000 2.012402
 2675.000000 2.015571
 2676.000000 2.019744
 2677.000000 2.023793
 2678.000000 2.026346
 2679.000000 2.026018
 2680.000000 2.021958
 2681.000000 2.013996
 2682.000000 2.002718
 2683.000000 1.989144
 2684.000000 1.974507
 2685.000000 1.959957
 2686.000000 1.946538
 2687.000000 1.934675
 2688.000000 1.924084
 2689.000000 1.913966
 2690.000000 1.903713
 2691.000000 1.893022
 2692.000000 1.881992
 2693.000000 1.871147
 2694.000000 1.861378
 2695.000000 1.853900
 2696.000000 1.849647
 2697.000000 1.849236
 2698.000000 1.852857
 2699.000000 1.860277
 2700.000000 1.870638
 2701.000000 1.882621
 2702.000000 1.894657
 2703.000000 1.905419
 2704.000000 1.914075
 2705.000000 1.920698
 2706.000000 1.925736
 2707.000000 1.930005
 2708.000000 1.934256
 2709.000000 1.938992
 2710.000000 1.944340
 2711.000000 1.950063
 2712.000000 1.955728
 2713.000000 1.960688
 2714.000000 1.964481
 2715.000000 1.966743
 2716.000000 1.967341
 2717.000000 1.966335
 2718.000000 1.963944
 2719.000000 1.960477
 2720.000000 1.956271
 2721.000000 1.951550
 2722.000000 1.946283
 2723.000000 1.940551
 2724.000000 1.934352
 2725.000000 1.927673
 2726.000000 1.920652
 2727.000000 1.913371
 2728.000000 1.906006
 2729.000000 1.898414
 2730.000000 1.890541
 2731.000000 1.882309
 2732.000000 1.873740
 2733.000000 1.865030
 2734.000000 1.856375
 2735.000000 1.847998
 2736.000000 1.840240
 2737.000000 1.833550
 2738.000000 1.828450
 2739.000000 1.825464
 2740.000000 1.824876
 2741.000000 1.826812
 2742.000000 1.831070
 2743.000000 1.837263
