#! FIELDS time d
 0.000000 2.657218
 1.000000 2.663327
 2.000000 2.671930
 3.000000 2.682371
 4.000000 2.693863
 5.000000 2.705462
 6.000000 2.715886
 7.000000 2.724078
 8.000000 2.729328
 9.000000 2.731621
 10.000000 2.731511
 11.000000 2.729966
 12.000000 2.728091
 13.000000 2.726945
 14.000000 2.727377
 15.000000 2.729987
 16.000000 2.735114
 17.000000 2.742824
 18.000000 2.752838
 19.000000 2.764743
 20.000000 2.777468
 21.000000 2.789879
 22.000000 2.801193
 23.000000 2.810509
 24.000000 2.817360
 25.000000 2.821834
 26.000000 2.824505
 27.000000 2.826361
 28.000000 2.828481
 29.000000 2.831743
 30.000000 2.836517
 31.000000 2.842754
 32.000000 2.849878
 33.000000 2.857036
 34.000000 2.863703
 35.000000 2.869251
 36.000000 2.873433
 37.000000 2.876282
 38.000000 2.878174
 39.000000 2.879596
 40.000000 2.881091
 41.000000 2.883166
 42.000000 2.886167
 43.000000 2.890261
 44.000000 2.895395
 45.000000 2.901335
 46.000000 2.907563
 47.000000 2.913516
 48.000000 2.918691
 49.000000 2.922827
 50.000000 2.925961
 51.000000 2.928477
 52.000000 2.931037
 53.000000 2.934484
 54.000000 2.939658
 55.000000 2.947212
 56.000000 2.957182
 57.000000 2.969209
 58.000000 2.982149
 59.000000 2.994274
 60.000000 3.004105
 61.000000 3.010115
 62.000000 3.011034
 63.000000 3.007072
 64.000000 2.999808
 65.000000 2.991396
 66.000000 2.983604
 67.000000 2.977915
 68.000000 2.975544
 69.000000 2.977347
 70.000000 2.983588
 71.000000 2.993702
 72.000000 3.006285
 73.000000 3.018537
 74.000000 3.026999
 75.000000 3.029196
 76.000000 3.024448
 77.000000 3.013974
 78.000000 3.000803
 79.000000 2.988276
 80.000000 2.978200
 81.000000 2.971777
 82.000000 2.969335
 83.000000 2.970675
 84.000000 2.975179
 85.000000 2.982038
 86.000000 2.990351
 87.000000 2.999557
 88.000000 3.009303
 89.000000 3.018618
 90.000000 3.026610
 91.000000 3.032951
 92.000000 3.037763
 93.000000 3.041180
 94.000000 3.043355
 95.000000 3.044200
 96.000000 3.043312
 97.000000 3.040067
 98.000000 3.033877
 99.000000 3.024671
 100.000000 3.012987
 101.000000 3.000146
 102.000000 2.987956
 103.000000 2.977161
 104.000000 2.968629
 105.000000 2.963401
 106.000000 2.962055
 107.000000 2.964701
 108.000000 2.970783
 109.000000 2.978916
 110.000000 2.987284
 111.000000 2.994116
 112.000000 2.997997
 113.000000 2.998443
 114.000000 2.996075
 115.000000 2.992515
 116.000000 2.989892
 117.000000 2.990272
 118.000000 2.995338
 119.000000 3.006070
 120.000000 3.021836
 121.000000 3.040038
 122.000000 3.057076
 123.000000 3.069422
 124.000000 3.074181
 125.000000 3.070010
 126.000000 3.057528
 127.000000 3.039114
 128.000000 3.017766
 129.000000 2.996733
 130.000000 2.978074
 131.000000 2.961170
 132.000000 2.945357
 133.000000 2.929620
 134.000000 2.913485
 135.000000 2.896778
 136.000000 2.879674
 137.000000 2.862561
 138.000000 2.846053
 139.000000 2.831172
 140.000000 2.818638
 141.000000 2.809372
 142.000000 2.803499
 143.000000 2.800627
 144.000000 2.799757
 145.000000 2.799609
 146.000000 2.798963
 147.000000 2.797015
 148.000000 2.793634
 149.000000 2.789455
 150.000000 2.785482
 151.000000 2.782975
 152.000000 2.783336
 153.000000 2.787746
 154.000000 2.796846
 155.000000 2.810663
 156.000000 2.828524
 157.000000 2.849291
 158.000000 2.871423
 159.000000 2.892963
 160.000000 2.912395
 161.000000 2.928667
 162.000000 2.941462
 163.000000 2.951714
 164.000000 2.960634
 165.000000 2.969810
 166.000000 2.980728
 167.000000 2.994404
 168.000000 3.011278
 169.000000 3.029722
 170.000000 3.046432
 171.000000 3.058081
 172.000000 3.062362
 173.000000 3.058439
 174.000000 3.047356
 175.000000 3.031770
 176.000000 3.015063
 177.000000 3.000371
 178.000000 2.989560
 179.000000 2.982249
 180.000000 2.977211
 181.000000 2.972709
 182.000000 2.967232
 183.000000 2.959925
 184.000000 2.950731
 185.000000 2.940309
 186.000000 2.929832
 187.000000 2.921012
 188.000000 2.915017
 189.000000 2.912618
 190.000000 2.913988
 191.000000 2.918741
 192.000000 2.925999
 193.000000 2.934469
 194.000000 2.942716
 195.000000 2.949334
 196.000000 2.953374
 197.000000 2.954483
 198.000000 2.953038
 199.000000 2.950044
 200.000000 2.946881
 201.000000 2.945027
 202.000000 2.945637
 203.000000 2.949377
 204.000000 2.956312
 205.000000 2.966255
 206.000000 2.978362
 207.000000 2.991617
 208.000000 3.004837
 209.000000 3.016105
 210.000000 3.023266
 211.000000 3.025005
 212.000000 3.021536
 213.000000 3.014438
 214.000000 3.006404
 215.000000 2.999994
 216.000000 2.997119
 217.000000 2.998522
 218.000000 3.004103
 219.000000 3.012642
 220.000000 3.021674
 221.000000 3.028674
 222.000000 3.031477
 223.000000 3.028976
 224.000000 3.021527
 225.000000 3.010913
 226.000000 2.999828
 227.000000 2.990950
 228.000000 2.985634
 229.000000 2.984764
 230.000000 2.988536
 231.000000 2.996304
 232.000000 3.006565
 233.000000 3.016452
 234.000000 3.022664
 235.000000 3.023069
 236.000000 3.017511
 237.000000 3.007784
 238.000000 2.997122
 239.000000 2.988758
 240.000000 2.984505
 241.000000 2.985313
 242.000000 2.991416
 243.000000 3.002555
 244.000000 3.017466
 245.000000 3.033165
 246.000000 3.046239
 247.000000 3.053884
 248.000000 3.055004
 249.000000 3.050536
 250.000000 3.043198
 251.000000 3.036325
 252.000000 3.032565
 253.000000 3.033103
 254.000000 3.037483
 255.000000 3.043855
 256.000000 3.049480
 257.000000 3.051634
 258.000000 3.048383
 259.000000 3.039226
 260.000000 3.025220
 261.000000 3.008975
 262.000000 2.993645
 263.000000 2.981328
 264.000000 2.972899
 265.000000 2.968869
 266.000000 2.969538
 267.000000 2.975066
 268.000000 2.985479
 269.000000 3.000806
 270.000000 3.020312
 271.000000 3.041048
 272.000000 3.059158
 273.000000 3.071213
 274.000000 3.075176
 275.000000 3.071140
 276.000000 3.061103
 277.000000 3.048020
 278.000000 3.034822
 279.000000 3.023645
 280.000000 3.015465
 281.000000 3.010333
 282.000000 3.007295
 283.000000 3.004992
 284.000000 3.002148
 285.000000 2.998036
 286.000000 2.992445
 287.000000 2.985736
 288.000000 2.979143
 289.000000 2.974359
 290.000000 2.973053
 291.000000 2.976328
 292.000000 2.984381
 293.000000 2.996233
 294.000000 3.010890
 295.000000 3.026493
 296.000000 3.039160
 297.000000 3.045008
 298.000000 3.041812
 299.000000 3.029695
 300.000000 3.011211
 301.000000 2.990589
 302.000000 2.971277
 303.000000 2.954575
 304.000000 2.940920
 305.000000 2.930452
 306.000000 2.922811
 307.000000 2.917146
 308.000000 2.912140
 309.000000 2.906250
 310.000000 2.898062
 311.000000 2.886592
 312.000000 2.871831
 313.000000 2.854558
 314.000000 2.836317
 315.000000 2.819065
 316.000000 2.804449
 317.000000 2.793022
 318.000000 2.784929
 319.000000 2.780008
 320.000000 2.777471
 321.000000 2.776083
 322.000000 2.774335
 323.000000 2.770850
 324.000000 2.764572
 325.000000 2.755230
 326.000000 2.743644
 327.000000 2.731228
 328.000000 2.719527
 329.000000 2.709828
 330.000000 2.703312
 331.000000 2.701147
 332.000000 2.704227
 333.000000 2.712745
 334.000000 2.726108
 335.000000 2.743198
 336.000000 2.762320
 337.000000 2.782035
 338.000000 2.801386
 339.000000 2.819754
 340.000000 2.836607
 341.000000 2.851564
 342.000000 2.864502
 343.000000 2.876194
 344.000000 2.887744
 345.000000 2.899999
 346.000000 2.913154
 347.000000 2.926256
 348.000000 2.938321
 349.000000 2.948680
 350.000000 2.956725
 351.000000 2.962614
 352.000000 2.967188
 353.000000 2.971584
 354.000000 2.976972
 355.000000 2.984518
 356.000000 2.995514
 357.000000 3.010935
 358.000000 3.029793
 359.000000 3.049247
 360.000000 3.065491
 361.000000 3.074520
 362.000000 3.074292
 363.000000 3.065264
 364.000000 3.049980
 365.000000 3.032068
 366.000000 3.014963
 367.000000 3.000587
 368.000000 2.989795
 369.000000 2.981805
 370.000000 2.975326
 371.000000 2.969082
 372.000000 2.961821
 373.000000 2.952602
 374.000000 2.940885
 375.000000 2.926923
 376.000000 2.912022
 377.000000 2.897464
 378.000000 2.884221
 379.000000 2.872698
 380.000000 2.862982
 381.000000 2.855021
 382.000000 2.848486
 383.000000 2.842886
 384.000000 2.837662
 385.000000 2.832267
 386.000000 2.826299
 387.000000 2.819531
 388.000000 2.812251
 389.000000 2.805089
 390.000000 2.798841
 391.000000 2.793876
 392.000000 2.790330
 393.000000 2.788472
 394.000000 2.788809
 395.000000 2.791792
 396.000000 2.797535
 397.000000 2.805626
 398.000000 2.815325
 399.000000 2.825488
 400.000000 2.835090
 401.000000 2.843316
 402.000000 2.850000
 403.000000 2.854964
 404.000000 2.858203
 405.000000 2.859990
 406.000000 2.861058
 407.000000 2.862324
 408.000000 2.864507
 409.000000 2.867905
 410.000000 2.872445
 411.000000 2.877611
 412.000000 2.882680
 413.000000 2.887119
 414.000000 2.890646
 415.000000 2.893120
 416.000000 2.894266
 417.000000 2.893716
 418.000000 2.891448
 419.000000 2.887956
 420.000000 2.883868
 421.000000 2.879773
 422.000000 2.876260
 423.000000 2.873530
 424.000000 2.871530
 425.000000 2.870103
 426.000000 2.869265
 427.000000 2.868924
 428.000000 2.868602
 429.000000 2.867581
 430.000000 2.865491
 431.000000 2.862590
 432.000000 2.859450
 433.000000 2.856751
 434.000000 2.855135
 435.000000 2.855094
 436.000000 2.856797
 437.000000 2.860174
 438.000000 2.865142
 439.000000 2.871407
 440.000000 2.878254
 441.000000 2.884537
 442.000000 2.889402
 443.000000 2.892762
 444.000000 2.895089
 445.000000 2.897139
 446.000000 2.899790
 447.000000 2.903833
 448.000000 2.909735
 449.000000 2.917706
 450.000000 2.927748
 451.000000 2.939707
 452.000000 2.952970
 453.000000 2.966324
 454.000000 2.978522
 455.000000 2.988878
 456.000000 2.997628
 457.000000 3.005473
 458.000000 3.012882
 459.000000 3.020516
 460.000000 3.028824
 461.000000 3.037835
 462.000000 3.047325
 463.000000 3.056648
 464.000000 3.064602
 465.000000 3.069360
 466.000000 3.068867
 467.000000 3.061981
 468.000000 3.049019
 469.000000 3.031487
 470.000000 3.011756
 471.000000 2.992231
 472.000000 2.974341
 473.000000 2.958097
 474.000000 2.943662
 475.000000 2.931415
 476.000000 2.921693
 477.000000 2.914548
 478.000000 2.909414
 479.000000 2.905398
 480.000000 2.901792
 481.000000 2.898185
 482.000000 2.894307
 483.000000 2.890017
 484.000000 2.885276
 485.000000 2.880072
 486.000000 2.874420
 487.000000 2.868449
 488.000000 2.862517
 489.000000 2.856897
 490.000000 2.851532
 491.000000 2.845986
 492.000000 2.839778
 493.000000 2.832641
 494.000000 2.824648
 495.000000 2.815857
 496.000000 2.806440
 497.000000 2.796559
 498.000000 2.786344
 499.000000 2.775864
 500.000000 2.765218
 501.000000 2.754511
 502.000000 2.743787
 503.000000 2.732453
 504.000000 2.720048
 505.000000 2.706542
 506.000000 2.692100
 507.000000 2.677119
 508.000000 2.661981
 509.000000 2.647256
 510.000000 2.633362
 511.000000 2.620379
 512.000000 2.608596
 513.000000 2.598040
 514.000000 2.588595
 515.000000 2.579911
 516.000000 2.571312
 517.000000 2.562283
 518.000000 2.552665
 519.000000 2.542502
 520.000000 2.531996
 521.000000 2.521384
 522.000000 2.510826
 523.000000 2.500558
 524.000000 2.490655
 525.000000 2.481432
 526.000000 2.473237
 527.000000 2.466181
 528.000000 2.460057
 529.000000 2.454319
 530.000000 2.448317
 531.000000 2.441816
 532.000000 2.434706
 533.000000 2.426985
 534.000000 2.419096
 535.000000 2.411637
 536.000000 2.405105
 537.000000 2.400013
 538.000000 2.396767
 539.000000 2.395455
 540.000000 2.395803
 541.000000 2.397206
 542.000000 2.398983
 543.000000 2.400601
 544.000000 2.401726
 545.000000 2.402333
 546.000000 2.402670
 547.000000 2.403170
 548.000000 2.404216
 549.000000 2.406047
 550.000000 2.408953
 551.000000 2.413282
 552.000000 2.419125
 553.000000 2.426057
 554.000000 2.433357
 555.000000 2.440485
 556.000000 2.446884
 557.000000 2.452321
 558.000000 2.456796
 559.000000 2.460515
 560.000000 2.463834
 561.000000 2.467194
 562.000000 2.471121
 563.000000 2.476139
 564.000000 2.482524
 565.000000 2.490283
 566.000000 2.499234
 567.000000 2.508918
 568.000000 2.518939
 569.000000 2.529160
 570.000000 2.539476
 571.000000 2.550003
 572.000000 2.561086
 573.000000 2.573085
 574.000000 2.586620
 575.000000 2.602063
 576.000000 2.619751
 577.000000 2.639545
 578.000000 2.661050
 579.000000 2.683423
 580.000000 2.705225
 581.000000 2.725191
 582.000000 2.742379
 583.000000 2.756518
 584.000000 2.767788
 585.000000 2.776610
 586.000000 2.783532
 587.000000 2.789394
 588.000000 2.794857
 589.000000 2.800525
 590.000000 2.806670
 591.000000 2.812907
 592.000000 2.818441
 593.000000 2.822211
 594.000000 2.823321
 595.000000 2.821163
 596.000000 2.815530
 597.000000 2.806690
 598.000000 2.795452
 599.000000 2.782789
 600.000000 2.769962
 601.000000 2.758225
 602.000000 2.748406
 603.000000 2.740686
 604.000000 2.734608
 605.000000 2.729264
 606.000000 2.723606
 607.000000 2.716841
 608.000000 2.708531
 609.000000 2.698635
 610.000000 2.687642
 611.000000 2.676515
 612.000000 2.666333
 613.000000 2.658221
 614.000000 2.653096
 615.000000 2.651372
 616.000000 2.652689
 617.000000 2.656089
 618.000000 2.660362
 619.000000 2.664459
 620.000000 2.667763
 621.000000 2.670123
 622.000000 2.671840
 623.000000 2.673555
 624.000000 2.676096
 625.000000 2.680310
 626.000000 2.686784
 627.000000 2.695778
 628.000000 2.707077
 629.000000 2.719629
 630.000000 2.732085
 631.000000 2.742622
 632.000000 2.749830
 633.000000 2.752998
 634.000000 2.752610
 635.000000 2.749670
 636.000000 2.745226
 637.000000 2.740330
 638.000000 2.735854
 639.000000 2.732458
 640.000000 2.730480
 641.000000 2.729877
 642.000000 2.730094
 643.000000 2.730180
 644.000000 2.729013
 645.000000 2.725538
 646.000000 2.718953
 647.000000 2.708874
 648.000000 2.695444
 649.000000 2.679405
 650.000000 2.662022
 651.000000 2.644822
 652.000000 2.629289
 653.000000 2.616465
 654.000000 2.606730
 655.000000 2.599750
 656.000000 2.594791
 657.000000 2.591003
 658.000000 2.587638
 659.000000 2.584330
 660.000000 2.581020
 661.000000 2.577986
 662.000000 2.575856
 663.000000 2.575400
 664.000000 2.577467
 665.000000 2.582790
 666.000000 2.591741
 667.000000 2.604314
 668.000000 2.619610
 669.000000 2.636263
 670.000000 2.652748
 671.000000 2.667614
 672.000000 2.679838
 673.000000 2.688560
 674.000000 2.693578
 675.000000 2.695336
 676.000000 2.694597
 677.000000 2.692361
 678.000000 2.689734
 679.000000 2.687749
 680.000000 2.687124
 681.000000 2.688022
 682.000000 2.690020
 683.000000 2.692280
 684.000000 2.693707
 685.000000 2.693134
 686.000000 2.689554
 687.000000 2.682246
 688.000000 2.671043
 689.000000 2.656366
 690.000000 2.639501
 691.000000 2.622072
 692.000000 2.605981
 693.000000 2.592774
 694.000000 2.583190
 695.000000 2.577079
 696.000000 2.573918
 697.000000 2.572950
 698.000000 2.573408
 699.000000 2.574636
 700.000000 2.576262
 701.000000 2.578335
 702.000000 2.581343
 703.000000 2.586148
 704.000000 2.593680
 705.000000 2.604449
 706.000000 2.618394
 707.000000 2.634551
 708.000000 2.651459
 709.000000 2.668122
 710.000000 2.683846
 711.000000 2.698269
 712.000000 2.711222
 713.000000 2.723178
 714.000000 2.735038
 715.000000 2.747724
 716.000000 2.761948
 717.000000 2.778091
 718.000000 2.795972
 719.000000 2.814578
 720.000000 2.832159
 721.000000 2.847366
 722.000000 2.859711
 723.000000 2.869350
 724.000000 2.876910
 725.000000 2.883369
 726.000000 2.889829
 727.000000 2.897388
 728.000000 2.907045
 729.000000 2.919247
 730.000000 2.933553
 731.000000 2.948807
 732.000000 2.963610
 733.000000 2.976843
 734.000000 2.987923
 735.000000 2.996608
 736.000000 3.003296
 737.000000 3.008406
 738.000000 3.012422
 739.000000 3.016209
 740.000000 3.020664
 741.000000 3.026337
 742.000000 3.032924
 743.000000 3.039263
 744.000000 3.043819
 745.000000 3.045179
 746.000000 3.042583
 747.000000 3.036125
 748.000000 3.026816
 749.000000 3.016342
 750.000000 3.006475
 751.000000 2.999103
 752.000000 2.995403
 753.000000 2.995428
 754.000000 2.998587
 755.000000 3.003808
 756.000000 3.009343
 757.000000 3.013406
 758.000000 3.014964
 759.000000 3.013849
 760.000000 3.010837
 761.000000 3.007377
 762.000000 3.005114
 763.000000 3.005523
 764.000000 3.009603
 765.000000 3.017659
 766.000000 3.029059
 767.000000 3.042162
 768.000000 3.054571
 769.000000 3.063314
 770.000000 3.066042
 771.000000 3.061828
 772.000000 3.051608
 773.000000 3.037733
 774.000000 3.023088
 775.000000 3.010402
 776.000000 3.001832
 777.000000 2.998306
 778.000000 2.999583
 779.000000 3.004710
 780.000000 3.011780
 781.000000 3.018592
 782.000000 3.023386
 783.000000 3.025265
 784.000000 3.024356
 785.000000 3.021687
 786.000000 3.018924
 787.000000 3.017901
 788.000000 3.019966
 789.000000 3.025631
 790.000000 3.034381
 791.000000 3.044659
 792.000000 3.054058
 793.000000 3.060073
 794.000000 3.060882
 795.000000 3.055944
 796.000000 3.046356
 797.000000 3.034041
 798.000000 3.021600
 799.000000 3.011319
 800.000000 3.004846
 801.000000 3.002585
 802.000000 3.004064
 803.000000 3.008034
 804.000000 3.012778
 805.000000 3.016580
 806.000000 3.018156
 807.000000 3.016934
 808.000000 3.013219
 809.000000 3.008102
 810.000000 3.003006
 811.000000 2.999418
 812.000000 2.998299
 813.000000 3.000025
 814.000000 3.004584
 815.000000 3.011400
 816.000000 3.019454
 817.000000 3.027609
 818.000000 3.034735
 819.000000 3.039793
 820.000000 3.042242
 821.000000 3.041975
 822.000000 3.039460
 823.000000 3.035513
 824.000000 3.031072
 825.000000 3.026898
 826.000000 3.023302
 827.000000 3.020327
 828.000000 3.017669
 829.000000 3.014966
 830.000000 3.011916
 831.000000 3.008454
 832.000000 3.004798
 833.000000 3.001379
 834.000000 2.998932
 835.000000 2.998117
 836.000000 2.999516
 837.000000 3.003671
 838.000000 3.010460
 839.000000 3.019257
 840.000000 3.029029
 841.000000 3.038369
 842.000000 3.046026
 843.000000 3.051219
 844.000000 3.053789
 845.000000 3.054277
 846.000000 3.053732
 847.000000 3.053367
 848.000000 3.054092
 849.000000 3.056211
 850.000000 3.059363
 851.000000 3.062497
 852.000000 3.064221
 853.000000 3.063288
 854.000000 3.059248
 855.000000 3.052602
 856.000000 3.044390
 857.000000 3.035862
 858.000000 3.028163
 859.000000 3.021960
 860.000000 3.017507
 861.000000 3.014570
 862.000000 3.012517
 863.000000 3.010608
 864.000000 3.008176
 865.000000 3.004883
 866.000000 3.000873
 867.000000 2.996638
 868.000000 2.992663
 869.000000 2.989387
 870.000000 2.987189
 871.000000 2.986300
 872.000000 2.986630
 873.000000 2.987794
 874.000000 2.989158
 875.000000 2.989972
 876.000000 2.989490
 877.000000 2.987018
 878.000000 2.981995
 879.000000 2.974248
 880.000000 2.964031
 881.000000 2.951930
 882.000000 2.938690
 883.000000 2.925302
 884.000000 2.912850
 885.000000 2.901703
 886.000000 2.891824
 887.000000 2.882819
 888.000000 2.873872
 889.000000 2.863936
 890.000000 2.852210
 891.000000 2.838127
 892.000000 2.821446
 893.000000 2.802812
 894.000000 2.783347
 895.000000 2.764307
 896.000000 2.746718
 897.000000 2.731150
 898.000000 2.717588
 899.000000 2.705599
 900.000000 2.694476
 901.000000 2.683281
 902.000000 2.671311
 903.000000 2.658148
 904.000000 2.643852
 905.000000 2.628943
 906.000000 2.614771
 907.000000 2.602419
 908.000000 2.593097
 909.000000 2.587612
 910.000000 2.586166
 911.000000 2.588322
 912.000000 2.593059
 913.000000 2.598875
 914.000000 2.604106
 915.000000 2.607296
 916.000000 2.607603
 917.000000 2.605065
 918.000000 2.600626
 919.000000 2.595793
 920.000000 2.592279
 921.000000 2.591575
 922.000000 2.594565
 923.000000 2.601434
 924.000000 2.611591
 925.000000 2.623809
 926.000000 2.636504
 927.000000 2.647957
 928.000000 2.656984
 929.000000 2.662849
 930.000000 2.665626
 931.000000 2.666191
 932.000000 2.665882
 933.000000 2.666152
 934.000000 2.668194
 935.000000 2.672699
 936.000000 2.679621
 937.000000 2.688410
 938.000000 2.698024
 939.000000 2.707165
 940.000000 2.714358
 941.000000 2.718368
 942.000000 2.718420
 943.000000 2.714238
 944.000000 2.706268
 945.000000 2.695418
 946.000000 2.682904
 947.000000 2.670186
 948.000000 2.658633
 949.000000 2.649283
 950.000000 2.642395
 951.000000 2.637888
 952.000000 2.635119
 953.000000 2.633199
 954.000000 2.631166
 955.000000 2.628282
 956.000000 2.624019
 957.000000 2.618066
 958.000000 2.611313
 959.000000 2.605274
 960.000000 2.601261
 961.000000 2.600178
 962.000000 2.602558
 963.000000 2.608463
 964.000000 2.617370
 965.000000 2.628066
 966.000000 2.639161
 967.000000 2.648946
 968.000000 2.656163
 969.000000 2.660146
 970.000000 2.661105
 971.000000 2.659959
 972.000000 2.658089
 973.000000 2.656975
 974.000000 2.657844
 975.000000 2.661382
 976.000000 2.667689
 977.000000 2.676128
 978.000000 2.685670
 979.000000 2.694942
 980.000000 2.702499
 981.000000 2.707074
 982.000000 2.707763
 983.000000 2.704216
 984.000000 2.696745
 985.000000 2.686488
 986.000000 2.674961
 987.000000 2.663877
 988.000000 2.654607
 989.000000 2.647820
 990.000000 2.643430
 991.000000 2.640766
 992.000000 2.638778
 993.000000 2.636337
 994.000000 2.632483
 995.000000 2.626820
 996.000000 2.619606
 997.000000 2.611656
 998.000000 2.604325
 999.000000 2.598973
 1000.000000 2.596675
 1001.000000 2.598078
 1002.000000 2.603191
 1003.000000 2.611487
 1004.000000 2.621995
 1005.000000 2.633660
 1006.000000 2.645091
 1007.000000 2.655091
 1008.000000 2.662957
 1009.000000 2.668708
 1010.000000 2.673045
 1011.000000 2.677268
 1012.000000 2.682869
 1013.000000 2.691256
 1014.000000 2.703188
 1015.000000 2.718709
 1016.000000 2.736946
 1017.000000 2.756937
 1018.000000 2.777483
 1019.000000 2.796984
 1020.000000 2.813911
 1021.000000 2.827440
 1022.000000 2.837377
 1023.000000 2.844222
 1024.000000 2.849184
 1025.000000 2.853826
 1026.000000 2.859697
 1027.000000 2.868038
 1028.000000 2.879448
 1029.000000 2.893939
 1030.000000 2.910649
 1031.000000 2.928220
 1032.000000 2.944588
 1033.000000 2.957937
 1034.000000 2.966777
 1035.000000 2.970353
 1036.000000 2.968667
 1037.000000 2.962420
 1038.000000 2.952838
 1039.000000 2.941543
 1040.000000 2.930189
 1041.000000 2.920334
 1042.000000 2.912755
 1043.000000 2.907619
 1044.000000 2.904356
 1045.000000 2.901876
 1046.000000 2.898699
 1047.000000 2.893329
 1048.000000 2.884592
 1049.000000 2.871964
 1050.000000 2.855794
 1051.000000 2.837005
 1052.000000 2.817485
 1053.000000 2.798865
 1054.000000 2.782975
 1055.000000 2.770742
 1056.000000 2.762505
 1057.000000 2.757954
 1058.000000 2.756039
 1059.000000 2.755414
 1060.000000 2.754518
 1061.000000 2.751903
 1062.000000 2.746628
 1063.000000 2.738461
 1064.000000 2.727924
 1065.000000 2.716209
 1066.000000 2.704523
 1067.000000 2.694167
 1068.000000 2.686342
 1069.000000 2.681774
 1070.000000 2.680577
 1071.000000 2.682250
 1072.000000 2.685843
 1073.000000 2.690209
 1074.000000 2.694336
 1075.000000 2.697580
 1076.000000 2.699755
 1077.000000 2.701222
 1078.000000 2.702678
 1079.000000 2.704857
 1080.000000 2.708376
 1081.000000 2.713521
 1082.000000 2.720534
 1083.000000 2.729456
 1084.000000 2.740103
 1085.000000 2.752122
 1086.000000 2.765097
 1087.000000 2.778462
 1088.000000 2.791584
 1089.000000 2.804068
 1090.000000 2.815615
 1091.000000 2.826101
 1092.000000 2.835591
 1093.000000 2.844311
 1094.000000 2.852582
 1095.000000 2.860933
 1096.000000 2.869727
 1097.000000 2.879386
 1098.000000 2.890053
 1099.000000 2.901463
 1100.000000 2.912720
 1101.000000 2.922578
 1102.000000 2.929768
 1103.000000 2.933322
 1104.000000 2.932545
 1105.000000 2.927401
 1106.000000 2.918647
 1107.000000 2.907667
 1108.000000 2.896238
 1109.000000 2.886085
 1110.000000 2.878470
 1111.000000 2.874055
 1112.000000 2.872638
 1113.000000 2.873373
 1114.000000 2.874922
 1115.000000 2.875724
 1116.000000 2.874257
 1117.000000 2.869282
 1118.000000 2.860076
 1119.000000 2.846829
 1120.000000 2.830496
 1121.000000 2.812823
 1122.000000 2.795564
 1123.000000 2.779994
 1124.000000 2.767131
 1125.000000 2.757242
 1126.000000 2.749809
 1127.000000 2.744000
 1128.000000 2.738689
 1129.000000 2.732679
 1130.000000 2.724865
 1131.000000 2.714447
 1132.000000 2.701288
 1133.000000 2.686103
 1134.000000 2.670260
 1135.000000 2.655970
 1136.000000 2.645268
 1137.000000 2.639246
 1138.000000 2.638449
 1139.000000 2.642469
 1140.000000 2.650010
 1141.000000 2.659102
 1142.000000 2.667618
 1143.000000 2.673556
 1144.000000 2.675683
 1145.000000 2.673790
 1146.000000 2.668826
 1147.000000 2.662668
 1148.000000 2.657619
 1149.000000 2.655835
 1150.000000 2.658715
 1151.000000 2.666520
 1152.000000 2.678247
 1153.000000 2.691910
 1154.000000 2.705189
 1155.000000 2.715963
 1156.000000 2.722844
 1157.000000 2.725341
 1158.000000 2.724093
 1159.000000 2.720626
 1160.000000 2.717021
 1161.000000 2.715477
 1162.000000 2.717641
 1163.000000 2.724430
 1164.000000 2.735809
 1165.000000 2.750878
 1166.000000 2.768072
 1167.000000 2.785274
 1168.000000 2.800304
 1169.000000 2.811403
 1170.000000 2.818090
 1171.000000 2.820849
 1172.000000 2.821048
 1173.000000 2.820521
 1174.000000 2.821167
 1175.000000 2.824523
 1176.000000 2.831571
 1177.000000 2.842315
 1178.000000 2.856067
 1179.000000 2.871458
 1180.000000 2.887050
 1181.000000 2.901183
 1182.000000 2.912392
 1183.000000 2.919661
 1184.000000 2.922485
 1185.000000 2.920883
 1186.000000 2.915545
 1187.000000 2.907755
 1188.000000 2.899242
 1189.000000 2.891635
 1190.000000 2.886254
 1191.000000 2.883820
 1192.000000 2.884131
 1193.000000 2.886182
 1194.000000 2.888477
 1195.000000 2.889353
 1196.000000 2.887228
 1197.000000 2.880948
 1198.000000 2.869969
 1199.000000 2.854604
 1200.000000 2.835786
 1201.000000 2.815088
 1202.000000 2.794349
 1203.000000 2.775921
 1204.000000 2.761410
 1205.000000 2.751526
 1206.000000 2.745884
 1207.000000 2.743140
 1208.000000 2.741418
 1209.000000 2.738635
 1210.000000 2.732881
 1211.000000 2.722671
 1212.000000 2.707417
 1213.000000 2.687239
 1214.000000 2.663774
 1215.000000 2.639832
 1216.000000 2.618556
 1217.000000 2.601874
 1218.000000 2.590186
 1219.000000 2.582670
 1220.000000 2.577842
 1221.000000 2.573693
 1222.000000 2.568036
 1223.000000 2.559053
 1224.000000 2.545386
 1225.000000 2.526685
 1226.000000 2.503796
 1227.000000 2.478504
 1228.000000 2.452753
 1229.000000 2.428119
 1230.000000 2.406020
 1231.000000 2.387264
 1232.000000 2.371949
 1233.000000 2.359595
 1234.000000 2.349068
 1235.000000 2.338695
 1236.000000 2.326452
 1237.000000 2.310895
 1238.000000 2.290988
 1239.000000 2.266551
 1240.000000 2.238375
 1241.000000 2.207787
 1242.000000 2.176121
 1243.000000 2.145444
 1244.000000 2.118423
 1245.000000 2.096626
 1246.000000 2.080540
 1247.000000 2.069869
 1248.000000 2.063344
 1249.000000 2.059079
 1250.000000 2.055055
 1251.000000 2.049372
 1252.000000 2.040784
 1253.000000 2.028966
 1254.000000 2.014474
 1255.000000 1.998981
 1256.000000 1.984554
 1257.000000 1.973748
 1258.000000 1.968571
 1259.000000 1.970006
 1260.000000 1.977972
 1261.000000 1.991199
 1262.000000 2.007673
 1263.000000 2.024758
 1264.000000 2.040325
 1265.000000 2.053082
 1266.000000 2.062513
 1267.000000 2.069452
 1268.000000 2.075409
 1269.000000 2.082324
 1270.000000 2.092077
 1271.000000 2.105962
 1272.000000 2.124349
 1273.000000 2.146582
 1274.000000 2.171291
 1275.000000 2.196538
 1276.000000 2.220103
 1277.000000 2.240625
 1278.000000 2.257562
 1279.000000 2.270584
 1280.000000 2.280189
 1281.000000 2.287231
 1282.000000 2.293246
 1283.000000 2.299892
 1284.000000 2.308753
 1285.000000 2.320777
 1286.000000 2.336060
 1287.000000 2.353786
 1288.000000 2.372727
 1289.000000 2.391093
 1290.000000 2.406796
 1291.000000 2.418235
 1292.000000 2.424677
 1293.000000 2.426311
 1294.000000 2.424152
 1295.000000 2.419761
 1296.000000 2.414960
 1297.000000 2.411246
 1298.000000 2.409452
 1299.000000 2.409636
 1300.000000 2.411088
 1301.000000 2.412520
 1302.000000 2.412467
 1303.000000 2.409627
 1304.000000 2.403308
 1305.000000 2.393649
 1306.000000 2.381838
 1307.000000 2.369897
 1308.000000 2.359813
 1309.000000 2.353340
 1310.000000 2.351526
 1311.000000 2.354213
 1312.000000 2.360117
 1313.000000 2.367204
 1314.000000 2.373186
 1315.000000 2.376351
 1316.000000 2.376034
 1317.000000 2.372667
 1318.000000 2.367684
 1319.000000 2.363229
 1320.000000 2.361533
 1321.000000 2.364186
 1322.000000 2.372005
 1323.000000 2.384894
 1324.000000 2.401798
 1325.000000 2.420778
 1326.000000 2.439866
 1327.000000 2.457122
 1328.000000 2.471021
 1329.000000 2.480569
 1330.000000 2.485782
 1331.000000 2.487443
 1332.000000 2.486938
 1333.000000 2.485981
 1334.000000 2.486184
 1335.000000 2.488672
 1336.000000 2.493849
 1337.000000 2.501312
 1338.000000 2.510003
 1339.000000 2.518396
 1340.000000 2.524848
 1341.000000 2.528026
 1342.000000 2.527024
 1343.000000 2.521625
 1344.000000 2.512416
 1345.000000 2.500654
 1346.000000 2.488159
 1347.000000 2.476849
 1348.000000 2.468124
 1349.000000 2.462873
 1350.000000 2.461293
 1351.000000 2.462804
 1352.000000 2.466222
 1353.000000 2.469979
 1354.000000 2.472385
 1355.000000 2.472022
 1356.000000 2.467994
 1357.000000 2.460067
 1358.000000 2.448722
 1359.000000 2.435179
 1360.000000 2.421053
 1361.000000 2.408146
 1362.000000 2.397447
 1363.000000 2.389426
 1364.000000 2.383647
 1365.000000 2.379315
 1366.000000 2.375292
 1367.000000 2.370362
 1368.000000 2.363610
 1369.000000 2.354510
 1370.000000 2.343209
 1371.000000 2.330273
 1372.000000 2.316612
 1373.000000 2.303287
 1374.000000 2.291335
 1375.000000 2.281263
 1376.000000 2.272969
 1377.000000 2.265768
 1378.000000 2.258705
 1379.000000 2.250603
 1380.000000 2.240454
 1381.000000 2.227376
 1382.000000 2.210824
 1383.000000 2.190873
 1384.000000 2.168679
 1385.000000 2.145805
 1386.000000 2.123781
 1387.000000 2.104142
 1388.000000 2.087937
 1389.000000 2.075499
 1390.000000 2.066383
 1391.000000 2.060046
 1392.000000 2.055453
 1393.000000 2.051645
 1394.000000 2.047764
 1395.000000 2.043187
 1396.000000 2.037693
 1397.000000 2.031578
 1398.000000 2.025517
 1399.000000 2.020578
 1400.000000 2.017990
 1401.000000 2.018933
 1402.000000 2.024200
 1403.000000 2.034133
 1404.000000 2.048596
 1405.000000 2.066770
 1406.000000 2.087600
 1407.000000 2.109266
 1408.000000 2.130090
 1409.000000 2.148545
 1410.000000 2.164016
 1411.000000 2.176623
 1412.000000 2.186994
 1413.000000 2.196378
 1414.000000 2.206023
 1415.000000 2.216838
 1416.000000 2.229296
 1417.000000 2.243365
 1418.000000 2.258298
 1419.000000 2.273047
 1420.000000 2.286454
 1421.000000 2.297666
 1422.000000 2.306051
 1423.000000 2.311416
 1424.000000 2.314113
 1425.000000 2.315059
 1426.000000 2.315460
 1427.000000 2.316451
 1428.000000 2.318803
 1429.000000 2.322763
 1430.000000 2.327991
 1431.000000 2.333711
 1432.000000 2.339010
 1433.000000 2.343041
 1434.000000 2.345227
 1435.000000 2.345384
 1436.000000 2.343756
 1437.000000 2.340917
 1438.000000 2.337660
 1439.000000 2.334830
 1440.000000 2.333070
 1441.000000 2.332708
 1442.000000 2.333713
 1443.000000 2.335691
 1444.000000 2.338090
 1445.000000 2.340316
 1446.000000 2.341946
 1447.000000 2.342841
 1448.000000 2.343147
 1449.000000 2.343298
 1450.000000 2.343926
 1451.000000 2.345737
 1452.000000 2.349308
 1453.000000 2.355038
 1454.000000 2.362953
 1455.000000 2.372724
 1456.000000 2.383860
 1457.000000 2.395644
 1458.000000 2.407436
 1459.000000 2.418745
 1460.000000 2.429167
 1461.000000 2.438886
 1462.000000 2.448363
 1463.000000 2.458364
 1464.000000 2.469580
 1465.000000 2.482422
 1466.000000 2.497075
 1467.000000 2.512914
 1468.000000 2.529103
 1469.000000 2.544609
 1470.000000 2.558379
 1471.000000 2.570085
 1472.000000 2.579695
 1473.000000 2.587522
 1474.000000 2.594193
 1475.000000 2.600426
 1476.000000 2.606996
 1477.000000 2.614428
 1478.000000 2.623163
 1479.000000 2.633220
 1480.000000 2.644084
 1481.000000 2.655194
 1482.000000 2.665672
 1483.000000 2.674893
 1484.000000 2.682268
 1485.000000 2.687642
 1486.000000 2.691035
 1487.000000 2.692727
 1488.000000 2.693175
 1489.000000 2.692861
 1490.000000 2.692203
 1491.000000 2.691468
 1492.000000 2.690692
 1493.000000 2.689674
 1494.000000 2.688051
 1495.000000 2.685449
 1496.000000 2.681611
 1497.000000 2.676510
 1498.000000 2.670408
 1499.000000 2.663941
 1500.000000 2.657913
 1501.000000 2.653085
 1502.000000 2.650165
 1503.000000 2.649553
 1504.000000 2.651214
 1505.000000 2.654713
 1506.000000 2.659305
 1507.000000 2.664052
 1508.000000 2.668153
 1509.000000 2.671017
 1510.000000 2.672357
 1511.000000 2.672320
 1512.000000 2.671414
 1513.000000 2.670405
 1514.000000 2.670133
 1515.000000 2.671311
 1516.000000 2.674319
 1517.000000 2.679130
 1518.000000 2.685215
 1519.000000 2.691910
 1520.000000 2.698319
 1521.000000 2.703556
 1522.000000 2.707076
 1523.000000 2.708652
 1524.000000 2.708482
 1525.000000 2.707128
 1526.000000 2.705464
 1527.000000 2.704511
 1528.000000 2.705234
 1529.000000 2.708387
 1530.000000 2.714219
 1531.000000 2.722522
 1532.000000 2.732495
 1533.000000 2.742915
 1534.000000 2.751962
 1535.000000 2.758035
 1536.000000 2.760254
 1537.000000 2.758718
 1538.000000 2.754396
 1539.000000 2.748833
 1540.000000 2.743735
 1541.000000 2.740594
 1542.000000 2.740323
 1543.000000 2.743136
 1544.000000 2.748513
 1545.000000 2.755278
 1546.000000 2.761935
 1547.000000 2.766817
 1548.000000 2.768651
 1549.000000 2.766935
 1550.000000 2.762055
 1551.000000 2.755137
 1552.000000 2.747980
 1553.000000 2.742499
 1554.000000 2.740443
 1555.000000 2.742860
 1556.000000 2.749989
 1557.000000 2.761018
 1558.000000 2.774227
 1559.000000 2.787273
 1560.000000 2.797825
 1561.000000 2.804198
 1562.000000 2.805894
 1563.000000 2.803295
 1564.000000 2.797588
 1565.000000 2.790600
 1566.000000 2.784359
 1567.000000 2.780732
 1568.000000 2.780913
 1569.000000 2.785168
 1570.000000 2.792833
 1571.000000 2.802537
 1572.000000 2.812545
 1573.000000 2.821066
 1574.000000 2.826799
 1575.000000 2.828972
 1576.000000 2.827505
 1577.000000 2.822965
 1578.000000 2.816552
 1579.000000 2.809767
 1580.000000 2.804283
 1581.000000 2.801353
 1582.000000 2.801683
 1583.000000 2.805158
 1584.000000 2.810848
 1585.000000 2.817168
 1586.000000 2.822325
 1587.000000 2.824606
 1588.000000 2.822731
 1589.000000 2.816134
 1590.000000 2.805019
 1591.000000 2.790445
 1592.000000 2.774428
 1593.000000 2.759409
 1594.000000 2.747637
 1595.000000 2.740686
 1596.000000 2.739218
 1597.000000 2.742813
 1598.000000 2.749997
 1599.000000 2.758506
 1600.000000 2.765701
 1601.000000 2.769265
 1602.000000 2.767682
 1603.000000 2.760586
 1604.000000 2.748819
 1605.000000 2.734257
 1606.000000 2.719273
 1607.000000 2.706360
 1608.000000 2.697345
 1609.000000 2.692826
 1610.000000 2.692147
 1611.000000 2.693599
 1612.000000 2.694745
 1613.000000 2.693083
 1614.000000 2.686762
 1615.000000 2.675026
 1616.000000 2.658318
 1617.000000 2.638636
 1618.000000 2.619000
 1619.000000 2.602192
 1620.000000 2.590084
 1621.000000 2.583519
 1622.000000 2.582255
 1623.000000 2.585095
 1624.000000 2.590145
 1625.000000 2.595125
 1626.000000 2.597991
 1627.000000 2.597142
 1628.000000 2.591662
 1629.000000 2.581520
 1630.000000 2.567360
 1631.000000 2.550689
 1632.000000 2.533565
 1633.000000 2.518334
 1634.000000 2.506963
 1635.000000 2.500637
 1636.000000 2.499300
 1637.000000 2.501804
 1638.000000 2.506234
 1639.000000 2.510326
 1640.000000 2.512018
 1641.000000 2.509886
 1642.000000 2.503356
 1643.000000 2.492826
 1644.000000 2.479432
 1645.000000 2.464889
 1646.000000 2.451221
 1647.000000 2.440312
 1648.000000 2.433546
 1649.000000 2.431469
 1650.000000 2.433617
 1651.000000 2.438558
 1652.000000 2.444145
 1653.000000 2.447896
 1654.000000 2.447690
 1655.000000 2.442133
 1656.000000 2.430900
 1657.000000 2.414749
 1658.000000 2.395380
 1659.000000 2.375208
 1660.000000 2.356494
 1661.000000 2.341058
 1662.000000 2.329960
 1663.000000 2.323056
 1664.000000 2.319322
 1665.000000 2.317037
 1666.000000 2.314147
 1667.000000 2.308772
 1668.000000 2.299593
 1669.000000 2.286189
 1670.000000 2.268927
 1671.000000 2.248858
 1672.000000 2.227497
 1673.000000 2.206703
 1674.000000 2.187994
 1675.000000 2.172570
 1676.000000 2.160658
 1677.000000 2.151497
 1678.000000 2.143688
 1679.000000 2.135400
 1680.000000 2.124942
 1681.000000 2.111198
 1682.000000 2.093668
 1683.000000 2.073053
 1684.000000 2.050785
 1685.000000 2.028625
 1686.000000 2.008670
 1687.000000 1.992371
 1688.000000 1.980706
 1689.000000 1.973774
 1690.000000 1.971072
 1691.000000 1.971328
 1692.000000 1.972865
 1693.000000 1.973977
 1694.000000 1.973268
 1695.000000 1.969837
 1696.000000 1.963536
 1697.000000 1.954933
 1698.000000 1.945175
 1699.000000 1.935818
 1700.000000 1.928423
 1701.000000 1.924340
 1702.000000 1.924215
 1703.000000 1.927757
 1704.000000 1.933818
 1705.000000 1.940850
 1706.000000 1.947219
 1707.000000 1.951694
 1708.000000 1.953717
 1709.000000 1.953443
 1710.000000 1.951622
 1711.000000 1.949440
 1712.000000 1.948170
 1713.000000 1.948924
 1714.000000 1.952323
 1715.000000 1.958387
 1716.000000 1.966435
 1717.000000 1.975434
 1718.000000 1.984227
 1719.000000 1.991688
 1720.000000 1.996970
 1721.000000 1.999790
 1722.000000 2.000352
 1723.000000 1.999226
 1724.000000 1.997198
 1725.000000 1.995116
 1726.000000 1.993713
 1727.000000 1.993499
 1728.000000 1.994680
 1729.000000 1.997227
 1730.000000 2.000939
 1731.000000 2.005447
 1732.000000 2.010474
 1733.000000 2.015795
 1734.000000 2.021351
 1735.000000 2.027296
 1736.000000 2.033964
 1737.000000 2.041744
 1738.000000 2.051199
 1739.000000 2.062809
 1740.000000 2.076743
 1741.000000 2.092903
 1742.000000 2.111195
 1743.000000 2.130944
 1744.000000 2.151608
 1745.000000 2.172312
 1746.000000 2.191702
 1747.000000 2.208734
 1748.000000 2.222673
 1749.000000 2.233428
 1750.000000 2.241461
 1751.000000 2.247943
 1752.000000 2.253887
 1753.000000 2.260499
 1754.000000 2.268775
 1755.000000 2.279107
 1756.000000 2.291260
 1757.000000 2.304686
 1758.000000 2.318294
 1759.000000 2.331009
 1760.000000 2.342084
 1761.000000 2.351029
 1762.000000 2.358118
 1763.000000 2.364298
 1764.000000 2.370956
 1765.000000 2.379362
 1766.000000 2.390543
 1767.000000 2.404965
 1768.000000 2.422540
 1769.000000 2.441733
 1770.000000 2.460849
 1771.000000 2.478388
 1772.000000 2.492986
 1773.000000 2.503787
 1774.000000 2.510568
 1775.000000 2.513829
 1776.000000 2.514570
 1777.000000 2.514065
 1778.000000 2.513580
 1779.000000 2.514082
 1780.000000 2.516086
 1781.000000 2.519529
 1782.000000 2.523857
 1783.000000 2.528163
 1784.000000 2.531323
 1785.000000 2.532226
 1786.000000 2.529988
 1787.000000 2.524065
 1788.000000 2.514317
 1789.000000 2.501052
 1790.000000 2.484858
 1791.000000 2.466674
 1792.000000 2.447851
 1793.000000 2.429726
 1794.000000 2.412899
 1795.000000 2.397847
 1796.000000 2.384763
 1797.000000 2.373339
 1798.000000 2.362692
 1799.000000 2.352085
 1800.000000 2.340924
 1801.000000 2.328663
 1802.000000 2.314649
 1803.000000 2.298561
 1804.000000 2.280240
 1805.000000 2.260308
 1806.000000 2.239360
 1807.000000 2.217949
 1808.000000 2.196682
 1809.000000 2.175890
 1810.000000 2.155941
 1811.000000 2.136624
 1812.000000 2.117659
 1813.000000 2.098659
 1814.000000 2.079443
 1815.000000 2.060330
 1816.000000 2.041624
 1817.000000 2.023842
 1818.000000 2.006991
 1819.000000 1.991114
 1820.000000 1.976268
 1821.000000 1.962425
 1822.000000 1.949547
 1823.000000 1.937705
 1824.000000 1.926810
 1825.000000 1.916768
 1826.000000 1.907591
 1827.000000 1.899190
 1828.000000 1.891405
 1829.000000 1.884075
 1830.000000 1.877244
 1831.000000 1.871101
 1832.000000 1.865820
 1833.000000 1.861675
 1834.000000 1.859022
 1835.000000 1.858167
 1836.000000 1.859329
 1837.000000 1.862614
 1838.000000 1.868059
 1839.000000 1.875507
 1840.000000 1.884811
 1841.000000 1.895725
 1842.000000 1.908156
 1843.000000 1.921827
 1844.000000 1.936697
 1845.000000 1.952147
 1846.000000 1.967699
 1847.000000 1.983021
 1848.000000 1.998483
 1849.000000 2.014451
 1850.000000 2.031387
 1851.000000 2.049668
 1852.000000 2.069341
 1853.000000 2.090070
 1854.000000 2.111320
 1855.000000 2.132818
 1856.000000 2.154274
 1857.000000 2.175381
 1858.000000 2.195623
 1859.000000 2.213891
 1860.000000 2.229469
 1861.000000 2.241932
 1862.000000 2.251066
 1863.000000 2.257044
 1864.000000 2.260267
 1865.000000 2.261327
 1866.000000 2.260934
 1867.000000 2.259739
 1868.000000 2.258133
 1869.000000 2.256103
 1870.000000 2.253101
 1871.000000 2.248157
 1872.000000 2.240087
 1873.000000 2.227793
 1874.000000 2.210744
 1875.000000 2.189629
 1876.000000 2.165504
 1877.000000 2.139828
 1878.000000 2.114311
 1879.000000 2.090599
 1880.000000 2.069758
 1881.000000 2.052517
 1882.000000 2.038481
 1883.000000 2.026430
 1884.000000 2.015052
 1885.000000 2.002947
 1886.000000 1.989241
 1887.000000 1.973639
 1888.000000 1.956532
 1889.000000 1.938770
 1890.000000 1.922104
 1891.000000 1.907855
 1892.000000 1.896592
 1893.000000 1.888158
 1894.000000 1.881862
 1895.000000 1.876398
 1896.000000 1.870280
 1897.000000 1.862100
 1898.000000 1.851035
 1899.000000 1.837010
 1900.000000 1.820571
 1901.000000 1.802867
 1902.000000 1.785503
 1903.000000 1.769964
 1904.000000 1.757288
 1905.000000 1.748064
 1906.000000 1.742042
 1907.000000 1.738514
 1908.000000 1.736356
 1909.000000 1.734286
 1910.000000 1.731169
 1911.000000 1.726286
 1912.000000 1.719698
 1913.000000 1.712263
 1914.000000 1.705067
 1915.000000 1.699451
 1916.000000 1.696476
 1917.000000 1.696552
 1918.000000 1.699260
 1919.000000 1.703513
 1920.000000 1.707827
 1921.000000 1.710842
 1922.000000 1.711758
 1923.000000 1.710498
 1924.000000 1.707774
 1925.000000 1.704913
 1926.000000 1.703443
 1927.000000 1.704770
 1928.000000 1.709757
 1929.000000 1.718684
 1930.000000 1.731030
 1931.000000 1.745713
 1932.000000 1.761213
 1933.000000 1.776140
 1934.000000 1.788933
 1935.000000 1.798693
 1936.000000 1.805283
 1937.000000 1.809391
 1938.000000 1.812308
 1939.000000 1.815471
 1940.000000 1.820083
 1941.000000 1.826861
 1942.000000 1.835777
 1943.000000 1.846131
 1944.000000 1.856815
 1945.000000 1.866701
 1946.000000 1.874713
 1947.000000 1.880045
 1948.000000 1.882243
 1949.000000 1.881199
 1950.000000 1.877263
 1951.000000 1.871021
 1952.000000 1.863229
 1953.000000 1.854747
 1954.000000 1.846082
 1955.000000 1.837446
 1956.000000 1.828959
 1957.000000 1.820510
 1958.000000 1.811995
 1959.000000 1.803314
 1960.000000 1.794375
 1961.000000 1.785021
 1962.000000 1.775114
 1963.000000 1.764418
 1964.000000 1.752815
 1965.000000 1.740595
 1966.000000 1.727985
 1967.000000 1.715285
 1968.000000 1.702663
 1969.000000 1.690328
 1970.000000 1.678445
 1971.000000 1.666871
 1972.000000 1.655511
 1973.000000 1.643957
 1974.000000 1.632046
 1975.000000 1.619667
 1976.000000 1.606687
 1977.000000 1.593269
 1978.000000 1.579708
 1979.000000 1.566511
 1980.000000 1.554375
 1981.000000 1.543911
 1982.000000 1.535461
 1983.000000 1.529145
 1984.000000 1.524981
 1985.000000 1.522705
 1986.000000 1.521899
 1987.000000 1.522051
 1988.000000 1.522711
 1989.000000 1.523627
 1990.000000 1.524806
 1991.000000 1.526509
 1992.000000 1.529081
 1993.000000 1.532941
 1994.000000 1.538317
 1995.000000 1.545265
 1996.000000 1.553698
 1997.000000 1.563354
 1998.000000 1.573677
 1999.000000 1.583889
 2000.000000 1.593233
 2001.000000 1.601245
 2002.000000 1.607839
 2003.000000 1.613141
 2004.000000 1.617441
 2005.000000 1.621196
 2006.000000 1.624926
 2007.000000 1.629011
 2008.000000 1.633633
 2009.000000 1.638726
 2010.000000 1.643986
 2011.000000 1.649023
 2012.000000 1.653238
 2013.000000 1.656220
 2014.000000 1.657748
 2015.000000 1.657932
 2016.000000 1.657136
 2017.000000 1.655887
 2018.000000 1.654724
 2019.000000 1.654052
 2020.000000 1.654087
 2021.000000 1.654786
 2022.000000 1.655902
 2023.000000 1.657073
 2024.000000 1.657912
 2025.000000 1.658122
 2026.000000 1.657586
 2027.000000 1.656419
 2028.000000 1.654905
 2029.000000 1.653452
 2030.000000 1.652442
 2031.000000 1.652058
 2032.000000 1.652248
 2033.000000 1.652728
 2034.000000 1.653035
 2035.000000 1.652632
 2036.000000 1.651012
 2037.000000 1.647827
 2038.000000 1.642972
 2039.000000 1.636639
 2040.000000 1.629212
 2041.000000 1.621082
 2042.000000 1.612532
 2043.000000 1.603803
 2044.000000 1.594732
 2045.000000 1.585078
 2046.000000 1.574489
 2047.000000 1.562612
 2048.000000 1.549518
 2049.000000 1.535339
 2050.000000 1.520552
 2051.000000 1.505743
 2052.000000 1.491451
 2053.000000 1.478594
 2054.000000 1.467401
 2055.000000 1.458103
 2056.000000 1.450670
 2057.000000 1.444960
 2058.000000 1.440841
 2059.000000 1.438191
 2060.000000 1.436927
 2061.000000 1.437009
 2062.000000 1.438366
 2063.000000 1.440900
 2064.000000 1.444502
 2065.000000 1.448951
 2066.000000 1.454086
 2067.000000 1.459797
 2068.000000 1.465880
 2069.000000 1.472115
 2070.000000 1.478258
 2071.000000 1.484134
 2072.000000 1.489436
 2073.000000 1.494040
 2074.000000 1.497939
 2075.000000 1.501323
 2076.000000 1.504497
 2077.000000 1.507927
 2078.000000 1.512172
 2079.000000 1.517676
 2080.000000 1.524709
 2081.000000 1.533172
 2082.000000 1.542637
 2083.000000 1.552326
 2084.000000 1.561254
 2085.000000 1.568424
 2086.000000 1.572958
 2087.000000 1.574333
 2088.000000 1.572514
 2089.000000 1.567935
 2090.000000 1.561390
 2091.000000 1.553661
 2092.000000 1.545662
 2093.000000 1.538002
 2094.000000 1.530974
 2095.000000 1.524430
 2096.000000 1.518047
 2097.000000 1.511498
 2098.000000 1.504251
 2099.000000 1.495805
 2100.000000 1.485873
 2101.000000 1.474340
 2102.000000 1.461443
 2103.000000 1.448008
 2104.000000 1.434884
 2105.000000 1.423281
 2106.000000 1.414348
 2107.000000 1.408601
 2108.000000 1.406304
 2109.000000 1.407215
 2110.000000 1.410721
 2111.000000 1.416023
 2112.000000 1.422253
 2113.000000 1.428601
 2114.000000 1.434546
 2115.000000 1.439813
 2116.000000 1.444617
 2117.000000 1.449367
 2118.000000 1.454655
 2119.000000 1.461129
 2120.000000 1.469242
 2121.000000 1.479389
 2122.000000 1.491968
 2123.000000 1.506783
 2124.000000 1.523356
 2125.000000 1.540776
 2126.000000 1.557469
 2127.000000 1.572170
 2128.000000 1.584028
 2129.000000 1.592866
 2130.000000 1.599422
 2131.000000 1.604762
 2132.000000 1.610216
 2133.000000 1.617163
 2134.000000 1.626738
 2135.000000 1.639521
 2136.000000 1.655601
 2137.000000 1.674278
 2138.000000 1.694147
 2139.000000 1.713491
 2140.000000 1.730843
 2141.000000 1.745280
 2142.000000 1.756519
 2143.000000 1.764855
 2144.000000 1.771252
 2145.000000 1.776925
 2146.000000 1.783068
 2147.000000 1.790633
 2148.000000 1.799973
 2149.000000 1.810564
 2150.000000 1.821357
 2151.000000 1.830860
 2152.000000 1.837658
 2153.000000 1.840670
 2154.000000 1.839615
 2155.000000 1.834959
 2156.000000 1.827865
 2157.000000 1.819771
 2158.000000 1.812436
 2159.000000 1.807249
 2160.000000 1.804910
 2161.000000 1.805362
 2162.000000 1.807808
 2163.000000 1.810897
 2164.000000 1.812991
 2165.000000 1.812664
 2166.000000 1.809050
 2167.000000 1.802031
 2168.000000 1.792318
 2169.000000 1.781176
 2170.000000 1.770161
 2171.000000 1.760509
 2172.000000 1.753386
 2173.000000 1.748980
 2174.000000 1.746646
 2175.000000 1.744821
 2176.000000 1.741399
 2177.000000 1.734278
 2178.000000 1.721980
 2179.000000 1.703991
 2180.000000 1.681332
 2181.000000 1.655907
 2182.000000 1.629767
 2183.000000 1.604883
 2184.000000 1.582280
 2185.000000 1.562236
 2186.000000 1.545268
 2187.000000 1.531042
 2188.000000 1.518980
 2189.000000 1.507994
 2190.000000 1.496884
 2191.000000 1.484401
 2192.000000 1.470183
 2193.000000 1.454187
 2194.000000 1.437087
 2195.000000 1.420184
 2196.000000 1.405428
 2197.000000 1.394666
 2198.000000 1.389507
 2199.000000 1.390577
 2200.000000 1.397566
 2201.000000 1.409227
 2202.000000 1.423942
 2203.000000 1.439756
 2204.000000 1.455098
 2205.000000 1.468764
 2206.000000 1.480347
 2207.000000 1.489891
 2208.000000 1.498328
 2209.000000 1.506908
 2210.000000 1.516798
 2211.000000 1.528681
 2212.000000 1.542870
 2213.000000 1.559119
 2214.000000 1.576429
 2215.000000 1.593467
 2216.000000 1.608990
 2217.000000 1.621823
 2218.000000 1.631498
 2219.000000 1.638048
 2220.000000 1.642019
 2221.000000 1.644406
 2222.000000 1.646519
 2223.000000 1.649707
 2224.000000 1.655127
 2225.000000 1.663428
 2226.000000 1.674599
 2227.000000 1.687919
 2228.000000 1.702386
 2229.000000 1.716546
 2230.000000 1.728897
 2231.000000 1.738215
 2232.000000 1.743507
 2233.000000 1.744541
 2234.000000 1.741626
 2235.000000 1.735639
 2236.000000 1.727891
 2237.000000 1.719857
 2238.000000 1.712845
 2239.000000 1.707705
 2240.000000 1.704765
 2241.000000 1.703893
 2242.000000 1.704458
 2243.000000 1.705570
 2244.000000 1.706201
 2245.000000 1.705355
 2246.000000 1.702201
 2247.000000 1.696208
 2248.000000 1.687166
 2249.000000 1.675124
 2250.000000 1.660724
 2251.000000 1.644829
 2252.000000 1.628362
 2253.000000 1.612346
 2254.000000 1.597256
 2255.000000 1.583377
 2256.000000 1.570618
 2257.000000 1.558597
 2258.000000 1.546786
 2259.000000 1.534503
 2260.000000 1.521309
 2261.000000 1.506816
 2262.000000 1.491066
 2263.000000 1.474543
 2264.000000 1.458182
 2265.000000 1.443258
 2266.000000 1.430926
 2267.000000 1.422385
 2268.000000 1.418527
 2269.000000 1.419706
 2270.000000 1.425766
 2271.000000 1.436007
 2272.000000 1.449332
 2273.000000 1.464353
 2274.000000 1.479919
 2275.000000 1.495184
 2276.000000 1.509620
 2277.000000 1.523402
 2278.000000 1.536848
 2279.000000 1.550559
 2280.000000 1.565023
 2281.000000 1.580435
 2282.000000 1.597039
 2283.000000 1.615260
 2284.000000 1.634847
 2285.000000 1.654788
 2286.000000 1.673798
 2287.000000 1.690499
 2288.000000 1.703821
 2289.000000 1.713079
 2290.000000 1.718347
 2291.000000 1.719900
 2292.000000 1.718471
 2293.000000 1.715022
 2294.000000 1.710609
 2295.000000 1.706203
 2296.000000 1.702542
 2297.000000 1.699924
 2298.000000 1.698309
 2299.000000 1.697275
 2300.000000 1.696010
 2301.000000 1.693481
 2302.000000 1.688578
 2303.000000 1.680469
 2304.000000 1.668669
 2305.000000 1.653475
 2306.000000 1.635728
 2307.000000 1.616534
 2308.000000 1.597601
 2309.000000 1.580024
 2310.000000 1.564837
 2311.000000 1.552611
 2312.000000 1.543531
 2313.000000 1.537252
 2314.000000 1.532640
 2315.000000 1.528047
 2316.000000 1.521663
 2317.000000 1.511883
 2318.000000 1.498049
 2319.000000 1.480312
 2320.000000 1.459973
 2321.000000 1.439140
 2322.000000 1.419693
 2323.000000 1.403335
 2324.000000 1.391642
 2325.000000 1.385173
 2326.000000 1.383584
 2327.000000 1.385666
 2328.000000 1.389565
 2329.000000 1.393276
 2330.000000 1.395145
 2331.000000 1.394321
 2332.000000 1.390915
 2333.000000 1.385926
 2334.000000 1.380974
 2335.000000 1.377980
 2336.000000 1.378674
 2337.000000 1.384140
 2338.000000 1.394511
 2339.000000 1.408998
 2340.000000 1.426265
 2341.000000 1.444326
 2342.000000 1.461474
 2343.000000 1.476247
 2344.000000 1.487799
 2345.000000 1.495711
 2346.000000 1.500270
 2347.000000 1.502317
 2348.000000 1.503142
 2349.000000 1.504175
 2350.000000 1.506797
 2351.000000 1.512148
 2352.000000 1.520908
 2353.000000 1.533066
 2354.000000 1.547971
 2355.000000 1.564164
 2356.000000 1.579885
 2357.000000 1.593198
 2358.000000 1.602663
 2359.000000 1.607321
 2360.000000 1.606837
 2361.000000 1.601719
 2362.000000 1.593072
 2363.000000 1.582404
 2364.000000 1.571509
 2365.000000 1.561979
 2366.000000 1.555175
 2367.000000 1.551790
 2368.000000 1.551950
 2369.000000 1.555049
 2370.000000 1.559945
 2371.000000 1.565130
 2372.000000 1.568910
 2373.000000 1.569680
 2374.000000 1.566139
 2375.000000 1.557513
 2376.000000 1.543763
 2377.000000 1.525834
 2378.000000 1.505735
 2379.000000 1.485970
 2380.000000 1.468632
 2381.000000 1.455055
 2382.000000 1.445933
 2383.000000 1.441057
 2384.000000 1.439379
 2385.000000 1.439324
 2386.000000 1.439125
 2387.000000 1.437243
 2388.000000 1.432710
 2389.000000 1.425327
 2390.000000 1.415895
 2391.000000 1.405882
 2392.000000 1.397231
 2393.000000 1.391551
 2394.000000 1.390210
 2395.000000 1.393811
 2396.000000 1.402039
 2397.000000 1.413735
 2398.000000 1.427522
 2399.000000 1.441613
 2400.000000 1.454503
 2401.000000 1.465109
 2402.000000 1.472967
 2403.000000 1.478293
 2404.000000 1.481730
 2405.000000 1.484286
 2406.000000 1.487089
 2407.000000 1.491239
 2408.000000 1.497572
 2409.000000 1.506487
 2410.000000 1.517806
 2411.000000 1.530850
 2412.000000 1.544457
 2413.000000 1.557597
 2414.000000 1.569343
 2415.000000 1.579281
 2416.000000 1.587210
 2417.000000 1.593316
 2418.000000 1.597887
 2419.000000 1.601332
 2420.000000 1.604080
 2421.000000 1.606610
 2422.000000 1.609345
 2423.000000 1.612612
 2424.000000 1.616692
 2425.000000 1.621782
 2426.000000 1.627928
 2427.000000 1.635124
 2428.000000 1.643030
 2429.000000 1.650914
 2430.000000 1.658069
 2431.000000 1.663721
 2432.000000 1.667512
 2433.000000 1.669260
 2434.000000 1.669105
 2435.000000 1.667430
 2436.000000 1.664780
 2437.000000 1.661751
 2438.000000 1.658986
 2439.000000 1.657106
 2440.000000 1.656545
 2441.000000 1.657436
 2442.000000 1.659603
 2443.000000 1.662608
 2444.000000 1.665774
 2445.000000 1.668273
 2446.000000 1.669275
 2447.000000 1.668035
 2448.000000 1.664123
 2449.000000 1.657472
 2450.000000 1.648415
 2451.000000 1.637692
 2452.000000 1.626357
 2453.000000 1.615204
 2454.000000 1.604951
 2455.000000 1.595871
 2456.000000 1.587802
 2457.000000 1.580263
 2458.000000 1.572473
 2459.000000 1.563406
 2460.000000 1.552130
 2461.000000 1.538256
 2462.000000 1.522066
 2463.000000 1.504497
 2464.000000 1.486821
 2465.000000 1.470547
 2466.000000 1.456826
 2467.000000 1.446331
 2468.000000 1.439225
 2469.000000 1.435301
 2470.000000 1.433957
 2471.000000 1.434171
 2472.000000 1.434687
 2473.000000 1.434299
 2474.000000 1.432143
 2475.000000 1.427864
 2476.000000 1.421760
 2477.000000 1.414692
 2478.000000 1.407882
 2479.000000 1.402667
 2480.000000 1.400055
 2481.000000 1.400366
 2482.000000 1.403333
 2483.000000 1.408260
 2484.000000 1.414271
 2485.000000 1.420447
 2486.000000 1.426017
 2487.000000 1.430643
 2488.000000 1.434399
 2489.000000 1.437826
 2490.000000 1.441755
 2491.000000 1.447186
 2492.000000 1.454962
 2493.000000 1.465669
 2494.000000 1.479390
 2495.000000 1.495556
 2496.000000 1.512868
 2497.000000 1.529479
 2498.000000 1.543341
 2499.000000 1.552836
 2500.000000 1.557320
 2501.000000 1.557024
 2502.000000 1.553031
 2503.000000 1.546886
 2504.000000 1.540236
 2505.000000 1.534550
 2506.000000 1.530969
 2507.000000 1.529988
 2508.000000 1.531390
 2509.000000 1.534301
 2510.000000 1.537424
 2511.000000 1.539307
 2512.000000 1.538745
 2513.000000 1.534973
 2514.000000 1.527957
 2515.000000 1.518373
 2516.000000 1.507464
 2517.000000 1.496804
 2518.000000 1.488087
 2519.000000 1.482162
 2520.000000 1.479346
 2521.000000 1.479121
 2522.000000 1.480304
 2523.000000 1.481305
 2524.000000 1.480522
 2525.000000 1.476755
 2526.000000 1.469523
 2527.000000 1.459206
 2528.000000 1.446751
 2529.000000 1.433137
 2530.000000 1.419474
 2531.000000 1.406946
 2532.000000 1.396210
 2533.000000 1.387610
 2534.000000 1.381130
 2535.000000 1.376153
 2536.000000 1.371858
 2537.000000 1.367453
 2538.000000 1.362485
 2539.000000 1.357103
 2540.000000 1.352070
 2541.000000 1.348586
 2542.000000 1.347931
 2543.000000 1.351207
 2544.000000 1.358965
 2545.000000 1.370955
 2546.000000 1.386224
 2547.000000 1.403343
 2548.000000 1.420873
 2549.000000 1.438031
 2550.000000 1.454330
 2551.000000 1.469353
 2552.000000 1.483471
 2553.000000 1.497146
 2554.000000 1.511030
 2555.000000 1.525639
 2556.000000 1.541239
 2557.000000 1.557619
 2558.000000 1.574755
 2559.000000 1.592212
 2560.000000 1.609824
 2561.000000 1.627706
 2562.000000 1.646108
 2563.000000 1.665138
 2564.000000 1.683693
 2565.000000 1.700630
 2566.000000 1.715278
 2567.000000 1.727200
 2568.000000 1.736655
 2569.000000 1.744122
 2570.000000 1.750355
 2571.000000 1.756207
 2572.000000 1.762286
 2573.000000 1.768812
 2574.000000 1.775530
 2575.000000 1.781832
 2576.000000 1.787147
 2577.000000 1.790903
 2578.000000 1.792806
 2579.000000 1.792919
 2580.000000 1.791587
 2581.000000 1.789370
 2582.000000 1.786901
 2583.000000 1.784700
 2584.000000 1.782990
 2585.000000 1.781688
 2586.000000 1.780383
 2587.000000 1.778448
 2588.000000 1.775179
 2589.000000 1.770004
 2590.000000 1.762769
 2591.000000 1.753712
 2592.000000 1.743436
 2593.000000 1.732695
 2594.000000 1.722427
 2595.000000 1.713262
 2596.000000 1.705523
 2597.000000 1.699038
 2598.000000 1.693272
 2599.000000 1.687553
 2600.000000 1.681209
 2601.000000 1.673747
 2602.000000 1.664903
 2603.000000 1.654716
 2604.000000 1.643707
 2605.000000 1.632509
 2606.000000 1.621595
 2607.000000 1.611481
 2608.000000 1.602127
 2609.000000 1.593290
 2610.000000 1.584053
 2611.000000 1.573298
 2612.000000 1.559704
 2613.000000 1.542894
 2614.000000 1.522998
 2615.000000 1.501306
 2616.000000 1.479294
 2617.000000 1.457925
 2618.000000 1.437299
 2619.000000 1.417801
 2620.000000 1.399849
 2621.000000 1.383902
 2622.000000 1.370332
 2623.000000 1.359469
 2624.000000 1.351305
 2625.000000 1.345517
 2626.000000 1.341812
 2627.000000 1.340005
 2628.000000 1.340157
 2629.000000 1.342578
 2630.000000 1.347667
 2631.000000 1.355809
 2632.000000 1.367160
 2633.000000 1.381368
 2634.000000 1.397957
 2635.000000 1.416357
 2636.000000 1.435732
 2637.000000 1.455236
 2638.000000 1.474465
 2639.000000 1.493299
 2640.000000 1.511135
 2641.000000 1.526852
 2642.000000 1.540402
 2643.000000 1.551607
 2644.000000 1.560551
 2645.000000 1.567607
 2646.000000 1.573268
 2647.000000 1.577933
 2648.000000 1.581707
 2649.000000 1.584406
 2650.000000 1.585648
 2651.000000 1.584862
 2652.000000 1.581430
 2653.000000 1.574926
 2654.000000 1.565310
 2655.000000 1.553023
 2656.000000 1.539135
 2657.000000 1.524937
 2658.000000 1.511814
 2659.000000 1.500586
 2660.000000 1.491626
 2661.000000 1.484797
 2662.000000 1.479489
 2663.000000 1.474813
 2664.000000 1.469983
 2665.000000 1.464235
 2666.000000 1.457186
 2667.000000 1.448815
 2668.000000 1.439415
 2669.000000 1.429617
 2670.000000 1.420093
 2671.000000 1.411641
 2672.000000 1.404873
 2673.000000 1.400168
 2674.000000 1.397447
 2675.000000 1.396260
 2676.000000 1.395821
 2677.000000 1.395198
 2678.000000 1.393554
 2679.000000 1.390396
 2680.000000 1.385743
 2681.000000 1.380069
 2682.000000 1.374284
 2683.000000 1.369492
 2684.000000 1.366843
 2685.000000 1.367268
 2686.000000 1.371231
 2687.000000 1.378462
 2688.000000 1.388171
 2689.000000 1.399388
 2690.000000 1.410906
 2691.000000 1.421706
 2692.000000 1.431280
 2693.000000 1.439718
 2694.000000 1.447593
 2695.000000 1.455705
 2696.000000 1.465175
 2697.000000 1.477121
 2698.000000 1.492143
 2699.000000 1.510594
 2700.000000 1.531603
 2701.000000 1.553206
 2702.000000 1.572903
 2703.000000 1.588732
 2704.000000 1.599698
 2705.000000 1.606013
 2706.000000 1.608231
 2707.000000 1.607312
 2708.000000 1.604412
 2709.000000 1.600597
 2710.000000 1.596655
 2711.000000 1.593000
 2712.000000 1.589591
