#! FIELDS time d
 0.000000 1.490723
 1.000000 1.490575
 2.000000 1.479014
 3.000000 1.457353
 4.000000 1.428176
 5.000000 1.395088
 6.000000 1.363061
 7.000000 1.336882
 8.000000 1.320864
 9.000000 1.317500
 10.000000 1.327162
 11.000000 1.347700
 12.000000 1.375363
 13.000000 1.405271
 14.000000 1.433220
 15.000000 1.455959
 16.000000 1.471480
 17.000000 1.478865
 18.000000 1.477709
 19.000000 1.468253
 20.000000 1.451464
 21.000000 1.428869
 22.000000 1.402175
 23.000000 1.374321
 24.000000 1.348559
 25.000000 1.328131
 26.000000 1.316079
 27.000000 1.314308
 28.000000 1.323269
 29.000000 1.341849
 30.000000 1.367332
 31.000000 1.396614
 32.000000 1.425675
 33.000000 1.450551
 34.000000 1.469081
 35.000000 1.479026
 36.000000 1.479348
 37.000000 1.469960
 38.000000 1.451527
 39.000000 1.425880
 40.000000 1.395921
 41.000000 1.365076
 42.000000 1.338199
 43.000000 1.319794
 44.000000 1.313281
 45.000000 1.319885
 46.000000 1.338418
 47.000000 1.365717
 48.000000 1.397347
 49.000000 1.428993
 50.000000 1.456737
 51.000000 1.477521
 52.000000 1.489112
 53.000000 1.490447
 54.000000 1.481620
 55.000000 1.463649
 56.000000 1.438853
 57.000000 1.409912
 58.000000 1.380610
 59.000000 1.355387
 60.000000 1.337726
 61.000000 1.330020
 62.000000 1.333463
 63.000000 1.347368
 64.000000 1.369352
 65.000000 1.396205
 66.000000 1.423911
 67.000000 1.448507
 68.000000 1.466905
 69.000000 1.477049
 70.000000 1.477936
 71.000000 1.469566
 72.000000 1.452910
 73.000000 1.430006
 74.000000 1.403796
 75.000000 1.377734
 76.000000 1.355427
 77.000000 1.340136
 78.000000 1.334250
 79.000000 1.338377
 80.000000 1.351680
 81.000000 1.372027
 82.000000 1.396779
 83.000000 1.422806
 84.000000 1.447062
 85.000000 1.467034
 86.000000 1.480348
 87.000000 1.485671
 88.000000 1.482268
 89.000000 1.470191
 90.000000 1.450530
 91.000000 1.425068
 92.000000 1.396166
 93.000000 1.367674
 94.000000 1.343339
 95.000000 1.326828
 96.000000 1.321036
 97.000000 1.327426
 98.000000 1.345376
 99.000000 1.372016
 100.000000 1.403510
 101.000000 1.435630
 102.000000 1.464110
 103.000000 1.486084
 104.000000 1.499287
 105.000000 1.502220
 106.000000 1.494679
 107.000000 1.477257
 108.000000 1.451366
 109.000000 1.419964
 110.000000 1.386907
 111.000000 1.356238
 112.000000 1.332358
 113.000000 1.318816
 114.000000 1.317880
 115.000000 1.329534
 116.000000 1.351386
 117.000000 1.379627
 118.000000 1.409798
 119.000000 1.437564
 120.000000 1.459284
 121.000000 1.472251
 122.000000 1.474802
 123.000000 1.466725
 124.000000 1.448970
 125.000000 1.423517
 126.000000 1.393742
 127.000000 1.363682
 128.000000 1.337347
 129.000000 1.318982
 130.000000 1.311873
 131.000000 1.317132
 132.000000 1.333747
 133.000000 1.359315
 134.000000 1.389943
 135.000000 1.421571
 136.000000 1.450514
 137.000000 1.473886
 138.000000 1.489665
 139.000000 1.496317
 140.000000 1.493336
 141.000000 1.480975
 142.000000 1.460278
 143.000000 1.433367
 144.000000 1.402951
 145.000000 1.372513
 146.000000 1.346257
 147.000000 1.327633
 148.000000 1.319411
 149.000000 1.322961
 150.000000 1.337645
 151.000000 1.361241
 152.000000 1.390096
 153.000000 1.420153
 154.000000 1.447150
 155.000000 1.467962
 156.000000 1.480560
 157.000000 1.483731
 158.000000 1.477263
 159.000000 1.461917
 160.000000 1.439457
 161.000000 1.412483
 162.000000 1.384591
 163.000000 1.358882
 164.000000 1.339097
 165.000000 1.328277
 166.000000 1.328336
 167.000000 1.339207
 168.000000 1.359156
 169.000000 1.384990
 170.000000 1.412708
 171.000000 1.438336
 172.000000 1.458760
 173.000000 1.471346
 174.000000 1.474374
 175.000000 1.467039
 176.000000 1.449875
 177.000000 1.424874
 178.000000 1.395115
 179.000000 1.364521
 180.000000 1.338079
 181.000000 1.319886
 182.000000 1.313455
 183.000000 1.320144
 184.000000 1.338841
 185.000000 1.366737
 186.000000 1.400042
 187.000000 1.433529
 188.000000 1.463481
 189.000000 1.486668
 190.000000 1.500660
 191.000000 1.504391
 192.000000 1.497610
 193.000000 1.480975
 194.000000 1.456003
 195.000000 1.425379
 196.000000 1.392246
 197.000000 1.360948
 198.000000 1.335606
 199.000000 1.319759
 200.000000 1.315595
 201.000000 1.323768
 202.000000 1.342812
 203.000000 1.369878
 204.000000 1.400655
 205.000000 1.431870
 206.000000 1.459618
 207.000000 1.480955
 208.000000 1.493713
 209.000000 1.496434
 210.000000 1.488677
 211.000000 1.470834
 212.000000 1.444144
 213.000000 1.411073
 214.000000 1.376081
 215.000000 1.343409
 216.000000 1.317810
 217.000000 1.303738
 218.000000 1.303747
 219.000000 1.318158
 220.000000 1.344223
 221.000000 1.377746
 222.000000 1.413493
 223.000000 1.447227
 224.000000 1.474764
 225.000000 1.493018
 226.000000 1.500562
 227.000000 1.497156
 228.000000 1.483643
 229.000000 1.461926
 230.000000 1.434195
 231.000000 1.403810
 232.000000 1.374536
 233.000000 1.350159
 234.000000 1.333975
 235.000000 1.328176
 236.000000 1.333487
 237.000000 1.348878
 238.000000 1.371850
 239.000000 1.398741
 240.000000 1.425813
 241.000000 1.449466
 242.000000 1.466767
 243.000000 1.475839
 244.000000 1.475395
 245.000000 1.465252
 246.000000 1.446329
 247.000000 1.420750
 248.000000 1.391644
 249.000000 1.362518
 250.000000 1.337727
 251.000000 1.321059
 252.000000 1.315031
 253.000000 1.320634
 254.000000 1.336979
 255.000000 1.361389
 256.000000 1.389935
 257.000000 1.418836
 258.000000 1.444995
 259.000000 1.465129
 260.000000 1.477172
 261.000000 1.479576
 262.000000 1.471783
 263.000000 1.454259
 264.000000 1.428544
 265.000000 1.397354
 266.000000 1.364594
 267.000000 1.334714
 268.000000 1.312631
 269.000000 1.302076
 270.000000 1.305100
 271.000000 1.321385
 272.000000 1.348187
 273.000000 1.381275
 274.000000 1.415368
 275.000000 1.446166
 276.000000 1.470583
 277.000000 1.486131
 278.000000 1.491457
 279.000000 1.486358
 280.000000 1.471584
 281.000000 1.448906
 282.000000 1.420605
 283.000000 1.389954
 284.000000 1.360856
 285.000000 1.337524
 286.000000 1.323271
 287.000000 1.320283
 288.000000 1.329048
 289.000000 1.348222
 290.000000 1.374705
 291.000000 1.404882
 292.000000 1.434897
 293.000000 1.461290
 294.000000 1.481327
 295.000000 1.493211
 296.000000 1.495861
 297.000000 1.489004
 298.000000 1.473052
 299.000000 1.449470
 300.000000 1.420281
 301.000000 1.388676
 302.000000 1.358762
 303.000000 1.334496
 304.000000 1.319204
 305.000000 1.315334
 306.000000 1.323351
 307.000000 1.341763
 308.000000 1.367239
 309.000000 1.395417
 310.000000 1.422346
 311.000000 1.444766
 312.000000 1.459556
 313.000000 1.465100
 314.000000 1.461105
 315.000000 1.448295
 316.000000 1.428600
 317.000000 1.404404
 318.000000 1.379109
 319.000000 1.356653
 320.000000 1.340286
 321.000000 1.332804
 322.000000 1.335500
 323.000000 1.347896
 324.000000 1.368227
 325.000000 1.393557
 326.000000 1.420125
 327.000000 1.444659
 328.000000 1.464350
 329.000000 1.477219
 330.000000 1.482103
 331.000000 1.478656
 332.000000 1.467257
 333.000000 1.449013
 334.000000 1.425949
 335.000000 1.400546
 336.000000 1.376177
 337.000000 1.356158
 338.000000 1.343346
 339.000000 1.339551
 340.000000 1.345153
 341.000000 1.359250
 342.000000 1.379485
 343.000000 1.403021
 344.000000 1.426860
 345.000000 1.448142
 346.000000 1.464545
 347.000000 1.474111
 348.000000 1.475838
 349.000000 1.469396
 350.000000 1.455301
 351.000000 1.434795
 352.000000 1.409844
 353.000000 1.383150
 354.000000 1.358116
 355.000000 1.338519
 356.000000 1.327312
 357.000000 1.326532
 358.000000 1.336598
 359.000000 1.356237
 360.000000 1.382920
 361.000000 1.412635
 362.000000 1.441490
 363.000000 1.465742
 364.000000 1.482353
 365.000000 1.489384
 366.000000 1.485818
 367.000000 1.471951
 368.000000 1.449428
 369.000000 1.421021
 370.000000 1.390302
 371.000000 1.361768
 372.000000 1.339269
 373.000000 1.325907
 374.000000 1.323635
 375.000000 1.332765
 376.000000 1.351350
 377.000000 1.376385
 378.000000 1.404427
 379.000000 1.432029
 380.000000 1.455998
 381.000000 1.473854
 382.000000 1.484287
 383.000000 1.486588
 384.000000 1.480598
 385.000000 1.466726
 386.000000 1.446245
 387.000000 1.421181
 388.000000 1.394541
 389.000000 1.369364
 390.000000 1.349107
 391.000000 1.336466
 392.000000 1.333128
 393.000000 1.339221
 394.000000 1.353380
 395.000000 1.373007
 396.000000 1.394905
 397.000000 1.415485
 398.000000 1.432104
 399.000000 1.442834
 400.000000 1.446769
 401.000000 1.443720
 402.000000 1.434158
 403.000000 1.419278
 404.000000 1.400505
 405.000000 1.379870
 406.000000 1.359627
 407.000000 1.342630
 408.000000 1.331327
 409.000000 1.327527
 410.000000 1.331760
 411.000000 1.343364
 412.000000 1.360553
 413.000000 1.380905
 414.000000 1.401226
 415.000000 1.418588
 416.000000 1.431020
 417.000000 1.437071
 418.000000 1.436395
 419.000000 1.429447
 420.000000 1.417260
 421.000000 1.401354
 422.000000 1.384120
 423.000000 1.367685
 424.000000 1.354462
 425.000000 1.346421
 426.000000 1.345040
 427.000000 1.350567
 428.000000 1.362187
 429.000000 1.378362
 430.000000 1.396883
 431.000000 1.415258
 432.000000 1.431673
 433.000000 1.444458
 434.000000 1.452340
 435.000000 1.454338
 436.000000 1.450061
 437.000000 1.439823
 438.000000 1.424690
 439.000000 1.406544
 440.000000 1.387464
 441.000000 1.369935
 442.000000 1.356357
 443.000000 1.348354
 444.000000 1.346898
 445.000000 1.352078
 446.000000 1.363163
 447.000000 1.378627
 448.000000 1.396326
 449.000000 1.414129
 450.000000 1.429959
 451.000000 1.442260
 452.000000 1.449994
 453.000000 1.452491
 454.000000 1.449492
 455.000000 1.441127
 456.000000 1.427943
 457.000000 1.411060
 458.000000 1.392321
 459.000000 1.373600
 460.000000 1.357698
 461.000000 1.347384
 462.000000 1.344317
 463.000000 1.348980
 464.000000 1.360680
 465.000000 1.377754
 466.000000 1.397813
 467.000000 1.418132
 468.000000 1.435963
 469.000000 1.449109
 470.000000 1.455770
 471.000000 1.455087
 472.000000 1.447255
 473.000000 1.433355
 474.000000 1.415331
 475.000000 1.395547
 476.000000 1.376604
 477.000000 1.361352
 478.000000 1.352177
 479.000000 1.350486
 480.000000 1.356465
 481.000000 1.368955
 482.000000 1.385695
 483.000000 1.403872
 484.000000 1.420816
 485.000000 1.434616
 486.000000 1.444210
 487.000000 1.449203
 488.000000 1.449493
 489.000000 1.445342
 490.000000 1.437319
 491.000000 1.426416
 492.000000 1.413954
 493.000000 1.401445
 494.000000 1.390502
 495.000000 1.382175
 496.000000 1.377257
 497.000000 1.376241
 498.000000 1.379358
 499.000000 1.386429
 500.000000 1.396690
 501.000000 1.408809
 502.000000 1.420922
 503.000000 1.431586
 504.000000 1.439447
 505.000000 1.443421
 506.000000 1.442869
 507.000000 1.437510
 508.000000 1.427487
 509.000000 1.413726
 510.000000 1.397921
 511.000000 1.382207
 512.000000 1.369312
 513.000000 1.361361
 514.000000 1.359697
 515.000000 1.364607
 516.000000 1.375465
 517.000000 1.390717
 518.000000 1.407907
 519.000000 1.424373
 520.000000 1.437713
 521.000000 1.446135
 522.000000 1.448600
 523.000000 1.444844
 524.000000 1.435317
 525.000000 1.421193
 526.000000 1.404229
 527.000000 1.386593
 528.000000 1.370751
 529.000000 1.358817
 530.000000 1.352198
 531.000000 1.351855
 532.000000 1.357546
 533.000000 1.368203
 534.000000 1.381869
 535.000000 1.396333
 536.000000 1.409805
 537.000000 1.420799
 538.000000 1.428250
 539.000000 1.431650
 540.000000 1.430845
 541.000000 1.426118
 542.000000 1.418144
 543.000000 1.407909
 544.000000 1.396807
 545.000000 1.386055
 546.000000 1.376883
 547.000000 1.370179
 548.000000 1.366704
 549.000000 1.367106
 550.000000 1.371790
 551.000000 1.380640
 552.000000 1.393039
 553.000000 1.407694
 554.000000 1.422863
 555.000000 1.436977
 556.000000 1.448095
 557.000000 1.454740
 558.000000 1.455891
 559.000000 1.451085
 560.000000 1.440502
 561.000000 1.425024
 562.000000 1.406241
 563.000000 1.386366
 564.000000 1.368541
 565.000000 1.355641
 566.000000 1.349400
 567.000000 1.350611
 568.000000 1.358857
 569.000000 1.372895
 570.000000 1.390509
 571.000000 1.409061
 572.000000 1.425932
 573.000000 1.438706
 574.000000 1.446065
 575.000000 1.447456
 576.000000 1.443233
 577.000000 1.434315
 578.000000 1.421958
 579.000000 1.407667
 580.000000 1.393420
 581.000000 1.381210
 582.000000 1.372835
 583.000000 1.369376
 584.000000 1.371031
 585.000000 1.377146
 586.000000 1.386393
 587.000000 1.397439
 588.000000 1.408766
 589.000000 1.419091
 590.000000 1.427250
 591.000000 1.432032
 592.000000 1.432692
 593.000000 1.428899
 594.000000 1.420860
 595.000000 1.409357
 596.000000 1.395721
 597.000000 1.381664
 598.000000 1.369133
 599.000000 1.359721
 600.000000 1.354862
 601.000000 1.355542
 602.000000 1.361835
 603.000000 1.372899
 604.000000 1.386962
 605.000000 1.401964
 606.000000 1.416118
 607.000000 1.427675
 608.000000 1.435214
 609.000000 1.437734
 610.000000 1.434637
 611.000000 1.425972
 612.000000 1.412539
 613.000000 1.396022
 614.000000 1.378723
 615.000000 1.363312
 616.000000 1.351975
 617.000000 1.346591
 618.000000 1.348089
 619.000000 1.356385
 620.000000 1.370335
 621.000000 1.387837
 622.000000 1.406249
 623.000000 1.422851
 624.000000 1.435429
 625.000000 1.442409
 626.000000 1.442785
 627.000000 1.436430
 628.000000 1.423974
 629.000000 1.406792
 630.000000 1.386597
 631.000000 1.366119
 632.000000 1.348158
 633.000000 1.335537
 634.000000 1.330325
 635.000000 1.333253
 636.000000 1.343678
 637.000000 1.359644
 638.000000 1.378705
 639.000000 1.398369
 640.000000 1.416583
 641.000000 1.431407
 642.000000 1.441659
 643.000000 1.446458
 644.000000 1.445402
 645.000000 1.438597
 646.000000 1.426707
 647.000000 1.411062
 648.000000 1.393503
 649.000000 1.376125
 650.000000 1.361023
 651.000000 1.350048
 652.000000 1.344727
 653.000000 1.345901
 654.000000 1.353603
 655.000000 1.366969
 656.000000 1.384200
 657.000000 1.402937
 658.000000 1.420745
 659.000000 1.434995
 660.000000 1.443956
 661.000000 1.446808
 662.000000 1.443430
 663.000000 1.434401
 664.000000 1.420934
 665.000000 1.404277
 666.000000 1.386578
 667.000000 1.370313
 668.000000 1.358439
 669.000000 1.353115
 670.000000 1.355315
 671.000000 1.364750
 672.000000 1.380358
 673.000000 1.400022
 674.000000 1.421087
 675.000000 1.441092
 676.000000 1.457351
 677.000000 1.467491
 678.000000 1.470053
 679.000000 1.464570
 680.000000 1.451525
 681.000000 1.432333
 682.000000 1.409302
 683.000000 1.385009
 684.000000 1.362646
 685.000000 1.345720
 686.000000 1.336894
 687.000000 1.337293
 688.000000 1.346654
 689.000000 1.363172
 690.000000 1.383810
 691.000000 1.405501
 692.000000 1.425286
 693.000000 1.440688
 694.000000 1.449923
 695.000000 1.451998
 696.000000 1.446548
 697.000000 1.433995
 698.000000 1.415621
 699.000000 1.393721
 700.000000 1.371165
 701.000000 1.350907
 702.000000 1.335891
 703.000000 1.328262
 704.000000 1.329114
 705.000000 1.338200
 706.000000 1.354405
 707.000000 1.375480
 708.000000 1.398417
 709.000000 1.420575
 710.000000 1.439547
 711.000000 1.453383
 712.000000 1.460750
 713.000000 1.461300
 714.000000 1.455348
 715.000000 1.443709
 716.000000 1.427786
 717.000000 1.409254
 718.000000 1.389932
 719.000000 1.372026
 720.000000 1.358103
 721.000000 1.350237
 722.000000 1.349670
 723.000000 1.356662
 724.000000 1.370260
 725.000000 1.388722
 726.000000 1.409583
 727.000000 1.429933
 728.000000 1.447281
 729.000000 1.459539
 730.000000 1.465239
 731.000000 1.463778
 732.000000 1.455384
 733.000000 1.441118
 734.000000 1.422705
 735.000000 1.402757
 736.000000 1.384002
 737.000000 1.369116
 738.000000 1.360350
 739.000000 1.358984
 740.000000 1.365131
 741.000000 1.377741
 742.000000 1.394533
 743.000000 1.412557
 744.000000 1.428989
 745.000000 1.441337
 746.000000 1.448087
 747.000000 1.448482
 748.000000 1.442571
 749.000000 1.431149
 750.000000 1.415393
 751.000000 1.397398
 752.000000 1.379544
 753.000000 1.364235
 754.000000 1.353492
 755.000000 1.348342
 756.000000 1.349097
 757.000000 1.355349
 758.000000 1.366270
 759.000000 1.380426
 760.000000 1.396341
 761.000000 1.412167
 762.000000 1.426168
 763.000000 1.436937
 764.000000 1.443629
 765.000000 1.445833
 766.000000 1.443451
 767.000000 1.436701
 768.000000 1.426063
 769.000000 1.412568
 770.000000 1.397668
 771.000000 1.383253
 772.000000 1.371743
 773.000000 1.365104
 774.000000 1.364579
 775.000000 1.370579
 776.000000 1.382404
 777.000000 1.398641
 778.000000 1.417206
 779.000000 1.436017
 780.000000 1.452453
 781.000000 1.464426
 782.000000 1.470478
 783.000000 1.469779
 784.000000 1.462342
 785.000000 1.448810
 786.000000 1.430569
 787.000000 1.409838
 788.000000 1.388885
 789.000000 1.370391
 790.000000 1.356758
 791.000000 1.349949
 792.000000 1.350953
 793.000000 1.359511
 794.000000 1.374145
 795.000000 1.392498
 796.000000 1.411810
 797.000000 1.430108
 798.000000 1.445170
 799.000000 1.455362
 800.000000 1.459547
 801.000000 1.457470
 802.000000 1.449423
 803.000000 1.436324
 804.000000 1.419744
 805.000000 1.401720
 806.000000 1.384368
 807.000000 1.369903
 808.000000 1.360284
 809.000000 1.356764
 810.000000 1.359606
 811.000000 1.368122
 812.000000 1.380934
 813.000000 1.396008
 814.000000 1.411076
 815.000000 1.424291
 816.000000 1.433801
 817.000000 1.438328
 818.000000 1.437282
 819.000000 1.430869
 820.000000 1.419947
 821.000000 1.406280
 822.000000 1.391741
 823.000000 1.378197
 824.000000 1.367439
 825.000000 1.360873
 826.000000 1.359308
 827.000000 1.363195
 828.000000 1.372429
 829.000000 1.386218
 830.000000 1.403277
 831.000000 1.421715
 832.000000 1.439313
 833.000000 1.454257
 834.000000 1.464608
 835.000000 1.469078
 836.000000 1.466922
 837.000000 1.457906
 838.000000 1.442706
 839.000000 1.422498
 840.000000 1.399177
 841.000000 1.375695
 842.000000 1.355439
 843.000000 1.341333
 844.000000 1.335472
 845.000000 1.338698
 846.000000 1.350383
 847.000000 1.368370
 848.000000 1.389864
 849.000000 1.411487
 850.000000 1.430717
 851.000000 1.445017
 852.000000 1.452636
 853.000000 1.452559
 854.000000 1.444758
 855.000000 1.430284
 856.000000 1.410983
 857.000000 1.389452
 858.000000 1.368856
 859.000000 1.352100
 860.000000 1.341739
 861.000000 1.339239
 862.000000 1.344873
 863.000000 1.357602
 864.000000 1.375542
 865.000000 1.395966
 866.000000 1.415736
 867.000000 1.432377
 868.000000 1.443864
 869.000000 1.449042
 870.000000 1.447611
 871.000000 1.439865
 872.000000 1.426688
 873.000000 1.409433
 874.000000 1.390184
 875.000000 1.371196
 876.000000 1.355071
 877.000000 1.343734
 878.000000 1.338781
 879.000000 1.340783
 880.000000 1.349198
 881.000000 1.362640
 882.000000 1.379282
 883.000000 1.397060
 884.000000 1.413678
 885.000000 1.427466
 886.000000 1.436927
 887.000000 1.440964
 888.000000 1.439200
 889.000000 1.431935
 890.000000 1.420226
 891.000000 1.405587
 892.000000 1.389670
 893.000000 1.374554
 894.000000 1.362235
 895.000000 1.354474
 896.000000 1.352537
 897.000000 1.356984
 898.000000 1.367495
 899.000000 1.382808
 900.000000 1.400765
 901.000000 1.418959
 902.000000 1.434798
 903.000000 1.446172
 904.000000 1.451627
 905.000000 1.450460
 906.000000 1.442689
 907.000000 1.428977
 908.000000 1.410820
 909.000000 1.390293
 910.000000 1.370034
 911.000000 1.352825
 912.000000 1.341088
 913.000000 1.336850
 914.000000 1.340926
 915.000000 1.352658
 916.000000 1.369996
 917.000000 1.390390
 918.000000 1.410842
 919.000000 1.428601
 920.000000 1.441377
 921.000000 1.447451
 922.000000 1.445999
 923.000000 1.437244
 924.000000 1.422552
 925.000000 1.404186
 926.000000 1.384877
 927.000000 1.367537
 928.000000 1.354468
 929.000000 1.347628
 930.000000 1.348009
 931.000000 1.355397
 932.000000 1.368310
 933.000000 1.384506
 934.000000 1.401343
 935.000000 1.416392
 936.000000 1.427395
 937.000000 1.433168
 938.000000 1.433358
 939.000000 1.428249
 940.000000 1.418730
 941.000000 1.406102
 942.000000 1.391904
 943.000000 1.377854
 944.000000 1.365870
 945.000000 1.357535
 946.000000 1.353928
 947.000000 1.355527
 948.000000 1.361957
 949.000000 1.372085
 950.000000 1.384610
 951.000000 1.397863
 952.000000 1.410436
 953.000000 1.420934
 954.000000 1.428530
 955.000000 1.432577
 956.000000 1.432638
 957.000000 1.428727
 958.000000 1.421365
 959.000000 1.411539
 960.000000 1.400632
 961.000000 1.389955
 962.000000 1.380787
 963.000000 1.373977
 964.000000 1.370207
 965.000000 1.370025
 966.000000 1.373667
 967.000000 1.380923
 968.000000 1.391014
 969.000000 1.402564
 970.000000 1.413889
 971.000000 1.423363
 972.000000 1.429572
 973.000000 1.431487
 974.000000 1.428514
 975.000000 1.420606
 976.000000 1.408194
 977.000000 1.392572
 978.000000 1.375446
 979.000000 1.359056
 980.000000 1.345784
 981.000000 1.337704
 982.000000 1.336208
 983.000000 1.341677
 984.000000 1.353455
 985.000000 1.369771
 986.000000 1.388490
 987.000000 1.407153
 988.000000 1.423444
 989.000000 1.435507
 990.000000 1.442087
 991.000000 1.442516
 992.000000 1.436802
 993.000000 1.425785
 994.000000 1.410863
 995.000000 1.394305
 996.000000 1.378701
 997.000000 1.366536
 998.000000 1.360116
 999.000000 1.360765
 1000.000000 1.368720
 1001.000000 1.382610
 1002.000000 1.400234
 1003.000000 1.419248
 1004.000000 1.436985
 1005.000000 1.451450
 1006.000000 1.460799
 1007.000000 1.463953
 1008.000000 1.460586
 1009.000000 1.451123
 1010.000000 1.436775
 1011.000000 1.419300
 1012.000000 1.401045
 1013.000000 1.384170
 1014.000000 1.370941
 1015.000000 1.362925
 1016.000000 1.361106
 1017.000000 1.365510
 1018.000000 1.375291
 1019.000000 1.388704
 1020.000000 1.403505
 1021.000000 1.417741
 1022.000000 1.429911
 1023.000000 1.438891
 1024.000000 1.443997
 1025.000000 1.444788
 1026.000000 1.441089
 1027.000000 1.433116
 1028.000000 1.421606
 1029.000000 1.407708
 1030.000000 1.393092
 1031.000000 1.379353
 1032.000000 1.368103
 1033.000000 1.360504
 1034.000000 1.357544
 1035.000000 1.359831
 1036.000000 1.367397
 1037.000000 1.379293
 1038.000000 1.393897
 1039.000000 1.409190
 1040.000000 1.423227
 1041.000000 1.434104
 1042.000000 1.440480
 1043.000000 1.441455
 1044.000000 1.436811
 1045.000000 1.426937
 1046.000000 1.412757
 1047.000000 1.395995
 1048.000000 1.379019
 1049.000000 1.364530
 1050.000000 1.355005
 1051.000000 1.351932
 1052.000000 1.355839
 1053.000000 1.366319
 1054.000000 1.381904
 1055.000000 1.400699
 1056.000000 1.420218
 1057.000000 1.437796
 1058.000000 1.451620
 1059.000000 1.459866
 1060.000000 1.461496
 1061.000000 1.456314
 1062.000000 1.445005
 1063.000000 1.428937
 1064.000000 1.410008
 1065.000000 1.390747
 1066.000000 1.373415
 1067.000000 1.360247
 1068.000000 1.352939
 1069.000000 1.352129
 1070.000000 1.357372
 1071.000000 1.367347
 1072.000000 1.379997
 1073.000000 1.392939
 1074.000000 1.403915
 1075.000000 1.411062
 1076.000000 1.412974
 1077.000000 1.409152
 1078.000000 1.399964
 1079.000000 1.386784
 1080.000000 1.371502
 1081.000000 1.356871
 1082.000000 1.345205
 1083.000000 1.338554
 1084.000000 1.338116
 1085.000000 1.343966
 1086.000000 1.355083
 1087.000000 1.369761
 1088.000000 1.386111
 1089.000000 1.402545
 1090.000000 1.417485
 1091.000000 1.429484
 1092.000000 1.437418
 1093.000000 1.440513
 1094.000000 1.438359
 1095.000000 1.430988
 1096.000000 1.419177
 1097.000000 1.404097
 1098.000000 1.387391
 1099.000000 1.371020
 1100.000000 1.357396
 1101.000000 1.348783
 1102.000000 1.346830
 1103.000000 1.352187
 1104.000000 1.364328
 1105.000000 1.381427
 1106.000000 1.400946
 1107.000000 1.420124
 1108.000000 1.436344
 1109.000000 1.447396
 1110.000000 1.451779
 1111.000000 1.448751
 1112.000000 1.438369
 1113.000000 1.421719
 1114.000000 1.400895
 1115.000000 1.378735
 1116.000000 1.358423
 1117.000000 1.343037
 1118.000000 1.335254
 1119.000000 1.336557
 1120.000000 1.347020
 1121.000000 1.365044
 1122.000000 1.387776
 1123.000000 1.412112
 1124.000000 1.434517
 1125.000000 1.452037
 1126.000000 1.462818
 1127.000000 1.465680
 1128.000000 1.460401
 1129.000000 1.447796
 1130.000000 1.429458
 1131.000000 1.407522
 1132.000000 1.384775
 1133.000000 1.364293
 1134.000000 1.348682
 1135.000000 1.340177
 1136.000000 1.339776
 1137.000000 1.347245
 1138.000000 1.361174
 1139.000000 1.379070
 1140.000000 1.398242
 1141.000000 1.416054
 1142.000000 1.430447
 1143.000000 1.439709
 1144.000000 1.442865
 1145.000000 1.439699
 1146.000000 1.430831
 1147.000000 1.417589
 1148.000000 1.401781
 1149.000000 1.385600
 1150.000000 1.371386
 1151.000000 1.360850
 1152.000000 1.355318
 1153.000000 1.355559
 1154.000000 1.361737
 1155.000000 1.373313
 1156.000000 1.388998
 1157.000000 1.406708
 1158.000000 1.424632
 1159.000000 1.440501
 1160.000000 1.452366
 1161.000000 1.458562
 1162.000000 1.458184
 1163.000000 1.450910
 1164.000000 1.437198
 1165.000000 1.418343
 1166.000000 1.396362
 1167.000000 1.373950
 1168.000000 1.354117
 1169.000000 1.339882
 1170.000000 1.333299
 1171.000000 1.335507
 1172.000000 1.346372
 1173.000000 1.364317
 1174.000000 1.386686
 1175.000000 1.410320
 1176.000000 1.432652
 1177.000000 1.450851
 1178.000000 1.462985
 1179.000000 1.467789
 1180.000000 1.464971
 1181.000000 1.455041
 1182.000000 1.439368
 1183.000000 1.420056
 1184.000000 1.399589
 1185.000000 1.381001
 1186.000000 1.367033
 1187.000000 1.359685
 1188.000000 1.359964
 1189.000000 1.367597
 1190.000000 1.381065
 1191.000000 1.397850
 1192.000000 1.415141
 1193.000000 1.430341
 1194.000000 1.441798
 1195.000000 1.448619
 1196.000000 1.450258
 1197.000000 1.446627
 1198.000000 1.438000
 1199.000000 1.425210
 1200.000000 1.409469
 1201.000000 1.392410
 1202.000000 1.375917
 1203.000000 1.362059
 1204.000000 1.352276
 1205.000000 1.347678
 1206.000000 1.348973
 1207.000000 1.356389
 1208.000000 1.369340
 1209.000000 1.386386
 1210.000000 1.405355
 1211.000000 1.424108
 1212.000000 1.440267
 1213.000000 1.452183
 1214.000000 1.458604
 1215.000000 1.458845
 1216.000000 1.452817
 1217.000000 1.440934
 1218.000000 1.424234
 1219.000000 1.404576
 1220.000000 1.384894
 1221.000000 1.368213
 1222.000000 1.356971
 1223.000000 1.353109
 1224.000000 1.357094
 1225.000000 1.368157
 1226.000000 1.384264
 1227.000000 1.402491
 1228.000000 1.419730
 1229.000000 1.433279
 1230.000000 1.441135
 1231.000000 1.442428
 1232.000000 1.437302
 1233.000000 1.426575
 1234.000000 1.411732
 1235.000000 1.394677
 1236.000000 1.377294
 1237.000000 1.362133
 1238.000000 1.351279
 1239.000000 1.346270
 1240.000000 1.347713
 1241.000000 1.355177
 1242.000000 1.367387
 1243.000000 1.382438
 1244.000000 1.398049
 1245.000000 1.412322
 1246.000000 1.423816
 1247.000000 1.431467
 1248.000000 1.434837
 1249.000000 1.433996
 1250.000000 1.429389
 1251.000000 1.421650
 1252.000000 1.411688
 1253.000000 1.400574
 1254.000000 1.389282
 1255.000000 1.378916
 1256.000000 1.370379
 1257.000000 1.364794
 1258.000000 1.363109
 1259.000000 1.365878
 1260.000000 1.373011
 1261.000000 1.383634
 1262.000000 1.396309
 1263.000000 1.408955
 1264.000000 1.419545
 1265.000000 1.426311
 1266.000000 1.427844
 1267.000000 1.423622
 1268.000000 1.413942
 1269.000000 1.399969
 1270.000000 1.383441
 1271.000000 1.366709
 1272.000000 1.352518
 1273.000000 1.343423
 1274.000000 1.341233
 1275.000000 1.346718
 1276.000000 1.359179
 1277.000000 1.376683
 1278.000000 1.396651
 1279.000000 1.415954
 1280.000000 1.432089
 1281.000000 1.442695
 1282.000000 1.446202
 1283.000000 1.441869
 1284.000000 1.429873
 1285.000000 1.411812
 1286.000000 1.390452
 1287.000000 1.369155
 1288.000000 1.350921
 1289.000000 1.338425
 1290.000000 1.333576
 1291.000000 1.336905
 1292.000000 1.347525
 1293.000000 1.363471
 1294.000000 1.382241
 1295.000000 1.401077
 1296.000000 1.417136
 1297.000000 1.428490
 1298.000000 1.434108
 1299.000000 1.433626
 1300.000000 1.427340
 1301.000000 1.416298
 1302.000000 1.401939
 1303.000000 1.386183
 1304.000000 1.371044
 1305.000000 1.358377
 1306.000000 1.349699
 1307.000000 1.345973
 1308.000000 1.347253
 1309.000000 1.353071
 1310.000000 1.362393
 1311.000000 1.373864
 1312.000000 1.386208
 1313.000000 1.397930
 1314.000000 1.407437
 1315.000000 1.413517
 1316.000000 1.415514
 1317.000000 1.413213
 1318.000000 1.406969
 1319.000000 1.397710
 1320.000000 1.386862
 1321.000000 1.375791
 1322.000000 1.365745
 1323.000000 1.358086
 1324.000000 1.353969
 1325.000000 1.354158
 1326.000000 1.358774
 1327.000000 1.367348
 1328.000000 1.378830
 1329.000000 1.391598
 1330.000000 1.403979
 1331.000000 1.414410
 1332.000000 1.421629
 1333.000000 1.424718
 1334.000000 1.423463
 1335.000000 1.418222
 1336.000000 1.409817
 1337.000000 1.399432
 1338.000000 1.388435
 1339.000000 1.378376
 1340.000000 1.370856
 1341.000000 1.367179
 1342.000000 1.368223
 1343.000000 1.374093
 1344.000000 1.384075
 1345.000000 1.396920
 1346.000000 1.410971
 1347.000000 1.424478
 1348.000000 1.435989
 1349.000000 1.444204
 1350.000000 1.448181
 1351.000000 1.447538
 1352.000000 1.442466
 1353.000000 1.433694
 1354.000000 1.422467
 1355.000000 1.410155
 1356.000000 1.398366
 1357.000000 1.388175
 1358.000000 1.380339
 1359.000000 1.375431
 1360.000000 1.373693
 1361.000000 1.375091
 1362.000000 1.379177
 1363.000000 1.385104
 1364.000000 1.391931
 1365.000000 1.398484
 1366.000000 1.403751
 1367.000000 1.407097
 1368.000000 1.408125
 1369.000000 1.406668
 1370.000000 1.402786
 1371.000000 1.396755
 1372.000000 1.389179
 1373.000000 1.381049
 1374.000000 1.373689
 1375.000000 1.368349
 1376.000000 1.366002
 1377.000000 1.367259
 1378.000000 1.372437
 1379.000000 1.381437
 1380.000000 1.393515
 1381.000000 1.407525
 1382.000000 1.422059
 1383.000000 1.435602
 1384.000000 1.446557
 1385.000000 1.453857
 1386.000000 1.456874
 1387.000000 1.455278
 1388.000000 1.449248
 1389.000000 1.439497
 1390.000000 1.427083
 1391.000000 1.413739
 1392.000000 1.400957
 1393.000000 1.390483
 1394.000000 1.383774
 1395.000000 1.381682
 1396.000000 1.384468
 1397.000000 1.391732
 1398.000000 1.402567
 1399.000000 1.415575
 1400.000000 1.429172
 1401.000000 1.441574
 1402.000000 1.451389
 1403.000000 1.457783
 1404.000000 1.460288
 1405.000000 1.458740
 1406.000000 1.453375
 1407.000000 1.444850
 1408.000000 1.434200
 1409.000000 1.422864
 1410.000000 1.412298
 1411.000000 1.403886
 1412.000000 1.398828
 1413.000000 1.397741
 1414.000000 1.400737
 1415.000000 1.407424
 1416.000000 1.417027
 1417.000000 1.428519
 1418.000000 1.440431
 1419.000000 1.451219
 1420.000000 1.459511
 1421.000000 1.464486
 1422.000000 1.465725
 1423.000000 1.463273
 1424.000000 1.457616
 1425.000000 1.449556
 1426.000000 1.440009
 1427.000000 1.430007
 1428.000000 1.420683
 1429.000000 1.412940
 1430.000000 1.407632
 1431.000000 1.405304
 1432.000000 1.406115
 1433.000000 1.409855
 1434.000000 1.415965
 1435.000000 1.423542
 1436.000000 1.431610
 1437.000000 1.439125
 1438.000000 1.445051
 1439.000000 1.448486
 1440.000000 1.448895
 1441.000000 1.446054
 1442.000000 1.440108
 1443.000000 1.431733
 1444.000000 1.421927
 1445.000000 1.412193
 1446.000000 1.404023
 1447.000000 1.398656
 1448.000000 1.396960
 1449.000000 1.399198
 1450.000000 1.405041
 1451.000000 1.413520
 1452.000000 1.423122
 1453.000000 1.432283
 1454.000000 1.439404
 1455.000000 1.443121
 1456.000000 1.442640
 1457.000000 1.437756
 1458.000000 1.428751
 1459.000000 1.416445
 1460.000000 1.402292
 1461.000000 1.387804
 1462.000000 1.374718
 1463.000000 1.364646
 1464.000000 1.359014
 1465.000000 1.358609
 1466.000000 1.363307
 1467.000000 1.372179
 1468.000000 1.383987
 1469.000000 1.397389
 1470.000000 1.410999
 1471.000000 1.423879
 1472.000000 1.435130
 1473.000000 1.444057
 1474.000000 1.450308
 1475.000000 1.453708
 1476.000000 1.454286
 1477.000000 1.452107
 1478.000000 1.447330
 1479.000000 1.440296
 1480.000000 1.431608
 1481.000000 1.421904
 1482.000000 1.412274
 1483.000000 1.403714
 1484.000000 1.397263
 1485.000000 1.393553
 1486.000000 1.392930
 1487.000000 1.395285
 1488.000000 1.400088
 1489.000000 1.406401
 1490.000000 1.413103
 1491.000000 1.419035
 1492.000000 1.423261
 1493.000000 1.425191
 1494.000000 1.424653
 1495.000000 1.421851
 1496.000000 1.417324
 1497.000000 1.411827
 1498.000000 1.406202
 1499.000000 1.401352
 1500.000000 1.398029
 1501.000000 1.396747
 1502.000000 1.397798
 1503.000000 1.401113
 1504.000000 1.406304
 1505.000000 1.412652
 1506.000000 1.419256
 1507.000000 1.425117
 1508.000000 1.429535
 1509.000000 1.432094
 1510.000000 1.432641
 1511.000000 1.431283
 1512.000000 1.428259
 1513.000000 1.423908
 1514.000000 1.418600
 1515.000000 1.412772
 1516.000000 1.407090
 1517.000000 1.402108
 1518.000000 1.398399
 1519.000000 1.396287
 1520.000000 1.395995
 1521.000000 1.397599
 1522.000000 1.401016
 1523.000000 1.405929
 1524.000000 1.411811
 1525.000000 1.417884
 1526.000000 1.423361
 1527.000000 1.427605
 1528.000000 1.430249
 1529.000000 1.431198
 1530.000000 1.430510
 1531.000000 1.428388
 1532.000000 1.425100
 1533.000000 1.420917
 1534.000000 1.416276
 1535.000000 1.411715
 1536.000000 1.407863
 1537.000000 1.405340
 1538.000000 1.404630
 1539.000000 1.405914
 1540.000000 1.409006
 1541.000000 1.413370
 1542.000000 1.418239
 1543.000000 1.422770
 1544.000000 1.426097
 1545.000000 1.427484
 1546.000000 1.426524
 1547.000000 1.423203
 1548.000000 1.417868
 1549.000000 1.411114
 1550.000000 1.403812
 1551.000000 1.396688
 1552.000000 1.390489
 1553.000000 1.385779
 1554.000000 1.383030
 1555.000000 1.382451
 1556.000000 1.384053
 1557.000000 1.387590
 1558.000000 1.392600
 1559.000000 1.398459
 1560.000000 1.404495
 1561.000000 1.410068
 1562.000000 1.414773
 1563.000000 1.418271
 1564.000000 1.420505
 1565.000000 1.421566
 1566.000000 1.421723
 1567.000000 1.421327
 1568.000000 1.420748
 1569.000000 1.420300
 1570.000000 1.420173
 1571.000000 1.420433
 1572.000000 1.421088
 1573.000000 1.422133
 1574.000000 1.423613
 1575.000000 1.425564
 1576.000000 1.427990
 1577.000000 1.430761
 1578.000000 1.433607
 1579.000000 1.436222
 1580.000000 1.438203
 1581.000000 1.439203
 1582.000000 1.438912
 1583.000000 1.437144
 1584.000000 1.433898
 1585.000000 1.429412
 1586.000000 1.424100
 1587.000000 1.418590
 1588.000000 1.413612
 1589.000000 1.409802
 1590.000000 1.407749
 1591.000000 1.407856
 1592.000000 1.410247
 1593.000000 1.414681
 1594.000000 1.420600
 1595.000000 1.427201
 1596.000000 1.433553
 1597.000000 1.438704
 1598.000000 1.441856
 1599.000000 1.442584
 1600.000000 1.440805
 1601.000000 1.436790
 1602.000000 1.431093
 1603.000000 1.424421
 1604.000000 1.417584
 1605.000000 1.411279
 1606.000000 1.406067
 1607.000000 1.402352
 1608.000000 1.400266
 1609.000000 1.399648
 1610.000000 1.400170
 1611.000000 1.401425
 1612.000000 1.402971
 1613.000000 1.404409
 1614.000000 1.405431
 1615.000000 1.405799
 1616.000000 1.405416
 1617.000000 1.404331
 1618.000000 1.402755
 1619.000000 1.401027
 1620.000000 1.399536
 1621.000000 1.398647
 1622.000000 1.398614
 1623.000000 1.399571
 1624.000000 1.401555
 1625.000000 1.404507
 1626.000000 1.408370
 1627.000000 1.412993
 1628.000000 1.418202
 1629.000000 1.423651
 1630.000000 1.428979
 1631.000000 1.433721
 1632.000000 1.437431
 1633.000000 1.439680
 1634.000000 1.440133
 1635.000000 1.438573
 1636.000000 1.435019
 1637.000000 1.429772
 1638.000000 1.423426
 1639.000000 1.416856
 1640.000000 1.411012
 1641.000000 1.406782
 1642.000000 1.404896
 1643.000000 1.405640
 1644.000000 1.408824
 1645.000000 1.413824
 1646.000000 1.419682
 1647.000000 1.425290
 1648.000000 1.429571
 1649.000000 1.431651
 1650.000000 1.431004
 1651.000000 1.427520
 1652.000000 1.421525
 1653.000000 1.413831
 1654.000000 1.405441
 1655.000000 1.397532
 1656.000000 1.391178
 1657.000000 1.387153
 1658.000000 1.385862
 1659.000000 1.387271
 1660.000000 1.390968
 1661.000000 1.396259
 1662.000000 1.402319
 1663.000000 1.408469
 1664.000000 1.414167
 1665.000000 1.419020
 1666.000000 1.422797
 1667.000000 1.425359
 1668.000000 1.426642
 1669.000000 1.426607
 1670.000000 1.425273
 1671.000000 1.422685
 1672.000000 1.418965
 1673.000000 1.414374
 1674.000000 1.409286
 1675.000000 1.404278
 1676.000000 1.399998
 1677.000000 1.397089
 1678.000000 1.396112
 1679.000000 1.397344
 1680.000000 1.400691
 1681.000000 1.405681
 1682.000000 1.411552
 1683.000000 1.417295
 1684.000000 1.421974
 1685.000000 1.424815
 1686.000000 1.425225
 1687.000000 1.423006
 1688.000000 1.418387
 1689.000000 1.411943
 1690.000000 1.404668
 1691.000000 1.397613
 1692.000000 1.391943
 1693.000000 1.388643
 1694.000000 1.388333
 1695.000000 1.391249
 1696.000000 1.397016
 1697.000000 1.404753
 1698.000000 1.413259
 1699.000000 1.421189
 1700.000000 1.427333
 1701.000000 1.430707
 1702.000000 1.430795
 1703.000000 1.427613
 1704.000000 1.421617
 1705.000000 1.413444
 1706.000000 1.403929
 1707.000000 1.393998
 1708.000000 1.384542
 1709.000000 1.376456
 1710.000000 1.370606
 1711.000000 1.367783
 1712.000000 1.368431
 1713.000000 1.372620
 1714.000000 1.379965
 1715.000000 1.389649
 1716.000000 1.400374
 1717.000000 1.410788
 1718.000000 1.419603
 1719.000000 1.425664
 1720.000000 1.428178
 1721.000000 1.426917
 1722.000000 1.422162
 1723.000000 1.414661
 1724.000000 1.405522
 1725.000000 1.396148
 1726.000000 1.387982
 1727.000000 1.382368
 1728.000000 1.380173
 1729.000000 1.381760
 1730.000000 1.386997
 1731.000000 1.395103
 1732.000000 1.405011
 1733.000000 1.415377
 1734.000000 1.424901
 1735.000000 1.432522
 1736.000000 1.437446
 1737.000000 1.439157
 1738.000000 1.437512
 1739.000000 1.432640
 1740.000000 1.424980
 1741.000000 1.415238
 1742.000000 1.404226
 1743.000000 1.393249
 1744.000000 1.383592
 1745.000000 1.376532
 1746.000000 1.373175
 1747.000000 1.374018
 1748.000000 1.379018
 1749.000000 1.387523
 1750.000000 1.398434
 1751.000000 1.410687
 1752.000000 1.422544
 1753.000000 1.432812
 1754.000000 1.440665
 1755.000000 1.445389
 1756.000000 1.446642
 1757.000000 1.444469
 1758.000000 1.439264
 1759.000000 1.431696
 1760.000000 1.422536
 1761.000000 1.412852
 1762.000000 1.403775
 1763.000000 1.396400
 1764.000000 1.391672
 1765.000000 1.390446
 1766.000000 1.392940
 1767.000000 1.398831
 1768.000000 1.407411
 1769.000000 1.417288
 1770.000000 1.427070
 1771.000000 1.435559
 1772.000000 1.441724
 1773.000000 1.444895
 1774.000000 1.444776
 1775.000000 1.441448
 1776.000000 1.435333
 1777.000000 1.427250
 1778.000000 1.418154
 1779.000000 1.409018
 1780.000000 1.400937
 1781.000000 1.394884
 1782.000000 1.391532
 1783.000000 1.391130
 1784.000000 1.393596
 1785.000000 1.398501
 1786.000000 1.405170
 1787.000000 1.412784
 1788.000000 1.420531
 1789.000000 1.427605
 1790.000000 1.433410
 1791.000000 1.437507
 1792.000000 1.439588
 1793.000000 1.439524
 1794.000000 1.437421
 1795.000000 1.433615
 1796.000000 1.428823
 1797.000000 1.424011
 1798.000000 1.420060
 1799.000000 1.417777
 1800.000000 1.417636
 1801.000000 1.419649
 1802.000000 1.423417
 1803.000000 1.428257
 1804.000000 1.433482
 1805.000000 1.438361
 1806.000000 1.442324
 1807.000000 1.444907
 1808.000000 1.445779
 1809.000000 1.444867
 1810.000000 1.442377
 1811.000000 1.438720
 1812.000000 1.434485
 1813.000000 1.430219
 1814.000000 1.426337
 1815.000000 1.423114
 1816.000000 1.420653
 1817.000000 1.419028
 1818.000000 1.418304
 1819.000000 1.418550
 1820.000000 1.419770
 1821.000000 1.421943
 1822.000000 1.425063
 1823.000000 1.429107
 1824.000000 1.434047
 1825.000000 1.439740
 1826.000000 1.445740
 1827.000000 1.451445
 1828.000000 1.456158
 1829.000000 1.459132
 1830.000000 1.459662
 1831.000000 1.457318
 1832.000000 1.452072
 1833.000000 1.444251
 1834.000000 1.434606
 1835.000000 1.424169
 1836.000000 1.414005
 1837.000000 1.405237
 1838.000000 1.398773
 1839.000000 1.395381
 1840.000000 1.395349
 1841.000000 1.398566
 1842.000000 1.404585
 1843.000000 1.412657
 1844.000000 1.422129
 1845.000000 1.432032
 1846.000000 1.441483
 1847.000000 1.449629
 1848.000000 1.455942
 1849.000000 1.459954
 1850.000000 1.461431
 1851.000000 1.460438
 1852.000000 1.457295
 1853.000000 1.452534
 1854.000000 1.446859
 1855.000000 1.441023
 1856.000000 1.435813
 1857.000000 1.431900
 1858.000000 1.429786
 1859.000000 1.429822
 1860.000000 1.432059
 1861.000000 1.436246
 1862.000000 1.441798
 1863.000000 1.447933
 1864.000000 1.453738
 1865.000000 1.458311
 1866.000000 1.460935
 1867.000000 1.461060
 1868.000000 1.458445
 1869.000000 1.453188
 1870.000000 1.445738
 1871.000000 1.436845
 1872.000000 1.427420
 1873.000000 1.418425
 1874.000000 1.410946
 1875.000000 1.406020
 1876.000000 1.404158
 1877.000000 1.405496
 1878.000000 1.409753
 1879.000000 1.416208
 1880.000000 1.423963
 1881.000000 1.431942
 1882.000000 1.439088
 1883.000000 1.444551
 1884.000000 1.447625
 1885.000000 1.447964
 1886.000000 1.445541
 1887.000000 1.440709
 1888.000000 1.434104
 1889.000000 1.426500
 1890.000000 1.419002
 1891.000000 1.412601
 1892.000000 1.408087
 1893.000000 1.406015
 1894.000000 1.406701
 1895.000000 1.410071
 1896.000000 1.415718
 1897.000000 1.422975
 1898.000000 1.430811
 1899.000000 1.438108
 1900.000000 1.443974
 1901.000000 1.447777
 1902.000000 1.449158
 1903.000000 1.448080
 1904.000000 1.444786
 1905.000000 1.439813
 1906.000000 1.433796
 1907.000000 1.427572
 1908.000000 1.421993
 1909.000000 1.417839
 1910.000000 1.415681
 1911.000000 1.415796
 1912.000000 1.418150
 1913.000000 1.422393
 1914.000000 1.428117
 1915.000000 1.434725
 1916.000000 1.441503
 1917.000000 1.447660
 1918.000000 1.452597
 1919.000000 1.455852
 1920.000000 1.457102
 1921.000000 1.456306
 1922.000000 1.453625
 1923.000000 1.449413
 1924.000000 1.444143
 1925.000000 1.438475
 1926.000000 1.433073
 1927.000000 1.428679
 1928.000000 1.425966
 1929.000000 1.425380
 1930.000000 1.427053
 1931.000000 1.430776
 1932.000000 1.436035
 1933.000000 1.442241
 1934.000000 1.448621
 1935.000000 1.454440
 1936.000000 1.458993
 1937.000000 1.461682
 1938.000000 1.462077
 1939.000000 1.459939
 1940.000000 1.455294
 1941.000000 1.448392
 1942.000000 1.439834
 1943.000000 1.430513
 1944.000000 1.421501
 1945.000000 1.413831
 1946.000000 1.408501
 1947.000000 1.406273
 1948.000000 1.407528
 1949.000000 1.412190
 1950.000000 1.419679
 1951.000000 1.429141
 1952.000000 1.439401
 1953.000000 1.448981
 1954.000000 1.456707
 1955.000000 1.461674
 1956.000000 1.463207
 1957.000000 1.461161
 1958.000000 1.455798
 1959.000000 1.447821
 1960.000000 1.438185
 1961.000000 1.428003
 1962.000000 1.418640
 1963.000000 1.411256
 1964.000000 1.406738
 1965.000000 1.405723
 1966.000000 1.408238
 1967.000000 1.413745
 1968.000000 1.421307
 1969.000000 1.429595
 1970.000000 1.437129
 1971.000000 1.442680
 1972.000000 1.445234
 1973.000000 1.444289
 1974.000000 1.439835
 1975.000000 1.432424
 1976.000000 1.423059
 1977.000000 1.413177
 1978.000000 1.404335
 1979.000000 1.397991
 1980.000000 1.395209
 1981.000000 1.396440
 1982.000000 1.401421
 1983.000000 1.409486
 1984.000000 1.419504
 1985.000000 1.430280
 1986.000000 1.440502
 1987.000000 1.448999
 1988.000000 1.454923
 1989.000000 1.457819
 1990.000000 1.457631
 1991.000000 1.454661
 1992.000000 1.449559
 1993.000000 1.442964
 1994.000000 1.435659
 1995.000000 1.428367
 1996.000000 1.421702
 1997.000000 1.416246
 1998.000000 1.412611
 1999.000000 1.411273
 2000.000000 1.412427
 2001.000000 1.415869
 2002.000000 1.421115
 2003.000000 1.427380
 2004.000000 1.433671
 2005.000000 1.439008
 2006.000000 1.442611
 2007.000000 1.443905
 2008.000000 1.442650
 2009.000000 1.439015
 2010.000000 1.433571
 2011.000000 1.427188
 2012.000000 1.421172
 2013.000000 1.416779
 2014.000000 1.415122
 2015.000000 1.416855
 2016.000000 1.422117
 2017.000000 1.430530
 2018.000000 1.441217
 2019.000000 1.453091
 2020.000000 1.464552
 2021.000000 1.474244
 2022.000000 1.480988
 2023.000000 1.484037
 2024.000000 1.483117
 2025.000000 1.478487
 2026.000000 1.470785
 2027.000000 1.461046
 2028.000000 1.450187
 2029.000000 1.439294
 2030.000000 1.429489
 2031.000000 1.421544
 2032.000000 1.415999
 2033.000000 1.413187
 2034.000000 1.413103
 2035.000000 1.415515
 2036.000000 1.420038
 2037.000000 1.426117
 2038.000000 1.433086
 2039.000000 1.440263
 2040.000000 1.447024
 2041.000000 1.452901
 2042.000000 1.457465
 2043.000000 1.460337
 2044.000000 1.461368
 2045.000000 1.460490
 2046.000000 1.457778
 2047.000000 1.453463
 2048.000000 1.448072
 2049.000000 1.442270
 2050.000000 1.436875
 2051.000000 1.432658
 2052.000000 1.430196
 2053.000000 1.429908
 2054.000000 1.431835
 2055.000000 1.435657
 2056.000000 1.440775
 2057.000000 1.446326
 2058.000000 1.451290
 2059.000000 1.454717
 2060.000000 1.455850
 2061.000000 1.454216
 2062.000000 1.449747
 2063.000000 1.442745
 2064.000000 1.433799
 2065.000000 1.423986
 2066.000000 1.414398
 2067.000000 1.406089
 2068.000000 1.400203
 2069.000000 1.397615
 2070.000000 1.398848
 2071.000000 1.403921
 2072.000000 1.412329
 2073.000000 1.423251
 2074.000000 1.435744
 2075.000000 1.448893
 2076.000000 1.461551
 2077.000000 1.472685
 2078.000000 1.481459
 2079.000000 1.487108
 2080.000000 1.489130
 2081.000000 1.487296
 2082.000000 1.481625
 2083.000000 1.472463
 2084.000000 1.460466
 2085.000000 1.446654
 2086.000000 1.432465
 2087.000000 1.419645
 2088.000000 1.409999
 2089.000000 1.405049
 2090.000000 1.405517
 2091.000000 1.411383
 2092.000000 1.421848
 2093.000000 1.435504
 2094.000000 1.450519
 2095.000000 1.465192
 2096.000000 1.477819
 2097.000000 1.486705
 2098.000000 1.490830
 2099.000000 1.489710
 2100.000000 1.483436
 2101.000000 1.472623
 2102.000000 1.458343
 2103.000000 1.442233
 2104.000000 1.425854
 2105.000000 1.411163
 2106.000000 1.400089
 2107.000000 1.393806
 2108.000000 1.393093
 2109.000000 1.397869
 2110.000000 1.407244
 2111.000000 1.419860
 2112.000000 1.434017
 2113.000000 1.447801
 2114.000000 1.459522
 2115.000000 1.467637
 2116.000000 1.471279
 2117.000000 1.469957
 2118.000000 1.463733
 2119.000000 1.453198
 2120.000000 1.439680
 2121.000000 1.424855
 2122.000000 1.410590
 2123.000000 1.399061
 2124.000000 1.391889
 2125.000000 1.390080
 2126.000000 1.393961
 2127.000000 1.403008
 2128.000000 1.416056
 2129.000000 1.431584
 2130.000000 1.448215
 2131.000000 1.464233
 2132.000000 1.477930
 2133.000000 1.487952
 2134.000000 1.493300
 2135.000000 1.493301
 2136.000000 1.487805
 2137.000000 1.477158
 2138.000000 1.462276
 2139.000000 1.444723
 2140.000000 1.426465
 2141.000000 1.409676
 2142.000000 1.396546
 2143.000000 1.389073
 2144.000000 1.388451
 2145.000000 1.394927
 2146.000000 1.407636
 2147.000000 1.424945
 2148.000000 1.444608
 2149.000000 1.463825
 2150.000000 1.480239
 2151.000000 1.491874
 2152.000000 1.497475
 2153.000000 1.496407
 2154.000000 1.488755
 2155.000000 1.475276
 2156.000000 1.457373
 2157.000000 1.436574
 2158.000000 1.415458
 2159.000000 1.396677
 2160.000000 1.382540
 2161.000000 1.374887
 2162.000000 1.374654
 2163.000000 1.381678
 2164.000000 1.394785
 2165.000000 1.412156
 2166.000000 1.431492
 2167.000000 1.450627
 2168.000000 1.467413
 2169.000000 1.480232
 2170.000000 1.487885
 2171.000000 1.489919
 2172.000000 1.486143
 2173.000000 1.476893
 2174.000000 1.463105
 2175.000000 1.446180
 2176.000000 1.427929
 2177.000000 1.410416
 2178.000000 1.395912
 2179.000000 1.386438
 2180.000000 1.383671
 2181.000000 1.388265
 2182.000000 1.399734
 2183.000000 1.416523
 2184.000000 1.436617
 2185.000000 1.457903
 2186.000000 1.477735
 2187.000000 1.494140
 2188.000000 1.505231
 2189.000000 1.509886
 2190.000000 1.507648
 2191.000000 1.498640
 2192.000000 1.483777
 2193.000000 1.464378
 2194.000000 1.442332
 2195.000000 1.419888
 2196.000000 1.399767
 2197.000000 1.384423
 2198.000000 1.376091
 2199.000000 1.375854
 2200.000000 1.383679
 2201.000000 1.398349
 2202.000000 1.417849
 2203.000000 1.439500
 2204.000000 1.460916
 2205.000000 1.479834
 2206.000000 1.494577
 2207.000000 1.503654
 2208.000000 1.506501
 2209.000000 1.503046
 2210.000000 1.493803
 2211.000000 1.479913
 2212.000000 1.462736
 2213.000000 1.443810
 2214.000000 1.425088
 2215.000000 1.408642
 2216.000000 1.396375
 2217.000000 1.389977
 2218.000000 1.390232
 2219.000000 1.397070
 2220.000000 1.409612
 2221.000000 1.426022
 2222.000000 1.444042
 2223.000000 1.461354
 2224.000000 1.476141
 2225.000000 1.486754
 2226.000000 1.491922
 2227.000000 1.491052
 2228.000000 1.484210
 2229.000000 1.472102
 2230.000000 1.456091
 2231.000000 1.437986
 2232.000000 1.420383
 2233.000000 1.405583
 2234.000000 1.395808
 2235.000000 1.392519
 2236.000000 1.396237
 2237.000000 1.406336
 2238.000000 1.421308
 2239.000000 1.439105
 2240.000000 1.457571
 2241.000000 1.474201
 2242.000000 1.487284
 2243.000000 1.495569
 2244.000000 1.498250
 2245.000000 1.495163
 2246.000000 1.486674
 2247.000000 1.473670
 2248.000000 1.457410
 2249.000000 1.439350
 2250.000000 1.421640
 2251.000000 1.406360
 2252.000000 1.395221
 2253.000000 1.389553
 2254.000000 1.389781
 2255.000000 1.395644
 2256.000000 1.406223
 2257.000000 1.420161
 2258.000000 1.435822
 2259.000000 1.451541
 2260.000000 1.465506
 2261.000000 1.476349
 2262.000000 1.482947
 2263.000000 1.484585
 2264.000000 1.481022
 2265.000000 1.472630
 2266.000000 1.460143
 2267.000000 1.444906
 2268.000000 1.428706
 2269.000000 1.413561
 2270.000000 1.401486
 2271.000000 1.394567
 2272.000000 1.394157
 2273.000000 1.400683
 2274.000000 1.413394
 2275.000000 1.430662
 2276.000000 1.450162
 2277.000000 1.469730
 2278.000000 1.487055
 2279.000000 1.500227
 2280.000000 1.507573
 2281.000000 1.507930
 2282.000000 1.500924
 2283.000000 1.486976
 2284.000000 1.467281
 2285.000000 1.444016
 2286.000000 1.419798
 2287.000000 1.397629
 2288.000000 1.380337
 2289.000000 1.370212
 2290.000000 1.368244
 2291.000000 1.374511
 2292.000000 1.387821
 2293.000000 1.406232
 2294.000000 1.427174
 2295.000000 1.447971
 2296.000000 1.466255
 2297.000000 1.480659
 2298.000000 1.490126
 2299.000000 1.494032
 2300.000000 1.492545
 2301.000000 1.486303
 2302.000000 1.476187
 2303.000000 1.463482
 2304.000000 1.449436
 2305.000000 1.435553
 2306.000000 1.423125
 2307.000000 1.413114
 2308.000000 1.406511
 2309.000000 1.403830
 2310.000000 1.405258
 2311.000000 1.410618
 2312.000000 1.419330
 2313.000000 1.430334
 2314.000000 1.442503
 2315.000000 1.454546
 2316.000000 1.465033
 2317.000000 1.472761
 2318.000000 1.476568
 2319.000000 1.475775
 2320.000000 1.470115
 2321.000000 1.459877
 2322.000000 1.445916
 2323.000000 1.429650
 2324.000000 1.413237
 2325.000000 1.398675
 2326.000000 1.387792
 2327.000000 1.382122
 2328.000000 1.382459
 2329.000000 1.388655
 2330.000000 1.399629
 2331.000000 1.413697
 2332.000000 1.428589
 2333.000000 1.442271
 2334.000000 1.453201
 2335.000000 1.460226
 2336.000000 1.462706
 2337.000000 1.460592
 2338.000000 1.454354
 2339.000000 1.444907
 2340.000000 1.433432
 2341.000000 1.421543
 2342.000000 1.410680
 2343.000000 1.402131
 2344.000000 1.396726
 2345.000000 1.394903
 2346.000000 1.396627
 2347.000000 1.401585
 2348.000000 1.409279
 2349.000000 1.418967
 2350.000000 1.429633
 2351.000000 1.440081
 2352.000000 1.449099
 2353.000000 1.455655
 2354.000000 1.459161
 2355.000000 1.459331
 2356.000000 1.456224
 2357.000000 1.450239
 2358.000000 1.441900
 2359.000000 1.432004
 2360.000000 1.421714
 2361.000000 1.412373
 2362.000000 1.405426
 2363.000000 1.402072
 2364.000000 1.403038
 2365.000000 1.408349
 2366.000000 1.417316
 2367.000000 1.428764
 2368.000000 1.441015
 2369.000000 1.452175
 2370.000000 1.460408
 2371.000000 1.464315
 2372.000000 1.463141
 2373.000000 1.457003
 2374.000000 1.446846
 2375.000000 1.434120
 2376.000000 1.420497
 2377.000000 1.407839
 2378.000000 1.397998
 2379.000000 1.392419
 2380.000000 1.391841
 2381.000000 1.396206
 2382.000000 1.404710
 2383.000000 1.415864
 2384.000000 1.428091
 2385.000000 1.439842
 2386.000000 1.450030
 2387.000000 1.457642
 2388.000000 1.462069
 2389.000000 1.462886
 2390.000000 1.459895
 2391.000000 1.453282
 2392.000000 1.443714
 2393.000000 1.431954
 2394.000000 1.419285
 2395.000000 1.407154
 2396.000000 1.396892
 2397.000000 1.389761
 2398.000000 1.386663
 2399.000000 1.388320
 2400.000000 1.395022
 2401.000000 1.406361
 2402.000000 1.421270
 2403.000000 1.438324
 2404.000000 1.455762
 2405.000000 1.471769
 2406.000000 1.484359
 2407.000000 1.492252
 2408.000000 1.494555
 2409.000000 1.490764
 2410.000000 1.480916
 2411.000000 1.465749
 2412.000000 1.446898
 2413.000000 1.426417
 2414.000000 1.406862
 2415.000000 1.390528
 2416.000000 1.379600
 2417.000000 1.375379
 2418.000000 1.378298
 2419.000000 1.387628
 2420.000000 1.401583
 2421.000000 1.418072
 2422.000000 1.434779
 2423.000000 1.449501
 2424.000000 1.460700
 2425.000000 1.467418
 2426.000000 1.469271
 2427.000000 1.466434
 2428.000000 1.459500
 2429.000000 1.449529
 2430.000000 1.437817
 2431.000000 1.426072
 2432.000000 1.415649
 2433.000000 1.407847
 2434.000000 1.403356
 2435.000000 1.402411
 2436.000000 1.404842
 2437.000000 1.410295
 2438.000000 1.418283
 2439.000000 1.428011
 2440.000000 1.438345
 2441.000000 1.447961
 2442.000000 1.455486
 2443.000000 1.459884
 2444.000000 1.460393
 2445.000000 1.456727
 2446.000000 1.449062
 2447.000000 1.438140
 2448.000000 1.425227
 2449.000000 1.411950
 2450.000000 1.400200
 2451.000000 1.391903
 2452.000000 1.388618
 2453.000000 1.390970
 2454.000000 1.398734
 2455.000000 1.410921
 2456.000000 1.426000
 2457.000000 1.441967
 2458.000000 1.456687
 2459.000000 1.468439
 2460.000000 1.476012
 2461.000000 1.478546
 2462.000000 1.475920
 2463.000000 1.468714
 2464.000000 1.458023
 2465.000000 1.445438
 2466.000000 1.432737
 2467.000000 1.421537
 2468.000000 1.413043
 2469.000000 1.408068
 2470.000000 1.406979
 2471.000000 1.409522
 2472.000000 1.414880
 2473.000000 1.421896
 2474.000000 1.429306
 2475.000000 1.436181
 2476.000000 1.441817
 2477.000000 1.445769
 2478.000000 1.447772
 2479.000000 1.447716
 2480.000000 1.445670
 2481.000000 1.441850
 2482.000000 1.436675
 2483.000000 1.430618
 2484.000000 1.424098
 2485.000000 1.417610
 2486.000000 1.411751
 2487.000000 1.407213
 2488.000000 1.404910
 2489.000000 1.405696
 2490.000000 1.410095
 2491.000000 1.418041
 2492.000000 1.428738
 2493.000000 1.440928
 2494.000000 1.453013
 2495.000000 1.463282
 2496.000000 1.470250
 2497.000000 1.472756
 2498.000000 1.470219
 2499.000000 1.462566
 2500.000000 1.450608
 2501.000000 1.435954
 2502.000000 1.420847
 2503.000000 1.407661
 2504.000000 1.398322
 2505.000000 1.394173
 2506.000000 1.395841
 2507.000000 1.402995
 2508.000000 1.414511
 2509.000000 1.428463
 2510.000000 1.442677
 2511.000000 1.454853
 2512.000000 1.463246
 2513.000000 1.466629
 2514.000000 1.464541
 2515.000000 1.457346
 2516.000000 1.445944
 2517.000000 1.431693
 2518.000000 1.416559
 2519.000000 1.402240
 2520.000000 1.390667
 2521.000000 1.383262
 2522.000000 1.380850
 2523.000000 1.383423
 2524.000000 1.390184
 2525.000000 1.399920
 2526.000000 1.411410
 2527.000000 1.423541
 2528.000000 1.435432
 2529.000000 1.446567
 2530.000000 1.456374
 2531.000000 1.464153
 2532.000000 1.469420
 2533.000000 1.471733
 2534.000000 1.470741
 2535.000000 1.466307
 2536.000000 1.458462
 2537.000000 1.447433
 2538.000000 1.433764
 2539.000000 1.418700
 2540.000000 1.404189
 2541.000000 1.392485
 2542.000000 1.385410
 2543.000000 1.384252
 2544.000000 1.389111
 2545.000000 1.399065
 2546.000000 1.412418
 2547.000000 1.427068
 2548.000000 1.440991
 2549.000000 1.452755
 2550.000000 1.461158
 2551.000000 1.465228
 2552.000000 1.464721
 2553.000000 1.459903
 2554.000000 1.451556
 2555.000000 1.440898
 2556.000000 1.429512
 2557.000000 1.419355
 2558.000000 1.412009
 2559.000000 1.408705
 2560.000000 1.409771
 2561.000000 1.414772
 2562.000000 1.422658
 2563.000000 1.432043
 2564.000000 1.440946
 2565.000000 1.447632
 2566.000000 1.451082
 2567.000000 1.451027
 2568.000000 1.447806
 2569.000000 1.442213
 2570.000000 1.435295
 2571.000000 1.428104
 2572.000000 1.421679
 2573.000000 1.416922
 2574.000000 1.414515
 2575.000000 1.414830
 2576.000000 1.417837
 2577.000000 1.423131
 2578.000000 1.430080
 2579.000000 1.438005
 2580.000000 1.446280
 2581.000000 1.454305
 2582.000000 1.461412
 2583.000000 1.467010
 2584.000000 1.470704
 2585.000000 1.472191
 2586.000000 1.471403
 2587.000000 1.468500
 2588.000000 1.463720
 2589.000000 1.457321
 2590.000000 1.449822
 2591.000000 1.441981
 2592.000000 1.434793
 2593.000000 1.429201
 2594.000000 1.425970
 2595.000000 1.425430
 2596.000000 1.427560
 2597.000000 1.432153
 2598.000000 1.438850
 2599.000000 1.447046
 2600.000000 1.455852
 2601.000000 1.464098
 2602.000000 1.470538
 2603.000000 1.474249
 2604.000000 1.474707
 2605.000000 1.471882
 2606.000000 1.466064
 2607.000000 1.457786
 2608.000000 1.447641
 2609.000000 1.436733
 2610.000000 1.426137
 2611.000000 1.417162
 2612.000000 1.410796
 2613.000000 1.407797
 2614.000000 1.408192
 2615.000000 1.411540
 2616.000000 1.417126
 2617.000000 1.424154
 2618.000000 1.431887
 2619.000000 1.439389
 2620.000000 1.445724
 2621.000000 1.450046
 2622.000000 1.451704
 2623.000000 1.450311
 2624.000000 1.445843
 2625.000000 1.438545
 2626.000000 1.429092
 2627.000000 1.418574
 2628.000000 1.408438
 2629.000000 1.400447
 2630.000000 1.396077
 2631.000000 1.396272
 2632.000000 1.401366
 2633.000000 1.410901
 2634.000000 1.423768
 2635.000000 1.438328
 2636.000000 1.452407
 2637.000000 1.463786
 2638.000000 1.470887
 2639.000000 1.472918
 2640.000000 1.469745
 2641.000000 1.462029
 2642.000000 1.450720
 2643.000000 1.437457
 2644.000000 1.424220
 2645.000000 1.413020
 2646.000000 1.405583
 2647.000000 1.403122
 2648.000000 1.406163
 2649.000000 1.414266
 2650.000000 1.426200
 2651.000000 1.440037
 2652.000000 1.453761
 2653.000000 1.465513
 2654.000000 1.474021
 2655.000000 1.478706
 2656.000000 1.479509
 2657.000000 1.476737
 2658.000000 1.470997
 2659.000000 1.463044
 2660.000000 1.453902
 2661.000000 1.444733
 2662.000000 1.436626
 2663.000000 1.430364
 2664.000000 1.426538
 2665.000000 1.425195
 2666.000000 1.426109
 2667.000000 1.428896
 2668.000000 1.433126
 2669.000000 1.438342
 2670.000000 1.444079
 2671.000000 1.449746
 2672.000000 1.454771
 2673.000000 1.458589
 2674.000000 1.460776
 2675.000000 1.461003
 2676.000000 1.459122
 2677.000000 1.455132
 2678.000000 1.449064
 2679.000000 1.441180
 2680.000000 1.431986
 2681.000000 1.422195
 2682.000000 1.413017
 2683.000000 1.405763
 2684.000000 1.401660
 2685.000000 1.401567
 2686.000000 1.405781
 2687.000000 1.413792
 2688.000000 1.424510
 2689.000000 1.436574
 2690.000000 1.448178
 2691.000000 1.457521
 2692.000000 1.463203
 2693.000000 1.464412
 2694.000000 1.460891
 2695.000000 1.453101
 2696.000000 1.442049
 2697.000000 1.429235
 2698.000000 1.416724
 2699.000000 1.406315
 2700.000000 1.399712
 2701.000000 1.398026
 2702.000000 1.401484
 2703.000000 1.409450
 2704.000000 1.420493
 2705.000000 1.432888
 2706.000000 1.444456
 2707.000000 1.453317
 2708.000000 1.458070
 2709.000000 1.458141
 2710.000000 1.453730
 2711.000000 1.445697
 2712.000000 1.435341
 2713.000000 1.424465
 2714.000000 1.414646
 2715.000000 1.407365
 2716.000000 1.403667
 2717.000000 1.404221
 2718.000000 1.409124
 2719.000000 1.417895
 2720.000000 1.429529
 2721.000000 1.442811
 2722.000000 1.456652
 2723.000000 1.469440
 2724.000000 1.479991
 2725.000000 1.487496
 2726.000000 1.491215
 2727.000000 1.490717
 2728.000000 1.485890
 2729.000000 1.476957
 2730.000000 1.464668
 2731.000000 1.450149
 2732.000000 1.434885
 2733.000000 1.420639
 2734.000000 1.408901
 2735.000000 1.400808
 2736.000000 1.397074
 2737.000000 1.397897
 2738.000000 1.402939
 2739.000000 1.411306
 2740.000000 1.421796
 2741.000000 1.432804
 2742.000000 1.442884
 2743.000000 1.451057
 2744.000000 1.456544
 2745.000000 1.459113
 2746.000000 1.458950
 2747.000000 1.456385
 2748.000000 1.451863
 2749.000000 1.445896
 2750.000000 1.439017
 2751.000000 1.431839
 2752.000000 1.424976
 2753.000000 1.419333
 2754.000000 1.415707
