#! FIELDS time d
 0.000000 1.490723
 1.000000 1.478600
 2.000000 1.456167
 3.000000 1.426186
 4.000000 1.392374
 5.000000 1.359117
 6.000000 1.331698
 7.000000 1.314489
 8.000000 1.310377
 9.000000 1.319840
 10.000000 1.340836
 11.000000 1.369259
 12.000000 1.400557
 13.000000 1.429937
 14.000000 1.453947
 15.000000 1.470362
 16.000000 1.478200
 17.000000 1.477431
 18.000000 1.468468
 19.000000 1.452110
 20.000000 1.430119
 21.000000 1.404749
 22.000000 1.378249
 23.000000 1.353938
 24.000000 1.335049
 25.000000 1.324194
 26.000000 1.323029
 27.000000 1.331771
 28.000000 1.349091
 29.000000 1.372691
 30.000000 1.399216
 31.000000 1.425766
 32.000000 1.449050
 33.000000 1.466166
 34.000000 1.475799
 35.000000 1.476862
 36.000000 1.469294
 37.000000 1.453971
 38.000000 1.432277
 39.000000 1.406696
 40.000000 1.380334
 41.000000 1.356238
 42.000000 1.338035
 43.000000 1.328516
 44.000000 1.329272
 45.000000 1.340177
 46.000000 1.359346
 47.000000 1.383740
 48.000000 1.409652
 49.000000 1.433702
 50.000000 1.452957
 51.000000 1.465187
 52.000000 1.468836
 53.000000 1.463308
 54.000000 1.449034
 55.000000 1.427397
 56.000000 1.401337
 57.000000 1.374241
 58.000000 1.350640
 59.000000 1.335091
 60.000000 1.330358
 61.000000 1.337299
 62.000000 1.354598
 63.000000 1.379132
 64.000000 1.406925
 65.000000 1.434134
 66.000000 1.456808
 67.000000 1.471731
 68.000000 1.476983
 69.000000 1.472072
 70.000000 1.457657
 71.000000 1.435460
 72.000000 1.408241
 73.000000 1.379756
 74.000000 1.354083
 75.000000 1.335107
 76.000000 1.325761
 77.000000 1.327542
 78.000000 1.339896
 79.000000 1.360488
 80.000000 1.386243
 81.000000 1.413332
 82.000000 1.438584
 83.000000 1.459212
 84.000000 1.473243
 85.000000 1.479651
 86.000000 1.478041
 87.000000 1.468915
 88.000000 1.453311
 89.000000 1.432995
 90.000000 1.410448
 91.000000 1.388152
 92.000000 1.368335
 93.000000 1.353561
 94.000000 1.345541
 95.000000 1.345294
 96.000000 1.352991
 97.000000 1.367693
 98.000000 1.387687
 99.000000 1.410284
 100.000000 1.432817
 101.000000 1.452692
 102.000000 1.467430
 103.000000 1.475389
 104.000000 1.475464
 105.000000 1.467323
 106.000000 1.451474
 107.000000 1.429229
 108.000000 1.402792
 109.000000 1.375759
 110.000000 1.352146
 111.000000 1.335465
 112.000000 1.328536
 113.000000 1.332571
 114.000000 1.346864
 115.000000 1.368816
 116.000000 1.394671
 117.000000 1.420572
 118.000000 1.442944
 119.000000 1.458887
 120.000000 1.466392
 121.000000 1.464464
 122.000000 1.453324
 123.000000 1.434275
 124.000000 1.409612
 125.000000 1.382310
 126.000000 1.356286
 127.000000 1.335391
 128.000000 1.322826
 129.000000 1.320885
 130.000000 1.329958
 131.000000 1.348329
 132.000000 1.372358
 133.000000 1.398338
 134.000000 1.422291
 135.000000 1.441124
 136.000000 1.452997
 137.000000 1.457108
 138.000000 1.453533
 139.000000 1.442995
 140.000000 1.426758
 141.000000 1.407139
 142.000000 1.386541
 143.000000 1.367841
 144.000000 1.353494
 145.000000 1.345350
 146.000000 1.344394
 147.000000 1.350401
 148.000000 1.362302
 149.000000 1.378140
 150.000000 1.395902
 151.000000 1.413507
 152.000000 1.428730
 153.000000 1.439799
 154.000000 1.445340
 155.000000 1.444811
 156.000000 1.438405
 157.000000 1.426758
 158.000000 1.411065
 159.000000 1.393163
 160.000000 1.375069
 161.000000 1.359042
 162.000000 1.347655
 163.000000 1.342672
 164.000000 1.345359
 165.000000 1.355628
 166.000000 1.372088
 167.000000 1.392183
 168.000000 1.413069
 169.000000 1.431865
 170.000000 1.445891
 171.000000 1.453179
 172.000000 1.452621
 173.000000 1.443856
 174.000000 1.427486
 175.000000 1.405388
 176.000000 1.380617
 177.000000 1.357031
 178.000000 1.338419
 179.000000 1.327790
 180.000000 1.327142
 181.000000 1.336676
 182.000000 1.354822
 183.000000 1.378419
 184.000000 1.403899
 185.000000 1.427950
 186.000000 1.447769
 187.000000 1.460556
 188.000000 1.465143
 189.000000 1.461431
 190.000000 1.450461
 191.000000 1.433811
 192.000000 1.413676
 193.000000 1.392736
 194.000000 1.373662
 195.000000 1.359034
 196.000000 1.350630
 197.000000 1.349263
 198.000000 1.354545
 199.000000 1.365108
 200.000000 1.379101
 201.000000 1.394419
 202.000000 1.409140
 203.000000 1.421842
 204.000000 1.431022
 205.000000 1.435873
 206.000000 1.435758
 207.000000 1.430596
 208.000000 1.420917
 209.000000 1.407826
 210.000000 1.392562
 211.000000 1.376714
 212.000000 1.361674
 213.000000 1.348937
 214.000000 1.340272
 215.000000 1.336944
 216.000000 1.339846
 217.000000 1.349104
 218.000000 1.363842
 219.000000 1.382274
 220.000000 1.401677
 221.000000 1.419658
 222.000000 1.433871
 223.000000 1.442648
 224.000000 1.444636
 225.000000 1.439184
 226.000000 1.426674
 227.000000 1.408539
 228.000000 1.387089
 229.000000 1.365795
 230.000000 1.347785
 231.000000 1.336155
 232.000000 1.332943
 233.000000 1.338602
 234.000000 1.352232
 235.000000 1.371555
 236.000000 1.392976
 237.000000 1.413564
 238.000000 1.430461
 239.000000 1.441185
 240.000000 1.444416
 241.000000 1.440013
 242.000000 1.428837
 243.000000 1.412468
 244.000000 1.393228
 245.000000 1.373816
 246.000000 1.357088
 247.000000 1.345665
 248.000000 1.341261
 249.000000 1.344398
 250.000000 1.354304
 251.000000 1.369188
 252.000000 1.386673
 253.000000 1.404367
 254.000000 1.420111
 255.000000 1.432132
 256.000000 1.439200
 257.000000 1.440839
 258.000000 1.437168
 259.000000 1.428887
 260.000000 1.417126
 261.000000 1.403599
 262.000000 1.390111
 263.000000 1.378219
 264.000000 1.369225
 265.000000 1.364010
 266.000000 1.363142
 267.000000 1.366833
 268.000000 1.374832
 269.000000 1.386413
 270.000000 1.400213
 271.000000 1.414451
 272.000000 1.427210
 273.000000 1.436813
 274.000000 1.441916
 275.000000 1.441813
 276.000000 1.436437
 277.000000 1.426251
 278.000000 1.412362
 279.000000 1.396510
 280.000000 1.380808
 281.000000 1.367822
 282.000000 1.359737
 283.000000 1.358138
 284.000000 1.363563
 285.000000 1.375280
 286.000000 1.391659
 287.000000 1.410424
 288.000000 1.428857
 289.000000 1.444454
 290.000000 1.454949
 291.000000 1.458817
 292.000000 1.455353
 293.000000 1.444846
 294.000000 1.428599
 295.000000 1.408619
 296.000000 1.387508
 297.000000 1.368070
 298.000000 1.352725
 299.000000 1.343748
 300.000000 1.342041
 301.000000 1.347463
 302.000000 1.358462
 303.000000 1.372654
 304.000000 1.387352
 305.000000 1.399862
 306.000000 1.408203
 307.000000 1.411294
 308.000000 1.408958
 309.000000 1.401790
 310.000000 1.390851
 311.000000 1.377579
 312.000000 1.364186
 313.000000 1.352882
 314.000000 1.345538
 315.000000 1.343475
 316.000000 1.347049
 317.000000 1.355732
 318.000000 1.368166
 319.000000 1.382564
 320.000000 1.397372
 321.000000 1.411007
 322.000000 1.422253
 323.000000 1.430067
 324.000000 1.434138
 325.000000 1.434399
 326.000000 1.431079
 327.000000 1.424746
 328.000000 1.416201
 329.000000 1.406353
 330.000000 1.396139
 331.000000 1.386599
 332.000000 1.378832
 333.000000 1.373763
 334.000000 1.372287
 335.000000 1.374831
 336.000000 1.381203
 337.000000 1.390543
 338.000000 1.401535
 339.000000 1.412705
 340.000000 1.422721
 341.000000 1.430491
 342.000000 1.435029
 343.000000 1.435724
 344.000000 1.432309
 345.000000 1.424862
 346.000000 1.413973
 347.000000 1.400923
 348.000000 1.387304
 349.000000 1.375060
 350.000000 1.366223
 351.000000 1.362118
 352.000000 1.363287
 353.000000 1.369483
 354.000000 1.379572
 355.000000 1.391699
 356.000000 1.403809
 357.000000 1.413729
 358.000000 1.419548
 359.000000 1.420075
 360.000000 1.414954
 361.000000 1.404917
 362.000000 1.391429
 363.000000 1.376597
 364.000000 1.362685
 365.000000 1.351795
 366.000000 1.345791
 367.000000 1.345599
 368.000000 1.351240
 369.000000 1.361783
 370.000000 1.375555
 371.000000 1.390272
 372.000000 1.403910
 373.000000 1.414898
 374.000000 1.422253
 375.000000 1.425449
 376.000000 1.424504
 377.000000 1.419951
 378.000000 1.412607
 379.000000 1.403552
 380.000000 1.394115
 381.000000 1.385692
 382.000000 1.379257
 383.000000 1.375410
 384.000000 1.374296
 385.000000 1.375674
 386.000000 1.379153
 387.000000 1.384442
 388.000000 1.391286
 389.000000 1.399424
 390.000000 1.408191
 391.000000 1.416736
 392.000000 1.424038
 393.000000 1.429105
 394.000000 1.431128
 395.000000 1.429609
 396.000000 1.424391
 397.000000 1.415787
 398.000000 1.404422
 399.000000 1.391407
 400.000000 1.378104
 401.000000 1.366411
 402.000000 1.358086
 403.000000 1.354629
 404.000000 1.356598
 405.000000 1.363681
 406.000000 1.374963
 407.000000 1.388876
 408.000000 1.403678
 409.000000 1.417437
 410.000000 1.428582
 411.000000 1.435692
 412.000000 1.437885
 413.000000 1.434917
 414.000000 1.427315
 415.000000 1.416265
 416.000000 1.403307
 417.000000 1.390561
 418.000000 1.379875
 419.000000 1.373128
 420.000000 1.371365
 421.000000 1.374989
 422.000000 1.383532
 423.000000 1.395835
 424.000000 1.410033
 425.000000 1.424014
 426.000000 1.435499
 427.000000 1.443377
 428.000000 1.447009
 429.000000 1.446468
 430.000000 1.442279
 431.000000 1.435261
 432.000000 1.426202
 433.000000 1.416007
 434.000000 1.405582
 435.000000 1.395941
 436.000000 1.387850
 437.000000 1.382024
 438.000000 1.378737
 439.000000 1.377941
 440.000000 1.379310
 441.000000 1.382487
 442.000000 1.387043
 443.000000 1.392495
 444.000000 1.398236
 445.000000 1.403549
 446.000000 1.407767
 447.000000 1.410307
 448.000000 1.410748
 449.000000 1.408865
 450.000000 1.404573
 451.000000 1.397882
 452.000000 1.388950
 453.000000 1.378326
 454.000000 1.367178
 455.000000 1.357287
 456.000000 1.350485
 457.000000 1.348312
 458.000000 1.351477
 459.000000 1.359828
 460.000000 1.372143
 461.000000 1.386345
 462.000000 1.400245
 463.000000 1.411718
 464.000000 1.419074
 465.000000 1.421292
 466.000000 1.417944
 467.000000 1.409401
 468.000000 1.396792
 469.000000 1.381812
 470.000000 1.366805
 471.000000 1.354133
 472.000000 1.345921
 473.000000 1.343560
 474.000000 1.347425
 475.000000 1.356970
 476.000000 1.370793
 477.000000 1.386667
 478.000000 1.402061
 479.000000 1.414699
 480.000000 1.422686
 481.000000 1.424908
 482.000000 1.421301
 483.000000 1.412766
 484.000000 1.400962
 485.000000 1.387937
 486.000000 1.375761
 487.000000 1.366237
 488.000000 1.360845
 489.000000 1.360285
 490.000000 1.364510
 491.000000 1.372647
 492.000000 1.383343
 493.000000 1.395040
 494.000000 1.406096
 495.000000 1.415376
 496.000000 1.421969
 497.000000 1.425280
 498.000000 1.425001
 499.000000 1.421176
 500.000000 1.414246
 501.000000 1.405013
 502.000000 1.394729
 503.000000 1.384457
 504.000000 1.375370
 505.000000 1.368559
 506.000000 1.364733
 507.000000 1.364333
 508.000000 1.367570
 509.000000 1.374367
 510.000000 1.384306
 511.000000 1.396714
 512.000000 1.410333
 513.000000 1.423900
 514.000000 1.436116
 515.000000 1.445766
 516.000000 1.452011
 517.000000 1.454154
 518.000000 1.451859
 519.000000 1.445245
 520.000000 1.434950
 521.000000 1.422103
 522.000000 1.408348
 523.000000 1.395633
 524.000000 1.385550
 525.000000 1.379493
 526.000000 1.378262
 527.000000 1.381841
 528.000000 1.389452
 529.000000 1.399798
 530.000000 1.411363
 531.000000 1.422008
 532.000000 1.429894
 533.000000 1.433640
 534.000000 1.432253
 535.000000 1.425532
 536.000000 1.414076
 537.000000 1.399274
 538.000000 1.383094
 539.000000 1.367481
 540.000000 1.354517
 541.000000 1.346286
 542.000000 1.344052
 543.000000 1.348069
 544.000000 1.357592
 545.000000 1.371051
 546.000000 1.386202
 547.000000 1.400908
 548.000000 1.413369
 549.000000 1.422343
 550.000000 1.427120
 551.000000 1.427555
 552.000000 1.424011
 553.000000 1.417302
 554.000000 1.408636
 555.000000 1.399237
 556.000000 1.390608
 557.000000 1.383924
 558.000000 1.379946
 559.000000 1.378935
 560.000000 1.380729
 561.000000 1.384922
 562.000000 1.391049
 563.000000 1.398637
 564.000000 1.406916
 565.000000 1.415005
 566.000000 1.422150
 567.000000 1.427569
 568.000000 1.430664
 569.000000 1.431034
 570.000000 1.428503
 571.000000 1.423167
 572.000000 1.415461
 573.000000 1.406244
 574.000000 1.396513
 575.000000 1.387615
 576.000000 1.380841
 577.000000 1.377419
 578.000000 1.378116
 579.000000 1.383246
 580.000000 1.392413
 581.000000 1.404691
 582.000000 1.418687
 583.000000 1.432872
 584.000000 1.445633
 585.000000 1.455272
 586.000000 1.460185
 587.000000 1.459435
 588.000000 1.452649
 589.000000 1.440335
 590.000000 1.423757
 591.000000 1.405155
 592.000000 1.386871
 593.000000 1.371396
 594.000000 1.360656
 595.000000 1.355901
 596.000000 1.357485
 597.000000 1.364768
 598.000000 1.376176
 599.000000 1.389766
 600.000000 1.403377
 601.000000 1.415025
 602.000000 1.423189
 603.000000 1.427056
 604.000000 1.426564
 605.000000 1.422239
 606.000000 1.415023
 607.000000 1.406271
 608.000000 1.397549
 609.000000 1.390304
 610.000000 1.385753
 611.000000 1.384713
 612.000000 1.387429
 613.000000 1.393537
 614.000000 1.402119
 615.000000 1.411779
 616.000000 1.421167
 617.000000 1.428972
 618.000000 1.434319
 619.000000 1.436709
 620.000000 1.436010
 621.000000 1.432359
 622.000000 1.426122
 623.000000 1.417878
 624.000000 1.408302
 625.000000 1.397995
 626.000000 1.387848
 627.000000 1.378786
 628.000000 1.371654
 629.000000 1.367383
 630.000000 1.366485
 631.000000 1.369159
 632.000000 1.375156
 633.000000 1.383825
 634.000000 1.394181
 635.000000 1.405268
 636.000000 1.415857
 637.000000 1.424628
 638.000000 1.430682
 639.000000 1.433555
 640.000000 1.433118
 641.000000 1.429535
 642.000000 1.423202
 643.000000 1.414868
 644.000000 1.405418
 645.000000 1.395649
 646.000000 1.386805
 647.000000 1.380384
 648.000000 1.377764
 649.000000 1.379681
 650.000000 1.386030
 651.000000 1.396022
 652.000000 1.408506
 653.000000 1.422030
 654.000000 1.434889
 655.000000 1.445279
 656.000000 1.451499
 657.000000 1.452378
 658.000000 1.447584
 659.000000 1.437646
 660.000000 1.423629
 661.000000 1.406961
 662.000000 1.389676
 663.000000 1.373906
 664.000000 1.362400
 665.000000 1.356803
 666.000000 1.357930
 667.000000 1.365434
 668.000000 1.377950
 669.000000 1.393667
 670.000000 1.410614
 671.000000 1.426655
 672.000000 1.439792
 673.000000 1.448066
 674.000000 1.450469
 675.000000 1.447092
 676.000000 1.438815
 677.000000 1.427061
 678.000000 1.413481
 679.000000 1.399817
 680.000000 1.387803
 681.000000 1.378905
 682.000000 1.374190
 683.000000 1.373885
 684.000000 1.377435
 685.000000 1.383491
 686.000000 1.390397
 687.000000 1.396855
 688.000000 1.401940
 689.000000 1.405239
 690.000000 1.406566
 691.000000 1.405897
 692.000000 1.403373
 693.000000 1.399305
 694.000000 1.394176
 695.000000 1.388412
 696.000000 1.382438
 697.000000 1.376564
 698.000000 1.371122
 699.000000 1.366565
 700.000000 1.363449
 701.000000 1.362347
 702.000000 1.363755
 703.000000 1.367823
 704.000000 1.374219
 705.000000 1.382159
 706.000000 1.390642
 707.000000 1.398366
 708.000000 1.403912
 709.000000 1.406292
 710.000000 1.405052
 711.000000 1.400446
 712.000000 1.393471
 713.000000 1.385310
 714.000000 1.377063
 715.000000 1.369805
 716.000000 1.364512
 717.000000 1.361928
 718.000000 1.362558
 719.000000 1.366590
 720.000000 1.373641
 721.000000 1.382867
 722.000000 1.393057
 723.000000 1.402969
 724.000000 1.411475
 725.000000 1.417730
 726.000000 1.421030
 727.000000 1.420862
 728.000000 1.417108
 729.000000 1.410084
 730.000000 1.400665
 731.000000 1.390185
 732.000000 1.380211
 733.000000 1.372255
 734.000000 1.367527
 735.000000 1.366897
 736.000000 1.370570
 737.000000 1.378144
 738.000000 1.388605
 739.000000 1.400626
 740.000000 1.412643
 741.000000 1.423186
 742.000000 1.430845
 743.000000 1.434527
 744.000000 1.433630
 745.000000 1.428066
 746.000000 1.418229
 747.000000 1.405226
 748.000000 1.390870
 749.000000 1.377398
 750.000000 1.366865
 751.000000 1.361174
 752.000000 1.361419
 753.000000 1.367652
 754.000000 1.378888
 755.000000 1.393573
 756.000000 1.409603
 757.000000 1.424767
 758.000000 1.437270
 759.000000 1.445364
 760.000000 1.448148
 761.000000 1.445261
 762.000000 1.437017
 763.000000 1.424361
 764.000000 1.408624
 765.000000 1.391591
 766.000000 1.375530
 767.000000 1.362792
 768.000000 1.355277
 769.000000 1.354310
 770.000000 1.360122
 771.000000 1.371875
 772.000000 1.387603
 773.000000 1.404979
 774.000000 1.421689
 775.000000 1.435551
 776.000000 1.444736
 777.000000 1.448334
 778.000000 1.446097
 779.000000 1.438365
 780.000000 1.426297
 781.000000 1.411379
 782.000000 1.395479
 783.000000 1.380772
 784.000000 1.369233
 785.000000 1.362227
 786.000000 1.360627
 787.000000 1.364565
 788.000000 1.373463
 789.000000 1.386083
 790.000000 1.400806
 791.000000 1.415733
 792.000000 1.428902
 793.000000 1.438749
 794.000000 1.444151
 795.000000 1.444397
 796.000000 1.439388
 797.000000 1.429392
 798.000000 1.415275
 799.000000 1.398396
 800.000000 1.380719
 801.000000 1.364021
 802.000000 1.350706
 803.000000 1.343005
 804.000000 1.342435
 805.000000 1.349337
 806.000000 1.363010
 807.000000 1.381723
 808.000000 1.403018
 809.000000 1.424201
 810.000000 1.443111
 811.000000 1.457725
 812.000000 1.466805
 813.000000 1.469530
 814.000000 1.465728
 815.000000 1.455853
 816.000000 1.440945
 817.000000 1.422537
 818.000000 1.402587
 819.000000 1.383533
 820.000000 1.367383
 821.000000 1.356310
 822.000000 1.351539
 823.000000 1.353521
 824.000000 1.361938
 825.000000 1.375579
 826.000000 1.392730
 827.000000 1.410723
 828.000000 1.427062
 829.000000 1.439244
 830.000000 1.445377
 831.000000 1.444394
 832.000000 1.436131
 833.000000 1.421290
 834.000000 1.401683
 835.000000 1.379643
 836.000000 1.358066
 837.000000 1.340237
 838.000000 1.329396
 839.000000 1.327495
 840.000000 1.335094
 841.000000 1.351109
 842.000000 1.372951
 843.000000 1.397329
 844.000000 1.420990
 845.000000 1.440909
 846.000000 1.454652
 847.000000 1.460586
 848.000000 1.458080
 849.000000 1.447415
 850.000000 1.429494
 851.000000 1.406337
 852.000000 1.380612
 853.000000 1.356030
 854.000000 1.336478
 855.000000 1.325160
 856.000000 1.323929
 857.000000 1.333017
 858.000000 1.350785
 859.000000 1.374494
 860.000000 1.400484
 861.000000 1.425080
 862.000000 1.445624
 863.000000 1.459765
 864.000000 1.466091
 865.000000 1.463963
 866.000000 1.453677
 867.000000 1.436460
 868.000000 1.414610
 869.000000 1.391044
 870.000000 1.368959
 871.000000 1.351729
 872.000000 1.341759
 873.000000 1.340285
 874.000000 1.347274
 875.000000 1.361306
 876.000000 1.379847
 877.000000 1.400509
 878.000000 1.420586
 879.000000 1.437741
 880.000000 1.449985
 881.000000 1.455749
 882.000000 1.454209
 883.000000 1.445292
 884.000000 1.429969
 885.000000 1.409867
 886.000000 1.387294
 887.000000 1.365209
 888.000000 1.346371
 889.000000 1.333086
 890.000000 1.327392
 891.000000 1.330423
 892.000000 1.341936
 893.000000 1.360049
 894.000000 1.381625
 895.000000 1.403113
 896.000000 1.421221
 897.000000 1.433457
 898.000000 1.438441
 899.000000 1.435798
 900.000000 1.426169
 901.000000 1.410894
 902.000000 1.392029
 903.000000 1.371964
 904.000000 1.353327
 905.000000 1.338757
 906.000000 1.331051
 907.000000 1.331723
 908.000000 1.341074
 909.000000 1.357956
 910.000000 1.379894
 911.000000 1.403837
 912.000000 1.426855
 913.000000 1.445919
 914.000000 1.458622
 915.000000 1.463329
 916.000000 1.459298
 917.000000 1.446684
 918.000000 1.426759
 919.000000 1.401572
 920.000000 1.374193
 921.000000 1.348392
 922.000000 1.328372
 923.000000 1.317580
 924.000000 1.318007
 925.000000 1.329739
 926.000000 1.350912
 927.000000 1.378271
 928.000000 1.408410
 929.000000 1.437498
 930.000000 1.462138
 931.000000 1.479989
 932.000000 1.489157
 933.000000 1.488854
 934.000000 1.479207
 935.000000 1.461153
 936.000000 1.436879
 937.000000 1.408956
 938.000000 1.380641
 939.000000 1.355557
 940.000000 1.337624
 941.000000 1.329867
 942.000000 1.333682
 943.000000 1.348615
 944.000000 1.371878
 945.000000 1.399630
 946.000000 1.427834
 947.000000 1.452597
 948.000000 1.470817
 949.000000 1.480338
 950.000000 1.480310
 951.000000 1.470755
 952.000000 1.452737
 953.000000 1.428644
 954.000000 1.401155
 955.000000 1.373538
 956.000000 1.349715
 957.000000 1.333090
 958.000000 1.326154
 959.000000 1.329794
 960.000000 1.343292
 961.000000 1.364555
 962.000000 1.390405
 963.000000 1.417749
 964.000000 1.443538
 965.000000 1.464930
 966.000000 1.480371
 967.000000 1.488519
 968.000000 1.488766
 969.000000 1.480923
 970.000000 1.465513
 971.000000 1.443708
 972.000000 1.417621
 973.000000 1.390222
 974.000000 1.365094
 975.000000 1.345470
 976.000000 1.334036
 977.000000 1.332503
 978.000000 1.341058
 979.000000 1.358369
 980.000000 1.381805
 981.000000 1.407972
 982.000000 1.433185
 983.000000 1.454315
 984.000000 1.469180
 985.000000 1.476149
 986.000000 1.474693
 987.000000 1.465092
 988.000000 1.448557
 989.000000 1.426924
 990.000000 1.402632
 991.000000 1.378674
 992.000000 1.358278
 993.000000 1.344744
 994.000000 1.339926
 995.000000 1.344631
 996.000000 1.358097
 997.000000 1.378349
 998.000000 1.402152
 999.000000 1.426166
 1000.000000 1.447626
 1001.000000 1.463592
 1002.000000 1.472458
 1003.000000 1.473920
 1004.000000 1.468067
 1005.000000 1.455542
 1006.000000 1.437715
 1007.000000 1.416489
 1008.000000 1.394237
 1009.000000 1.373591
 1010.000000 1.357275
 1011.000000 1.347286
 1012.000000 1.344750
 1013.000000 1.349706
 1014.000000 1.361227
 1015.000000 1.377546
 1016.000000 1.396111
 1017.000000 1.414519
 1018.000000 1.430489
 1019.000000 1.441900
 1020.000000 1.447328
 1021.000000 1.446367
 1022.000000 1.439265
 1023.000000 1.427033
 1024.000000 1.411212
 1025.000000 1.393865
 1026.000000 1.377504
 1027.000000 1.364556
 1028.000000 1.357228
 1029.000000 1.356789
 1030.000000 1.363371
 1031.000000 1.376045
 1032.000000 1.392917
 1033.000000 1.411896
 1034.000000 1.430416
 1035.000000 1.445922
 1036.000000 1.456250
 1037.000000 1.459568
 1038.000000 1.454926
 1039.000000 1.442412
 1040.000000 1.422989
 1041.000000 1.398850
 1042.000000 1.372971
 1043.000000 1.349044
 1044.000000 1.330573
 1045.000000 1.320626
 1046.000000 1.320836
 1047.000000 1.331191
 1048.000000 1.349959
 1049.000000 1.374041
 1050.000000 1.399679
 1051.000000 1.423699
 1052.000000 1.443058
 1053.000000 1.455900
 1054.000000 1.460747
 1055.000000 1.457059
 1056.000000 1.445210
 1057.000000 1.426662
 1058.000000 1.403234
 1059.000000 1.378066
 1060.000000 1.354631
 1061.000000 1.336438
 1062.000000 1.326417
 1063.000000 1.326210
 1064.000000 1.335913
 1065.000000 1.353954
 1066.000000 1.377772
 1067.000000 1.404042
 1068.000000 1.428996
 1069.000000 1.449464
 1070.000000 1.463156
 1071.000000 1.468889
 1072.000000 1.466248
 1073.000000 1.455711
 1074.000000 1.438394
 1075.000000 1.416027
 1076.000000 1.391366
 1077.000000 1.367666
 1078.000000 1.348104
 1079.000000 1.335712
 1080.000000 1.332253
 1081.000000 1.338141
 1082.000000 1.352209
 1083.000000 1.372168
 1084.000000 1.394963
 1085.000000 1.417353
 1086.000000 1.436494
 1087.000000 1.450072
 1088.000000 1.456674
 1089.000000 1.456034
 1090.000000 1.448830
 1091.000000 1.436521
 1092.000000 1.421077
 1093.000000 1.404586
 1094.000000 1.389257
 1095.000000 1.376982
 1096.000000 1.369475
 1097.000000 1.367526
 1098.000000 1.371185
 1099.000000 1.379879
 1100.000000 1.392459
 1101.000000 1.407430
 1102.000000 1.423234
 1103.000000 1.438365
 1104.000000 1.450805
 1105.000000 1.458397
 1106.000000 1.459524
 1107.000000 1.453280
 1108.000000 1.439821
 1109.000000 1.420363
 1110.000000 1.397080
 1111.000000 1.373191
 1112.000000 1.351764
 1113.000000 1.336149
 1114.000000 1.329159
 1115.000000 1.332282
 1116.000000 1.345289
 1117.000000 1.366304
 1118.000000 1.392280
 1119.000000 1.419464
 1120.000000 1.444415
 1121.000000 1.464019
 1122.000000 1.475936
 1123.000000 1.478789
 1124.000000 1.472045
 1125.000000 1.456257
 1126.000000 1.433015
 1127.000000 1.405330
 1128.000000 1.377254
 1129.000000 1.353475
 1130.000000 1.338118
 1131.000000 1.333867
 1132.000000 1.341700
 1133.000000 1.360377
 1134.000000 1.386962
 1135.000000 1.417024
 1136.000000 1.446263
 1137.000000 1.471958
 1138.000000 1.491319
 1139.000000 1.502288
 1140.000000 1.504003
 1141.000000 1.496436
 1142.000000 1.480216
 1143.000000 1.456950
 1144.000000 1.428818
 1145.000000 1.398850
 1146.000000 1.371005
 1147.000000 1.348978
 1148.000000 1.335793
 1149.000000 1.333493
 1150.000000 1.342583
 1151.000000 1.361889
 1152.000000 1.388658
 1153.000000 1.419230
 1154.000000 1.449912
 1155.000000 1.477264
 1156.000000 1.498489
 1157.000000 1.511228
 1158.000000 1.514276
 1159.000000 1.506999
 1160.000000 1.489683
 1161.000000 1.464042
 1162.000000 1.432708
 1163.000000 1.399102
 1164.000000 1.367877
 1165.000000 1.343521
 1166.000000 1.329497
 1167.000000 1.327753
 1168.000000 1.338307
 1169.000000 1.358925
 1170.000000 1.386159
 1171.000000 1.415307
 1172.000000 1.442379
 1173.000000 1.463971
 1174.000000 1.477683
 1175.000000 1.482370
 1176.000000 1.477866
 1177.000000 1.464974
 1178.000000 1.445300
 1179.000000 1.421297
 1180.000000 1.395562
 1181.000000 1.371234
 1182.000000 1.351478
 1183.000000 1.339000
 1184.000000 1.335580
 1185.000000 1.341758
 1186.000000 1.356533
 1187.000000 1.377685
 1188.000000 1.402045
 1189.000000 1.426623
 1190.000000 1.448531
 1191.000000 1.465236
 1192.000000 1.475162
 1193.000000 1.477475
 1194.000000 1.472158
 1195.000000 1.459890
 1196.000000 1.442006
 1197.000000 1.420508
 1198.000000 1.397963
 1199.000000 1.377479
 1200.000000 1.361795
 1201.000000 1.353118
 1202.000000 1.352680
 1203.000000 1.360480
 1204.000000 1.375200
 1205.000000 1.394615
 1206.000000 1.415778
 1207.000000 1.435765
 1208.000000 1.451450
 1209.000000 1.460020
 1210.000000 1.459532
 1211.000000 1.449369
 1212.000000 1.430559
 1213.000000 1.405354
 1214.000000 1.377590
 1215.000000 1.351690
 1216.000000 1.332087
 1217.000000 1.322308
 1218.000000 1.324346
 1219.000000 1.338085
 1220.000000 1.361291
 1221.000000 1.390675
 1222.000000 1.422697
 1223.000000 1.453198
 1224.000000 1.479386
 1225.000000 1.498869
 1226.000000 1.509893
 1227.000000 1.511519
 1228.000000 1.503596
 1229.000000 1.486683
 1230.000000 1.462376
 1231.000000 1.432943
 1232.000000 1.401274
 1233.000000 1.371243
 1234.000000 1.347437
 1235.000000 1.333923
 1236.000000 1.332930
 1237.000000 1.344882
 1238.000000 1.367903
 1239.000000 1.398361
 1240.000000 1.431635
 1241.000000 1.463268
 1242.000000 1.489517
 1243.000000 1.507591
 1244.000000 1.515492
 1245.000000 1.512455
 1246.000000 1.498675
 1247.000000 1.475492
 1248.000000 1.445352
 1249.000000 1.411394
 1250.000000 1.378012
 1251.000000 1.349208
 1252.000000 1.329293
 1253.000000 1.321400
 1254.000000 1.326580
 1255.000000 1.343537
 1256.000000 1.369167
 1257.000000 1.398718
 1258.000000 1.427589
 1259.000000 1.452754
 1260.000000 1.471526
 1261.000000 1.482459
 1262.000000 1.484981
 1263.000000 1.479080
 1264.000000 1.465458
 1265.000000 1.445538
 1266.000000 1.421722
 1267.000000 1.396456
 1268.000000 1.372793
 1269.000000 1.353502
 1270.000000 1.340602
 1271.000000 1.335322
 1272.000000 1.338089
 1273.000000 1.348341
 1274.000000 1.364663
 1275.000000 1.384815
 1276.000000 1.405726
 1277.000000 1.424519
 1278.000000 1.438928
 1279.000000 1.447157
 1280.000000 1.448484
 1281.000000 1.442909
 1282.000000 1.431077
 1283.000000 1.414302
 1284.000000 1.394172
 1285.000000 1.373278
 1286.000000 1.354930
 1287.000000 1.342409
 1288.000000 1.338068
 1289.000000 1.343071
 1290.000000 1.356952
 1291.000000 1.377769
 1292.000000 1.402551
 1293.000000 1.427879
 1294.000000 1.450527
 1295.000000 1.467537
 1296.000000 1.476347
 1297.000000 1.475631
 1298.000000 1.465211
 1299.000000 1.446170
 1300.000000 1.420855
 1301.000000 1.392726
 1302.000000 1.365402
 1303.000000 1.342875
 1304.000000 1.328381
 1305.000000 1.323883
 1306.000000 1.329529
 1307.000000 1.343651
 1308.000000 1.363472
 1309.000000 1.385662
 1310.000000 1.406511
 1311.000000 1.422883
 1312.000000 1.432976
 1313.000000 1.435653
 1314.000000 1.430705
 1315.000000 1.418851
 1316.000000 1.401630
 1317.000000 1.381489
 1318.000000 1.361161
 1319.000000 1.344104
 1320.000000 1.333628
 1321.000000 1.331626
 1322.000000 1.338589
 1323.000000 1.353629
 1324.000000 1.374666
 1325.000000 1.398912
 1326.000000 1.423991
 1327.000000 1.447666
 1328.000000 1.467898
 1329.000000 1.482782
 1330.000000 1.491162
 1331.000000 1.492337
 1332.000000 1.485995
 1333.000000 1.472437
 1334.000000 1.452448
 1335.000000 1.427415
 1336.000000 1.399577
 1337.000000 1.371932
 1338.000000 1.347822
 1339.000000 1.330742
 1340.000000 1.323500
 1341.000000 1.327269
 1342.000000 1.341351
 1343.000000 1.363553
 1344.000000 1.390453
 1345.000000 1.418414
 1346.000000 1.443893
 1347.000000 1.463886
 1348.000000 1.476529
 1349.000000 1.480657
 1350.000000 1.475916
 1351.000000 1.462967
 1352.000000 1.443396
 1353.000000 1.419776
 1354.000000 1.395553
 1355.000000 1.374158
 1356.000000 1.359180
 1357.000000 1.352890
 1358.000000 1.356272
 1359.000000 1.368812
 1360.000000 1.388400
 1361.000000 1.411668
 1362.000000 1.435283
 1363.000000 1.456136
 1364.000000 1.472506
 1365.000000 1.482796
 1366.000000 1.486037
 1367.000000 1.481948
 1368.000000 1.470887
 1369.000000 1.453787
 1370.000000 1.432510
 1371.000000 1.409272
 1372.000000 1.386583
 1373.000000 1.367048
 1374.000000 1.353215
 1375.000000 1.346713
 1376.000000 1.348213
 1377.000000 1.357367
 1378.000000 1.372905
 1379.000000 1.392774
 1380.000000 1.414210
 1381.000000 1.434739
 1382.000000 1.452384
 1383.000000 1.465651
 1384.000000 1.473355
 1385.000000 1.475071
 1386.000000 1.470816
 1387.000000 1.460947
 1388.000000 1.446318
 1389.000000 1.428284
 1390.000000 1.408562
 1391.000000 1.389990
 1392.000000 1.375000
 1393.000000 1.366140
 1394.000000 1.365031
 1395.000000 1.371929
 1396.000000 1.385812
 1397.000000 1.404425
 1398.000000 1.425023
 1399.000000 1.444456
 1400.000000 1.459810
 1401.000000 1.468557
 1402.000000 1.469319
 1403.000000 1.461915
 1404.000000 1.447138
 1405.000000 1.426870
 1406.000000 1.403511
 1407.000000 1.380469
 1408.000000 1.361145
 1409.000000 1.348769
 1410.000000 1.345292
 1411.000000 1.351185
 1412.000000 1.365223
 1413.000000 1.385014
 1414.000000 1.407496
 1415.000000 1.429592
 1416.000000 1.449008
 1417.000000 1.464162
 1418.000000 1.473921
 1419.000000 1.477745
 1420.000000 1.475650
 1421.000000 1.468151
 1422.000000 1.456049
 1423.000000 1.440584
 1424.000000 1.423517
 1425.000000 1.406754
 1426.000000 1.392038
 1427.000000 1.381020
 1428.000000 1.375187
 1429.000000 1.375297
 1430.000000 1.381401
 1431.000000 1.392629
 1432.000000 1.407465
 1433.000000 1.423959
 1434.000000 1.439995
 1435.000000 1.453454
 1436.000000 1.462762
 1437.000000 1.466752
 1438.000000 1.464789
 1439.000000 1.456921
 1440.000000 1.443887
 1441.000000 1.426952
 1442.000000 1.408075
 1443.000000 1.389739
 1444.000000 1.374234
 1445.000000 1.364018
 1446.000000 1.360871
 1447.000000 1.365438
 1448.000000 1.377298
 1449.000000 1.394963
 1450.000000 1.416241
 1451.000000 1.438355
 1452.000000 1.458466
 1453.000000 1.474473
 1454.000000 1.484632
 1455.000000 1.487599
 1456.000000 1.482831
 1457.000000 1.470778
 1458.000000 1.452818
 1459.000000 1.431286
 1460.000000 1.409413
 1461.000000 1.390062
 1462.000000 1.375862
 1463.000000 1.368712
 1464.000000 1.369592
 1465.000000 1.378124
 1466.000000 1.392760
 1467.000000 1.410878
 1468.000000 1.429832
 1469.000000 1.447133
 1470.000000 1.460509
 1471.000000 1.468577
 1472.000000 1.470435
 1473.000000 1.465868
 1474.000000 1.455388
 1475.000000 1.440167
 1476.000000 1.421863
 1477.000000 1.402936
 1478.000000 1.385666
 1479.000000 1.372311
 1480.000000 1.364788
 1481.000000 1.363802
 1482.000000 1.369402
 1483.000000 1.380835
 1484.000000 1.396717
 1485.000000 1.415541
 1486.000000 1.435349
 1487.000000 1.454142
 1488.000000 1.470253
 1489.000000 1.482020
 1490.000000 1.488302
 1491.000000 1.488449
 1492.000000 1.482387
 1493.000000 1.470487
 1494.000000 1.453705
 1495.000000 1.433848
 1496.000000 1.413252
 1497.000000 1.394498
 1498.000000 1.380043
 1499.000000 1.372052
 1500.000000 1.371753
 1501.000000 1.379299
 1502.000000 1.393620
 1503.000000 1.412519
 1504.000000 1.433452
 1505.000000 1.453600
 1506.000000 1.470410
 1507.000000 1.481573
 1508.000000 1.485722
 1509.000000 1.482232
 1510.000000 1.471444
 1511.000000 1.454619
 1512.000000 1.433917
 1513.000000 1.412331
 1514.000000 1.392998
 1515.000000 1.378876
 1516.000000 1.372652
 1517.000000 1.375404
 1518.000000 1.386674
 1519.000000 1.404906
 1520.000000 1.427472
 1521.000000 1.451190
 1522.000000 1.473161
 1523.000000 1.490948
 1524.000000 1.503153
 1525.000000 1.508857
 1526.000000 1.507758
 1527.000000 1.500008
 1528.000000 1.486133
 1529.000000 1.466880
 1530.000000 1.444219
 1531.000000 1.420231
 1532.000000 1.397468
 1533.000000 1.378397
 1534.000000 1.365740
 1535.000000 1.361253
 1536.000000 1.365583
 1537.000000 1.378222
 1538.000000 1.397511
 1539.000000 1.420869
 1540.000000 1.445375
 1541.000000 1.468145
 1542.000000 1.486930
 1543.000000 1.500310
 1544.000000 1.507377
 1545.000000 1.507731
 1546.000000 1.501563
 1547.000000 1.489664
 1548.000000 1.473276
 1549.000000 1.454019
 1550.000000 1.434436
 1551.000000 1.416961
 1552.000000 1.404170
 1553.000000 1.397991
 1554.000000 1.399522
 1555.000000 1.408684
 1556.000000 1.424371
 1557.000000 1.444410
 1558.000000 1.466156
 1559.000000 1.486847
 1560.000000 1.504046
 1561.000000 1.515784
 1562.000000 1.520921
 1563.000000 1.518773
 1564.000000 1.509281
 1565.000000 1.493050
 1566.000000 1.471271
 1567.000000 1.445910
 1568.000000 1.419336
 1569.000000 1.394952
 1570.000000 1.375773
 1571.000000 1.364158
 1572.000000 1.361682
 1573.000000 1.368492
 1574.000000 1.383611
 1575.000000 1.404879
 1576.000000 1.429914
 1577.000000 1.455842
 1578.000000 1.479800
 1579.000000 1.499825
 1580.000000 1.514118
 1581.000000 1.521826
 1582.000000 1.522445
 1583.000000 1.516013
 1584.000000 1.503057
 1585.000000 1.484701
 1586.000000 1.462464
 1587.000000 1.438657
 1588.000000 1.416188
 1589.000000 1.397795
 1590.000000 1.386151
 1591.000000 1.383105
 1592.000000 1.389203
 1593.000000 1.403389
 1594.000000 1.423473
 1595.000000 1.446620
 1596.000000 1.469887
 1597.000000 1.490417
 1598.000000 1.505825
 1599.000000 1.514743
 1600.000000 1.516551
 1601.000000 1.511475
 1602.000000 1.500424
 1603.000000 1.484886
 1604.000000 1.466836
 1605.000000 1.448312
 1606.000000 1.431278
 1607.000000 1.417689
 1608.000000 1.409090
 1609.000000 1.406342
 1610.000000 1.409638
 1611.000000 1.418433
 1612.000000 1.431343
 1613.000000 1.446582
 1614.000000 1.462391
 1615.000000 1.476866
 1616.000000 1.488611
 1617.000000 1.496222
 1618.000000 1.498535
 1619.000000 1.494963
 1620.000000 1.485478
 1621.000000 1.470864
 1622.000000 1.452605
 1623.000000 1.432804
 1624.000000 1.413344
 1625.000000 1.396449
 1626.000000 1.383783
 1627.000000 1.376906
 1628.000000 1.376848
 1629.000000 1.383802
 1630.000000 1.396985
 1631.000000 1.414559
 1632.000000 1.434169
 1633.000000 1.453275
 1634.000000 1.469530
 1635.000000 1.480860
 1636.000000 1.485855
 1637.000000 1.483770
 1638.000000 1.474471
 1639.000000 1.458627
 1640.000000 1.437500
 1641.000000 1.413295
 1642.000000 1.389372
 1643.000000 1.369384
 1644.000000 1.356456
 1645.000000 1.352715
 1646.000000 1.358918
 1647.000000 1.374189
 1648.000000 1.396155
 1649.000000 1.421454
 1650.000000 1.446349
 1651.000000 1.467363
 1652.000000 1.482095
 1653.000000 1.489191
 1654.000000 1.488684
 1655.000000 1.481423
 1656.000000 1.468781
 1657.000000 1.452343
 1658.000000 1.433874
 1659.000000 1.415426
 1660.000000 1.398979
 1661.000000 1.386458
 1662.000000 1.379422
 1663.000000 1.378524
 1664.000000 1.383618
 1665.000000 1.393827
 1666.000000 1.407818
 1667.000000 1.423960
 1668.000000 1.440574
 1669.000000 1.455851
 1670.000000 1.468422
 1671.000000 1.477201
 1672.000000 1.481506
 1673.000000 1.481033
 1674.000000 1.475953
 1675.000000 1.466838
 1676.000000 1.454455
 1677.000000 1.439666
 1678.000000 1.423763
 1679.000000 1.408350
 1680.000000 1.395474
 1681.000000 1.387336
 1682.000000 1.385569
 1683.000000 1.390868
 1684.000000 1.402720
 1685.000000 1.419759
 1686.000000 1.439637
 1687.000000 1.459798
 1688.000000 1.477616
 1689.000000 1.491109
 1690.000000 1.498601
 1691.000000 1.499351
 1692.000000 1.493439
 1693.000000 1.481653
 1694.000000 1.465294
 1695.000000 1.446055
 1696.000000 1.426339
 1697.000000 1.408592
 1698.000000 1.394788
 1699.000000 1.386517
 1700.000000 1.384722
 1701.000000 1.389602
 1702.000000 1.400322
 1703.000000 1.415131
 1704.000000 1.431678
 1705.000000 1.447801
 1706.000000 1.461499
 1707.000000 1.471318
 1708.000000 1.476508
 1709.000000 1.476935
 1710.000000 1.472945
 1711.000000 1.465382
 1712.000000 1.455284
 1713.000000 1.444028
 1714.000000 1.432905
 1715.000000 1.423132
 1716.000000 1.415780
 1717.000000 1.411529
 1718.000000 1.410714
 1719.000000 1.413312
 1720.000000 1.418858
 1721.000000 1.426592
 1722.000000 1.435481
 1723.000000 1.444315
 1724.000000 1.451935
 1725.000000 1.457360
 1726.000000 1.460013
 1727.000000 1.459724
 1728.000000 1.456734
 1729.000000 1.451492
 1730.000000 1.444643
 1731.000000 1.437162
 1732.000000 1.430014
 1733.000000 1.424260
 1734.000000 1.420821
 1735.000000 1.420304
 1736.000000 1.422937
 1737.000000 1.428434
 1738.000000 1.436111
 1739.000000 1.444889
 1740.000000 1.453346
 1741.000000 1.460046
 1742.000000 1.463832
 1743.000000 1.463773
 1744.000000 1.459530
 1745.000000 1.451473
 1746.000000 1.440710
 1747.000000 1.428790
 1748.000000 1.417590
 1749.000000 1.408950
 1750.000000 1.404390
 1751.000000 1.404637
 1752.000000 1.409766
 1753.000000 1.419111
 1754.000000 1.431507
 1755.000000 1.445225
 1756.000000 1.458372
 1757.000000 1.469446
 1758.000000 1.477104
 1759.000000 1.480549
 1760.000000 1.479444
 1761.000000 1.473850
 1762.000000 1.464193
 1763.000000 1.451270
 1764.000000 1.436151
 1765.000000 1.420684
 1766.000000 1.406609
 1767.000000 1.395487
 1768.000000 1.388460
 1769.000000 1.386564
 1770.000000 1.390138
 1771.000000 1.398840
 1772.000000 1.411741
 1773.000000 1.427444
 1774.000000 1.444325
 1775.000000 1.460843
 1776.000000 1.475508
 1777.000000 1.486833
 1778.000000 1.493909
 1779.000000 1.496241
 1780.000000 1.493560
 1781.000000 1.486081
 1782.000000 1.474394
 1783.000000 1.459508
 1784.000000 1.443004
 1785.000000 1.426867
 1786.000000 1.413181
 1787.000000 1.403876
 1788.000000 1.400288
 1789.000000 1.403022
 1790.000000 1.411733
 1791.000000 1.425174
 1792.000000 1.441270
 1793.000000 1.457666
 1794.000000 1.472540
 1795.000000 1.484171
 1796.000000 1.491183
 1797.000000 1.492934
 1798.000000 1.489423
 1799.000000 1.481233
 1800.000000 1.469452
 1801.000000 1.455554
 1802.000000 1.441131
 1803.000000 1.427971
 1804.000000 1.417520
 1805.000000 1.411096
 1806.000000 1.409337
 1807.000000 1.412293
 1808.000000 1.419414
 1809.000000 1.429728
 1810.000000 1.441858
 1811.000000 1.454394
 1812.000000 1.465752
 1813.000000 1.474509
 1814.000000 1.479563
 1815.000000 1.480109
 1816.000000 1.475796
 1817.000000 1.466799
 1818.000000 1.453699
 1819.000000 1.437764
 1820.000000 1.420814
 1821.000000 1.404822
 1822.000000 1.391755
 1823.000000 1.383503
 1824.000000 1.381318
 1825.000000 1.385748
 1826.000000 1.396232
 1827.000000 1.411308
 1828.000000 1.429041
 1829.000000 1.447365
 1830.000000 1.463970
 1831.000000 1.476746
 1832.000000 1.484413
 1833.000000 1.486238
 1834.000000 1.482104
 1835.000000 1.472613
 1836.000000 1.458899
 1837.000000 1.442686
 1838.000000 1.425891
 1839.000000 1.410866
 1840.000000 1.399535
 1841.000000 1.393437
 1842.000000 1.393297
 1843.000000 1.398849
 1844.000000 1.409033
 1845.000000 1.421876
 1846.000000 1.435135
 1847.000000 1.446572
 1848.000000 1.454615
 1849.000000 1.458115
 1850.000000 1.456613
 1851.000000 1.450378
 1852.000000 1.440319
 1853.000000 1.427888
 1854.000000 1.414976
 1855.000000 1.403539
 1856.000000 1.395396
 1857.000000 1.391755
 1858.000000 1.393108
 1859.000000 1.399278
 1860.000000 1.409479
 1861.000000 1.422501
 1862.000000 1.436791
 1863.000000 1.450865
 1864.000000 1.463302
 1865.000000 1.472899
 1866.000000 1.478857
 1867.000000 1.480596
 1868.000000 1.477943
 1869.000000 1.471079
 1870.000000 1.460614
 1871.000000 1.447565
 1872.000000 1.433249
 1873.000000 1.419188
 1874.000000 1.407284
 1875.000000 1.399551
 1876.000000 1.397244
 1877.000000 1.400976
 1878.000000 1.410509
 1879.000000 1.424660
 1880.000000 1.441826
 1881.000000 1.459952
 1882.000000 1.476986
 1883.000000 1.491185
 1884.000000 1.500897
 1885.000000 1.505111
 1886.000000 1.503297
 1887.000000 1.495606
 1888.000000 1.482728
 1889.000000 1.465694
 1890.000000 1.446481
 1891.000000 1.427283
 1892.000000 1.410220
 1893.000000 1.397267
 1894.000000 1.390095
 1895.000000 1.389335
 1896.000000 1.394741
 1897.000000 1.405326
 1898.000000 1.419329
 1899.000000 1.434703
 1900.000000 1.449640
 1901.000000 1.462564
 1902.000000 1.472081
 1903.000000 1.477189
 1904.000000 1.477340
 1905.000000 1.472473
 1906.000000 1.462907
 1907.000000 1.449536
 1908.000000 1.433667
 1909.000000 1.417028
 1910.000000 1.401635
 1911.000000 1.389430
 1912.000000 1.382333
 1913.000000 1.381671
 1914.000000 1.387737
 1915.000000 1.399848
 1916.000000 1.416359
 1917.000000 1.434930
 1918.000000 1.453386
 1919.000000 1.469709
 1920.000000 1.482005
 1921.000000 1.489129
 1922.000000 1.490538
 1923.000000 1.486279
 1924.000000 1.477004
 1925.000000 1.463973
 1926.000000 1.448649
 1927.000000 1.432839
 1928.000000 1.418484
 1929.000000 1.407192
 1930.000000 1.400301
 1931.000000 1.398567
 1932.000000 1.401958
 1933.000000 1.409780
 1934.000000 1.420655
 1935.000000 1.432897
 1936.000000 1.444704
 1937.000000 1.454439
 1938.000000 1.460902
 1939.000000 1.463314
 1940.000000 1.461501
 1941.000000 1.455839
 1942.000000 1.447251
 1943.000000 1.437077
 1944.000000 1.426845
 1945.000000 1.417932
 1946.000000 1.411522
 1947.000000 1.408402
 1948.000000 1.408895
 1949.000000 1.412887
 1950.000000 1.419819
 1951.000000 1.428940
 1952.000000 1.439250
 1953.000000 1.449462
 1954.000000 1.458539
 1955.000000 1.465593
 1956.000000 1.469747
 1957.000000 1.470449
 1958.000000 1.467370
 1959.000000 1.460579
 1960.000000 1.450468
 1961.000000 1.437848
 1962.000000 1.424116
 1963.000000 1.410790
 1964.000000 1.399456
 1965.000000 1.391867
 1966.000000 1.389128
 1967.000000 1.391649
 1968.000000 1.399147
 1969.000000 1.410583
 1970.000000 1.424335
 1971.000000 1.438752
 1972.000000 1.451937
 1973.000000 1.462370
 1974.000000 1.468520
 1975.000000 1.469314
 1976.000000 1.464364
 1977.000000 1.453955
 1978.000000 1.439015
 1979.000000 1.421259
 1980.000000 1.403023
 1981.000000 1.386808
 1982.000000 1.374853
 1983.000000 1.368919
 1984.000000 1.370093
 1985.000000 1.378376
 1986.000000 1.392683
 1987.000000 1.411120
 1988.000000 1.431462
 1989.000000 1.451468
 1990.000000 1.468983
 1991.000000 1.482400
 1992.000000 1.490162
 1993.000000 1.491736
 1994.000000 1.487021
 1995.000000 1.476516
 1996.000000 1.461241
 1997.000000 1.442697
 1998.000000 1.422990
 1999.000000 1.404655
 2000.000000 1.390230
 2001.000000 1.381717
 2002.000000 1.380587
 2003.000000 1.387381
 2004.000000 1.401408
 2005.000000 1.420806
 2006.000000 1.443235
 2007.000000 1.465953
 2008.000000 1.486367
 2009.000000 1.502311
 2010.000000 1.512155
 2011.000000 1.515063
 2012.000000 1.510560
 2013.000000 1.498839
 2014.000000 1.480965
 2015.000000 1.458299
 2016.000000 1.433060
 2017.000000 1.407807
 2018.000000 1.385490
 2019.000000 1.368707
 2020.000000 1.359997
 2021.000000 1.360395
 2022.000000 1.369589
 2023.000000 1.386060
 2024.000000 1.407320
 2025.000000 1.430426
 2026.000000 1.452672
 2027.000000 1.471370
 2028.000000 1.484875
 2029.000000 1.492023
 2030.000000 1.492210
 2031.000000 1.485610
 2032.000000 1.472909
 2033.000000 1.455360
 2034.000000 1.434912
 2035.000000 1.413755
 2036.000000 1.394225
 2037.000000 1.378850
 2038.000000 1.369827
 2039.000000 1.368236
 2040.000000 1.374066
 2041.000000 1.386182
 2042.000000 1.402479
 2043.000000 1.420169
 2044.000000 1.437008
 2045.000000 1.451069
 2046.000000 1.461131
 2047.000000 1.466660
 2048.000000 1.467508
 2049.000000 1.464050
 2050.000000 1.457067
 2051.000000 1.447637
 2052.000000 1.437079
 2053.000000 1.427184
 2054.000000 1.419292
 2055.000000 1.414599
 2056.000000 1.413812
 2057.000000 1.417055
 2058.000000 1.423857
 2059.000000 1.433260
 2060.000000 1.443949
 2061.000000 1.454288
 2062.000000 1.462783
 2063.000000 1.468209
 2064.000000 1.469779
 2065.000000 1.467140
 2066.000000 1.460500
 2067.000000 1.450500
 2068.000000 1.438291
 2069.000000 1.425319
 2070.000000 1.413191
 2071.000000 1.403365
 2072.000000 1.397399
 2073.000000 1.396153
 2074.000000 1.399921
 2075.000000 1.408326
 2076.000000 1.420284
 2077.000000 1.434335
 2078.000000 1.448947
 2079.000000 1.462438
 2080.000000 1.473407
 2081.000000 1.480680
 2082.000000 1.483333
 2083.000000 1.480898
 2084.000000 1.473372
 2085.000000 1.461284
 2086.000000 1.445662
 2087.000000 1.428030
 2088.000000 1.410372
 2089.000000 1.394932
 2090.000000 1.383658
 2091.000000 1.377897
 2092.000000 1.378668
 2093.000000 1.386001
 2094.000000 1.398943
 2095.000000 1.415974
 2096.000000 1.435082
 2097.000000 1.453730
 2098.000000 1.469870
 2099.000000 1.481736
 2100.000000 1.487973
 2101.000000 1.488046
 2102.000000 1.482092
 2103.000000 1.470829
 2104.000000 1.455295
 2105.000000 1.437324
 2106.000000 1.419337
 2107.000000 1.403492
 2108.000000 1.392201
 2109.000000 1.387240
 2110.000000 1.389543
 2111.000000 1.398964
 2112.000000 1.414303
 2113.000000 1.433410
 2114.000000 1.453837
 2115.000000 1.472822
 2116.000000 1.488468
 2117.000000 1.499013
 2118.000000 1.503290
 2119.000000 1.500748
 2120.000000 1.491534
 2121.000000 1.476376
 2122.000000 1.456491
 2123.000000 1.434173
 2124.000000 1.411852
 2125.000000 1.391974
 2126.000000 1.377133
 2127.000000 1.368943
 2128.000000 1.368041
 2129.000000 1.373954
 2130.000000 1.385223
 2131.000000 1.399566
 2132.000000 1.414327
 2133.000000 1.427245
 2134.000000 1.436693
 2135.000000 1.441670
 2136.000000 1.442036
 2137.000000 1.438243
 2138.000000 1.431232
 2139.000000 1.422356
 2140.000000 1.413063
 2141.000000 1.404689
 2142.000000 1.398326
 2143.000000 1.394763
 2144.000000 1.394298
 2145.000000 1.396824
 2146.000000 1.401886
 2147.000000 1.408865
 2148.000000 1.416974
 2149.000000 1.425168
 2150.000000 1.432483
 2151.000000 1.438013
 2152.000000 1.441129
 2153.000000 1.441464
 2154.000000 1.438989
 2155.000000 1.433918
 2156.000000 1.426664
 2157.000000 1.417680
 2158.000000 1.407966
 2159.000000 1.398787
 2160.000000 1.391548
 2161.000000 1.387663
 2162.000000 1.388199
 2163.000000 1.393574
 2164.000000 1.403431
 2165.000000 1.416788
 2166.000000 1.432077
 2167.000000 1.447571
 2168.000000 1.461292
 2169.000000 1.471536
 2170.000000 1.476946
 2171.000000 1.476927
 2172.000000 1.471395
 2173.000000 1.460934
 2174.000000 1.446897
 2175.000000 1.431110
 2176.000000 1.415673
 2177.000000 1.402627
 2178.000000 1.393778
 2179.000000 1.390313
 2180.000000 1.392728
 2181.000000 1.400545
 2182.000000 1.412467
 2183.000000 1.426549
 2184.000000 1.440827
 2185.000000 1.453589
 2186.000000 1.463047
 2187.000000 1.468025
 2188.000000 1.467715
 2189.000000 1.462007
 2190.000000 1.451487
 2191.000000 1.437190
 2192.000000 1.421220
 2193.000000 1.405755
 2194.000000 1.393024
 2195.000000 1.384943
 2196.000000 1.382970
 2197.000000 1.387769
 2198.000000 1.399061
 2199.000000 1.415867
 2200.000000 1.436552
 2201.000000 1.458778
 2202.000000 1.480291
 2203.000000 1.498802
 2204.000000 1.512696
 2205.000000 1.520684
 2206.000000 1.522049
 2207.000000 1.516567
 2208.000000 1.504544
 2209.000000 1.486795
 2210.000000 1.464934
 2211.000000 1.441460
 2212.000000 1.418804
 2213.000000 1.399463
 2214.000000 1.385937
 2215.000000 1.380163
 2216.000000 1.382814
 2217.000000 1.393247
 2218.000000 1.409679
 2219.000000 1.429547
 2220.000000 1.450098
 2221.000000 1.468564
 2222.000000 1.482868
 2223.000000 1.491747
 2224.000000 1.494765
 2225.000000 1.491963
 2226.000000 1.483881
 2227.000000 1.471639
 2228.000000 1.456532
 2229.000000 1.440265
 2230.000000 1.424669
 2231.000000 1.411442
 2232.000000 1.402316
 2233.000000 1.398273
 2234.000000 1.399823
 2235.000000 1.406791
 2236.000000 1.418234
 2237.000000 1.432436
 2238.000000 1.447320
 2239.000000 1.460968
 2240.000000 1.471918
 2241.000000 1.478915
 2242.000000 1.481380
 2243.000000 1.479115
 2244.000000 1.472390
 2245.000000 1.461983
 2246.000000 1.449397
 2247.000000 1.436502
 2248.000000 1.425193
 2249.000000 1.416964
 2250.000000 1.412994
 2251.000000 1.413706
 2252.000000 1.418849
 2253.000000 1.427624
 2254.000000 1.438856
 2255.000000 1.450890
 2256.000000 1.461874
 2257.000000 1.470085
 2258.000000 1.474149
 2259.000000 1.473382
 2260.000000 1.467858
 2261.000000 1.458343
 2262.000000 1.446230
 2263.000000 1.433346
 2264.000000 1.421706
 2265.000000 1.413182
 2266.000000 1.409050
 2267.000000 1.409943
 2268.000000 1.415668
 2269.000000 1.425293
 2270.000000 1.437532
 2271.000000 1.450785
 2272.000000 1.463618
 2273.000000 1.474687
 2274.000000 1.483031
 2275.000000 1.487784
 2276.000000 1.488193
 2277.000000 1.483880
 2278.000000 1.474889
 2279.000000 1.461744
 2280.000000 1.445622
 2281.000000 1.428444
 2282.000000 1.412422
 2283.000000 1.399321
 2284.000000 1.390869
 2285.000000 1.388259
 2286.000000 1.391972
 2287.000000 1.401659
 2288.000000 1.416141
 2289.000000 1.433522
 2290.000000 1.451959
 2291.000000 1.469038
 2292.000000 1.482719
 2293.000000 1.491584
 2294.000000 1.494596
 2295.000000 1.491277
 2296.000000 1.481809
 2297.000000 1.466962
 2298.000000 1.448475
 2299.000000 1.429167
 2300.000000 1.411936
 2301.000000 1.399504
 2302.000000 1.393659
 2303.000000 1.395475
 2304.000000 1.404774
 2305.000000 1.420145
 2306.000000 1.439386
 2307.000000 1.460053
 2308.000000 1.479178
 2309.000000 1.494621
 2310.000000 1.504757
 2311.000000 1.508837
 2312.000000 1.506692
 2313.000000 1.498723
 2314.000000 1.485686
 2315.000000 1.468814
 2316.000000 1.449919
 2317.000000 1.430923
 2318.000000 1.414186
 2319.000000 1.401338
 2320.000000 1.393507
 2321.000000 1.391150
 2322.000000 1.394000
 2323.000000 1.401455
 2324.000000 1.412540
 2325.000000 1.426196
 2326.000000 1.441121
 2327.000000 1.455637
 2328.000000 1.468051
 2329.000000 1.476926
 2330.000000 1.481120
 2331.000000 1.479972
 2332.000000 1.473263
 2333.000000 1.461191
 2334.000000 1.444409
 2335.000000 1.424372
 2336.000000 1.403536
 2337.000000 1.384805
 2338.000000 1.371327
 2339.000000 1.365552
 2340.000000 1.368478
 2341.000000 1.379667
 2342.000000 1.397564
 2343.000000 1.419791
 2344.000000 1.443790
 2345.000000 1.466633
 2346.000000 1.485720
 2347.000000 1.498958
 2348.000000 1.505276
 2349.000000 1.504339
 2350.000000 1.496651
 2351.000000 1.483330
 2352.000000 1.465946
 2353.000000 1.446489
 2354.000000 1.426998
 2355.000000 1.409855
 2356.000000 1.397153
 2357.000000 1.390518
 2358.000000 1.390616
 2359.000000 1.397078
 2360.000000 1.408614
 2361.000000 1.423426
 2362.000000 1.439586
 2363.000000 1.455338
 2364.000000 1.468963
 2365.000000 1.479223
 2366.000000 1.485122
 2367.000000 1.486233
 2368.000000 1.482501
 2369.000000 1.474450
 2370.000000 1.463028
 2371.000000 1.449456
 2372.000000 1.435093
 2373.000000 1.421314
 2374.000000 1.409684
 2375.000000 1.401817
 2376.000000 1.399094
 2377.000000 1.402466
 2378.000000 1.411986
 2379.000000 1.426678
 2380.000000 1.444890
 2381.000000 1.464579
 2382.000000 1.483360
 2383.000000 1.498859
 2384.000000 1.509210
 2385.000000 1.512910
 2386.000000 1.509137
 2387.000000 1.497846
 2388.000000 1.479725
 2389.000000 1.456230
 2390.000000 1.430093
 2391.000000 1.404412
 2392.000000 1.382635
 2393.000000 1.367239
 2394.000000 1.360515
 2395.000000 1.363542
 2396.000000 1.375748
 2397.000000 1.394962
 2398.000000 1.418454
 2399.000000 1.442733
 2400.000000 1.464793
 2401.000000 1.482234
 2402.000000 1.493291
 2403.000000 1.497212
 2404.000000 1.493918
 2405.000000 1.483995
 2406.000000 1.468947
 2407.000000 1.450540
 2408.000000 1.430754
 2409.000000 1.411753
 2410.000000 1.395747
 2411.000000 1.384541
 2412.000000 1.379437
 2413.000000 1.380897
 2414.000000 1.388804
 2415.000000 1.402413
 2416.000000 1.420207
 2417.000000 1.440317
 2418.000000 1.460431
 2419.000000 1.478329
 2420.000000 1.491984
 2421.000000 1.500154
 2422.000000 1.502059
 2423.000000 1.497347
 2424.000000 1.486243
 2425.000000 1.469597
 2426.000000 1.449117
 2427.000000 1.426806
 2428.000000 1.405487
 2429.000000 1.388543
 2430.000000 1.378413
 2431.000000 1.376731
 2432.000000 1.383578
 2433.000000 1.397764
 2434.000000 1.417236
 2435.000000 1.438887
 2436.000000 1.459429
 2437.000000 1.476115
 2438.000000 1.486613
 2439.000000 1.489286
 2440.000000 1.483582
 2441.000000 1.470083
 2442.000000 1.450400
 2443.000000 1.426738
 2444.000000 1.402080
 2445.000000 1.379879
 2446.000000 1.363370
 2447.000000 1.355416
 2448.000000 1.357212
 2449.000000 1.368274
 2450.000000 1.386564
 2451.000000 1.408963
 2452.000000 1.431883
 2453.000000 1.452631
 2454.000000 1.468963
 2455.000000 1.479609
 2456.000000 1.484085
 2457.000000 1.482517
 2458.000000 1.475773
 2459.000000 1.465108
 2460.000000 1.452002
 2461.000000 1.438128
 2462.000000 1.425024
 2463.000000 1.413926
 2464.000000 1.405778
 2465.000000 1.401521
 2466.000000 1.401811
 2467.000000 1.406899
 2468.000000 1.416451
 2469.000000 1.429551
 2470.000000 1.444481
 2471.000000 1.459080
 2472.000000 1.471382
 2473.000000 1.479878
 2474.000000 1.483540
 2475.000000 1.481933
 2476.000000 1.475045
 2477.000000 1.463365
 2478.000000 1.447990
 2479.000000 1.430872
 2480.000000 1.414467
 2481.000000 1.400834
 2482.000000 1.391917
 2483.000000 1.388947
 2484.000000 1.392214
 2485.000000 1.401239
 2486.000000 1.414605
 2487.000000 1.430342
 2488.000000 1.446070
 2489.000000 1.459570
 2490.000000 1.468936
 2491.000000 1.473115
 2492.000000 1.471680
 2493.000000 1.465024
 2494.000000 1.454112
 2495.000000 1.440338
 2496.000000 1.425406
 2497.000000 1.411143
 2498.000000 1.399452
 2499.000000 1.391997
 2500.000000 1.389727
 2501.000000 1.392792
 2502.000000 1.400450
 2503.000000 1.411400
 2504.000000 1.424163
 2505.000000 1.437241
 2506.000000 1.448959
 2507.000000 1.457814
 2508.000000 1.462701
 2509.000000 1.462840
 2510.000000 1.458048
 2511.000000 1.448729
 2512.000000 1.435785
 2513.000000 1.420615
 2514.000000 1.405119
 2515.000000 1.391171
 2516.000000 1.380602
 2517.000000 1.375046
 2518.000000 1.375836
 2519.000000 1.383314
 2520.000000 1.396913
 2521.000000 1.415260
 2522.000000 1.436136
 2523.000000 1.456972
 2524.000000 1.475629
 2525.000000 1.490250
 2526.000000 1.499433
 2527.000000 1.502208
 2528.000000 1.498252
 2529.000000 1.487879
 2530.000000 1.472111
 2531.000000 1.452833
 2532.000000 1.432130
 2533.000000 1.412526
 2534.000000 1.396725
 2535.000000 1.386597
 2536.000000 1.383384
 2537.000000 1.387351
 2538.000000 1.397793
 2539.000000 1.413009
 2540.000000 1.430607
 2541.000000 1.448009
 2542.000000 1.463157
 2543.000000 1.474136
 2544.000000 1.480082
 2545.000000 1.480627
 2546.000000 1.475944
 2547.000000 1.466809
 2548.000000 1.454512
 2549.000000 1.440510
 2550.000000 1.426582
 2551.000000 1.414735
 2552.000000 1.406211
 2553.000000 1.401885
 2554.000000 1.402083
 2555.000000 1.406658
 2556.000000 1.414922
 2557.000000 1.425535
 2558.000000 1.436906
 2559.000000 1.446980
 2560.000000 1.453974
 2561.000000 1.456697
 2562.000000 1.454608
 2563.000000 1.447787
 2564.000000 1.437177
 2565.000000 1.424335
 2566.000000 1.410996
 2567.000000 1.399219
 2568.000000 1.390728
 2569.000000 1.387049
 2570.000000 1.388956
 2571.000000 1.396374
 2572.000000 1.408365
 2573.000000 1.423412
 2574.000000 1.439537
 2575.000000 1.454541
 2576.000000 1.466708
 2577.000000 1.474476
 2578.000000 1.476869
 2579.000000 1.473587
 2580.000000 1.464931
 2581.000000 1.451935
 2582.000000 1.436404
 2583.000000 1.420609
 2584.000000 1.406660
 2585.000000 1.396570
 2586.000000 1.391817
 2587.000000 1.393089
 2588.000000 1.400174
 2589.000000 1.412096
 2590.000000 1.427121
 2591.000000 1.443242
 2592.000000 1.458386
 2593.000000 1.470842
 2594.000000 1.479143
 2595.000000 1.482474
 2596.000000 1.480638
 2597.000000 1.473936
 2598.000000 1.463103
 2599.000000 1.449299
 2600.000000 1.433994
 2601.000000 1.418965
 2602.000000 1.406176
 2603.000000 1.397400
 2604.000000 1.394025
 2605.000000 1.396462
 2606.000000 1.404201
 2607.000000 1.416076
 2608.000000 1.430794
 2609.000000 1.446512
 2610.000000 1.461658
 2611.000000 1.474504
 2612.000000 1.483808
 2613.000000 1.488480
 2614.000000 1.488204
 2615.000000 1.483204
 2616.000000 1.474140
 2617.000000 1.461959
 2618.000000 1.447760
 2619.000000 1.433234
 2620.000000 1.420195
 2621.000000 1.410266
 2622.000000 1.404575
 2623.000000 1.403676
 2624.000000 1.407455
 2625.000000 1.415382
 2626.000000 1.426492
 2627.000000 1.439452
 2628.000000 1.452617
 2629.000000 1.463963
 2630.000000 1.471724
 2631.000000 1.474669
 2632.000000 1.472134
 2633.000000 1.464164
 2634.000000 1.451444
 2635.000000 1.435117
 2636.000000 1.417015
 2637.000000 1.399455
 2638.000000 1.384658
 2639.000000 1.374569
 2640.000000 1.370979
 2641.000000 1.374761
 2642.000000 1.385381
 2643.000000 1.400953
 2644.000000 1.418909
 2645.000000 1.436667
 2646.000000 1.452093
 2647.000000 1.463671
 2648.000000 1.470271
 2649.000000 1.471333
 2650.000000 1.466953
 2651.000000 1.457866
 2652.000000 1.445313
 2653.000000 1.431119
 2654.000000 1.417271
 2655.000000 1.405447
 2656.000000 1.396899
 2657.000000 1.392323
 2658.000000 1.392069
 2659.000000 1.396167
 2660.000000 1.404188
 2661.000000 1.415109
 2662.000000 1.427398
 2663.000000 1.439404
 2664.000000 1.449310
 2665.000000 1.455996
 2666.000000 1.458652
 2667.000000 1.456893
 2668.000000 1.450859
 2669.000000 1.441162
 2670.000000 1.428909
 2671.000000 1.415854
 2672.000000 1.404059
 2673.000000 1.395656
 2674.000000 1.392171
 2675.000000 1.394352
 2676.000000 1.401931
 2677.000000 1.413933
 2678.000000 1.429126
 2679.000000 1.445591
 2680.000000 1.461165
 2681.000000 1.473992
 2682.000000 1.482498
 2683.000000 1.485873
 2684.000000 1.483991
 2685.000000 1.477373
 2686.000000 1.467177
 2687.000000 1.454979
 2688.000000 1.442303
 2689.000000 1.430364
 2690.000000 1.420471
 2691.000000 1.413707
 2692.000000 1.410737
 2693.000000 1.411717
 2694.000000 1.416364
 2695.000000 1.423842
 2696.000000 1.433076
 2697.000000 1.442866
 2698.000000 1.451838
 2699.000000 1.458951
 2700.000000 1.463203
 2701.000000 1.463799
 2702.000000 1.460340
 2703.000000 1.452911
 2704.000000 1.442254
 2705.000000 1.429512
 2706.000000 1.416503
 2707.000000 1.405023
 2708.000000 1.396737
 2709.000000 1.392718
 2710.000000 1.393483
 2711.000000 1.399049
 2712.000000 1.408973
 2713.000000 1.422087
 2714.000000 1.437050
 2715.000000 1.452246
 2716.000000 1.466380
 2717.000000 1.478192
 2718.000000 1.486943
 2719.000000 1.492125
 2720.000000 1.493302
 2721.000000 1.490190
 2722.000000 1.482749
 2723.000000 1.471614
 2724.000000 1.457856
 2725.000000 1.442862
 2726.000000 1.428486
 2727.000000 1.416441
 2728.000000 1.408388
 2729.000000 1.405106
 2730.000000 1.406926
 2731.000000 1.413477
