#! FIELDS time d
 0.000000 1.490723
 1.000000 1.481872
 2.000000 1.462476
 3.000000 1.434972
 4.000000 1.402778
 5.000000 1.370030
 6.000000 1.341856
 7.000000 1.322651
 8.000000 1.315647
 9.000000 1.321909
 10.000000 1.340111
 11.000000 1.366684
 12.000000 1.397232
 13.000000 1.426841
 14.000000 1.451767
 15.000000 1.469424
 16.000000 1.478463
 17.000000 1.478537
 18.000000 1.469853
 19.000000 1.453167
 20.000000 1.430321
 21.000000 1.403748
 22.000000 1.375927
 23.000000 1.350472
 24.000000 1.330820
 25.000000 1.319652
 26.000000 1.318573
 27.000000 1.327691
 28.000000 1.345590
 29.000000 1.369899
 30.000000 1.397121
 31.000000 1.424226
 32.000000 1.447865
 33.000000 1.465208
 34.000000 1.475112
 35.000000 1.476669
 36.000000 1.469931
 37.000000 1.455781
 38.000000 1.435492
 39.000000 1.411228
 40.000000 1.385723
 41.000000 1.361797
 42.000000 1.343062
 43.000000 1.332461
 44.000000 1.331788
 45.000000 1.341120
 46.000000 1.358853
 47.000000 1.382285
 48.000000 1.407987
 49.000000 1.432704
 50.000000 1.453434
 51.000000 1.467685
 52.000000 1.473492
 53.000000 1.469871
 54.000000 1.457063
 55.000000 1.436456
 56.000000 1.411033
 57.000000 1.384106
 58.000000 1.359850
 59.000000 1.342505
 60.000000 1.334798
 61.000000 1.337912
 62.000000 1.351298
 63.000000 1.372784
 64.000000 1.399132
 65.000000 1.426901
 66.000000 1.452350
 67.000000 1.472219
 68.000000 1.484313
 69.000000 1.487536
 70.000000 1.481717
 71.000000 1.467531
 72.000000 1.446464
 73.000000 1.420905
 74.000000 1.393869
 75.000000 1.368682
 76.000000 1.348593
 77.000000 1.336321
 78.000000 1.333524
 79.000000 1.340104
 80.000000 1.354716
 81.000000 1.374985
 82.000000 1.398393
 83.000000 1.422215
 84.000000 1.443922
 85.000000 1.461491
 86.000000 1.473030
 87.000000 1.477565
 88.000000 1.474668
 89.000000 1.464601
 90.000000 1.448473
 91.000000 1.427878
 92.000000 1.404740
 93.000000 1.382022
 94.000000 1.362547
 95.000000 1.349086
 96.000000 1.343875
 97.000000 1.348170
 98.000000 1.361712
 99.000000 1.382500
 100.000000 1.407625
 101.000000 1.433684
 102.000000 1.457080
 103.000000 1.475220
 104.000000 1.485945
 105.000000 1.487753
 106.000000 1.480203
 107.000000 1.463575
 108.000000 1.439014
 109.000000 1.409291
 110.000000 1.378216
 111.000000 1.349861
 112.000000 1.328580
 113.000000 1.317783
 114.000000 1.319462
 115.000000 1.333308
 116.000000 1.356734
 117.000000 1.385864
 118.000000 1.416233
 119.000000 1.443554
 120.000000 1.464310
 121.000000 1.476049
 122.000000 1.477483
 123.000000 1.468740
 124.000000 1.450978
 125.000000 1.426176
 126.000000 1.397474
 127.000000 1.368528
 128.000000 1.343026
 129.000000 1.324897
 130.000000 1.317147
 131.000000 1.320663
 132.000000 1.334276
 133.000000 1.355442
 134.000000 1.380373
 135.000000 1.405306
 136.000000 1.427074
 137.000000 1.443389
 138.000000 1.452795
 139.000000 1.454397
 140.000000 1.448239
 141.000000 1.435289
 142.000000 1.417176
 143.000000 1.396371
 144.000000 1.375517
 145.000000 1.357352
 146.000000 1.344488
 147.000000 1.338513
 148.000000 1.340268
 149.000000 1.349569
 150.000000 1.365350
 151.000000 1.385781
 152.000000 1.408147
 153.000000 1.429565
 154.000000 1.447060
 155.000000 1.458610
 156.000000 1.463147
 157.000000 1.460244
 158.000000 1.450269
 159.000000 1.434367
 160.000000 1.414246
 161.000000 1.392083
 162.000000 1.370722
 163.000000 1.352533
 164.000000 1.340325
 165.000000 1.336120
 166.000000 1.340731
 167.000000 1.353227
 168.000000 1.371476
 169.000000 1.392411
 170.000000 1.412649
 171.000000 1.429237
 172.000000 1.439982
 173.000000 1.443263
 174.000000 1.438344
 175.000000 1.425484
 176.000000 1.406192
 177.000000 1.383236
 178.000000 1.360100
 179.000000 1.340444
 180.000000 1.327953
 181.000000 1.324903
 182.000000 1.332188
 183.000000 1.348654
 184.000000 1.371668
 185.000000 1.397908
 186.000000 1.423874
 187.000000 1.445469
 188.000000 1.460225
 189.000000 1.466608
 190.000000 1.464246
 191.000000 1.453726
 192.000000 1.436413
 193.000000 1.414404
 194.000000 1.390225
 195.000000 1.366974
 196.000000 1.347537
 197.000000 1.334635
 198.000000 1.329829
 199.000000 1.333305
 200.000000 1.343922
 201.000000 1.359565
 202.000000 1.377686
 203.000000 1.396036
 204.000000 1.412111
 205.000000 1.424406
 206.000000 1.431463
 207.000000 1.432623
 208.000000 1.428018
 209.000000 1.418506
 210.000000 1.405369
 211.000000 1.390400
 212.000000 1.375359
 213.000000 1.362073
 214.000000 1.352449
 215.000000 1.347650
 216.000000 1.348452
 217.000000 1.355042
 218.000000 1.366742
 219.000000 1.382037
 220.000000 1.398512
 221.000000 1.413969
 222.000000 1.426248
 223.000000 1.433844
 224.000000 1.435645
 225.000000 1.431274
 226.000000 1.421271
 227.000000 1.406947
 228.000000 1.390184
 229.000000 1.373759
 230.000000 1.360281
 231.000000 1.352471
 232.000000 1.352178
 233.000000 1.359797
 234.000000 1.374512
 235.000000 1.394299
 236.000000 1.415925
 237.000000 1.436919
 238.000000 1.454768
 239.000000 1.466956
 240.000000 1.471658
 241.000000 1.467858
 242.000000 1.455515
 243.000000 1.435633
 244.000000 1.410455
 245.000000 1.383147
 246.000000 1.357496
 247.000000 1.337421
 248.000000 1.326059
 249.000000 1.325161
 250.000000 1.334808
 251.000000 1.353285
 252.000000 1.377386
 253.000000 1.403272
 254.000000 1.427073
 255.000000 1.445540
 256.000000 1.456519
 257.000000 1.459210
 258.000000 1.453708
 259.000000 1.440851
 260.000000 1.422040
 261.000000 1.399700
 262.000000 1.376752
 263.000000 1.356193
 264.000000 1.340938
 265.000000 1.333036
 266.000000 1.333314
 267.000000 1.341194
 268.000000 1.355027
 269.000000 1.372840
 270.000000 1.392375
 271.000000 1.411318
 272.000000 1.427493
 273.000000 1.439166
 274.000000 1.445069
 275.000000 1.444723
 276.000000 1.438437
 277.000000 1.427135
 278.000000 1.412304
 279.000000 1.395736
 280.000000 1.379149
 281.000000 1.364524
 282.000000 1.353731
 283.000000 1.348699
 284.000000 1.350847
 285.000000 1.360479
 286.000000 1.376755
 287.000000 1.397843
 288.000000 1.421084
 289.000000 1.443803
 290.000000 1.463275
 291.000000 1.477354
 292.000000 1.484274
 293.000000 1.482810
 294.000000 1.472543
 295.000000 1.454061
 296.000000 1.429227
 297.000000 1.401020
 298.000000 1.372814
 299.000000 1.348874
 300.000000 1.332403
 301.000000 1.325965
 302.000000 1.330340
 303.000000 1.344459
 304.000000 1.365717
 305.000000 1.390276
 306.000000 1.413947
 307.000000 1.432981
 308.000000 1.444573
 309.000000 1.447237
 310.000000 1.440890
 311.000000 1.426482
 312.000000 1.406283
 313.000000 1.383201
 314.000000 1.360448
 315.000000 1.341419
 316.000000 1.329181
 317.000000 1.325441
 318.000000 1.330378
 319.000000 1.342552
 320.000000 1.359516
 321.000000 1.378301
 322.000000 1.396403
 323.000000 1.411676
 324.000000 1.423155
 325.000000 1.430064
 326.000000 1.431848
 327.000000 1.428573
 328.000000 1.420854
 329.000000 1.409856
 330.000000 1.397146
 331.000000 1.384548
 332.000000 1.373765
 333.000000 1.365899
 334.000000 1.361921
 335.000000 1.362563
 336.000000 1.368374
 337.000000 1.379332
 338.000000 1.394635
 339.000000 1.412753
 340.000000 1.431780
 341.000000 1.449766
 342.000000 1.464527
 343.000000 1.474411
 344.000000 1.478185
 345.000000 1.474951
 346.000000 1.464397
 347.000000 1.447061
 348.000000 1.424301
 349.000000 1.398701
 350.000000 1.374082
 351.000000 1.354078
 352.000000 1.341724
 353.000000 1.339037
 354.000000 1.346366
 355.000000 1.362353
 356.000000 1.384395
 357.000000 1.409015
 358.000000 1.432495
 359.000000 1.451814
 360.000000 1.464788
 361.000000 1.469878
 362.000000 1.466570
 363.000000 1.455259
 364.000000 1.437002
 365.000000 1.413673
 366.000000 1.388202
 367.000000 1.363539
 368.000000 1.343016
 369.000000 1.329537
 370.000000 1.324999
 371.000000 1.330016
 372.000000 1.343618
 373.000000 1.363688
 374.000000 1.387433
 375.000000 1.411394
 376.000000 1.431832
 377.000000 1.446447
 378.000000 1.453885
 379.000000 1.453645
 380.000000 1.446090
 381.000000 1.432691
 382.000000 1.415185
 383.000000 1.395721
 384.000000 1.376729
 385.000000 1.360553
 386.000000 1.349517
 387.000000 1.345232
 388.000000 1.348446
 389.000000 1.358761
 390.000000 1.374648
 391.000000 1.394042
 392.000000 1.414514
 393.000000 1.433628
 394.000000 1.449214
 395.000000 1.459504
 396.000000 1.463175
 397.000000 1.459455
 398.000000 1.448431
 399.000000 1.431099
 400.000000 1.409015
 401.000000 1.384782
 402.000000 1.361303
 403.000000 1.342175
 404.000000 1.330125
 405.000000 1.327040
 406.000000 1.333508
 407.000000 1.348550
 408.000000 1.369910
 409.000000 1.394321
 410.000000 1.418578
 411.000000 1.439398
 412.000000 1.454155
 413.000000 1.461172
 414.000000 1.459538
 415.000000 1.449285
 416.000000 1.431303
 417.000000 1.407876
 418.000000 1.381825
 419.000000 1.357436
 420.000000 1.338406
 421.000000 1.327911
 422.000000 1.328144
 423.000000 1.339069
 424.000000 1.358879
 425.000000 1.384373
 426.000000 1.411253
 427.000000 1.436493
 428.000000 1.456867
 429.000000 1.470193
 430.000000 1.475207
 431.000000 1.471788
 432.000000 1.460780
 433.000000 1.443708
 434.000000 1.422532
 435.000000 1.399800
 436.000000 1.377904
 437.000000 1.359772
 438.000000 1.347715
 439.000000 1.343259
 440.000000 1.346485
 441.000000 1.356424
 442.000000 1.371135
 443.000000 1.388515
 444.000000 1.406406
 445.000000 1.422742
 446.000000 1.435913
 447.000000 1.444588
 448.000000 1.447805
 449.000000 1.445224
 450.000000 1.437164
 451.000000 1.424622
 452.000000 1.409095
 453.000000 1.392472
 454.000000 1.376773
 455.000000 1.363976
 456.000000 1.355617
 457.000000 1.352940
 458.000000 1.356588
 459.000000 1.366560
 460.000000 1.381758
 461.000000 1.399973
 462.000000 1.418618
 463.000000 1.434935
 464.000000 1.446538
 465.000000 1.451807
 466.000000 1.449796
 467.000000 1.440493
 468.000000 1.424693
 469.000000 1.403833
 470.000000 1.380329
 471.000000 1.357149
 472.000000 1.337775
 473.000000 1.325313
 474.000000 1.321798
 475.000000 1.327791
 476.000000 1.342264
 477.000000 1.362712
 478.000000 1.385966
 479.000000 1.409081
 480.000000 1.429340
 481.000000 1.444512
 482.000000 1.452996
 483.000000 1.453817
 484.000000 1.446848
 485.000000 1.432998
 486.000000 1.414051
 487.000000 1.392438
 488.000000 1.371295
 489.000000 1.353652
 490.000000 1.342209
 491.000000 1.338595
 492.000000 1.343330
 493.000000 1.355584
 494.000000 1.373172
 495.000000 1.393339
 496.000000 1.412941
 497.000000 1.429164
 498.000000 1.439852
 499.000000 1.443797
 500.000000 1.440787
 501.000000 1.431420
 502.000000 1.417189
 503.000000 1.399720
 504.000000 1.381102
 505.000000 1.363765
 506.000000 1.349807
 507.000000 1.340989
 508.000000 1.338415
 509.000000 1.342424
 510.000000 1.352431
 511.000000 1.367215
 512.000000 1.384775
 513.000000 1.403152
 514.000000 1.420449
 515.000000 1.434940
 516.000000 1.445464
 517.000000 1.451019
 518.000000 1.451007
 519.000000 1.445378
 520.000000 1.434684
 521.000000 1.419997
 522.000000 1.403045
 523.000000 1.386085
 524.000000 1.371181
 525.000000 1.360463
 526.000000 1.355552
 527.000000 1.357132
 528.000000 1.364857
 529.000000 1.377479
 530.000000 1.393213
 531.000000 1.409245
 532.000000 1.423098
 533.000000 1.433045
 534.000000 1.437777
 535.000000 1.436858
 536.000000 1.430656
 537.000000 1.420104
 538.000000 1.406577
 539.000000 1.391536
 540.000000 1.376798
 541.000000 1.364606
 542.000000 1.356742
 543.000000 1.354232
 544.000000 1.357366
 545.000000 1.365496
 546.000000 1.377303
 547.000000 1.391247
 548.000000 1.405691
 549.000000 1.418995
 550.000000 1.429550
 551.000000 1.436036
 552.000000 1.437702
 553.000000 1.434344
 554.000000 1.426421
 555.000000 1.414795
 556.000000 1.401044
 557.000000 1.386952
 558.000000 1.374428
 559.000000 1.365313
 560.000000 1.361137
 561.000000 1.362779
 562.000000 1.370230
 563.000000 1.382574
 564.000000 1.397763
 565.000000 1.413355
 566.000000 1.427323
 567.000000 1.437903
 568.000000 1.443959
 569.000000 1.444828
 570.000000 1.440233
 571.000000 1.430328
 572.000000 1.415915
 573.000000 1.398693
 574.000000 1.380726
 575.000000 1.364645
 576.000000 1.352721
 577.000000 1.346766
 578.000000 1.347551
 579.000000 1.355016
 580.000000 1.368091
 581.000000 1.385067
 582.000000 1.403730
 583.000000 1.421872
 584.000000 1.437468
 585.000000 1.448804
 586.000000 1.454685
 587.000000 1.454850
 588.000000 1.449467
 589.000000 1.439202
 590.000000 1.425060
 591.000000 1.408751
 592.000000 1.392239
 593.000000 1.377944
 594.000000 1.368014
 595.000000 1.363978
 596.000000 1.366338
 597.000000 1.374517
 598.000000 1.387081
 599.000000 1.402408
 600.000000 1.418676
 601.000000 1.433987
 602.000000 1.446432
 603.000000 1.454454
 604.000000 1.457099
 605.000000 1.454135
 606.000000 1.445975
 607.000000 1.433535
 608.000000 1.418139
 609.000000 1.401300
 610.000000 1.384908
 611.000000 1.371182
 612.000000 1.362078
 613.000000 1.358946
 614.000000 1.362175
 615.000000 1.371050
 616.000000 1.384134
 617.000000 1.399348
 618.000000 1.414455
 619.000000 1.427182
 620.000000 1.435631
 621.000000 1.438521
 622.000000 1.435520
 623.000000 1.427265
 624.000000 1.415125
 625.000000 1.400857
 626.000000 1.386785
 627.000000 1.375011
 628.000000 1.367009
 629.000000 1.363797
 630.000000 1.365417
 631.000000 1.371174
 632.000000 1.379785
 633.000000 1.389700
 634.000000 1.399498
 635.000000 1.408325
 636.000000 1.415474
 637.000000 1.420352
 638.000000 1.422628
 639.000000 1.422125
 640.000000 1.418804
 641.000000 1.412861
 642.000000 1.404600
 643.000000 1.394641
 644.000000 1.383828
 645.000000 1.373027
 646.000000 1.363537
 647.000000 1.356790
 648.000000 1.354140
 649.000000 1.356484
 650.000000 1.364012
 651.000000 1.376102
 652.000000 1.391434
 653.000000 1.408109
 654.000000 1.423975
 655.000000 1.436960
 656.000000 1.445165
 657.000000 1.447108
 658.000000 1.442056
 659.000000 1.430319
 660.000000 1.413250
 661.000000 1.393038
 662.000000 1.372662
 663.000000 1.354866
 664.000000 1.342621
 665.000000 1.337408
 666.000000 1.339796
 667.000000 1.349100
 668.000000 1.363358
 669.000000 1.380032
 670.000000 1.396583
 671.000000 1.410766
 672.000000 1.420917
 673.000000 1.425718
 674.000000 1.424736
 675.000000 1.418363
 676.000000 1.407805
 677.000000 1.394944
 678.000000 1.381974
 679.000000 1.371155
 680.000000 1.364439
 681.000000 1.362956
 682.000000 1.366792
 683.000000 1.374951
 684.000000 1.385567
 685.000000 1.396253
 686.000000 1.405010
 687.000000 1.410834
 688.000000 1.413348
 689.000000 1.412807
 690.000000 1.409856
 691.000000 1.405355
 692.000000 1.400341
 693.000000 1.395840
 694.000000 1.392679
 695.000000 1.391255
 696.000000 1.391484
 697.000000 1.392756
 698.000000 1.394109
 699.000000 1.394595
 700.000000 1.393715
 701.000000 1.391583
 702.000000 1.388727
 703.000000 1.385788
 704.000000 1.383323
 705.000000 1.381689
 706.000000 1.381014
 707.000000 1.381224
 708.000000 1.382086
 709.000000 1.383325
 710.000000 1.384627
 711.000000 1.385612
 712.000000 1.385914
 713.000000 1.385435
 714.000000 1.384559
 715.000000 1.384059
 716.000000 1.384715
 717.000000 1.386996
 718.000000 1.391016
 719.000000 1.396563
 720.000000 1.403086
 721.000000 1.409913
 722.000000 1.416227
 723.000000 1.421086
 724.000000 1.423464
 725.000000 1.422426
 726.000000 1.417517
 727.000000 1.409248
 728.000000 1.399012
 729.000000 1.388631
 730.000000 1.379832
 731.000000 1.373877
 732.000000 1.371535
 733.000000 1.373084
 734.000000 1.378380
 735.000000 1.386749
 736.000000 1.397077
 737.000000 1.407856
 738.000000 1.417339
 739.000000 1.424053
 740.000000 1.427106
 741.000000 1.426416
 742.000000 1.422605
 743.000000 1.416686
 744.000000 1.409754
 745.000000 1.402960
 746.000000 1.397263
 747.000000 1.393507
 748.000000 1.392233
 749.000000 1.393505
 750.000000 1.396884
 751.000000 1.401336
 752.000000 1.405555
 753.000000 1.408410
 754.000000 1.409426
 755.000000 1.408918
 756.000000 1.407612
 757.000000 1.406237
 758.000000 1.405304
 759.000000 1.405113
 760.000000 1.405723
 761.000000 1.406990
 762.000000 1.408591
 763.000000 1.410031
 764.000000 1.410712
 765.000000 1.410017
 766.000000 1.407517
 767.000000 1.403206
 768.000000 1.397531
 769.000000 1.391321
 770.000000 1.385418
 771.000000 1.380551
 772.000000 1.377385
 773.000000 1.376312
 774.000000 1.377511
 775.000000 1.380990
 776.000000 1.386449
 777.000000 1.393342
 778.000000 1.400712
 779.000000 1.407398
 780.000000 1.412039
 781.000000 1.413791
 782.000000 1.412626
 783.000000 1.409152
 784.000000 1.404302
 785.000000 1.398974
 786.000000 1.394022
 787.000000 1.390167
 788.000000 1.387754
 789.000000 1.386842
 790.000000 1.387125
 791.000000 1.387990
 792.000000 1.388634
 793.000000 1.388372
 794.000000 1.386975
 795.000000 1.384793
 796.000000 1.382589
 797.000000 1.381140
 798.000000 1.381179
 799.000000 1.383173
 800.000000 1.387255
 801.000000 1.393333
 802.000000 1.400865
 803.000000 1.408961
 804.000000 1.416438
 805.000000 1.422030
 806.000000 1.424657
 807.000000 1.423742
 808.000000 1.419522
 809.000000 1.413061
 810.000000 1.405797
 811.000000 1.399343
 812.000000 1.394966
 813.000000 1.393531
 814.000000 1.395240
 815.000000 1.399613
 816.000000 1.405586
 817.000000 1.411744
 818.000000 1.416593
 819.000000 1.418826
 820.000000 1.417804
 821.000000 1.413718
 822.000000 1.407499
 823.000000 1.400522
 824.000000 1.394354
 825.000000 1.390399
 826.000000 1.389544
 827.000000 1.392119
 828.000000 1.397731
 829.000000 1.405287
 830.000000 1.413247
 831.000000 1.419777
 832.000000 1.423194
 833.000000 1.422660
 834.000000 1.418282
 835.000000 1.410946
 836.000000 1.401884
 837.000000 1.392343
 838.000000 1.383559
 839.000000 1.376321
 840.000000 1.371137
 841.000000 1.368282
 842.000000 1.367642
 843.000000 1.368765
 844.000000 1.371124
 845.000000 1.374327
 846.000000 1.378307
 847.000000 1.383214
 848.000000 1.389219
 849.000000 1.396092
 850.000000 1.403418
 851.000000 1.410389
 852.000000 1.416227
 853.000000 1.420227
 854.000000 1.421899
 855.000000 1.420965
 856.000000 1.417267
 857.000000 1.410839
 858.000000 1.402197
 859.000000 1.392352
 860.000000 1.382933
 861.000000 1.375690
 862.000000 1.371945
 863.000000 1.372496
 864.000000 1.377408
 865.000000 1.385974
 866.000000 1.396812
 867.000000 1.408311
 868.000000 1.418584
 869.000000 1.425893
 870.000000 1.428973
 871.000000 1.427195
 872.000000 1.420921
 873.000000 1.411334
 874.000000 1.400301
 875.000000 1.389799
 876.000000 1.381801
 877.000000 1.377639
 878.000000 1.378118
 879.000000 1.383098
 880.000000 1.391421
 881.000000 1.401143
 882.000000 1.410037
 883.000000 1.416116
 884.000000 1.418154
 885.000000 1.416103
 886.000000 1.410580
 887.000000 1.402634
 888.000000 1.393332
 889.000000 1.383702
 890.000000 1.375027
 891.000000 1.368571
 892.000000 1.365304
 893.000000 1.365838
 894.000000 1.369978
 895.000000 1.376819
 896.000000 1.385058
 897.000000 1.393519
 898.000000 1.401459
 899.000000 1.408447
 900.000000 1.414184
 901.000000 1.418466
 902.000000 1.421046
 903.000000 1.421763
 904.000000 1.420584
 905.000000 1.417636
 906.000000 1.413257
 907.000000 1.407766
 908.000000 1.401611
 909.000000 1.395347
 910.000000 1.389792
 911.000000 1.385956
 912.000000 1.384757
 913.000000 1.386760
 914.000000 1.391880
 915.000000 1.399377
 916.000000 1.408066
 917.000000 1.416885
 918.000000 1.424905
 919.000000 1.431475
 920.000000 1.436101
 921.000000 1.438276
 922.000000 1.437583
 923.000000 1.433896
 924.000000 1.427637
 925.000000 1.419789
 926.000000 1.411697
 927.000000 1.404855
 928.000000 1.400448
 929.000000 1.399331
 930.000000 1.401685
 931.000000 1.406984
 932.000000 1.414030
 933.000000 1.421391
 934.000000 1.427640
 935.000000 1.431649
 936.000000 1.432652
 937.000000 1.430477
 938.000000 1.425415
 939.000000 1.418050
 940.000000 1.409326
 941.000000 1.400353
 942.000000 1.392208
 943.000000 1.385783
 944.000000 1.381642
 945.000000 1.379878
 946.000000 1.380266
 947.000000 1.382459
 948.000000 1.386094
 949.000000 1.390854
 950.000000 1.396581
 951.000000 1.402925
 952.000000 1.409483
 953.000000 1.415660
 954.000000 1.421024
 955.000000 1.425129
 956.000000 1.427463
 957.000000 1.427552
 958.000000 1.425044
 959.000000 1.419923
 960.000000 1.412671
 961.000000 1.404233
 962.000000 1.396081
 963.000000 1.389732
 964.000000 1.386558
 965.000000 1.387343
 966.000000 1.392020
 967.000000 1.399815
 968.000000 1.409587
 969.000000 1.420006
 970.000000 1.429762
 971.000000 1.437670
 972.000000 1.442696
 973.000000 1.444132
 974.000000 1.441747
 975.000000 1.435929
 976.000000 1.427534
 977.000000 1.417932
 978.000000 1.408463
 979.000000 1.400381
 980.000000 1.394643
 981.000000 1.391833
 982.000000 1.392172
 983.000000 1.395498
 984.000000 1.401245
 985.000000 1.408366
 986.000000 1.415738
 987.000000 1.422285
 988.000000 1.427228
 989.000000 1.430117
 990.000000 1.430739
 991.000000 1.428986
 992.000000 1.424849
 993.000000 1.418569
 994.000000 1.410581
 995.000000 1.401817
 996.000000 1.393416
 997.000000 1.386430
 998.000000 1.381766
 999.000000 1.379873
 1000.000000 1.380869
 1001.000000 1.384577
 1002.000000 1.390638
 1003.000000 1.398556
 1004.000000 1.407493
 1005.000000 1.416535
 1006.000000 1.424459
 1007.000000 1.430158
 1008.000000 1.432792
 1009.000000 1.431869
 1010.000000 1.427269
 1011.000000 1.419261
 1012.000000 1.408662
 1013.000000 1.396598
 1014.000000 1.384780
 1015.000000 1.374988
 1016.000000 1.369034
 1017.000000 1.368091
 1018.000000 1.372627
 1019.000000 1.382224
 1020.000000 1.395624
 1021.000000 1.411130
 1022.000000 1.426816
 1023.000000 1.440557
 1024.000000 1.450571
 1025.000000 1.455592
 1026.000000 1.455062
 1027.000000 1.449197
 1028.000000 1.438847
 1029.000000 1.425345
 1030.000000 1.410601
 1031.000000 1.396531
 1032.000000 1.385071
 1033.000000 1.377475
 1034.000000 1.374314
 1035.000000 1.375223
 1036.000000 1.379041
 1037.000000 1.384154
 1038.000000 1.389198
 1039.000000 1.393386
 1040.000000 1.396461
 1041.000000 1.398357
 1042.000000 1.399075
 1043.000000 1.398618
 1044.000000 1.397076
 1045.000000 1.394658
 1046.000000 1.391645
 1047.000000 1.388366
 1048.000000 1.385063
 1049.000000 1.381813
 1050.000000 1.378598
 1051.000000 1.375492
 1052.000000 1.373014
 1053.000000 1.371948
 1054.000000 1.373083
 1055.000000 1.376760
 1056.000000 1.382677
 1057.000000 1.389983
 1058.000000 1.397801
 1059.000000 1.404983
 1060.000000 1.410468
 1061.000000 1.413266
 1062.000000 1.412530
 1063.000000 1.407725
 1064.000000 1.398885
 1065.000000 1.386990
 1066.000000 1.373690
 1067.000000 1.361286
 1068.000000 1.352217
 1069.000000 1.348185
 1070.000000 1.349761
 1071.000000 1.356392
 1072.000000 1.366716
 1073.000000 1.378981
 1074.000000 1.391379
 1075.000000 1.402167
 1076.000000 1.409605
 1077.000000 1.412587
 1078.000000 1.410944
 1079.000000 1.405511
 1080.000000 1.397767
 1081.000000 1.389699
 1082.000000 1.382911
 1083.000000 1.378723
 1084.000000 1.377955
 1085.000000 1.380819
 1086.000000 1.386963
 1087.000000 1.395450
 1088.000000 1.404836
 1089.000000 1.413558
 1090.000000 1.420103
 1091.000000 1.423445
 1092.000000 1.423303
 1093.000000 1.419982
 1094.000000 1.414261
 1095.000000 1.407214
 1096.000000 1.400281
 1097.000000 1.394642
 1098.000000 1.391087
 1099.000000 1.389841
 1100.000000 1.390564
 1101.000000 1.392419
 1102.000000 1.394402
 1103.000000 1.395764
 1104.000000 1.396321
 1105.000000 1.396485
 1106.000000 1.396956
 1107.000000 1.398329
 1108.000000 1.400903
 1109.000000 1.404665
 1110.000000 1.409331
 1111.000000 1.414270
 1112.000000 1.418714
 1113.000000 1.421696
 1114.000000 1.422296
 1115.000000 1.419888
 1116.000000 1.414269
 1117.000000 1.405813
 1118.000000 1.395582
 1119.000000 1.385295
 1120.000000 1.376791
 1121.000000 1.371724
 1122.000000 1.371177
 1123.000000 1.375556
 1124.000000 1.384444
 1125.000000 1.396643
 1126.000000 1.410432
 1127.000000 1.423463
 1128.000000 1.433243
 1129.000000 1.437669
 1130.000000 1.435814
 1131.000000 1.428286
 1132.000000 1.416910
 1133.000000 1.404069
 1134.000000 1.391913
 1135.000000 1.382426
 1136.000000 1.376933
 1137.000000 1.375961
 1138.000000 1.379499
 1139.000000 1.386700
 1140.000000 1.396151
 1141.000000 1.406195
 1142.000000 1.415503
 1143.000000 1.423155
 1144.000000 1.428887
 1145.000000 1.432791
 1146.000000 1.434957
 1147.000000 1.435449
 1148.000000 1.434362
 1149.000000 1.431929
 1150.000000 1.428534
 1151.000000 1.424503
 1152.000000 1.420045
 1153.000000 1.415164
 1154.000000 1.409721
 1155.000000 1.403714
 1156.000000 1.397550
 1157.000000 1.392208
 1158.000000 1.388676
 1159.000000 1.387749
 1160.000000 1.389584
 1161.000000 1.393712
 1162.000000 1.399344
 1163.000000 1.405578
 1164.000000 1.411258
 1165.000000 1.415169
 1166.000000 1.416344
 1167.000000 1.414392
 1168.000000 1.409635
 1169.000000 1.403095
 1170.000000 1.395991
 1171.000000 1.389605
 1172.000000 1.384696
 1173.000000 1.381664
 1174.000000 1.380697
 1175.000000 1.381889
 1176.000000 1.385250
 1177.000000 1.390358
 1178.000000 1.396344
 1179.000000 1.401975
 1180.000000 1.406157
 1181.000000 1.408090
 1182.000000 1.407468
 1183.000000 1.404439
 1184.000000 1.399410
 1185.000000 1.393030
 1186.000000 1.386041
 1187.000000 1.379313
 1188.000000 1.373980
 1189.000000 1.371188
 1190.000000 1.371888
 1191.000000 1.376436
 1192.000000 1.384349
 1193.000000 1.394449
 1194.000000 1.405446
 1195.000000 1.416148
 1196.000000 1.425450
 1197.000000 1.432526
 1198.000000 1.436728
 1199.000000 1.437574
 1200.000000 1.434880
 1201.000000 1.428790
 1202.000000 1.419855
 1203.000000 1.409138
 1204.000000 1.397803
 1205.000000 1.387057
 1206.000000 1.377993
 1207.000000 1.371304
 1208.000000 1.367522
 1209.000000 1.367025
 1210.000000 1.370014
 1211.000000 1.376459
 1212.000000 1.385752
 1213.000000 1.396842
 1214.000000 1.408123
 1215.000000 1.418017
 1216.000000 1.425295
 1217.000000 1.429195
 1218.000000 1.429288
 1219.000000 1.425426
 1220.000000 1.417825
 1221.000000 1.407090
 1222.000000 1.394322
 1223.000000 1.381437
 1224.000000 1.370303
 1225.000000 1.362765
 1226.000000 1.360118
 1227.000000 1.362795
 1228.000000 1.370467
 1229.000000 1.382293
 1230.000000 1.396844
 1231.000000 1.412386
 1232.000000 1.426972
 1233.000000 1.438369
 1234.000000 1.444469
 1235.000000 1.443945
 1236.000000 1.436588
 1237.000000 1.423277
 1238.000000 1.405589
 1239.000000 1.385707
 1240.000000 1.366277
 1241.000000 1.350043
 1242.000000 1.339545
 1243.000000 1.336539
 1244.000000 1.341476
 1245.000000 1.353198
 1246.000000 1.369380
 1247.000000 1.387052
 1248.000000 1.403532
 1249.000000 1.416988
 1250.000000 1.426231
 1251.000000 1.431095
 1252.000000 1.431848
 1253.000000 1.429126
 1254.000000 1.423701
 1255.000000 1.416457
 1256.000000 1.408119
 1257.000000 1.399431
 1258.000000 1.390896
 1259.000000 1.382830
 1260.000000 1.376054
 1261.000000 1.371638
 1262.000000 1.370676
 1263.000000 1.373978
 1264.000000 1.381703
 1265.000000 1.393247
 1266.000000 1.407071
 1267.000000 1.421295
 1268.000000 1.433537
 1269.000000 1.441670
 1270.000000 1.444202
 1271.000000 1.440404
 1272.000000 1.430359
 1273.000000 1.415069
 1274.000000 1.396237
 1275.000000 1.376292
 1276.000000 1.358418
 1277.000000 1.345571
 1278.000000 1.340022
 1279.000000 1.343034
 1280.000000 1.354313
 1281.000000 1.371941
 1282.000000 1.393133
 1283.000000 1.414468
 1284.000000 1.432832
 1285.000000 1.445323
 1286.000000 1.450064
 1287.000000 1.446784
 1288.000000 1.436525
 1289.000000 1.421321
 1290.000000 1.403905
 1291.000000 1.387085
 1292.000000 1.373444
 1293.000000 1.365125
 1294.000000 1.363520
 1295.000000 1.369134
 1296.000000 1.381209
 1297.000000 1.397871
 1298.000000 1.416546
 1299.000000 1.434275
 1300.000000 1.448516
 1301.000000 1.457856
 1302.000000 1.462097
 1303.000000 1.461539
 1304.000000 1.456844
 1305.000000 1.448829
 1306.000000 1.438593
 1307.000000 1.427486
 1308.000000 1.416685
 1309.000000 1.407386
 1310.000000 1.400725
 1311.000000 1.397327
 1312.000000 1.397097
 1313.000000 1.399620
 1314.000000 1.404438
 1315.000000 1.411351
 1316.000000 1.420276
 1317.000000 1.430824
 1318.000000 1.442428
 1319.000000 1.453996
 1320.000000 1.464174
 1321.000000 1.471990
 1322.000000 1.476802
 1323.000000 1.478099
 1324.000000 1.475567
 1325.000000 1.468944
 1326.000000 1.457897
 1327.000000 1.442406
 1328.000000 1.423395
 1329.000000 1.403211
 1330.000000 1.384723
 1331.000000 1.370726
 1332.000000 1.363300
 1333.000000 1.363379
 1334.000000 1.370291
 1335.000000 1.382186
 1336.000000 1.396512
 1337.000000 1.410565
 1338.000000 1.422073
 1339.000000 1.429344
 1340.000000 1.431523
 1341.000000 1.428737
 1342.000000 1.421992
 1343.000000 1.412903
 1344.000000 1.403536
 1345.000000 1.395913
 1346.000000 1.391655
 1347.000000 1.391715
 1348.000000 1.396257
 1349.000000 1.404822
 1350.000000 1.416468
 1351.000000 1.429850
 1352.000000 1.443404
 1353.000000 1.455332
 1354.000000 1.463837
 1355.000000 1.467744
 1356.000000 1.466687
 1357.000000 1.461248
 1358.000000 1.452565
 1359.000000 1.442053
 1360.000000 1.431085
 1361.000000 1.420997
 1362.000000 1.412690
 1363.000000 1.406859
 1364.000000 1.403690
 1365.000000 1.403136
 1366.000000 1.404706
 1367.000000 1.407596
 1368.000000 1.410940
 1369.000000 1.414187
 1370.000000 1.417174
 1371.000000 1.420108
 1372.000000 1.423328
 1373.000000 1.427072
 1374.000000 1.431238
 1375.000000 1.435394
 1376.000000 1.438902
 1377.000000 1.441101
 1378.000000 1.441354
 1379.000000 1.439188
 1380.000000 1.434321
 1381.000000 1.426664
 1382.000000 1.416447
 1383.000000 1.404424
 1384.000000 1.392160
 1385.000000 1.381550
 1386.000000 1.374432
 1387.000000 1.372206
 1388.000000 1.375152
 1389.000000 1.382349
 1390.000000 1.392186
 1391.000000 1.402561
 1392.000000 1.411910
 1393.000000 1.418905
 1394.000000 1.422764
 1395.000000 1.423273
 1396.000000 1.420665
 1397.000000 1.415644
 1398.000000 1.409261
 1399.000000 1.402865
 1400.000000 1.397798
 1401.000000 1.395148
 1402.000000 1.395330
 1403.000000 1.398131
 1404.000000 1.402991
 1405.000000 1.409187
 1406.000000 1.416153
 1407.000000 1.423268
 1408.000000 1.429943
 1409.000000 1.435402
 1410.000000 1.438914
 1411.000000 1.439947
 1412.000000 1.438390
 1413.000000 1.434642
 1414.000000 1.429466
 1415.000000 1.423725
 1416.000000 1.418136
 1417.000000 1.413279
 1418.000000 1.409812
 1419.000000 1.408436
 1420.000000 1.409786
 1421.000000 1.414152
 1422.000000 1.421312
 1423.000000 1.430399
 1424.000000 1.439971
 1425.000000 1.448521
 1426.000000 1.454907
 1427.000000 1.458415
 1428.000000 1.458692
 1429.000000 1.455766
 1430.000000 1.449878
 1431.000000 1.441516
 1432.000000 1.431402
 1433.000000 1.420602
 1434.000000 1.410464
 1435.000000 1.402405
 1436.000000 1.397356
 1437.000000 1.395740
 1438.000000 1.397486
 1439.000000 1.402180
 1440.000000 1.409280
 1441.000000 1.418222
 1442.000000 1.428189
 1443.000000 1.438157
 1444.000000 1.447260
 1445.000000 1.454554
 1446.000000 1.459423
 1447.000000 1.461707
 1448.000000 1.461578
 1449.000000 1.459468
 1450.000000 1.455841
 1451.000000 1.451098
 1452.000000 1.445547
 1453.000000 1.439301
 1454.000000 1.432529
 1455.000000 1.425574
 1456.000000 1.418970
 1457.000000 1.413550
 1458.000000 1.410123
 1459.000000 1.409197
 1460.000000 1.410873
 1461.000000 1.414898
 1462.000000 1.420815
 1463.000000 1.428096
 1464.000000 1.435983
 1465.000000 1.443493
 1466.000000 1.449652
 1467.000000 1.453324
 1468.000000 1.453571
 1469.000000 1.449840
 1470.000000 1.442317
 1471.000000 1.431966
 1472.000000 1.420453
 1473.000000 1.409611
 1474.000000 1.400965
 1475.000000 1.395718
 1476.000000 1.394579
 1477.000000 1.397826
 1478.000000 1.405098
 1479.000000 1.415310
 1480.000000 1.426711
 1481.000000 1.437493
 1482.000000 1.445467
 1483.000000 1.449021
 1484.000000 1.447296
 1485.000000 1.440459
 1486.000000 1.429391
 1487.000000 1.415402
 1488.000000 1.400056
 1489.000000 1.385587
 1490.000000 1.374384
 1491.000000 1.368678
 1492.000000 1.369871
 1493.000000 1.378188
 1494.000000 1.392326
 1495.000000 1.409357
 1496.000000 1.425704
 1497.000000 1.438567
 1498.000000 1.446827
 1499.000000 1.450584
 1500.000000 1.450445
 1501.000000 1.446993
 1502.000000 1.440847
 1503.000000 1.432811
 1504.000000 1.423758
 1505.000000 1.414739
 1506.000000 1.406764
 1507.000000 1.400720
 1508.000000 1.396876
 1509.000000 1.394945
 1510.000000 1.394328
 1511.000000 1.394642
 1512.000000 1.396029
 1513.000000 1.398776
 1514.000000 1.402874
 1515.000000 1.407948
 1516.000000 1.413337
 1517.000000 1.418558
 1518.000000 1.423215
 1519.000000 1.427220
 1520.000000 1.430497
 1521.000000 1.432889
 1522.000000 1.434095
 1523.000000 1.433609
 1524.000000 1.431051
 1525.000000 1.426722
 1526.000000 1.421826
 1527.000000 1.417986
 1528.000000 1.416571
 1529.000000 1.418385
 1530.000000 1.423529
 1531.000000 1.431483
 1532.000000 1.441148
 1533.000000 1.451177
 1534.000000 1.459886
 1535.000000 1.465810
 1536.000000 1.467815
 1537.000000 1.465193
 1538.000000 1.457825
 1539.000000 1.446333
 1540.000000 1.432020
 1541.000000 1.416812
 1542.000000 1.402951
 1543.000000 1.392618
 1544.000000 1.387682
 1545.000000 1.389138
 1546.000000 1.396813
 1547.000000 1.409399
 1548.000000 1.425029
 1549.000000 1.441800
 1550.000000 1.457592
 1551.000000 1.470928
 1552.000000 1.480532
 1553.000000 1.485586
 1554.000000 1.485578
 1555.000000 1.480527
 1556.000000 1.470949
 1557.000000 1.457945
 1558.000000 1.442909
 1559.000000 1.427354
 1560.000000 1.412635
 1561.000000 1.399868
 1562.000000 1.389712
 1563.000000 1.383062
 1564.000000 1.380702
 1565.000000 1.383395
 1566.000000 1.391450
 1567.000000 1.404406
 1568.000000 1.421091
 1569.000000 1.439374
 1570.000000 1.457208
 1571.000000 1.472871
 1572.000000 1.484818
 1573.000000 1.491661
 1574.000000 1.492334
 1575.000000 1.486252
 1576.000000 1.473443
 1577.000000 1.454973
 1578.000000 1.433041
 1579.000000 1.410311
 1580.000000 1.390147
 1581.000000 1.375232
 1582.000000 1.367768
 1583.000000 1.368646
 1584.000000 1.377464
 1585.000000 1.392592
 1586.000000 1.411677
 1587.000000 1.431808
 1588.000000 1.450077
 1589.000000 1.464380
 1590.000000 1.473160
 1591.000000 1.475679
 1592.000000 1.472053
 1593.000000 1.463256
 1594.000000 1.450808
 1595.000000 1.436547
 1596.000000 1.422308
 1597.000000 1.409726
 1598.000000 1.399932
 1599.000000 1.393278
 1600.000000 1.389687
 1601.000000 1.388934
 1602.000000 1.391083
 1603.000000 1.396432
 1604.000000 1.405107
 1605.000000 1.416655
 1606.000000 1.429992
 1607.000000 1.443369
 1608.000000 1.454903
 1609.000000 1.463089
 1610.000000 1.466835
 1611.000000 1.465289
 1612.000000 1.458031
 1613.000000 1.445133
 1614.000000 1.427356
 1615.000000 1.406552
 1616.000000 1.385023
 1617.000000 1.365860
 1618.000000 1.352207
 1619.000000 1.346301
 1620.000000 1.349198
 1621.000000 1.360526
 1622.000000 1.378738
 1623.000000 1.401338
 1624.000000 1.425765
 1625.000000 1.448768
 1626.000000 1.467711
 1627.000000 1.480229
 1628.000000 1.484948
 1629.000000 1.481655
 1630.000000 1.471376
 1631.000000 1.456156
 1632.000000 1.438429
 1633.000000 1.420677
 1634.000000 1.405149
 1635.000000 1.393842
 1636.000000 1.388102
 1637.000000 1.388456
 1638.000000 1.394428
 1639.000000 1.404431
 1640.000000 1.416368
 1641.000000 1.428231
 1642.000000 1.438588
 1643.000000 1.446879
 1644.000000 1.453110
 1645.000000 1.457406
 1646.000000 1.459821
 1647.000000 1.460402
 1648.000000 1.459249
 1649.000000 1.456556
 1650.000000 1.452592
 1651.000000 1.447618
 1652.000000 1.441757
 1653.000000 1.435114
 1654.000000 1.427814
 1655.000000 1.420474
 1656.000000 1.414263
 1657.000000 1.410586
 1658.000000 1.410615
 1659.000000 1.414853
 1660.000000 1.423026
 1661.000000 1.434071
 1662.000000 1.446307
 1663.000000 1.458000
 1664.000000 1.467450
 1665.000000 1.473196
 1666.000000 1.474249
 1667.000000 1.470221
 1668.000000 1.461529
 1669.000000 1.449585
 1670.000000 1.436384
 1671.000000 1.424104
 1672.000000 1.414711
 1673.000000 1.409758
 1674.000000 1.409984
 1675.000000 1.415326
 1676.000000 1.424965
 1677.000000 1.437551
 1678.000000 1.451214
 1679.000000 1.464120
 1680.000000 1.474687
 1681.000000 1.481728
 1682.000000 1.484578
 1683.000000 1.482856
 1684.000000 1.476539
 1685.000000 1.465931
 1686.000000 1.452020
 1687.000000 1.436244
 1688.000000 1.420519
 1689.000000 1.406663
 1690.000000 1.396609
 1691.000000 1.391672
 1692.000000 1.392639
 1693.000000 1.399628
 1694.000000 1.412031
 1695.000000 1.428583
 1696.000000 1.447116
 1697.000000 1.465311
 1698.000000 1.481303
 1699.000000 1.493618
 1700.000000 1.501302
 1701.000000 1.503668
 1702.000000 1.500418
 1703.000000 1.491687
 1704.000000 1.478115
 1705.000000 1.460631
 1706.000000 1.440818
 1707.000000 1.420732
 1708.000000 1.402482
 1709.000000 1.388050
 1710.000000 1.379021
 1711.000000 1.376405
 1712.000000 1.380318
 1713.000000 1.390032
 1714.000000 1.404158
 1715.000000 1.420860
 1716.000000 1.437914
 1717.000000 1.453393
 1718.000000 1.465714
 1719.000000 1.473609
 1720.000000 1.476318
 1721.000000 1.473733
 1722.000000 1.466261
 1723.000000 1.454746
 1724.000000 1.440401
 1725.000000 1.424886
 1726.000000 1.410104
 1727.000000 1.398148
 1728.000000 1.390699
 1729.000000 1.388875
 1730.000000 1.393172
 1731.000000 1.403102
 1732.000000 1.417442
 1733.000000 1.434277
 1734.000000 1.451470
 1735.000000 1.466987
 1736.000000 1.478983
 1737.000000 1.485848
 1738.000000 1.486669
 1739.000000 1.481187
 1740.000000 1.469980
 1741.000000 1.454432
 1742.000000 1.436303
 1743.000000 1.418187
 1744.000000 1.402491
 1745.000000 1.391391
 1746.000000 1.386585
 1747.000000 1.388726
 1748.000000 1.397618
 1749.000000 1.412116
 1750.000000 1.430348
 1751.000000 1.450473
 1752.000000 1.469505
 1753.000000 1.485401
 1754.000000 1.496761
 1755.000000 1.502442
 1756.000000 1.501956
 1757.000000 1.495426
 1758.000000 1.483582
 1759.000000 1.467613
 1760.000000 1.448938
 1761.000000 1.429665
 1762.000000 1.412067
 1763.000000 1.398295
 1764.000000 1.390082
 1765.000000 1.388824
 1766.000000 1.394689
 1767.000000 1.406905
 1768.000000 1.424073
 1769.000000 1.443487
 1770.000000 1.462436
 1771.000000 1.478597
 1772.000000 1.490024
 1773.000000 1.495513
 1774.000000 1.494582
 1775.000000 1.487402
 1776.000000 1.474694
 1777.000000 1.457888
 1778.000000 1.438652
 1779.000000 1.418803
 1780.000000 1.400636
 1781.000000 1.386440
 1782.000000 1.377987
 1783.000000 1.376081
 1784.000000 1.380646
 1785.000000 1.390654
 1786.000000 1.404397
 1787.000000 1.419766
 1788.000000 1.434641
 1789.000000 1.447032
 1790.000000 1.455633
 1791.000000 1.459875
 1792.000000 1.459958
 1793.000000 1.456757
 1794.000000 1.451447
 1795.000000 1.445236
 1796.000000 1.439214
 1797.000000 1.434171
 1798.000000 1.430553
 1799.000000 1.428826
 1800.000000 1.429455
 1801.000000 1.432738
 1802.000000 1.438674
 1803.000000 1.446867
 1804.000000 1.456670
 1805.000000 1.466982
 1806.000000 1.476710
 1807.000000 1.484747
 1808.000000 1.489998
 1809.000000 1.491591
 1810.000000 1.488873
 1811.000000 1.481539
 1812.000000 1.469906
 1813.000000 1.454863
 1814.000000 1.437899
 1815.000000 1.421041
 1816.000000 1.406337
 1817.000000 1.395980
 1818.000000 1.391555
 1819.000000 1.393947
 1820.000000 1.402967
 1821.000000 1.417465
 1822.000000 1.435639
 1823.000000 1.455143
 1824.000000 1.473733
 1825.000000 1.489319
 1826.000000 1.500069
 1827.000000 1.504924
 1828.000000 1.503526
 1829.000000 1.496086
 1830.000000 1.483430
 1831.000000 1.466977
 1832.000000 1.448309
 1833.000000 1.429224
 1834.000000 1.411821
 1835.000000 1.398085
 1836.000000 1.389500
 1837.000000 1.386987
 1838.000000 1.390705
 1839.000000 1.399999
 1840.000000 1.413627
 1841.000000 1.429790
 1842.000000 1.446494
 1843.000000 1.461690
 1844.000000 1.474114
 1845.000000 1.482466
 1846.000000 1.486033
 1847.000000 1.484522
 1848.000000 1.478072
 1849.000000 1.467369
 1850.000000 1.453557
 1851.000000 1.438134
 1852.000000 1.422812
 1853.000000 1.409354
 1854.000000 1.399374
 1855.000000 1.394005
 1856.000000 1.393793
 1857.000000 1.398553
 1858.000000 1.407448
 1859.000000 1.418951
 1860.000000 1.431306
 1861.000000 1.442676
 1862.000000 1.451334
 1863.000000 1.456084
 1864.000000 1.456317
 1865.000000 1.452095
 1866.000000 1.444079
 1867.000000 1.433456
 1868.000000 1.421564
 1869.000000 1.410194
 1870.000000 1.400969
 1871.000000 1.395256
 1872.000000 1.393964
 1873.000000 1.397482
 1874.000000 1.405655
 1875.000000 1.417461
 1876.000000 1.431605
 1877.000000 1.446511
 1878.000000 1.460275
 1879.000000 1.471051
 1880.000000 1.477600
 1881.000000 1.479147
 1882.000000 1.475443
 1883.000000 1.466773
 1884.000000 1.454013
 1885.000000 1.438338
 1886.000000 1.421473
 1887.000000 1.405311
 1888.000000 1.391752
 1889.000000 1.382312
 1890.000000 1.378421
 1891.000000 1.380551
 1892.000000 1.388504
 1893.000000 1.401346
 1894.000000 1.417536
 1895.000000 1.435368
 1896.000000 1.452997
 1897.000000 1.468689
 1898.000000 1.480613
 1899.000000 1.487291
 1900.000000 1.487938
 1901.000000 1.482362
 1902.000000 1.471100
 1903.000000 1.455400
 1904.000000 1.437126
 1905.000000 1.418779
 1906.000000 1.402604
 1907.000000 1.390817
 1908.000000 1.385087
 1909.000000 1.386289
 1910.000000 1.394243
 1911.000000 1.407877
 1912.000000 1.425103
 1913.000000 1.443278
 1914.000000 1.460512
 1915.000000 1.474897
 1916.000000 1.484866
 1917.000000 1.489385
 1918.000000 1.488246
 1919.000000 1.481885
 1920.000000 1.471341
 1921.000000 1.458115
 1922.000000 1.443971
 1923.000000 1.430847
 1924.000000 1.420311
 1925.000000 1.413623
 1926.000000 1.411181
 1927.000000 1.412612
 1928.000000 1.416802
 1929.000000 1.422382
 1930.000000 1.428049
 1931.000000 1.432937
 1932.000000 1.436652
 1933.000000 1.439138
 1934.000000 1.440341
 1935.000000 1.440183
 1936.000000 1.438550
 1937.000000 1.435404
 1938.000000 1.430856
 1939.000000 1.425282
 1940.000000 1.419261
 1941.000000 1.413451
 1942.000000 1.408675
 1943.000000 1.405813
 1944.000000 1.405682
 1945.000000 1.408844
 1946.000000 1.415483
 1947.000000 1.425329
 1948.000000 1.437644
 1949.000000 1.451143
 1950.000000 1.464425
 1951.000000 1.476268
 1952.000000 1.485443
 1953.000000 1.490695
 1954.000000 1.491290
 1955.000000 1.486905
 1956.000000 1.477765
 1957.000000 1.464716
 1958.000000 1.449166
 1959.000000 1.432908
 1960.000000 1.417871
 1961.000000 1.405849
 1962.000000 1.398525
 1963.000000 1.396773
 1964.000000 1.400631
 1965.000000 1.409377
 1966.000000 1.421828
 1967.000000 1.436521
 1968.000000 1.452015
 1969.000000 1.466661
 1970.000000 1.478783
 1971.000000 1.487158
 1972.000000 1.490863
 1973.000000 1.489644
 1974.000000 1.483781
 1975.000000 1.474034
 1976.000000 1.461408
 1977.000000 1.447184
 1978.000000 1.432736
 1979.000000 1.419624
 1980.000000 1.409493
 1981.000000 1.403720
 1982.000000 1.402960
 1983.000000 1.407093
 1984.000000 1.415049
 1985.000000 1.425161
 1986.000000 1.435452
 1987.000000 1.444129
 1988.000000 1.449867
 1989.000000 1.451901
 1990.000000 1.450101
 1991.000000 1.444975
 1992.000000 1.437785
 1993.000000 1.429952
 1994.000000 1.423169
 1995.000000 1.418891
 1996.000000 1.418012
 1997.000000 1.420751
 1998.000000 1.426623
 1999.000000 1.434527
 2000.000000 1.443069
 2001.000000 1.450856
 2002.000000 1.456658
 2003.000000 1.459506
 2004.000000 1.458778
 2005.000000 1.454307
 2006.000000 1.446283
 2007.000000 1.435413
 2008.000000 1.422907
 2009.000000 1.410407
 2010.000000 1.399769
 2011.000000 1.392492
 2012.000000 1.389767
 2013.000000 1.391786
 2014.000000 1.397815
 2015.000000 1.406692
 2016.000000 1.417074
 2017.000000 1.427898
 2018.000000 1.438320
 2019.000000 1.447814
 2020.000000 1.455699
 2021.000000 1.461618
 2022.000000 1.465342
 2023.000000 1.466820
 2024.000000 1.466110
 2025.000000 1.463377
 2026.000000 1.458857
 2027.000000 1.452998
 2028.000000 1.446262
 2029.000000 1.439383
 2030.000000 1.433278
 2031.000000 1.428745
 2032.000000 1.426453
 2033.000000 1.426855
 2034.000000 1.429978
 2035.000000 1.435489
 2036.000000 1.442755
 2037.000000 1.450809
 2038.000000 1.458502
 2039.000000 1.464721
 2040.000000 1.468414
 2041.000000 1.468742
 2042.000000 1.465147
 2043.000000 1.457616
 2044.000000 1.446653
 2045.000000 1.433475
 2046.000000 1.419784
 2047.000000 1.407452
 2048.000000 1.398521
 2049.000000 1.394390
 2050.000000 1.395757
 2051.000000 1.402489
 2052.000000 1.413612
 2053.000000 1.427128
 2054.000000 1.441082
 2055.000000 1.453272
 2056.000000 1.461922
 2057.000000 1.465835
 2058.000000 1.464510
 2059.000000 1.458272
 2060.000000 1.448228
 2061.000000 1.436172
 2062.000000 1.424075
 2063.000000 1.413864
 2064.000000 1.407131
 2065.000000 1.405107
 2066.000000 1.408120
 2067.000000 1.415733
 2068.000000 1.426803
 2069.000000 1.439769
 2070.000000 1.452955
 2071.000000 1.464945
 2072.000000 1.474212
 2073.000000 1.479830
 2074.000000 1.481211
 2075.000000 1.478186
 2076.000000 1.471011
 2077.000000 1.460336
 2078.000000 1.447097
 2079.000000 1.432659
 2080.000000 1.418438
 2081.000000 1.405998
 2082.000000 1.396939
 2083.000000 1.392505
 2084.000000 1.393313
 2085.000000 1.399154
 2086.000000 1.409100
 2087.000000 1.421701
 2088.000000 1.435214
 2089.000000 1.447871
 2090.000000 1.458352
 2091.000000 1.465973
 2092.000000 1.470151
 2093.000000 1.470748
 2094.000000 1.467943
 2095.000000 1.462180
 2096.000000 1.454192
 2097.000000 1.445136
 2098.000000 1.436191
 2099.000000 1.428595
 2100.000000 1.423499
 2101.000000 1.421632
 2102.000000 1.423240
 2103.000000 1.428048
 2104.000000 1.435370
 2105.000000 1.444045
 2106.000000 1.452679
 2107.000000 1.460175
 2108.000000 1.465488
 2109.000000 1.467974
 2110.000000 1.467337
 2111.000000 1.463637
 2112.000000 1.457260
 2113.000000 1.448958
 2114.000000 1.439737
 2115.000000 1.430936
 2116.000000 1.423655
 2117.000000 1.418960
 2118.000000 1.417556
 2119.000000 1.419747
 2120.000000 1.425351
 2121.000000 1.433779
 2122.000000 1.444180
 2123.000000 1.455340
 2124.000000 1.466213
 2125.000000 1.475924
 2126.000000 1.483514
 2127.000000 1.488297
 2128.000000 1.489709
 2129.000000 1.487316
 2130.000000 1.480864
 2131.000000 1.470390
 2132.000000 1.456443
 2133.000000 1.439950
 2134.000000 1.422373
 2135.000000 1.405806
 2136.000000 1.392309
 2137.000000 1.383980
 2138.000000 1.382591
 2139.000000 1.388918
 2140.000000 1.402573
 2141.000000 1.422123
 2142.000000 1.445390
 2143.000000 1.469541
 2144.000000 1.491974
 2145.000000 1.510175
 2146.000000 1.522077
 2147.000000 1.526516
 2148.000000 1.523020
 2149.000000 1.511992
 2150.000000 1.494523
 2151.000000 1.472462
 2152.000000 1.448031
 2153.000000 1.423945
 2154.000000 1.402442
 2155.000000 1.385926
 2156.000000 1.376395
 2157.000000 1.374719
 2158.000000 1.380906
 2159.000000 1.393832
 2160.000000 1.411529
 2161.000000 1.431527
 2162.000000 1.451398
 2163.000000 1.469125
 2164.000000 1.482865
 2165.000000 1.491556
 2166.000000 1.494634
 2167.000000 1.492107
 2168.000000 1.484492
 2169.000000 1.472779
 2170.000000 1.458372
 2171.000000 1.442715
 2172.000000 1.427873
 2173.000000 1.415597
 2174.000000 1.407636
 2175.000000 1.405140
 2176.000000 1.408551
 2177.000000 1.417560
 2178.000000 1.431128
 2179.000000 1.447720
 2180.000000 1.465036
 2181.000000 1.480687
 2182.000000 1.492698
 2183.000000 1.499524
 2184.000000 1.500312
 2185.000000 1.494850
 2186.000000 1.483625
 2187.000000 1.467595
 2188.000000 1.448565
 2189.000000 1.428581
 2190.000000 1.409835
 2191.000000 1.394117
 2192.000000 1.383716
 2193.000000 1.380020
 2194.000000 1.383524
 2195.000000 1.393826
 2196.000000 1.409569
 2197.000000 1.428880
 2198.000000 1.449190
 2199.000000 1.468357
 2200.000000 1.484584
 2201.000000 1.496308
 2202.000000 1.502638
 2203.000000 1.503137
 2204.000000 1.497895
 2205.000000 1.487468
 2206.000000 1.472787
 2207.000000 1.455487
 2208.000000 1.437053
 2209.000000 1.419150
 2210.000000 1.403670
 2211.000000 1.392529
 2212.000000 1.386825
 2213.000000 1.387074
 2214.000000 1.393063
 2215.000000 1.403900
 2216.000000 1.417959
 2217.000000 1.433098
 2218.000000 1.447447
 2219.000000 1.459404
 2220.000000 1.467777
 2221.000000 1.471772
 2222.000000 1.471136
 2223.000000 1.466141
 2224.000000 1.457424
 2225.000000 1.446107
 2226.000000 1.433736
 2227.000000 1.422108
 2228.000000 1.412789
 2229.000000 1.407225
 2230.000000 1.406354
 2231.000000 1.410475
 2232.000000 1.419092
 2233.000000 1.431158
 2234.000000 1.445101
 2235.000000 1.459208
 2236.000000 1.471760
 2237.000000 1.481349
 2238.000000 1.486980
 2239.000000 1.488204
 2240.000000 1.484998
 2241.000000 1.477862
 2242.000000 1.467597
 2243.000000 1.455358
 2244.000000 1.442687
 2245.000000 1.431062
 2246.000000 1.422061
 2247.000000 1.416810
 2248.000000 1.415876
 2249.000000 1.419229
 2250.000000 1.426235
 2251.000000 1.435807
 2252.000000 1.446620
 2253.000000 1.457116
 2254.000000 1.465983
 2255.000000 1.472025
 2256.000000 1.474418
 2257.000000 1.472809
 2258.000000 1.467304
 2259.000000 1.458460
 2260.000000 1.447314
 2261.000000 1.435022
 2262.000000 1.422963
 2263.000000 1.412587
 2264.000000 1.405236
 2265.000000 1.401888
 2266.000000 1.402967
 2267.000000 1.408317
 2268.000000 1.417203
 2269.000000 1.428463
 2270.000000 1.440753
 2271.000000 1.452399
 2272.000000 1.461883
 2273.000000 1.467827
 2274.000000 1.469407
 2275.000000 1.466250
 2276.000000 1.458536
 2277.000000 1.446865
 2278.000000 1.432360
 2279.000000 1.416435
 2280.000000 1.400957
 2281.000000 1.388147
 2282.000000 1.380048
 2283.000000 1.377840
 2284.000000 1.382153
 2285.000000 1.392709
 2286.000000 1.408640
 2287.000000 1.428444
 2288.000000 1.450194
 2289.000000 1.471677
 2290.000000 1.491339
 2291.000000 1.507278
 2292.000000 1.518177
 2293.000000 1.523329
 2294.000000 1.522385
 2295.000000 1.515454
 2296.000000 1.503090
 2297.000000 1.486001
 2298.000000 1.465498
 2299.000000 1.443730
 2300.000000 1.422898
 2301.000000 1.405303
 2302.000000 1.392646
 2303.000000 1.386485
 2304.000000 1.387319
 2305.000000 1.394680
 2306.000000 1.407165
 2307.000000 1.422846
 2308.000000 1.439117
 2309.000000 1.453779
 2310.000000 1.464888
 2311.000000 1.471338
 2312.000000 1.472720
 2313.000000 1.469279
 2314.000000 1.461724
 2315.000000 1.451143
 2316.000000 1.439018
 2317.000000 1.426909
 2318.000000 1.416678
 2319.000000 1.409736
 2320.000000 1.407124
 2321.000000 1.409350
 2322.000000 1.416234
 2323.000000 1.426993
 2324.000000 1.440152
 2325.000000 1.454214
 2326.000000 1.467694
 2327.000000 1.479104
 2328.000000 1.487298
 2329.000000 1.491620
 2330.000000 1.491776
 2331.000000 1.487828
 2332.000000 1.480176
 2333.000000 1.469400
 2334.000000 1.456263
 2335.000000 1.441865
 2336.000000 1.427634
 2337.000000 1.414935
 2338.000000 1.405160
 2339.000000 1.399405
 2340.000000 1.398177
 2341.000000 1.401492
 2342.000000 1.408832
 2343.000000 1.419205
 2344.000000 1.431376
 2345.000000 1.443775
 2346.000000 1.454873
 2347.000000 1.463313
 2348.000000 1.468176
 2349.000000 1.468801
 2350.000000 1.464929
 2351.000000 1.456715
 2352.000000 1.444776
 2353.000000 1.430257
 2354.000000 1.414567
 2355.000000 1.399564
 2356.000000 1.387019
 2357.000000 1.378517
 2358.000000 1.374978
 2359.000000 1.376619
 2360.000000 1.382902
 2361.000000 1.392612
 2362.000000 1.404130
 2363.000000 1.415769
 2364.000000 1.425928
 2365.000000 1.433604
 2366.000000 1.438231
 2367.000000 1.439816
 2368.000000 1.438667
 2369.000000 1.435406
 2370.000000 1.430791
 2371.000000 1.425609
 2372.000000 1.420591
 2373.000000 1.416326
 2374.000000 1.413256
 2375.000000 1.411600
 2376.000000 1.411387
 2377.000000 1.412533
 2378.000000 1.414851
 2379.000000 1.418064
 2380.000000 1.421832
 2381.000000 1.425726
 2382.000000 1.429159
 2383.000000 1.431474
 2384.000000 1.432087
 2385.000000 1.430584
 2386.000000 1.426845
 2387.000000 1.421182
 2388.000000 1.414164
 2389.000000 1.406606
 2390.000000 1.399643
 2391.000000 1.394356
 2392.000000 1.391707
 2393.000000 1.392265
 2394.000000 1.396245
 2395.000000 1.403352
 2396.000000 1.412823
 2397.000000 1.423466
 2398.000000 1.434163
 2399.000000 1.443603
 2400.000000 1.450714
 2401.000000 1.454696
 2402.000000 1.455012
 2403.000000 1.451472
 2404.000000 1.444170
 2405.000000 1.433543
 2406.000000 1.420714
 2407.000000 1.406935
 2408.000000 1.393647
 2409.000000 1.382419
 2410.000000 1.374793
 2411.000000 1.371930
 2412.000000 1.374401
 2413.000000 1.381961
 2414.000000 1.393625
 2415.000000 1.407991
 2416.000000 1.423298
 2417.000000 1.438030
 2418.000000 1.450782
 2419.000000 1.460557
 2420.000000 1.466691
 2421.000000 1.469051
 2422.000000 1.467828
 2423.000000 1.463491
 2424.000000 1.456765
 2425.000000 1.448571
 2426.000000 1.439958
 2427.000000 1.431764
 2428.000000 1.424854
 2429.000000 1.420073
 2430.000000 1.417847
 2431.000000 1.418272
 2432.000000 1.420963
 2433.000000 1.425130
 2434.000000 1.429792
 2435.000000 1.433884
 2436.000000 1.436606
 2437.000000 1.437637
 2438.000000 1.437092
 2439.000000 1.435441
 2440.000000 1.433350
 2441.000000 1.431479
 2442.000000 1.430346
 2443.000000 1.430317
 2444.000000 1.431646
 2445.000000 1.434398
 2446.000000 1.438418
 2447.000000 1.443246
 2448.000000 1.448233
 2449.000000 1.452662
 2450.000000 1.455784
 2451.000000 1.456863
 2452.000000 1.455284
 2453.000000 1.450750
 2454.000000 1.443406
 2455.000000 1.433807
 2456.000000 1.422917
 2457.000000 1.412122
 2458.000000 1.402930
 2459.000000 1.396534
 2460.000000 1.393685
 2461.000000 1.394778
 2462.000000 1.399684
 2463.000000 1.407823
 2464.000000 1.418278
 2465.000000 1.429685
 2466.000000 1.440535
 2467.000000 1.449510
 2468.000000 1.455728
 2469.000000 1.458671
 2470.000000 1.458169
 2471.000000 1.454440
 2472.000000 1.447988
 2473.000000 1.439535
 2474.000000 1.430046
 2475.000000 1.420394
 2476.000000 1.411548
 2477.000000 1.404353
 2478.000000 1.399438
 2479.000000 1.397198
 2480.000000 1.397781
 2481.000000 1.401151
 2482.000000 1.407120
 2483.000000 1.415336
 2484.000000 1.425278
 2485.000000 1.436069
 2486.000000 1.446545
 2487.000000 1.455607
 2488.000000 1.462211
 2489.000000 1.465661
 2490.000000 1.465542
 2491.000000 1.461834
 2492.000000 1.454894
 2493.000000 1.445457
 2494.000000 1.434660
 2495.000000 1.423918
 2496.000000 1.414668
 2497.000000 1.408196
 2498.000000 1.405363
 2499.000000 1.406499
 2500.000000 1.411169
 2501.000000 1.418332
 2502.000000 1.426469
 2503.000000 1.433901
 2504.000000 1.439124
 2505.000000 1.440936
 2506.000000 1.438616
 2507.000000 1.432169
 2508.000000 1.422254
 2509.000000 1.410250
 2510.000000 1.397837
 2511.000000 1.386977
 2512.000000 1.379390
 2513.000000 1.376556
 2514.000000 1.379316
 2515.000000 1.387581
 2516.000000 1.400464
 2517.000000 1.416407
 2518.000000 1.433212
 2519.000000 1.449211
 2520.000000 1.462690
 2521.000000 1.472487
 2522.000000 1.477726
 2523.000000 1.477938
 2524.000000 1.473172
 2525.000000 1.463892
 2526.000000 1.450951
 2527.000000 1.435668
 2528.000000 1.419597
 2529.000000 1.404142
 2530.000000 1.390923
 2531.000000 1.381659
 2532.000000 1.377430
 2533.000000 1.378657
 2534.000000 1.384917
 2535.000000 1.395113
 2536.000000 1.407741
 2537.000000 1.421246
 2538.000000 1.434193
 2539.000000 1.445184
 2540.000000 1.452987
 2541.000000 1.456711
 2542.000000 1.456009
 2543.000000 1.451079
 2544.000000 1.442651
 2545.000000 1.431997
 2546.000000 1.420661
 2547.000000 1.410246
 2548.000000 1.402159
 2549.000000 1.397334
 2550.000000 1.396388
 2551.000000 1.399398
 2552.000000 1.405841
 2553.000000 1.414736
 2554.000000 1.424944
 2555.000000 1.435262
 2556.000000 1.444552
 2557.000000 1.451659
 2558.000000 1.455765
 2559.000000 1.456111
 2560.000000 1.452306
 2561.000000 1.444357
 2562.000000 1.432777
 2563.000000 1.418464
 2564.000000 1.403306
 2565.000000 1.389324
 2566.000000 1.378201
 2567.000000 1.371442
 2568.000000 1.369996
 2569.000000 1.374291
 2570.000000 1.383932
 2571.000000 1.397835
 2572.000000 1.414256
 2573.000000 1.431135
 2574.000000 1.446247
 2575.000000 1.457397
 2576.000000 1.463024
 2577.000000 1.461993
 2578.000000 1.453986
 2579.000000 1.439628
 2580.000000 1.420452
 2581.000000 1.398926
 2582.000000 1.378329
 2583.000000 1.362000
 2584.000000 1.352560
 2585.000000 1.351883
 2586.000000 1.360351
 2587.000000 1.376599
 2588.000000 1.398076
 2589.000000 1.421749
 2590.000000 1.444131
 2591.000000 1.462438
 2592.000000 1.474732
 2593.000000 1.480050
 2594.000000 1.478079
 2595.000000 1.469201
 2596.000000 1.454602
 2597.000000 1.435897
 2598.000000 1.415148
 2599.000000 1.394861
 2600.000000 1.377511
 2601.000000 1.365241
 2602.000000 1.359533
 2603.000000 1.360881
 2604.000000 1.368812
 2605.000000 1.382018
 2606.000000 1.398795
 2607.000000 1.416974
 2608.000000 1.434821
 2609.000000 1.450472
 2610.000000 1.462909
 2611.000000 1.471300
 2612.000000 1.475213
 2613.000000 1.474323
 2614.000000 1.468656
 2615.000000 1.458712
 2616.000000 1.445459
 2617.000000 1.430309
 2618.000000 1.414870
 2619.000000 1.401289
 2620.000000 1.391551
 2621.000000 1.387160
 2622.000000 1.388935
 2623.000000 1.396840
 2624.000000 1.409876
 2625.000000 1.426402
 2626.000000 1.444070
 2627.000000 1.460418
 2628.000000 1.473276
 2629.000000 1.480812
 2630.000000 1.482085
 2631.000000 1.476976
 2632.000000 1.466080
 2633.000000 1.450792
 2634.000000 1.432846
 2635.000000 1.414325
 2636.000000 1.397859
 2637.000000 1.386135
 2638.000000 1.381063
 2639.000000 1.383490
 2640.000000 1.393134
 2641.000000 1.408326
 2642.000000 1.427200
 2643.000000 1.447017
 2644.000000 1.465029
 2645.000000 1.479071
 2646.000000 1.487829
 2647.000000 1.490699
 2648.000000 1.487578
 2649.000000 1.478948
 2650.000000 1.465773
 2651.000000 1.449657
 2652.000000 1.432446
 2653.000000 1.416240
 2654.000000 1.402931
 2655.000000 1.393884
 2656.000000 1.389900
 2657.000000 1.391134
 2658.000000 1.397172
 2659.000000 1.407270
 2660.000000 1.420234
 2661.000000 1.434494
 2662.000000 1.448348
 2663.000000 1.460315
 2664.000000 1.468910
 2665.000000 1.473341
 2666.000000 1.473138
 2667.000000 1.468243
 2668.000000 1.459110
 2669.000000 1.446621
 2670.000000 1.431884
 2671.000000 1.416423
 2672.000000 1.401991
 2673.000000 1.390706
 2674.000000 1.384433
 2675.000000 1.384487
 2676.000000 1.391050
 2677.000000 1.403260
 2678.000000 1.419680
 2679.000000 1.438041
 2680.000000 1.455789
 2681.000000 1.470658
 2682.000000 1.480465
 2683.000000 1.483601
 2684.000000 1.479068
 2685.000000 1.466833
 2686.000000 1.448303
 2687.000000 1.426221
 2688.000000 1.403793
 2689.000000 1.383978
 2690.000000 1.369813
 2691.000000 1.363412
 2692.000000 1.365528
 2693.000000 1.375533
 2694.000000 1.391725
 2695.000000 1.411217
 2696.000000 1.431046
 2697.000000 1.448534
 2698.000000 1.461386
 2699.000000 1.468499
 2700.000000 1.469294
 2701.000000 1.463695
 2702.000000 1.452252
 2703.000000 1.436093
 2704.000000 1.417113
 2705.000000 1.397409
 2706.000000 1.379880
 2707.000000 1.367129
 2708.000000 1.361126
 2709.000000 1.362578
 2710.000000 1.371032
 2711.000000 1.385247
 2712.000000 1.403728
 2713.000000 1.424421
 2714.000000 1.445625
 2715.000000 1.465420
 2716.000000 1.482238
 2717.000000 1.494376
 2718.000000 1.500666
 2719.000000 1.500325
 2720.000000 1.492992
 2721.000000 1.478781
 2722.000000 1.458295
 2723.000000 1.433717
 2724.000000 1.407799
 2725.000000 1.383646
 2726.000000 1.364883
 2727.000000 1.354391
 2728.000000 1.354047
 2729.000000 1.363838
 2730.000000 1.382153
 2731.000000 1.406214
 2732.000000 1.432631
 2733.000000 1.457792
 2734.000000 1.478867
 2735.000000 1.493828
 2736.000000 1.501440
 2737.000000 1.501338
 2738.000000 1.493995
 2739.000000 1.480631
 2740.000000 1.462818
 2741.000000 1.442806
 2742.000000 1.423026
 2743.000000 1.405669
 2744.000000 1.393102
 2745.000000 1.386694
 2746.000000 1.386630
 2747.000000 1.392160
