#! FIELDS time d
 0.000000 1.490723
 1.000000 1.481547
 2.000000 1.462220
 3.000000 1.435471
 4.000000 1.404830
 5.000000 1.374358
 6.000000 1.348880
 7.000000 1.332366
 8.000000 1.327525
 9.000000 1.334961
 10.000000 1.353013
 11.000000 1.378104
 12.000000 1.406247
 13.000000 1.433342
 14.000000 1.456505
 15.000000 1.473745
 16.000000 1.483919
 17.000000 1.486564
 18.000000 1.481543
 19.000000 1.469178
 20.000000 1.450637
 21.000000 1.427652
 22.000000 1.402084
 23.000000 1.376891
 24.000000 1.355110
 25.000000 1.339489
 26.000000 1.332368
 27.000000 1.335075
 28.000000 1.347576
 29.000000 1.368456
 30.000000 1.394737
 31.000000 1.423263
 32.000000 1.450122
 33.000000 1.471620
 34.000000 1.485867
 35.000000 1.491096
 36.000000 1.486724
 37.000000 1.473140
 38.000000 1.451353
 39.000000 1.423569
 40.000000 1.392897
 41.000000 1.362734
 42.000000 1.337601
 43.000000 1.321393
 44.000000 1.316783
 45.000000 1.324366
 46.000000 1.342586
 47.000000 1.368280
 48.000000 1.397301
 49.000000 1.425674
 50.000000 1.449756
 51.000000 1.466599
 52.000000 1.473972
 53.000000 1.470772
 54.000000 1.457160
 55.000000 1.434451
 56.000000 1.405702
 57.000000 1.374458
 58.000000 1.345439
 59.000000 1.323716
 60.000000 1.312859
 61.000000 1.314649
 62.000000 1.328670
 63.000000 1.352299
 64.000000 1.381526
 65.000000 1.412133
 66.000000 1.439682
 67.000000 1.460457
 68.000000 1.472096
 69.000000 1.473626
 70.000000 1.465222
 71.000000 1.448091
 72.000000 1.424433
 73.000000 1.397462
 74.000000 1.370914
 75.000000 1.348550
 76.000000 1.333543
 77.000000 1.328034
 78.000000 1.332628
 79.000000 1.346231
 80.000000 1.366792
 81.000000 1.391384
 82.000000 1.417333
 83.000000 1.441917
 84.000000 1.462714
 85.000000 1.477881
 86.000000 1.485802
 87.000000 1.485806
 88.000000 1.477793
 89.000000 1.462438
 90.000000 1.441330
 91.000000 1.416446
 92.000000 1.390001
 93.000000 1.365348
 94.000000 1.345600
 95.000000 1.333773
 96.000000 1.332166
 97.000000 1.341671
 98.000000 1.361356
 99.000000 1.388269
 100.000000 1.418769
 101.000000 1.449010
 102.000000 1.475179
 103.000000 1.494677
 104.000000 1.505323
 105.000000 1.505552
 106.000000 1.495001
 107.000000 1.474273
 108.000000 1.445051
 109.000000 1.410794
 110.000000 1.375922
 111.000000 1.345006
 112.000000 1.322792
 113.000000 1.312873
 114.000000 1.317110
 115.000000 1.334711
 116.000000 1.362388
 117.000000 1.395589
 118.000000 1.429301
 119.000000 1.458856
 120.000000 1.480497
 121.000000 1.491643
 122.000000 1.490999
 123.000000 1.478779
 124.000000 1.456383
 125.000000 1.426237
 126.000000 1.392311
 127.000000 1.359170
 128.000000 1.331192
 129.000000 1.312825
 130.000000 1.307232
 131.000000 1.314965
 132.000000 1.334030
 133.000000 1.361112
 134.000000 1.391798
 135.000000 1.421939
 136.000000 1.448051
 137.000000 1.467532
 138.000000 1.478685
 139.000000 1.480436
 140.000000 1.472814
 141.000000 1.456862
 142.000000 1.434332
 143.000000 1.407990
 144.000000 1.380862
 145.000000 1.356222
 146.000000 1.337414
 147.000000 1.326684
 148.000000 1.325494
 149.000000 1.334127
 150.000000 1.351590
 151.000000 1.375731
 152.000000 1.403189
 153.000000 1.430339
 154.000000 1.453392
 155.000000 1.469563
 156.000000 1.477025
 157.000000 1.474744
 158.000000 1.462785
 159.000000 1.442339
 160.000000 1.415583
 161.000000 1.385702
 162.000000 1.357114
 163.000000 1.333640
 164.000000 1.319418
 165.000000 1.317079
 166.000000 1.327268
 167.000000 1.348051
 168.000000 1.375869
 169.000000 1.406110
 170.000000 1.434009
 171.000000 1.455598
 172.000000 1.468212
 173.000000 1.470090
 174.000000 1.460722
 175.000000 1.441005
 176.000000 1.413418
 177.000000 1.381833
 178.000000 1.350745
 179.000000 1.324688
 180.000000 1.308177
 181.000000 1.303867
 182.000000 1.312673
 183.000000 1.332954
 184.000000 1.361314
 185.000000 1.393696
 186.000000 1.426007
 187.000000 1.453440
 188.000000 1.473080
 189.000000 1.482955
 190.000000 1.482336
 191.000000 1.471656
 192.000000 1.452284
 193.000000 1.426526
 194.000000 1.397355
 195.000000 1.368658
 196.000000 1.344265
 197.000000 1.327918
 198.000000 1.321932
 199.000000 1.326805
 200.000000 1.341149
 201.000000 1.362038
 202.000000 1.385837
 203.000000 1.409383
 204.000000 1.429445
 205.000000 1.444248
 206.000000 1.452179
 207.000000 1.452607
 208.000000 1.445824
 209.000000 1.432953
 210.000000 1.415573
 211.000000 1.395893
 212.000000 1.375925
 213.000000 1.357739
 214.000000 1.343763
 215.000000 1.335750
 216.000000 1.335106
 217.000000 1.342402
 218.000000 1.357007
 219.000000 1.377270
 220.000000 1.400320
 221.000000 1.423258
 222.000000 1.442847
 223.000000 1.456497
 224.000000 1.461957
 225.000000 1.458042
 226.000000 1.445098
 227.000000 1.424807
 228.000000 1.399786
 229.000000 1.373836
 230.000000 1.350386
 231.000000 1.333203
 232.000000 1.325281
 233.000000 1.328015
 234.000000 1.341013
 235.000000 1.361832
 236.000000 1.386202
 237.000000 1.410608
 238.000000 1.431861
 239.000000 1.447286
 240.000000 1.455329
 241.000000 1.455289
 242.000000 1.447182
 243.000000 1.431691
 244.000000 1.410355
 245.000000 1.385610
 246.000000 1.360738
 247.000000 1.339496
 248.000000 1.325211
 249.000000 1.320123
 250.000000 1.325273
 251.000000 1.340195
 252.000000 1.362884
 253.000000 1.390264
 254.000000 1.418463
 255.000000 1.443425
 256.000000 1.461697
 257.000000 1.471321
 258.000000 1.471659
 259.000000 1.462986
 260.000000 1.446437
 261.000000 1.424114
 262.000000 1.398629
 263.000000 1.372907
 264.000000 1.350315
 265.000000 1.334034
 266.000000 1.326494
 267.000000 1.328622
 268.000000 1.339797
 269.000000 1.358265
 270.000000 1.381354
 271.000000 1.405898
 272.000000 1.428570
 273.000000 1.446422
 274.000000 1.457006
 275.000000 1.458995
 276.000000 1.452249
 277.000000 1.437603
 278.000000 1.416957
 279.000000 1.393024
 280.000000 1.368778
 281.000000 1.347698
 282.000000 1.332840
 283.000000 1.326832
 284.000000 1.331068
 285.000000 1.345057
 286.000000 1.366693
 287.000000 1.392809
 288.000000 1.419699
 289.000000 1.444168
 290.000000 1.463382
 291.000000 1.475358
 292.000000 1.478724
 293.000000 1.472872
 294.000000 1.458151
 295.000000 1.435872
 296.000000 1.408505
 297.000000 1.379492
 298.000000 1.352520
 299.000000 1.331907
 300.000000 1.320520
 301.000000 1.320195
 302.000000 1.330886
 303.000000 1.350981
 304.000000 1.377547
 305.000000 1.406420
 306.000000 1.433277
 307.000000 1.454436
 308.000000 1.467276
 309.000000 1.470446
 310.000000 1.463834
 311.000000 1.448156
 312.000000 1.425361
 313.000000 1.398188
 314.000000 1.370144
 315.000000 1.345497
 316.000000 1.328536
 317.000000 1.322011
 318.000000 1.326950
 319.000000 1.342521
 320.000000 1.366534
 321.000000 1.395491
 322.000000 1.425414
 323.000000 1.451886
 324.000000 1.472233
 325.000000 1.484536
 326.000000 1.487719
 327.000000 1.481807
 328.000000 1.467424
 329.000000 1.445816
 330.000000 1.419047
 331.000000 1.390326
 332.000000 1.363575
 333.000000 1.342212
 334.000000 1.329381
 335.000000 1.326695
 336.000000 1.334354
 337.000000 1.350947
 338.000000 1.373897
 339.000000 1.399996
 340.000000 1.426027
 341.000000 1.449146
 342.000000 1.466595
 343.000000 1.476649
 344.000000 1.478469
 345.000000 1.471914
 346.000000 1.457625
 347.000000 1.437007
 348.000000 1.411802
 349.000000 1.384526
 350.000000 1.358734
 351.000000 1.337874
 352.000000 1.325034
 353.000000 1.322425
 354.000000 1.330561
 355.000000 1.348157
 356.000000 1.372596
 357.000000 1.400212
 358.000000 1.426822
 359.000000 1.448773
 360.000000 1.463237
 361.000000 1.468169
 362.000000 1.462914
 363.000000 1.448201
 364.000000 1.425799
 365.000000 1.398565
 366.000000 1.370531
 367.000000 1.345563
 368.000000 1.327672
 369.000000 1.320027
 370.000000 1.324094
 371.000000 1.339087
 372.000000 1.362289
 373.000000 1.390088
 374.000000 1.418858
 375.000000 1.444904
 376.000000 1.464737
 377.000000 1.476560
 378.000000 1.479516
 379.000000 1.473558
 380.000000 1.459477
 381.000000 1.439213
 382.000000 1.414887
 383.000000 1.389190
 384.000000 1.365279
 385.000000 1.346218
 386.000000 1.334897
 387.000000 1.333049
 388.000000 1.340962
 389.000000 1.357316
 390.000000 1.379295
 391.000000 1.403631
 392.000000 1.426917
 393.000000 1.446090
 394.000000 1.458692
 395.000000 1.463038
 396.000000 1.458271
 397.000000 1.444619
 398.000000 1.423338
 399.000000 1.396881
 400.000000 1.368274
 401.000000 1.341714
 402.000000 1.321271
 403.000000 1.310796
 404.000000 1.312116
 405.000000 1.324986
 406.000000 1.347457
 407.000000 1.375860
 408.000000 1.406129
 409.000000 1.434104
 410.000000 1.456779
 411.000000 1.471728
 412.000000 1.477624
 413.000000 1.474151
 414.000000 1.461972
 415.000000 1.442532
 416.000000 1.417792
 417.000000 1.391073
 418.000000 1.365792
 419.000000 1.346338
 420.000000 1.335847
 421.000000 1.336248
 422.000000 1.347751
 423.000000 1.368770
 424.000000 1.396332
 425.000000 1.426866
 426.000000 1.456074
 427.000000 1.481381
 428.000000 1.500046
 429.000000 1.510276
 430.000000 1.511089
 431.000000 1.502544
 432.000000 1.485472
 433.000000 1.461457
 434.000000 1.432660
 435.000000 1.402218
 436.000000 1.373330
 437.000000 1.350120
 438.000000 1.335999
 439.000000 1.333245
 440.000000 1.341993
 441.000000 1.360666
 442.000000 1.386006
 443.000000 1.414339
 444.000000 1.441776
 445.000000 1.464643
 446.000000 1.480187
 447.000000 1.486440
 448.000000 1.482440
 449.000000 1.468418
 450.000000 1.445844
 451.000000 1.417218
 452.000000 1.385858
 453.000000 1.355923
 454.000000 1.331885
 455.000000 1.317785
 456.000000 1.315881
 457.000000 1.326401
 458.000000 1.347311
 459.000000 1.375760
 460.000000 1.407518
 461.000000 1.438073
 462.000000 1.464098
 463.000000 1.483083
 464.000000 1.493430
 465.000000 1.494470
 466.000000 1.486123
 467.000000 1.469161
 468.000000 1.445139
 469.000000 1.416192
 470.000000 1.385552
 471.000000 1.356856
 472.000000 1.334149
 473.000000 1.320935
 474.000000 1.319433
 475.000000 1.330160
 476.000000 1.351654
 477.000000 1.380439
 478.000000 1.412059
 479.000000 1.442359
 480.000000 1.467607
 481.000000 1.484924
 482.000000 1.492492
 483.000000 1.489500
 484.000000 1.476259
 485.000000 1.454238
 486.000000 1.425888
 487.000000 1.394462
 488.000000 1.364299
 489.000000 1.339782
 490.000000 1.324961
 491.000000 1.322309
 492.000000 1.332517
 493.000000 1.354075
 494.000000 1.383337
 495.000000 1.416043
 496.000000 1.447633
 497.000000 1.474148
 498.000000 1.492423
 499.000000 1.500338
 500.000000 1.496908
 501.000000 1.482142
 502.000000 1.457610
 503.000000 1.425473
 504.000000 1.389311
 505.000000 1.354148
 506.000000 1.325003
 507.000000 1.306433
 508.000000 1.301388
 509.000000 1.310723
 510.000000 1.332830
 511.000000 1.364399
 512.000000 1.400423
 513.000000 1.436296
 514.000000 1.467984
 515.000000 1.492261
 516.000000 1.507299
 517.000000 1.511876
 518.000000 1.505776
 519.000000 1.489737
 520.000000 1.465331
 521.000000 1.434672
 522.000000 1.400749
 523.000000 1.367435
 524.000000 1.338362
 525.000000 1.317560
 526.000000 1.308295
 527.000000 1.311983
 528.000000 1.327809
 529.000000 1.353136
 530.000000 1.384522
 531.000000 1.416849
 532.000000 1.445819
 533.000000 1.468369
 534.000000 1.481610
 535.000000 1.483764
 536.000000 1.474412
 537.000000 1.454307
 538.000000 1.425466
 539.000000 1.390567
 540.000000 1.353701
 541.000000 1.320755
 542.000000 1.297277
 543.000000 1.287474
 544.000000 1.293761
 545.000000 1.315324
 546.000000 1.348503
 547.000000 1.388233
 548.000000 1.429018
 549.000000 1.465797
 550.000000 1.494282
 551.000000 1.511442
 552.000000 1.515859
 553.000000 1.507321
 554.000000 1.486978
 555.000000 1.456723
 556.000000 1.420271
 557.000000 1.382077
 558.000000 1.347229
 559.000000 1.320816
 560.000000 1.306994
 561.000000 1.307888
 562.000000 1.323007
 563.000000 1.349581
 564.000000 1.382593
 565.000000 1.416677
 566.000000 1.447716
 567.000000 1.472166
 568.000000 1.487673
 569.000000 1.492884
 570.000000 1.487328
 571.000000 1.471533
 572.000000 1.447144
 573.000000 1.417097
 574.000000 1.384679
 575.000000 1.354146
 576.000000 1.329397
 577.000000 1.314064
 578.000000 1.310318
 579.000000 1.318951
 580.000000 1.338709
 581.000000 1.366713
 582.000000 1.398899
 583.000000 1.431186
 584.000000 1.459924
 585.000000 1.481992
 586.000000 1.494937
 587.000000 1.497724
 588.000000 1.489835
 589.000000 1.471716
 590.000000 1.444620
 591.000000 1.411383
 592.000000 1.375658
 593.000000 1.342423
 594.000000 1.316607
 595.000000 1.302453
 596.000000 1.302431
 597.000000 1.316491
 598.000000 1.341922
 599.000000 1.374564
 600.000000 1.409391
 601.000000 1.441524
 602.000000 1.466726
 603.000000 1.482057
 604.000000 1.485976
 605.000000 1.478280
 606.000000 1.459996
 607.000000 1.433408
 608.000000 1.402013
 609.000000 1.369904
 610.000000 1.341685
 611.000000 1.321879
 612.000000 1.313694
 613.000000 1.318434
 614.000000 1.335173
 615.000000 1.360810
 616.000000 1.391467
 617.000000 1.422686
 618.000000 1.450669
 619.000000 1.472288
 620.000000 1.485348
 621.000000 1.488486
 622.000000 1.481386
 623.000000 1.464765
 624.000000 1.440203
 625.000000 1.409968
 626.000000 1.377923
 627.000000 1.348284
 628.000000 1.324790
 629.000000 1.311009
 630.000000 1.308665
 631.000000 1.318052
 632.000000 1.337649
 633.000000 1.364382
 634.000000 1.394206
 635.000000 1.423605
 636.000000 1.449004
 637.000000 1.467242
 638.000000 1.476421
 639.000000 1.475615
 640.000000 1.464857
 641.000000 1.445425
 642.000000 1.419272
 643.000000 1.389587
 644.000000 1.360353
 645.000000 1.335436
 646.000000 1.319099
 647.000000 1.314354
 648.000000 1.322294
 649.000000 1.341787
 650.000000 1.369859
 651.000000 1.402371
 652.000000 1.434766
 653.000000 1.462834
 654.000000 1.483230
 655.000000 1.493760
 656.000000 1.493258
 657.000000 1.481541
 658.000000 1.459539
 659.000000 1.429894
 660.000000 1.396154
 661.000000 1.362565
 662.000000 1.334218
 663.000000 1.315237
 664.000000 1.309217
 665.000000 1.317038
 666.000000 1.337335
 667.000000 1.367010
 668.000000 1.401224
 669.000000 1.435299
 670.000000 1.465443
 671.000000 1.488865
 672.000000 1.503816
 673.000000 1.508969
 674.000000 1.504052
 675.000000 1.489567
 676.000000 1.466894
 677.000000 1.438345
 678.000000 1.406920
 679.000000 1.376219
 680.000000 1.350113
 681.000000 1.331931
 682.000000 1.324073
 683.000000 1.327232
 684.000000 1.340600
 685.000000 1.361683
 686.000000 1.387095
 687.000000 1.413664
 688.000000 1.437952
 689.000000 1.457243
 690.000000 1.469342
 691.000000 1.473066
 692.000000 1.468063
 693.000000 1.454699
 694.000000 1.434338
 695.000000 1.408873
 696.000000 1.381317
 697.000000 1.355156
 698.000000 1.334202
 699.000000 1.321877
 700.000000 1.320372
 701.000000 1.330040
 702.000000 1.349409
 703.000000 1.375438
 704.000000 1.404219
 705.000000 1.431880
 706.000000 1.455303
 707.000000 1.471806
 708.000000 1.479367
 709.000000 1.477264
 710.000000 1.465678
 711.000000 1.445807
 712.000000 1.420367
 713.000000 1.392541
 714.000000 1.365870
 715.000000 1.344383
 716.000000 1.331613
 717.000000 1.329495
 718.000000 1.338181
 719.000000 1.356154
 720.000000 1.380212
 721.000000 1.406646
 722.000000 1.431675
 723.000000 1.452098
 724.000000 1.465538
 725.000000 1.470626
 726.000000 1.466781
 727.000000 1.454331
 728.000000 1.434490
 729.000000 1.409368
 730.000000 1.382054
 731.000000 1.356193
 732.000000 1.335481
 733.000000 1.322920
 734.000000 1.320295
 735.000000 1.327937
 736.000000 1.344457
 737.000000 1.367255
 738.000000 1.392968
 739.000000 1.418407
 740.000000 1.440625
 741.000000 1.457341
 742.000000 1.466726
 743.000000 1.467676
 744.000000 1.459976
 745.000000 1.444366
 746.000000 1.422238
 747.000000 1.396061
 748.000000 1.369260
 749.000000 1.345765
 750.000000 1.329087
 751.000000 1.322318
 752.000000 1.326935
 753.000000 1.342314
 754.000000 1.365886
 755.000000 1.394338
 756.000000 1.423747
 757.000000 1.450439
 758.000000 1.471777
 759.000000 1.485324
 760.000000 1.490012
 761.000000 1.485507
 762.000000 1.472395
 763.000000 1.452166
 764.000000 1.426880
 765.000000 1.399254
 766.000000 1.372790
 767.000000 1.351209
 768.000000 1.337570
 769.000000 1.334118
 770.000000 1.341428
 771.000000 1.358363
 772.000000 1.381950
 773.000000 1.408497
 774.000000 1.434240
 775.000000 1.455621
 776.000000 1.469672
 777.000000 1.474873
 778.000000 1.470735
 779.000000 1.457681
 780.000000 1.437520
 781.000000 1.412658
 782.000000 1.386232
 783.000000 1.362003
 784.000000 1.343459
 785.000000 1.332998
 786.000000 1.331981
 787.000000 1.340186
 788.000000 1.356033
 789.000000 1.376983
 790.000000 1.400260
 791.000000 1.422983
 792.000000 1.442322
 793.000000 1.456061
 794.000000 1.462650
 795.000000 1.461151
 796.000000 1.451594
 797.000000 1.434634
 798.000000 1.412092
 799.000000 1.386632
 800.000000 1.361698
 801.000000 1.340130
 802.000000 1.325221
 803.000000 1.319631
 804.000000 1.324651
 805.000000 1.339679
 806.000000 1.362655
 807.000000 1.390234
 808.000000 1.418427
 809.000000 1.443376
 810.000000 1.462294
 811.000000 1.472953
 812.000000 1.474240
 813.000000 1.465866
 814.000000 1.448576
 815.000000 1.423960
 816.000000 1.395005
 817.000000 1.365543
 818.000000 1.339841
 819.000000 1.322158
 820.000000 1.315218
 821.000000 1.320239
 822.000000 1.336281
 823.000000 1.360671
 824.000000 1.389317
 825.000000 1.417603
 826.000000 1.441808
 827.000000 1.458300
 828.000000 1.465074
 829.000000 1.461172
 830.000000 1.446721
 831.000000 1.423314
 832.000000 1.394035
 833.000000 1.362724
 834.000000 1.334592
 835.000000 1.314177
 836.000000 1.304843
 837.000000 1.308238
 838.000000 1.323452
 839.000000 1.347677
 840.000000 1.376998
 841.000000 1.406914
 842.000000 1.433479
 843.000000 1.454061
 844.000000 1.467075
 845.000000 1.471732
 846.000000 1.467938
 847.000000 1.456423
 848.000000 1.438472
 849.000000 1.416290
 850.000000 1.392037
 851.000000 1.368794
 852.000000 1.349495
 853.000000 1.336941
 854.000000 1.333102
 855.000000 1.338675
 856.000000 1.353055
 857.000000 1.374288
 858.000000 1.399193
 859.000000 1.424444
 860.000000 1.446661
 861.000000 1.463231
 862.000000 1.472776
 863.000000 1.474628
 864.000000 1.468862
 865.000000 1.456169
 866.000000 1.437830
 867.000000 1.415475
 868.000000 1.391652
 869.000000 1.369412
 870.000000 1.351890
 871.000000 1.342027
 872.000000 1.341416
 873.000000 1.350194
 874.000000 1.366969
 875.000000 1.389200
 876.000000 1.413311
 877.000000 1.436188
 878.000000 1.454511
 879.000000 1.465721
 880.000000 1.468206
 881.000000 1.461403
 882.000000 1.445956
 883.000000 1.423655
 884.000000 1.397660
 885.000000 1.371368
 886.000000 1.348646
 887.000000 1.333213
 888.000000 1.327329
 889.000000 1.331436
 890.000000 1.344208
 891.000000 1.363203
 892.000000 1.385728
 893.000000 1.408761
 894.000000 1.429664
 895.000000 1.446285
 896.000000 1.457087
 897.000000 1.461167
 898.000000 1.458278
 899.000000 1.448726
 900.000000 1.433473
 901.000000 1.413894
 902.000000 1.392121
 903.000000 1.370682
 904.000000 1.352338
 905.000000 1.339651
 906.000000 1.334961
 907.000000 1.339149
 908.000000 1.351770
 909.000000 1.371091
 910.000000 1.394302
 911.000000 1.418277
 912.000000 1.440204
 913.000000 1.457294
 914.000000 1.467496
 915.000000 1.469621
 916.000000 1.463384
 917.000000 1.449211
 918.000000 1.428431
 919.000000 1.402973
 920.000000 1.375691
 921.000000 1.350137
 922.000000 1.330410
 923.000000 1.319917
 924.000000 1.320596
 925.000000 1.332396
 926.000000 1.353229
 927.000000 1.379565
 928.000000 1.407719
 929.000000 1.433714
 930.000000 1.454269
 931.000000 1.467441
 932.000000 1.472055
 933.000000 1.468031
 934.000000 1.456142
 935.000000 1.437816
 936.000000 1.415535
 937.000000 1.391899
 938.000000 1.369844
 939.000000 1.352332
 940.000000 1.342093
 941.000000 1.340692
 942.000000 1.348195
 943.000000 1.363366
 944.000000 1.383638
 945.000000 1.406271
 946.000000 1.428735
 947.000000 1.448614
 948.000000 1.463940
 949.000000 1.473254
 950.000000 1.475929
 951.000000 1.471695
 952.000000 1.460858
 953.000000 1.444485
 954.000000 1.423865
 955.000000 1.400814
 956.000000 1.377992
 957.000000 1.358229
 958.000000 1.344296
 959.000000 1.338190
 960.000000 1.340926
 961.000000 1.352081
 962.000000 1.369891
 963.000000 1.391795
 964.000000 1.414516
 965.000000 1.434416
 966.000000 1.448900
 967.000000 1.455890
 968.000000 1.454613
 969.000000 1.445297
 970.000000 1.429190
 971.000000 1.408170
 972.000000 1.384782
 973.000000 1.362042
 974.000000 1.343201
 975.000000 1.330879
 976.000000 1.326943
 977.000000 1.331984
 978.000000 1.345175
 979.000000 1.364428
 980.000000 1.386893
 981.000000 1.409508
 982.000000 1.429296
 983.000000 1.443871
 984.000000 1.451634
 985.000000 1.451571
 986.000000 1.443688
 987.000000 1.429057
 988.000000 1.409873
 989.000000 1.388955
 990.000000 1.369383
 991.000000 1.354158
 992.000000 1.345737
 993.000000 1.345735
 994.000000 1.354210
 995.000000 1.369874
 996.000000 1.390427
 997.000000 1.413279
 998.000000 1.435500
 999.000000 1.454857
 1000.000000 1.469928
 1001.000000 1.479232
 1002.000000 1.482052
 1003.000000 1.478379
 1004.000000 1.468429
 1005.000000 1.452739
 1006.000000 1.432650
 1007.000000 1.410023
 1008.000000 1.387169
 1009.000000 1.366654
 1010.000000 1.351186
 1011.000000 1.342831
 1012.000000 1.342757
 1013.000000 1.350949
 1014.000000 1.366217
 1015.000000 1.386469
 1016.000000 1.408771
 1017.000000 1.430451
 1018.000000 1.448902
 1019.000000 1.461521
 1020.000000 1.466319
 1021.000000 1.462367
 1022.000000 1.449469
 1023.000000 1.428587
 1024.000000 1.401733
 1025.000000 1.372119
 1026.000000 1.344051
 1027.000000 1.321855
 1028.000000 1.309472
 1029.000000 1.309101
 1030.000000 1.320769
 1031.000000 1.342405
 1032.000000 1.370177
 1033.000000 1.400130
 1034.000000 1.428117
 1035.000000 1.450757
 1036.000000 1.465874
 1037.000000 1.472053
 1038.000000 1.468984
 1039.000000 1.457330
 1040.000000 1.438400
 1041.000000 1.414484
 1042.000000 1.388509
 1043.000000 1.364045
 1044.000000 1.344462
 1045.000000 1.332726
 1046.000000 1.330464
 1047.000000 1.337885
 1048.000000 1.353672
 1049.000000 1.375226
 1050.000000 1.399201
 1051.000000 1.422596
 1052.000000 1.442350
 1053.000000 1.456447
 1054.000000 1.463173
 1055.000000 1.461763
 1056.000000 1.452311
 1057.000000 1.435939
 1058.000000 1.414157
 1059.000000 1.389756
 1060.000000 1.365905
 1061.000000 1.345912
 1062.000000 1.332674
 1063.000000 1.328025
 1064.000000 1.332515
 1065.000000 1.345322
 1066.000000 1.364592
 1067.000000 1.387617
 1068.000000 1.410991
 1069.000000 1.431544
 1070.000000 1.446666
 1071.000000 1.454670
 1072.000000 1.454561
 1073.000000 1.446276
 1074.000000 1.430492
 1075.000000 1.408639
 1076.000000 1.383406
 1077.000000 1.358352
 1078.000000 1.337305
 1079.000000 1.324181
 1080.000000 1.321593
 1081.000000 1.330525
 1082.000000 1.349981
 1083.000000 1.377358
 1084.000000 1.408891
 1085.000000 1.440469
 1086.000000 1.468417
 1087.000000 1.489549
 1088.000000 1.501542
 1089.000000 1.503303
 1090.000000 1.494767
 1091.000000 1.476944
 1092.000000 1.451841
 1093.000000 1.422104
 1094.000000 1.391314
 1095.000000 1.363316
 1096.000000 1.342536
 1097.000000 1.331887
 1098.000000 1.332685
 1099.000000 1.344399
 1100.000000 1.364683
 1101.000000 1.390050
 1102.000000 1.417015
 1103.000000 1.442858
 1104.000000 1.464891
 1105.000000 1.480891
 1106.000000 1.489623
 1107.000000 1.490450
 1108.000000 1.483357
 1109.000000 1.468813
 1110.000000 1.447858
 1111.000000 1.422465
 1112.000000 1.394694
 1113.000000 1.367590
 1114.000000 1.344634
 1115.000000 1.329096
 1116.000000 1.323503
 1117.000000 1.329020
 1118.000000 1.345179
 1119.000000 1.369445
 1120.000000 1.398209
 1121.000000 1.427104
 1122.000000 1.452026
 1123.000000 1.469979
 1124.000000 1.478709
 1125.000000 1.477280
 1126.000000 1.466032
 1127.000000 1.446328
 1128.000000 1.420454
 1129.000000 1.391743
 1130.000000 1.363966
 1131.000000 1.340814
 1132.000000 1.325843
 1133.000000 1.321561
 1134.000000 1.328656
 1135.000000 1.345796
 1136.000000 1.370056
 1137.000000 1.398491
 1138.000000 1.427253
 1139.000000 1.452583
 1140.000000 1.471854
 1141.000000 1.483205
 1142.000000 1.485648
 1143.000000 1.478836
 1144.000000 1.463041
 1145.000000 1.439451
 1146.000000 1.410621
 1147.000000 1.379941
 1148.000000 1.351365
 1149.000000 1.329162
 1150.000000 1.317094
 1151.000000 1.316977
 1152.000000 1.328654
 1153.000000 1.350008
 1154.000000 1.377678
 1155.000000 1.407692
 1156.000000 1.436248
 1157.000000 1.459800
 1158.000000 1.476406
 1159.000000 1.484451
 1160.000000 1.483209
 1161.000000 1.472875
 1162.000000 1.454434
 1163.000000 1.429447
 1164.000000 1.400603
 1165.000000 1.371231
 1166.000000 1.344973
 1167.000000 1.325564
 1168.000000 1.316219
 1169.000000 1.318860
 1170.000000 1.333494
 1171.000000 1.357861
 1172.000000 1.388657
 1173.000000 1.421664
 1174.000000 1.452727
 1175.000000 1.478468
 1176.000000 1.496799
 1177.000000 1.505857
 1178.000000 1.504879
 1179.000000 1.494037
 1180.000000 1.474347
 1181.000000 1.447894
 1182.000000 1.417746
 1183.000000 1.387704
 1184.000000 1.361781
 1185.000000 1.344130
 1186.000000 1.337656
 1187.000000 1.343438
 1188.000000 1.360457
 1189.000000 1.386067
 1190.000000 1.416302
 1191.000000 1.446608
 1192.000000 1.473047
 1193.000000 1.492485
 1194.000000 1.503269
 1195.000000 1.504826
 1196.000000 1.497167
 1197.000000 1.481066
 1198.000000 1.457947
 1199.000000 1.430221
 1200.000000 1.400741
 1201.000000 1.372931
 1202.000000 1.350371
 1203.000000 1.336397
 1204.000000 1.332598
 1205.000000 1.339118
 1206.000000 1.354594
 1207.000000 1.376887
 1208.000000 1.402968
 1209.000000 1.429442
 1210.000000 1.452911
 1211.000000 1.470796
 1212.000000 1.480847
 1213.000000 1.482025
 1214.000000 1.474326
 1215.000000 1.458576
 1216.000000 1.436415
 1217.000000 1.410000
 1218.000000 1.382084
 1219.000000 1.356000
 1220.000000 1.335841
 1221.000000 1.325160
 1222.000000 1.325999
 1223.000000 1.338654
 1224.000000 1.361376
 1225.000000 1.390761
 1226.000000 1.422534
 1227.000000 1.452454
 1228.000000 1.476941
 1229.000000 1.493233
 1230.000000 1.499359
 1231.000000 1.494493
 1232.000000 1.478945
 1233.000000 1.454175
 1234.000000 1.423199
 1235.000000 1.390110
 1236.000000 1.358945
 1237.000000 1.334723
 1238.000000 1.321125
 1239.000000 1.320252
 1240.000000 1.331914
 1241.000000 1.353723
 1242.000000 1.381833
 1243.000000 1.411839
 1244.000000 1.439413
 1245.000000 1.461545
 1246.000000 1.476220
 1247.000000 1.482045
 1248.000000 1.478559
 1249.000000 1.466024
 1250.000000 1.445660
 1251.000000 1.419107
 1252.000000 1.389254
 1253.000000 1.359837
 1254.000000 1.334634
 1255.000000 1.317533
 1256.000000 1.311143
 1257.000000 1.316703
 1258.000000 1.333363
 1259.000000 1.358894
 1260.000000 1.389322
 1261.000000 1.420477
 1262.000000 1.448808
 1263.000000 1.470916
 1264.000000 1.484641
 1265.000000 1.488843
 1266.000000 1.483148
 1267.000000 1.468149
 1268.000000 1.445410
 1269.000000 1.417509
 1270.000000 1.387725
 1271.000000 1.360089
 1272.000000 1.338866
 1273.000000 1.327511
 1274.000000 1.327901
 1275.000000 1.340084
 1276.000000 1.361912
 1277.000000 1.389886
 1278.000000 1.420157
 1279.000000 1.448578
 1280.000000 1.472310
 1281.000000 1.488925
 1282.000000 1.497184
 1283.000000 1.496679
 1284.000000 1.487606
 1285.000000 1.471028
 1286.000000 1.448811
 1287.000000 1.423454
 1288.000000 1.397369
 1289.000000 1.373376
 1290.000000 1.354604
 1291.000000 1.343563
 1292.000000 1.341612
 1293.000000 1.348765
 1294.000000 1.363817
 1295.000000 1.384588
 1296.000000 1.407980
 1297.000000 1.431087
 1298.000000 1.451464
 1299.000000 1.466922
 1300.000000 1.475725
 1301.000000 1.476947
 1302.000000 1.470476
 1303.000000 1.456916
 1304.000000 1.437667
 1305.000000 1.414729
 1306.000000 1.390847
 1307.000000 1.369249
 1308.000000 1.352468
 1309.000000 1.342700
 1310.000000 1.341413
 1311.000000 1.348787
 1312.000000 1.363772
 1313.000000 1.384208
 1314.000000 1.406902
 1315.000000 1.428612
 1316.000000 1.446554
 1317.000000 1.458173
 1318.000000 1.461975
 1319.000000 1.457239
 1320.000000 1.444563
 1321.000000 1.425589
 1322.000000 1.402646
 1323.000000 1.378983
 1324.000000 1.358115
 1325.000000 1.343390
 1326.000000 1.336963
 1327.000000 1.339986
 1328.000000 1.352273
 1329.000000 1.372095
 1330.000000 1.396783
 1331.000000 1.423258
 1332.000000 1.448503
 1333.000000 1.469465
 1334.000000 1.484205
 1335.000000 1.491562
 1336.000000 1.490897
 1337.000000 1.482194
 1338.000000 1.466062
 1339.000000 1.443818
 1340.000000 1.417627
 1341.000000 1.390157
 1342.000000 1.364977
 1343.000000 1.345207
 1344.000000 1.333622
 1345.000000 1.331868
 1346.000000 1.339965
 1347.000000 1.356483
 1348.000000 1.378980
 1349.000000 1.404333
 1350.000000 1.429306
 1351.000000 1.450999
 1352.000000 1.467219
 1353.000000 1.476379
 1354.000000 1.477611
 1355.000000 1.470897
 1356.000000 1.457163
 1357.000000 1.437801
 1358.000000 1.414692
 1359.000000 1.390323
 1360.000000 1.367362
 1361.000000 1.348844
 1362.000000 1.337207
 1363.000000 1.334374
 1364.000000 1.340965
 1365.000000 1.356095
 1366.000000 1.377374
 1367.000000 1.401819
 1368.000000 1.426080
 1369.000000 1.447421
 1370.000000 1.463521
 1371.000000 1.472951
 1372.000000 1.474903
 1373.000000 1.469078
 1374.000000 1.455769
 1375.000000 1.436185
 1376.000000 1.412372
 1377.000000 1.387166
 1378.000000 1.364205
 1379.000000 1.346977
 1380.000000 1.338522
 1381.000000 1.340238
 1382.000000 1.351791
 1383.000000 1.371294
 1384.000000 1.395442
 1385.000000 1.420634
 1386.000000 1.443631
 1387.000000 1.461459
 1388.000000 1.471962
 1389.000000 1.474104
 1390.000000 1.467977
 1391.000000 1.454721
 1392.000000 1.436064
 1393.000000 1.414684
 1394.000000 1.393637
 1395.000000 1.375624
 1396.000000 1.362800
 1397.000000 1.356511
 1398.000000 1.356881
 1399.000000 1.363097
 1400.000000 1.373725
 1401.000000 1.386902
 1402.000000 1.400840
 1403.000000 1.414047
 1404.000000 1.425208
 1405.000000 1.433087
 1406.000000 1.436965
 1407.000000 1.436316
 1408.000000 1.431105
 1409.000000 1.421776
 1410.000000 1.409188
 1411.000000 1.394640
 1412.000000 1.380004
 1413.000000 1.367225
 1414.000000 1.358397
 1415.000000 1.355340
 1416.000000 1.358980
 1417.000000 1.369302
 1418.000000 1.385055
 1419.000000 1.404225
 1420.000000 1.424388
 1421.000000 1.443378
 1422.000000 1.459103
 1423.000000 1.469596
 1424.000000 1.473169
 1425.000000 1.468939
 1426.000000 1.457043
 1427.000000 1.438823
 1428.000000 1.416735
 1429.000000 1.393518
 1430.000000 1.372268
 1431.000000 1.355723
 1432.000000 1.345830
 1433.000000 1.343674
 1434.000000 1.349332
 1435.000000 1.361735
 1436.000000 1.379084
 1437.000000 1.399068
 1438.000000 1.419108
 1439.000000 1.436719
 1440.000000 1.450220
 1441.000000 1.458563
 1442.000000 1.461037
 1443.000000 1.457488
 1444.000000 1.448294
 1445.000000 1.434580
 1446.000000 1.417977
 1447.000000 1.400635
 1448.000000 1.384962
 1449.000000 1.373083
 1450.000000 1.366538
 1451.000000 1.366152
 1452.000000 1.371731
 1453.000000 1.382408
 1454.000000 1.396674
 1455.000000 1.412612
 1456.000000 1.428283
 1457.000000 1.441700
 1458.000000 1.451293
 1459.000000 1.456118
 1460.000000 1.455857
 1461.000000 1.450879
 1462.000000 1.441925
 1463.000000 1.429808
 1464.000000 1.415616
 1465.000000 1.400741
 1466.000000 1.386567
 1467.000000 1.374977
 1468.000000 1.367672
 1469.000000 1.366090
 1470.000000 1.370963
 1471.000000 1.381958
 1472.000000 1.397697
 1473.000000 1.416097
 1474.000000 1.434987
 1475.000000 1.452264
 1476.000000 1.466265
 1477.000000 1.475285
 1478.000000 1.478221
 1479.000000 1.474510
 1480.000000 1.464295
 1481.000000 1.448416
 1482.000000 1.428794
 1483.000000 1.407738
 1484.000000 1.388186
 1485.000000 1.372633
 1486.000000 1.363342
 1487.000000 1.361569
 1488.000000 1.367264
 1489.000000 1.379095
 1490.000000 1.394782
 1491.000000 1.411509
 1492.000000 1.426618
 1493.000000 1.438085
 1494.000000 1.444703
 1495.000000 1.445980
 1496.000000 1.442276
 1497.000000 1.434582
 1498.000000 1.424208
 1499.000000 1.412738
 1500.000000 1.401691
 1501.000000 1.392317
 1502.000000 1.385823
 1503.000000 1.383046
 1504.000000 1.384223
 1505.000000 1.389055
 1506.000000 1.396776
 1507.000000 1.406254
 1508.000000 1.416404
 1509.000000 1.426151
 1510.000000 1.434397
 1511.000000 1.440341
 1512.000000 1.443379
 1513.000000 1.443093
 1514.000000 1.439347
 1515.000000 1.432326
 1516.000000 1.422768
 1517.000000 1.411627
 1518.000000 1.400290
 1519.000000 1.389902
 1520.000000 1.381726
 1521.000000 1.376894
 1522.000000 1.376143
 1523.000000 1.379739
 1524.000000 1.387368
 1525.000000 1.398076
 1526.000000 1.410427
 1527.000000 1.422724
 1528.000000 1.433315
 1529.000000 1.440875
 1530.000000 1.444124
 1531.000000 1.442465
 1532.000000 1.435887
 1533.000000 1.424882
 1534.000000 1.410711
 1535.000000 1.395058
 1536.000000 1.379863
 1537.000000 1.367101
 1538.000000 1.358649
 1539.000000 1.355848
 1540.000000 1.359126
 1541.000000 1.367905
 1542.000000 1.380750
 1543.000000 1.395790
 1544.000000 1.410830
 1545.000000 1.423678
 1546.000000 1.432713
 1547.000000 1.436700
 1548.000000 1.435124
 1549.000000 1.428335
 1550.000000 1.417608
 1551.000000 1.404709
 1552.000000 1.391981
 1553.000000 1.381664
 1554.000000 1.375756
 1555.000000 1.375393
 1556.000000 1.380899
 1557.000000 1.391646
 1558.000000 1.406233
 1559.000000 1.422760
 1560.000000 1.439230
 1561.000000 1.453836
 1562.000000 1.465478
 1563.000000 1.473234
 1564.000000 1.476794
 1565.000000 1.476128
 1566.000000 1.471538
 1567.000000 1.463576
 1568.000000 1.452941
 1569.000000 1.440742
 1570.000000 1.428018
 1571.000000 1.415743
 1572.000000 1.404894
 1573.000000 1.396423
 1574.000000 1.391035
 1575.000000 1.389287
 1576.000000 1.391414
 1577.000000 1.397265
 1578.000000 1.406162
 1579.000000 1.417103
 1580.000000 1.428646
 1581.000000 1.439474
 1582.000000 1.448112
 1583.000000 1.453374
 1584.000000 1.454348
 1585.000000 1.450538
 1586.000000 1.441976
 1587.000000 1.429408
 1588.000000 1.414225
 1589.000000 1.398076
 1590.000000 1.382946
 1591.000000 1.370814
 1592.000000 1.363457
 1593.000000 1.361884
 1594.000000 1.366184
 1595.000000 1.375446
 1596.000000 1.387895
 1597.000000 1.401065
 1598.000000 1.412344
 1599.000000 1.419718
 1600.000000 1.421948
 1601.000000 1.418803
 1602.000000 1.410920
 1603.000000 1.399687
 1604.000000 1.387090
 1605.000000 1.375298
 1606.000000 1.366417
 1607.000000 1.362185
 1608.000000 1.363491
 1609.000000 1.370187
 1610.000000 1.381284
 1611.000000 1.395028
 1612.000000 1.409227
 1613.000000 1.421946
 1614.000000 1.431972
 1615.000000 1.438522
 1616.000000 1.441593
 1617.000000 1.441502
 1618.000000 1.438801
 1619.000000 1.434167
 1620.000000 1.428238
 1621.000000 1.421651
 1622.000000 1.414956
 1623.000000 1.408664
 1624.000000 1.403116
 1625.000000 1.398855
 1626.000000 1.396488
 1627.000000 1.396756
 1628.000000 1.400244
 1629.000000 1.407044
 1630.000000 1.416766
 1631.000000 1.428461
 1632.000000 1.440918
 1633.000000 1.452760
 1634.000000 1.462610
 1635.000000 1.469088
 1636.000000 1.471093
 1637.000000 1.467895
 1638.000000 1.459277
 1639.000000 1.445831
 1640.000000 1.428799
 1641.000000 1.410156
 1642.000000 1.392589
 1643.000000 1.378698
 1644.000000 1.370468
 1645.000000 1.369060
 1646.000000 1.374629
 1647.000000 1.386169
 1648.000000 1.401616
 1649.000000 1.418274
 1650.000000 1.433382
 1651.000000 1.444659
 1652.000000 1.450804
 1653.000000 1.451384
 1654.000000 1.446809
 1655.000000 1.438034
 1656.000000 1.426388
 1657.000000 1.413385
 1658.000000 1.400654
 1659.000000 1.389837
 1660.000000 1.382203
 1661.000000 1.378533
 1662.000000 1.378976
 1663.000000 1.383067
 1664.000000 1.390009
 1665.000000 1.398883
 1666.000000 1.408811
 1667.000000 1.418919
 1668.000000 1.428369
 1669.000000 1.436265
 1670.000000 1.441944
 1671.000000 1.444886
 1672.000000 1.444790
 1673.000000 1.441563
 1674.000000 1.435305
 1675.000000 1.426383
 1676.000000 1.415430
 1677.000000 1.403492
 1678.000000 1.392286
 1679.000000 1.383660
 1680.000000 1.379183
 1681.000000 1.379748
 1682.000000 1.385335
 1683.000000 1.395080
 1684.000000 1.407622
 1685.000000 1.421378
 1686.000000 1.434344
 1687.000000 1.444641
 1688.000000 1.450604
 1689.000000 1.451268
 1690.000000 1.446458
 1691.000000 1.436877
 1692.000000 1.424116
 1693.000000 1.410084
 1694.000000 1.396601
 1695.000000 1.385322
 1696.000000 1.377710
 1697.000000 1.374628
 1698.000000 1.376121
 1699.000000 1.381587
 1700.000000 1.389861
 1701.000000 1.399355
 1702.000000 1.408467
 1703.000000 1.415927
 1704.000000 1.420883
 1705.000000 1.422984
 1706.000000 1.422159
 1707.000000 1.418619
 1708.000000 1.412825
 1709.000000 1.405537
 1710.000000 1.397770
 1711.000000 1.390764
 1712.000000 1.385485
 1713.000000 1.382623
 1714.000000 1.382317
 1715.000000 1.384376
 1716.000000 1.388399
 1717.000000 1.393982
 1718.000000 1.400699
 1719.000000 1.407952
 1720.000000 1.414942
 1721.000000 1.420913
 1722.000000 1.425124
 1723.000000 1.427002
 1724.000000 1.426228
 1725.000000 1.422669
 1726.000000 1.416396
 1727.000000 1.407808
 1728.000000 1.397615
 1729.000000 1.386855
 1730.000000 1.377043
 1731.000000 1.370011
 1732.000000 1.367036
 1733.000000 1.368730
 1734.000000 1.374922
 1735.000000 1.384822
 1736.000000 1.397203
 1737.000000 1.410325
 1738.000000 1.422458
 1739.000000 1.431861
 1740.000000 1.437050
 1741.000000 1.437282
 1742.000000 1.432688
 1743.000000 1.424286
 1744.000000 1.413592
 1745.000000 1.402384
 1746.000000 1.392435
 1747.000000 1.385109
 1748.000000 1.381504
 1749.000000 1.382175
 1750.000000 1.386954
 1751.000000 1.395003
 1752.000000 1.404665
 1753.000000 1.414578
 1754.000000 1.423836
 1755.000000 1.431716
 1756.000000 1.437700
 1757.000000 1.441480
 1758.000000 1.442779
 1759.000000 1.441539
 1760.000000 1.437900
 1761.000000 1.432258
 1762.000000 1.425083
 1763.000000 1.416842
 1764.000000 1.407920
 1765.000000 1.399009
 1766.000000 1.390787
 1767.000000 1.384040
 1768.000000 1.379493
 1769.000000 1.377852
 1770.000000 1.379287
 1771.000000 1.383457
 1772.000000 1.389673
 1773.000000 1.397022
 1774.000000 1.404468
 1775.000000 1.410941
 1776.000000 1.415390
 1777.000000 1.416977
 1778.000000 1.415474
 1779.000000 1.411270
 1780.000000 1.405328
 1781.000000 1.398997
 1782.000000 1.393562
 1783.000000 1.389955
 1784.000000 1.388781
 1785.000000 1.390299
 1786.000000 1.394463
 1787.000000 1.400877
 1788.000000 1.408768
 1789.000000 1.417003
 1790.000000 1.424484
 1791.000000 1.430341
 1792.000000 1.434017
 1793.000000 1.435252
 1794.000000 1.433994
 1795.000000 1.430248
 1796.000000 1.424339
 1797.000000 1.417040
 1798.000000 1.409289
 1799.000000 1.402271
 1800.000000 1.396975
 1801.000000 1.393884
 1802.000000 1.393018
 1803.000000 1.394191
 1804.000000 1.397084
 1805.000000 1.401210
 1806.000000 1.405988
 1807.000000 1.410755
 1808.000000 1.414834
 1809.000000 1.417748
 1810.000000 1.419201
 1811.000000 1.419091
 1812.000000 1.417399
 1813.000000 1.414093
 1814.000000 1.409197
 1815.000000 1.402886
 1816.000000 1.395515
 1817.000000 1.387840
 1818.000000 1.380764
 1819.000000 1.375386
 1820.000000 1.372636
 1821.000000 1.372977
 1822.000000 1.376388
 1823.000000 1.382379
 1824.000000 1.390126
 1825.000000 1.398527
 1826.000000 1.406188
 1827.000000 1.411831
 1828.000000 1.414493
 1829.000000 1.413671
 1830.000000 1.409431
 1831.000000 1.402497
 1832.000000 1.394028
 1833.000000 1.385424
 1834.000000 1.378160
 1835.000000 1.373451
 1836.000000 1.372079
 1837.000000 1.374349
 1838.000000 1.380053
 1839.000000 1.388302
 1840.000000 1.397790
 1841.000000 1.406875
 1842.000000 1.414060
 1843.000000 1.418284
 1844.000000 1.419278
 1845.000000 1.417238
 1846.000000 1.412760
 1847.000000 1.406645
 1848.000000 1.399676
 1849.000000 1.392868
 1850.000000 1.387272
 1851.000000 1.383770
 1852.000000 1.382859
 1853.000000 1.384539
 1854.000000 1.388387
 1855.000000 1.393826
 1856.000000 1.400298
 1857.000000 1.407421
 1858.000000 1.414916
 1859.000000 1.422268
 1860.000000 1.428916
 1861.000000 1.434208
 1862.000000 1.437499
 1863.000000 1.438339
 1864.000000 1.436459
 1865.000000 1.431764
 1866.000000 1.424326
 1867.000000 1.414594
 1868.000000 1.403339
 1869.000000 1.392147
 1870.000000 1.382784
 1871.000000 1.376854
 1872.000000 1.375281
 1873.000000 1.378103
 1874.000000 1.384610
 1875.000000 1.393404
 1876.000000 1.403155
 1877.000000 1.412612
 1878.000000 1.420475
 1879.000000 1.425563
 1880.000000 1.427174
 1881.000000 1.425143
 1882.000000 1.419894
 1883.000000 1.412274
 1884.000000 1.403422
 1885.000000 1.394354
 1886.000000 1.386108
 1887.000000 1.379548
 1888.000000 1.375345
 1889.000000 1.373834
 1890.000000 1.375048
 1891.000000 1.378542
 1892.000000 1.383707
 1893.000000 1.389935
 1894.000000 1.396684
 1895.000000 1.403560
 1896.000000 1.410074
 1897.000000 1.415599
 1898.000000 1.419301
 1899.000000 1.420455
 1900.000000 1.418758
 1901.000000 1.414382
 1902.000000 1.407980
 1903.000000 1.400453
 1904.000000 1.392734
 1905.000000 1.385736
 1906.000000 1.380099
 1907.000000 1.376457
 1908.000000 1.375337
 1909.000000 1.377083
 1910.000000 1.381680
 1911.000000 1.388729
 1912.000000 1.397277
 1913.000000 1.406011
 1914.000000 1.413916
 1915.000000 1.419942
 1916.000000 1.423214
 1917.000000 1.423137
 1918.000000 1.419509
 1919.000000 1.412510
 1920.000000 1.402763
 1921.000000 1.391231
 1922.000000 1.379175
 1923.000000 1.368214
 1924.000000 1.359867
 1925.000000 1.355536
 1926.000000 1.355966
 1927.000000 1.361190
 1928.000000 1.370375
 1929.000000 1.382219
 1930.000000 1.394938
 1931.000000 1.406699
 1932.000000 1.415884
 1933.000000 1.421429
 1934.000000 1.422615
 1935.000000 1.419380
 1936.000000 1.412324
 1937.000000 1.402701
 1938.000000 1.392125
 1939.000000 1.382420
 1940.000000 1.375132
 1941.000000 1.371207
 1942.000000 1.371034
 1943.000000 1.374393
 1944.000000 1.380540
 1945.000000 1.388407
 1946.000000 1.396772
 1947.000000 1.404585
 1948.000000 1.411221
 1949.000000 1.416461
 1950.000000 1.420587
 1951.000000 1.424085
 1952.000000 1.427254
 1953.000000 1.430032
 1954.000000 1.432260
 1955.000000 1.433773
 1956.000000 1.434350
 1957.000000 1.433746
 1958.000000 1.431747
 1959.000000 1.428462
 1960.000000 1.424439
 1961.000000 1.420564
 1962.000000 1.417844
 1963.000000 1.416966
 1964.000000 1.418138
 1965.000000 1.421069
 1966.000000 1.425148
 1967.000000 1.429594
 1968.000000 1.433566
 1969.000000 1.436102
 1970.000000 1.436307
 1971.000000 1.433746
 1972.000000 1.428730
 1973.000000 1.422202
 1974.000000 1.415589
 1975.000000 1.410235
 1976.000000 1.407034
 1977.000000 1.406503
 1978.000000 1.408794
 1979.000000 1.413671
 1980.000000 1.420428
 1981.000000 1.427881
 1982.000000 1.434520
 1983.000000 1.438873
 1984.000000 1.439871
 1985.000000 1.437325
 1986.000000 1.431870
 1987.000000 1.424627
 1988.000000 1.416798
 1989.000000 1.409469
 1990.000000 1.403594
 1991.000000 1.399849
 1992.000000 1.398717
 1993.000000 1.400120
 1994.000000 1.403491
 1995.000000 1.407854
 1996.000000 1.412135
 1997.000000 1.415507
 1998.000000 1.417574
 1999.000000 1.418394
 2000.000000 1.418253
 2001.000000 1.417474
 2002.000000 1.416289
 2003.000000 1.414895
 2004.000000 1.413492
 2005.000000 1.412253
 2006.000000 1.411225
 2007.000000 1.410246
 2008.000000 1.408912
 2009.000000 1.406714
 2010.000000 1.403310
 2011.000000 1.398744
 2012.000000 1.393659
 2013.000000 1.388878
 2014.000000 1.385227
 2015.000000 1.383176
 2016.000000 1.382948
 2017.000000 1.384525
 2018.000000 1.387649
 2019.000000 1.391828
 2020.000000 1.396166
 2021.000000 1.399671
 2022.000000 1.401404
 2023.000000 1.400793
 2024.000000 1.397859
 2025.000000 1.393268
 2026.000000 1.388070
 2027.000000 1.383487
 2028.000000 1.380446
 2029.000000 1.379600
 2030.000000 1.381250
 2031.000000 1.385268
 2032.000000 1.391120
 2033.000000 1.397829
 2034.000000 1.404091
 2035.000000 1.408619
 2036.000000 1.410414
 2037.000000 1.409040
 2038.000000 1.404793
 2039.000000 1.398654
 2040.000000 1.391842
 2041.000000 1.385479
 2042.000000 1.380534
 2043.000000 1.377707
 2044.000000 1.377196
 2045.000000 1.378836
 2046.000000 1.382071
 2047.000000 1.386054
 2048.000000 1.389683
 2049.000000 1.391972
 2050.000000 1.392249
 2051.000000 1.390413
 2052.000000 1.387016
 2053.000000 1.383169
 2054.000000 1.379985
 2055.000000 1.378485
 2056.000000 1.379353
 2057.000000 1.382820
 2058.000000 1.388608
 2059.000000 1.395998
 2060.000000 1.403908
 2061.000000 1.410936
 2062.000000 1.415792
 2063.000000 1.417564
 2064.000000 1.416013
 2065.000000 1.411659
 2066.000000 1.405500
 2067.000000 1.398623
 2068.000000 1.392124
 2069.000000 1.386897
 2070.000000 1.383639
 2071.000000 1.382705
 2072.000000 1.384135
 2073.000000 1.387451
 2074.000000 1.391812
 2075.000000 1.396218
 2076.000000 1.399737
 2077.000000 1.401891
 2078.000000 1.402747
 2079.000000 1.402725
 2080.000000 1.402357
 2081.000000 1.402130
 2082.000000 1.402421
 2083.000000 1.403469
 2084.000000 1.405346
 2085.000000 1.407901
 2086.000000 1.410725
 2087.000000 1.413218
 2088.000000 1.414781
 2089.000000 1.415064
 2090.000000 1.414161
 2091.000000 1.412468
 2092.000000 1.410463
 2093.000000 1.408467
 2094.000000 1.406622
 2095.000000 1.404964
 2096.000000 1.403607
 2097.000000 1.402841
 2098.000000 1.402967
 2099.000000 1.404105
 2100.000000 1.406042
 2101.000000 1.408371
 2102.000000 1.410758
 2103.000000 1.413080
 2104.000000 1.415459
 2105.000000 1.417955
 2106.000000 1.420386
 2107.000000 1.422424
 2108.000000 1.423646
 2109.000000 1.423778
 2110.000000 1.422741
 2111.000000 1.420568
 2112.000000 1.417316
 2113.000000 1.413059
 2114.000000 1.407934
 2115.000000 1.402391
 2116.000000 1.396961
 2117.000000 1.392385
 2118.000000 1.389293
 2119.000000 1.388101
 2120.000000 1.389050
 2121.000000 1.392225
 2122.000000 1.397586
 2123.000000 1.404717
 2124.000000 1.412822
 2125.000000 1.420688
 2126.000000 1.426804
 2127.000000 1.430037
 2128.000000 1.429797
 2129.000000 1.426128
 2130.000000 1.419609
 2131.000000 1.411250
 2132.000000 1.402285
 2133.000000 1.393842
 2134.000000 1.386899
 2135.000000 1.382269
 2136.000000 1.380253
 2137.000000 1.380662
 2138.000000 1.382823
 2139.000000 1.385755
 2140.000000 1.388525
 2141.000000 1.390485
 2142.000000 1.391341
 2143.000000 1.391104
 2144.000000 1.389996
 2145.000000 1.388333
 2146.000000 1.386440
 2147.000000 1.384565
 2148.000000 1.382896
 2149.000000 1.381573
 2150.000000 1.380613
 2151.000000 1.379947
 2152.000000 1.379453
 2153.000000 1.379046
 2154.000000 1.378756
 2155.000000 1.378795
 2156.000000 1.379527
 2157.000000 1.381360
 2158.000000 1.384483
 2159.000000 1.388728
 2160.000000 1.393596
 2161.000000 1.398311
 2162.000000 1.401999
 2163.000000 1.403870
 2164.000000 1.403311
 2165.000000 1.400103
 2166.000000 1.394500
 2167.000000 1.387154
 2168.000000 1.379185
 2169.000000 1.371934
 2170.000000 1.366835
 2171.000000 1.364957
 2172.000000 1.366998
 2173.000000 1.372890
 2174.000000 1.381782
 2175.000000 1.392361
 2176.000000 1.403232
 2177.000000 1.413235
 2178.000000 1.421472
 2179.000000 1.427383
 2180.000000 1.430548
 2181.000000 1.430929
 2182.000000 1.428926
 2183.000000 1.425331
 2184.000000 1.421122
 2185.000000 1.417227
 2186.000000 1.414457
 2187.000000 1.413234
 2188.000000 1.413712
 2189.000000 1.415766
 2190.000000 1.419031
 2191.000000 1.422996
 2192.000000 1.426862
 2193.000000 1.429917
 2194.000000 1.431640
 2195.000000 1.431788
 2196.000000 1.430391
 2197.000000 1.427652
 2198.000000 1.423895
 2199.000000 1.419393
 2200.000000 1.414438
 2201.000000 1.409436
 2202.000000 1.404747
 2203.000000 1.400702
 2204.000000 1.397436
 2205.000000 1.395032
 2206.000000 1.393563
 2207.000000 1.393185
 2208.000000 1.394029
 2209.000000 1.396168
 2210.000000 1.399481
 2211.000000 1.403574
 2212.000000 1.407914
 2213.000000 1.411846
 2214.000000 1.414627
 2215.000000 1.415563
 2216.000000 1.414188
 2217.000000 1.410313
 2218.000000 1.404041
 2219.000000 1.395823
 2220.000000 1.386435
 2221.000000 1.377115
 2222.000000 1.369289
 2223.000000 1.364342
 2224.000000 1.363255
 2225.000000 1.366487
 2226.000000 1.373753
 2227.000000 1.383981
 2228.000000 1.395835
 2229.000000 1.407786
 2230.000000 1.418506
 2231.000000 1.427070
 2232.000000 1.432728
 2233.000000 1.435263
 2234.000000 1.434718
 2235.000000 1.431467
 2236.000000 1.426153
 2237.000000 1.419582
 2238.000000 1.412529
 2239.000000 1.405598
 2240.000000 1.399233
 2241.000000 1.393981
 2242.000000 1.390260
 2243.000000 1.388501
 2244.000000 1.389064
 2245.000000 1.392054
 2246.000000 1.397241
 2247.000000 1.404123
 2248.000000 1.412074
 2249.000000 1.420499
 2250.000000 1.428583
 2251.000000 1.435584
 2252.000000 1.440905
 2253.000000 1.444068
 2254.000000 1.444979
 2255.000000 1.443837
 2256.000000 1.441119
 2257.000000 1.437448
 2258.000000 1.433448
 2259.000000 1.429640
 2260.000000 1.426475
 2261.000000 1.424233
 2262.000000 1.423076
 2263.000000 1.422997
 2264.000000 1.423811
 2265.000000 1.425178
 2266.000000 1.426726
 2267.000000 1.428102
 2268.000000 1.429039
 2269.000000 1.429395
 2270.000000 1.429161
 2271.000000 1.428451
 2272.000000 1.427505
 2273.000000 1.426665
 2274.000000 1.426302
 2275.000000 1.426745
 2276.000000 1.428195
 2277.000000 1.430691
 2278.000000 1.434093
 2279.000000 1.438137
 2280.000000 1.442435
 2281.000000 1.446490
 2282.000000 1.449823
 2283.000000 1.452146
 2284.000000 1.453238
 2285.000000 1.453037
 2286.000000 1.451595
 2287.000000 1.449078
 2288.000000 1.445757
 2289.000000 1.441999
 2290.000000 1.438122
 2291.000000 1.434554
 2292.000000 1.431639
 2293.000000 1.429575
 2294.000000 1.428456
 2295.000000 1.428280
 2296.000000 1.429007
 2297.000000 1.430609
 2298.000000 1.433022
 2299.000000 1.436062
 2300.000000 1.439474
 2301.000000 1.442896
 2302.000000 1.445948
 2303.000000 1.448115
 2304.000000 1.448919
 2305.000000 1.447909
 2306.000000 1.444757
 2307.000000 1.439313
 2308.000000 1.431847
 2309.000000 1.422885
 2310.000000 1.413469
 2311.000000 1.404763
 2312.000000 1.397954
 2313.000000 1.394056
 2314.000000 1.393583
 2315.000000 1.396607
 2316.000000 1.402732
 2317.000000 1.411205
 2318.000000 1.420839
 2319.000000 1.430559
 2320.000000 1.439298
 2321.000000 1.446124
 2322.000000 1.450500
 2323.000000 1.452240
 2324.000000 1.451468
 2325.000000 1.448588
 2326.000000 1.444171
 2327.000000 1.438935
 2328.000000 1.433642
 2329.000000 1.428972
 2330.000000 1.425476
 2331.000000 1.423418
 2332.000000 1.422831
 2333.000000 1.423492
 2334.000000 1.425052
 2335.000000 1.427156
 2336.000000 1.429490
 2337.000000 1.431833
 2338.000000 1.433972
 2339.000000 1.435710
 2340.000000 1.436899
 2341.000000 1.437409
 2342.000000 1.437193
 2343.000000 1.436262
 2344.000000 1.434667
 2345.000000 1.432530
 2346.000000 1.430029
 2347.000000 1.427422
 2348.000000 1.425020
 2349.000000 1.423202
 2350.000000 1.422321
 2351.000000 1.422621
 2352.000000 1.424173
 2353.000000 1.426842
 2354.000000 1.430343
 2355.000000 1.434212
 2356.000000 1.437899
 2357.000000 1.440757
 2358.000000 1.442185
 2359.000000 1.441676
 2360.000000 1.438938
 2361.000000 1.434037
 2362.000000 1.427435
 2363.000000 1.419942
 2364.000000 1.412667
 2365.000000 1.406635
 2366.000000 1.402733
 2367.000000 1.401417
 2368.000000 1.402770
 2369.000000 1.406394
 2370.000000 1.411515
 2371.000000 1.417127
 2372.000000 1.422165
 2373.000000 1.425751
 2374.000000 1.427312
 2375.000000 1.426686
 2376.000000 1.424067
 2377.000000 1.419912
 2378.000000 1.414891
 2379.000000 1.409766
 2380.000000 1.405216
 2381.000000 1.401756
 2382.000000 1.399723
 2383.000000 1.399161
 2384.000000 1.399853
 2385.000000 1.401407
 2386.000000 1.403394
 2387.000000 1.405388
 2388.000000 1.407106
 2389.000000 1.408385
 2390.000000 1.409167
 2391.000000 1.409534
 2392.000000 1.409677
 2393.000000 1.409842
 2394.000000 1.410235
 2395.000000 1.410949
 2396.000000 1.411916
 2397.000000 1.412923
 2398.000000 1.413744
 2399.000000 1.414238
 2400.000000 1.414456
 2401.000000 1.414637
 2402.000000 1.415094
 2403.000000 1.416106
 2404.000000 1.417813
 2405.000000 1.420166
 2406.000000 1.422869
 2407.000000 1.425545
 2408.000000 1.427758
 2409.000000 1.429061
 2410.000000 1.429072
 2411.000000 1.427578
 2412.000000 1.424638
 2413.000000 1.420600
 2414.000000 1.416124
 2415.000000 1.412007
 2416.000000 1.409147
 2417.000000 1.408283
 2418.000000 1.409918
 2419.000000 1.414161
 2420.000000 1.420647
 2421.000000 1.428744
 2422.000000 1.437484
 2423.000000 1.445695
 2424.000000 1.452336
 2425.000000 1.456588
 2426.000000 1.458035
 2427.000000 1.456782
 2428.000000 1.453311
 2429.000000 1.448379
 2430.000000 1.442761
 2431.000000 1.437270
 2432.000000 1.432436
 2433.000000 1.428753
 2434.000000 1.426488
 2435.000000 1.425752
 2436.000000 1.426449
 2437.000000 1.428343
 2438.000000 1.431144
 2439.000000 1.434550
 2440.000000 1.438306
 2441.000000 1.442207
 2442.000000 1.446022
 2443.000000 1.449547
 2444.000000 1.452514
 2445.000000 1.454648
 2446.000000 1.455719
 2447.000000 1.455525
 2448.000000 1.453977
 2449.000000 1.451059
 2450.000000 1.446857
 2451.000000 1.441635
 2452.000000 1.435898
 2453.000000 1.430199
 2454.000000 1.425229
 2455.000000 1.421566
 2456.000000 1.419597
 2457.000000 1.419487
 2458.000000 1.421075
 2459.000000 1.423958
 2460.000000 1.427563
 2461.000000 1.431183
 2462.000000 1.434117
 2463.000000 1.435803
 2464.000000 1.435913
 2465.000000 1.434377
 2466.000000 1.431433
 2467.000000 1.427502
 2468.000000 1.423077
 2469.000000 1.418648
 2470.000000 1.414727
 2471.000000 1.411719
 2472.000000 1.409804
 2473.000000 1.408927
 2474.000000 1.408864
 2475.000000 1.409299
 2476.000000 1.409943
 2477.000000 1.410625
 2478.000000 1.411304
 2479.000000 1.411994
 2480.000000 1.412680
 2481.000000 1.413307
 2482.000000 1.413781
 2483.000000 1.414023
 2484.000000 1.414022
 2485.000000 1.413825
 2486.000000 1.413515
 2487.000000 1.413173
 2488.000000 1.412879
 2489.000000 1.412740
 2490.000000 1.412934
 2491.000000 1.413711
 2492.000000 1.415340
 2493.000000 1.418022
 2494.000000 1.421794
 2495.000000 1.426470
 2496.000000 1.431653
 2497.000000 1.436807
 2498.000000 1.441305
 2499.000000 1.444551
 2500.000000 1.446124
 2501.000000 1.445813
 2502.000000 1.443699
 2503.000000 1.440088
 2504.000000 1.435436
 2505.000000 1.430337
 2506.000000 1.425570
 2507.000000 1.421891
 2508.000000 1.419844
 2509.000000 1.419714
 2510.000000 1.421380
 2511.000000 1.424373
 2512.000000 1.428049
 2513.000000 1.431681
 2514.000000 1.434518
 2515.000000 1.435977
 2516.000000 1.435638
 2517.000000 1.433301
 2518.000000 1.429047
 2519.000000 1.423191
 2520.000000 1.416413
 2521.000000 1.409552
 2522.000000 1.403602
 2523.000000 1.399446
 2524.000000 1.397628
 2525.000000 1.398370
 2526.000000 1.401546
 2527.000000 1.406720
 2528.000000 1.413289
 2529.000000 1.420682
 2530.000000 1.428220
 2531.000000 1.435043
 2532.000000 1.440440
 2533.000000 1.443759
 2534.000000 1.444521
 2535.000000 1.442613
 2536.000000 1.438213
 2537.000000 1.431750
 2538.000000 1.423824
 2539.000000 1.415265
 2540.000000 1.407066
 2541.000000 1.400311
 2542.000000 1.395957
 2543.000000 1.394908
 2544.000000 1.397574
 2545.000000 1.403852
 2546.000000 1.413088
 2547.000000 1.424128
 2548.000000 1.435561
 2549.000000 1.446147
 2550.000000 1.454643
 2551.000000 1.459898
 2552.000000 1.461435
 2553.000000 1.459233
 2554.000000 1.453725
 2555.000000 1.445663
 2556.000000 1.436024
 2557.000000 1.426036
 2558.000000 1.416766
 2559.000000 1.409464
 2560.000000 1.405068
 2561.000000 1.404069
 2562.000000 1.406484
 2563.000000 1.411915
 2564.000000 1.419420
 2565.000000 1.427888
 2566.000000 1.436423
 2567.000000 1.444230
 2568.000000 1.450846
 2569.000000 1.455759
 2570.000000 1.458548
 2571.000000 1.459001
 2572.000000 1.457103
 2573.000000 1.453011
 2574.000000 1.447104
 2575.000000 1.439997
 2576.000000 1.432338
 2577.000000 1.425002
 2578.000000 1.418857
 2579.000000 1.414640
 2580.000000 1.412890
 2581.000000 1.413810
 2582.000000 1.417190
 2583.000000 1.422391
 2584.000000 1.428638
 2585.000000 1.435095
 2586.000000 1.441027
 2587.000000 1.445884
 2588.000000 1.449402
 2589.000000 1.451572
 2590.000000 1.452485
 2591.000000 1.452383
 2592.000000 1.451613
 2593.000000 1.450554
 2594.000000 1.449576
 2595.000000 1.448936
 2596.000000 1.448734
 2597.000000 1.448894
 2598.000000 1.449197
 2599.000000 1.449340
 2600.000000 1.449005
 2601.000000 1.447929
 2602.000000 1.445943
 2603.000000 1.443022
 2604.000000 1.439343
 2605.000000 1.435209
 2606.000000 1.430983
 2607.000000 1.427177
 2608.000000 1.424230
 2609.000000 1.422583
 2610.000000 1.422478
 2611.000000 1.423985
 2612.000000 1.427009
 2613.000000 1.431166
 2614.000000 1.436033
 2615.000000 1.441090
 2616.000000 1.445876
 2617.000000 1.450025
 2618.000000 1.453334
 2619.000000 1.455606
 2620.000000 1.456743
 2621.000000 1.456729
 2622.000000 1.455596
 2623.000000 1.453424
 2624.000000 1.450327
 2625.000000 1.446399
 2626.000000 1.441805
 2627.000000 1.436757
 2628.000000 1.431538
 2629.000000 1.426621
 2630.000000 1.422515
 2631.000000 1.419700
 2632.000000 1.418599
 2633.000000 1.419499
 2634.000000 1.422442
 2635.000000 1.427258
 2636.000000 1.433450
 2637.000000 1.440234
 2638.000000 1.446753
 2639.000000 1.452183
 2640.000000 1.455677
 2641.000000 1.456547
 2642.000000 1.454571
 2643.000000 1.449939
 2644.000000 1.443233
 2645.000000 1.435281
 2646.000000 1.426994
 2647.000000 1.419230
 2648.000000 1.412878
 2649.000000 1.408671
 2650.000000 1.406986
 2651.000000 1.407889
 2652.000000 1.411106
 2653.000000 1.416015
 2654.000000 1.421780
 2655.000000 1.427584
 2656.000000 1.432729
 2657.000000 1.436811
 2658.000000 1.439651
 2659.000000 1.441309
 2660.000000 1.441937
 2661.000000 1.441723
 2662.000000 1.440831
 2663.000000 1.439344
 2664.000000 1.437300
 2665.000000 1.434641
 2666.000000 1.431369
 2667.000000 1.427581
 2668.000000 1.423527
 2669.000000 1.419673
