#! FIELDS time d
 0.000000 1.490723
 1.000000 1.484586
 2.000000 1.467871
 3.000000 1.442916
 4.000000 1.412953
 5.000000 1.381778
 6.000000 1.354033
 7.000000 1.333727
 8.000000 1.323985
 9.000000 1.326072
 10.000000 1.339220
 11.000000 1.360607
 12.000000 1.386470
 13.000000 1.412459
 14.000000 1.435204
 15.000000 1.452377
 16.000000 1.462753
 17.000000 1.465933
 18.000000 1.461846
 19.000000 1.450825
 20.000000 1.433937
 21.000000 1.412786
 22.000000 1.389149
 23.000000 1.365884
 24.000000 1.345926
 25.000000 1.331826
 26.000000 1.325528
 27.000000 1.327832
 28.000000 1.338328
 29.000000 1.355549
 30.000000 1.376846
 31.000000 1.399504
 32.000000 1.420293
 33.000000 1.436329
 34.000000 1.446292
 35.000000 1.449148
 36.000000 1.444806
 37.000000 1.433889
 38.000000 1.417356
 39.000000 1.396962
 40.000000 1.375070
 41.000000 1.354271
 42.000000 1.337940
 43.000000 1.328860
 44.000000 1.328763
 45.000000 1.337808
 46.000000 1.354546
 47.000000 1.376441
 48.000000 1.400214
 49.000000 1.422659
 50.000000 1.440764
 51.000000 1.452081
 52.000000 1.454897
 53.000000 1.448679
 54.000000 1.434228
 55.000000 1.413488
 56.000000 1.389897
 57.000000 1.366966
 58.000000 1.348595
 59.000000 1.338196
 60.000000 1.337494
 61.000000 1.346673
 62.000000 1.364205
 63.000000 1.387357
 64.000000 1.412845
 65.000000 1.437569
 66.000000 1.458442
 67.000000 1.473035
 68.000000 1.479991
 69.000000 1.479048
 70.000000 1.470819
 71.000000 1.456600
 72.000000 1.438245
 73.000000 1.418139
 74.000000 1.398834
 75.000000 1.382762
 76.000000 1.371857
 77.000000 1.367307
 78.000000 1.369278
 79.000000 1.376920
 80.000000 1.388856
 81.000000 1.403254
 82.000000 1.418505
 83.000000 1.432969
 84.000000 1.445109
 85.000000 1.453654
 86.000000 1.457466
 87.000000 1.456045
 88.000000 1.449337
 89.000000 1.437898
 90.000000 1.422949
 91.000000 1.405950
 92.000000 1.388441
 93.000000 1.372607
 94.000000 1.360363
 95.000000 1.353483
 96.000000 1.353264
 97.000000 1.360132
 98.000000 1.373394
 99.000000 1.391107
 100.000000 1.410902
 101.000000 1.430209
 102.000000 1.446424
 103.000000 1.457761
 104.000000 1.462831
 105.000000 1.460712
 106.000000 1.451239
 107.000000 1.434971
 108.000000 1.413371
 109.000000 1.389309
 110.000000 1.366242
 111.000000 1.347375
 112.000000 1.335607
 113.000000 1.332750
 114.000000 1.339256
 115.000000 1.353869
 116.000000 1.373923
 117.000000 1.396129
 118.000000 1.416996
 119.000000 1.433383
 120.000000 1.442969
 121.000000 1.444533
 122.000000 1.438132
 123.000000 1.424948
 124.000000 1.407017
 125.000000 1.386906
 126.000000 1.367828
 127.000000 1.352758
 128.000000 1.343911
 129.000000 1.342736
 130.000000 1.349367
 131.000000 1.362544
 132.000000 1.379719
 133.000000 1.398346
 134.000000 1.415760
 135.000000 1.429941
 136.000000 1.439578
 137.000000 1.443929
 138.000000 1.442786
 139.000000 1.436373
 140.000000 1.425353
 141.000000 1.411171
 142.000000 1.395433
 143.000000 1.380196
 144.000000 1.367335
 145.000000 1.358443
 146.000000 1.354632
 147.000000 1.356156
 148.000000 1.362718
 149.000000 1.373378
 150.000000 1.386973
 151.000000 1.402092
 152.000000 1.416938
 153.000000 1.429796
 154.000000 1.438985
 155.000000 1.443436
 156.000000 1.442696
 157.000000 1.436792
 158.000000 1.426401
 159.000000 1.412877
 160.000000 1.397883
 161.000000 1.383261
 162.000000 1.371053
 163.000000 1.362652
 164.000000 1.359359
 165.000000 1.361660
 166.000000 1.369115
 167.000000 1.380252
 168.000000 1.393119
 169.000000 1.405541
 170.000000 1.415394
 171.000000 1.421011
 172.000000 1.421371
 173.000000 1.416054
 174.000000 1.405404
 175.000000 1.390717
 176.000000 1.374204
 177.000000 1.358753
 178.000000 1.347202
 179.000000 1.341750
 180.000000 1.343778
 181.000000 1.353439
 182.000000 1.369547
 183.000000 1.389680
 184.000000 1.411104
 185.000000 1.431332
 186.000000 1.448275
 187.000000 1.459721
 188.000000 1.464581
 189.000000 1.462419
 190.000000 1.453677
 191.000000 1.439390
 192.000000 1.421309
 193.000000 1.401757
 194.000000 1.383132
 195.000000 1.367951
 196.000000 1.358201
 197.000000 1.355177
 198.000000 1.359090
 199.000000 1.369034
 200.000000 1.383251
 201.000000 1.399290
 202.000000 1.414596
 203.000000 1.427271
 204.000000 1.435738
 205.000000 1.439438
 206.000000 1.438165
 207.000000 1.432227
 208.000000 1.422455
 209.000000 1.410199
 210.000000 1.396927
 211.000000 1.384388
 212.000000 1.373967
 213.000000 1.366725
 214.000000 1.363338
 215.000000 1.363844
 216.000000 1.368038
 217.000000 1.375498
 218.000000 1.385601
 219.000000 1.397320
 220.000000 1.409003
 221.000000 1.419094
 222.000000 1.426055
 223.000000 1.428824
 224.000000 1.426789
 225.000000 1.419973
 226.000000 1.409077
 227.000000 1.395359
 228.000000 1.380434
 229.000000 1.366598
 230.000000 1.355912
 231.000000 1.350410
 232.000000 1.351351
 233.000000 1.358829
 234.000000 1.371997
 235.000000 1.389060
 236.000000 1.407218
 237.000000 1.424303
 238.000000 1.438180
 239.000000 1.446931
 240.000000 1.449468
 241.000000 1.445575
 242.000000 1.435844
 243.000000 1.421514
 244.000000 1.404511
 245.000000 1.387159
 246.000000 1.371974
 247.000000 1.361333
 248.000000 1.356877
 249.000000 1.359224
 250.000000 1.367851
 251.000000 1.381247
 252.000000 1.397195
 253.000000 1.413230
 254.000000 1.426895
 255.000000 1.436053
 256.000000 1.439248
 257.000000 1.435997
 258.000000 1.426693
 259.000000 1.412762
 260.000000 1.396114
 261.000000 1.379313
 262.000000 1.364785
 263.000000 1.354417
 264.000000 1.349555
 265.000000 1.350726
 266.000000 1.357620
 267.000000 1.369136
 268.000000 1.383438
 269.000000 1.398599
 270.000000 1.412675
 271.000000 1.424035
 272.000000 1.431521
 273.000000 1.434504
 274.000000 1.432793
 275.000000 1.426620
 276.000000 1.416791
 277.000000 1.404757
 278.000000 1.392377
 279.000000 1.381476
 280.000000 1.373397
 281.000000 1.369136
 282.000000 1.369189
 283.000000 1.373586
 284.000000 1.381821
 285.000000 1.392772
 286.000000 1.405033
 287.000000 1.417035
 288.000000 1.427203
 289.000000 1.434388
 290.000000 1.437850
 291.000000 1.437340
 292.000000 1.433005
 293.000000 1.425340
 294.000000 1.415207
 295.000000 1.403782
 296.000000 1.392605
 297.000000 1.383333
 298.000000 1.377324
 299.000000 1.375621
 300.000000 1.378419
 301.000000 1.385323
 302.000000 1.395299
 303.000000 1.407027
 304.000000 1.418987
 305.000000 1.429357
 306.000000 1.436479
 307.000000 1.439124
 308.000000 1.436700
 309.000000 1.429317
 310.000000 1.417580
 311.000000 1.402534
 312.000000 1.386142
 313.000000 1.370591
 314.000000 1.358084
 315.000000 1.350653
 316.000000 1.349574
 317.000000 1.355022
 318.000000 1.366088
 319.000000 1.381122
 320.000000 1.398381
 321.000000 1.415783
 322.000000 1.431386
 323.000000 1.443314
 324.000000 1.450716
 325.000000 1.453140
 326.000000 1.450576
 327.000000 1.443520
 328.000000 1.432822
 329.000000 1.419628
 330.000000 1.405362
 331.000000 1.391749
 332.000000 1.380486
 333.000000 1.372695
 334.000000 1.369282
 335.000000 1.370680
 336.000000 1.376829
 337.000000 1.387066
 338.000000 1.400133
 339.000000 1.414274
 340.000000 1.427557
 341.000000 1.438185
 342.000000 1.444531
 343.000000 1.445662
 344.000000 1.441267
 345.000000 1.431546
 346.000000 1.417286
 347.000000 1.400038
 348.000000 1.381687
 349.000000 1.364646
 350.000000 1.351635
 351.000000 1.344612
 352.000000 1.344634
 353.000000 1.351869
 354.000000 1.365299
 355.000000 1.382878
 356.000000 1.402177
 357.000000 1.420491
 358.000000 1.435263
 359.000000 1.444701
 360.000000 1.447828
 361.000000 1.444533
 362.000000 1.435552
 363.000000 1.422378
 364.000000 1.406848
 365.000000 1.391007
 366.000000 1.377138
 367.000000 1.366960
 368.000000 1.361815
 369.000000 1.362286
 370.000000 1.368071
 371.000000 1.377946
 372.000000 1.390203
 373.000000 1.403018
 374.000000 1.414781
 375.000000 1.424090
 376.000000 1.429911
 377.000000 1.431982
 378.000000 1.430414
 379.000000 1.425601
 380.000000 1.418278
 381.000000 1.409594
 382.000000 1.400660
 383.000000 1.392613
 384.000000 1.386474
 385.000000 1.383003
 386.000000 1.382777
 387.000000 1.386106
 388.000000 1.392950
 389.000000 1.402891
 390.000000 1.414870
 391.000000 1.427564
 392.000000 1.439435
 393.000000 1.449011
 394.000000 1.455062
 395.000000 1.456703
 396.000000 1.453403
 397.000000 1.445156
 398.000000 1.432486
 399.000000 1.416589
 400.000000 1.398973
 401.000000 1.381781
 402.000000 1.367072
 403.000000 1.356993
 404.000000 1.352786
 405.000000 1.354867
 406.000000 1.362761
 407.000000 1.374986
 408.000000 1.389492
 409.000000 1.403879
 410.000000 1.416142
 411.000000 1.424555
 412.000000 1.428084
 413.000000 1.426450
 414.000000 1.420125
 415.000000 1.410192
 416.000000 1.398082
 417.000000 1.385816
 418.000000 1.375199
 419.000000 1.368086
 420.000000 1.365463
 421.000000 1.367623
 422.000000 1.374108
 423.000000 1.383977
 424.000000 1.395912
 425.000000 1.408529
 426.000000 1.420187
 427.000000 1.429904
 428.000000 1.436563
 429.000000 1.439376
 430.000000 1.437896
 431.000000 1.432180
 432.000000 1.422637
 433.000000 1.410096
 434.000000 1.395677
 435.000000 1.380956
 436.000000 1.367465
 437.000000 1.357095
 438.000000 1.351308
 439.000000 1.350968
 440.000000 1.355960
 441.000000 1.365419
 442.000000 1.377836
 443.000000 1.391639
 444.000000 1.405230
 445.000000 1.417113
 446.000000 1.426181
 447.000000 1.431611
 448.000000 1.432947
 449.000000 1.430225
 450.000000 1.423940
 451.000000 1.414986
 452.000000 1.404525
 453.000000 1.393947
 454.000000 1.384713
 455.000000 1.378198
 456.000000 1.375316
 457.000000 1.376424
 458.000000 1.381091
 459.000000 1.388349
 460.000000 1.396654
 461.000000 1.404335
 462.000000 1.410149
 463.000000 1.413256
 464.000000 1.413198
 465.000000 1.409923
 466.000000 1.403792
 467.000000 1.395685
 468.000000 1.386923
 469.000000 1.378958
 470.000000 1.373258
 471.000000 1.370825
 472.000000 1.372056
 473.000000 1.376760
 474.000000 1.384210
 475.000000 1.393382
 476.000000 1.403075
 477.000000 1.411947
 478.000000 1.418872
 479.000000 1.423166
 480.000000 1.424536
 481.000000 1.423073
 482.000000 1.419168
 483.000000 1.413423
 484.000000 1.406573
 485.000000 1.399357
 486.000000 1.392414
 487.000000 1.386260
 488.000000 1.381441
 489.000000 1.378383
 490.000000 1.377385
 491.000000 1.378460
 492.000000 1.381376
 493.000000 1.385673
 494.000000 1.390693
 495.000000 1.395808
 496.000000 1.400340
 497.000000 1.403613
 498.000000 1.404983
 499.000000 1.403975
 500.000000 1.400470
 501.000000 1.394769
 502.000000 1.387685
 503.000000 1.380099
 504.000000 1.373119
 505.000000 1.367922
 506.000000 1.365420
 507.000000 1.366190
 508.000000 1.370385
 509.000000 1.377657
 510.000000 1.387224
 511.000000 1.398078
 512.000000 1.408755
 513.000000 1.417965
 514.000000 1.424602
 515.000000 1.427891
 516.000000 1.427511
 517.000000 1.423499
 518.000000 1.416394
 519.000000 1.407112
 520.000000 1.396896
 521.000000 1.387153
 522.000000 1.379393
 523.000000 1.374930
 524.000000 1.374414
 525.000000 1.377791
 526.000000 1.384210
 527.000000 1.392225
 528.000000 1.400153
 529.000000 1.406616
 530.000000 1.410790
 531.000000 1.412122
 532.000000 1.410589
 533.000000 1.406473
 534.000000 1.400424
 535.000000 1.393355
 536.000000 1.386264
 537.000000 1.380243
 538.000000 1.376240
 539.000000 1.374804
 540.000000 1.376113
 541.000000 1.379943
 542.000000 1.385847
 543.000000 1.393315
 544.000000 1.401692
 545.000000 1.410478
 546.000000 1.419030
 547.000000 1.426749
 548.000000 1.433001
 549.000000 1.437203
 550.000000 1.438890
 551.000000 1.437831
 552.000000 1.434036
 553.000000 1.427788
 554.000000 1.419661
 555.000000 1.410339
 556.000000 1.401053
 557.000000 1.393153
 558.000000 1.387975
 559.000000 1.386537
 560.000000 1.389281
 561.000000 1.395994
 562.000000 1.405956
 563.000000 1.418122
 564.000000 1.430910
 565.000000 1.442728
 566.000000 1.452375
 567.000000 1.458771
 568.000000 1.461276
 569.000000 1.459681
 570.000000 1.454265
 571.000000 1.445758
 572.000000 1.435264
 573.000000 1.424188
 574.000000 1.413740
 575.000000 1.405152
 576.000000 1.399287
 577.000000 1.396717
 578.000000 1.397457
 579.000000 1.401105
 580.000000 1.406771
 581.000000 1.413340
 582.000000 1.419664
 583.000000 1.424814
 584.000000 1.428094
 585.000000 1.429008
 586.000000 1.427308
 587.000000 1.423011
 588.000000 1.416436
 589.000000 1.408124
 590.000000 1.398800
 591.000000 1.389528
 592.000000 1.381273
 593.000000 1.375006
 594.000000 1.371439
 595.000000 1.371030
 596.000000 1.373897
 597.000000 1.379756
 598.000000 1.387901
 599.000000 1.397497
 600.000000 1.407521
 601.000000 1.416894
 602.000000 1.424536
 603.000000 1.429537
 604.000000 1.431212
 605.000000 1.429171
 606.000000 1.423409
 607.000000 1.414425
 608.000000 1.403302
 609.000000 1.391492
 610.000000 1.380730
 611.000000 1.372788
 612.000000 1.369006
 613.000000 1.370090
 614.000000 1.375953
 615.000000 1.385636
 616.000000 1.397736
 617.000000 1.410449
 618.000000 1.422089
 619.000000 1.431182
 620.000000 1.436678
 621.000000 1.438008
 622.000000 1.435218
 623.000000 1.428940
 624.000000 1.420188
 625.000000 1.410148
 626.000000 1.400356
 627.000000 1.392210
 628.000000 1.386710
 629.000000 1.384587
 630.000000 1.385948
 631.000000 1.390425
 632.000000 1.397252
 633.000000 1.405357
 634.000000 1.413545
 635.000000 1.420861
 636.000000 1.426385
 637.000000 1.429376
 638.000000 1.429512
 639.000000 1.426867
 640.000000 1.421883
 641.000000 1.415408
 642.000000 1.408321
 643.000000 1.401554
 644.000000 1.395840
 645.000000 1.391556
 646.000000 1.389009
 647.000000 1.388385
 648.000000 1.389812
 649.000000 1.393275
 650.000000 1.398512
 651.000000 1.404948
 652.000000 1.411728
 653.000000 1.417834
 654.000000 1.422265
 655.000000 1.424199
 656.000000 1.423054
 657.000000 1.418529
 658.000000 1.410710
 659.000000 1.400357
 660.000000 1.388632
 661.000000 1.377061
 662.000000 1.367566
 663.000000 1.361733
 664.000000 1.360857
 665.000000 1.365202
 666.000000 1.374113
 667.000000 1.386254
 668.000000 1.399507
 669.000000 1.411722
 670.000000 1.421015
 671.000000 1.425936
 672.000000 1.425567
 673.000000 1.419662
 674.000000 1.408952
 675.000000 1.394793
 676.000000 1.379316
 677.000000 1.365095
 678.000000 1.354531
 679.000000 1.349497
 680.000000 1.351047
 681.000000 1.359103
 682.000000 1.372412
 683.000000 1.388999
 684.000000 1.406244
 685.000000 1.421245
 686.000000 1.431723
 687.000000 1.436517
 688.000000 1.435124
 689.000000 1.427880
 690.000000 1.415880
 691.000000 1.400612
 692.000000 1.384114
 693.000000 1.368697
 694.000000 1.356631
 695.000000 1.349549
 696.000000 1.348392
 697.000000 1.353094
 698.000000 1.362711
 699.000000 1.375563
 700.000000 1.389790
 701.000000 1.403709
 702.000000 1.415682
 703.000000 1.424396
 704.000000 1.428906
 705.000000 1.428836
 706.000000 1.424288
 707.000000 1.415994
 708.000000 1.405210
 709.000000 1.393257
 710.000000 1.381507
 711.000000 1.371271
 712.000000 1.363800
 713.000000 1.359976
 714.000000 1.360411
 715.000000 1.365356
 716.000000 1.374340
 717.000000 1.386284
 718.000000 1.399767
 719.000000 1.413130
 720.000000 1.424560
 721.000000 1.432622
 722.000000 1.436322
 723.000000 1.435087
 724.000000 1.428873
 725.000000 1.418053
 726.000000 1.403613
 727.000000 1.387312
 728.000000 1.371297
 729.000000 1.358005
 730.000000 1.349713
 731.000000 1.347909
 732.000000 1.353021
 733.000000 1.364343
 734.000000 1.380350
 735.000000 1.398701
 736.000000 1.417019
 737.000000 1.433032
 738.000000 1.444788
 739.000000 1.451052
 740.000000 1.451287
 741.000000 1.445685
 742.000000 1.435220
 743.000000 1.421489
 744.000000 1.406374
 745.000000 1.392075
 746.000000 1.380487
 747.000000 1.373292
 748.000000 1.371529
 749.000000 1.375283
 750.000000 1.383784
 751.000000 1.395301
 752.000000 1.407844
 753.000000 1.419560
 754.000000 1.428966
 755.000000 1.435201
 756.000000 1.437663
 757.000000 1.436054
 758.000000 1.430386
 759.000000 1.421195
 760.000000 1.409399
 761.000000 1.396574
 762.000000 1.384586
 763.000000 1.375255
 764.000000 1.369921
 765.000000 1.369330
 766.000000 1.373658
 767.000000 1.382501
 768.000000 1.395000
 769.000000 1.409638
 770.000000 1.424728
 771.000000 1.438677
 772.000000 1.449891
 773.000000 1.457416
 774.000000 1.460778
 775.000000 1.459772
 776.000000 1.454561
 777.000000 1.445543
 778.000000 1.433395
 779.000000 1.418835
 780.000000 1.403355
 781.000000 1.388627
 782.000000 1.376537
 783.000000 1.368925
 784.000000 1.366921
 785.000000 1.370694
 786.000000 1.379499
 787.000000 1.391681
 788.000000 1.405345
 789.000000 1.418377
 790.000000 1.428922
 791.000000 1.435410
 792.000000 1.436801
 793.000000 1.432846
 794.000000 1.424182
 795.000000 1.412201
 796.000000 1.398865
 797.000000 1.385891
 798.000000 1.375344
 799.000000 1.368851
 800.000000 1.367445
 801.000000 1.371210
 802.000000 1.379428
 803.000000 1.390652
 804.000000 1.402922
 805.000000 1.414233
 806.000000 1.422991
 807.000000 1.428120
 808.000000 1.429160
 809.000000 1.426269
 810.000000 1.420044
 811.000000 1.411504
 812.000000 1.401805
 813.000000 1.392364
 814.000000 1.384584
 815.000000 1.379430
 816.000000 1.377597
 817.000000 1.379171
 818.000000 1.383703
 819.000000 1.390382
 820.000000 1.398499
 821.000000 1.407192
 822.000000 1.415802
 823.000000 1.423638
 824.000000 1.429861
 825.000000 1.433682
 826.000000 1.434616
 827.000000 1.432444
 828.000000 1.427302
 829.000000 1.419641
 830.000000 1.410031
 831.000000 1.399312
 832.000000 1.388629
 833.000000 1.379207
 834.000000 1.372649
 835.000000 1.370176
 836.000000 1.372389
 837.000000 1.379175
 838.000000 1.389568
 839.000000 1.402287
 840.000000 1.415794
 841.000000 1.428193
 842.000000 1.437614
 843.000000 1.442593
 844.000000 1.442110
 845.000000 1.435841
 846.000000 1.424328
 847.000000 1.409158
 848.000000 1.392422
 849.000000 1.376794
 850.000000 1.364403
 851.000000 1.357293
 852.000000 1.356631
 853.000000 1.362489
 854.000000 1.373770
 855.000000 1.388468
 856.000000 1.404291
 857.000000 1.419004
 858.000000 1.430754
 859.000000 1.438452
 860.000000 1.441530
 861.000000 1.440031
 862.000000 1.434392
 863.000000 1.425587
 864.000000 1.414816
 865.000000 1.403601
 866.000000 1.393611
 867.000000 1.386119
 868.000000 1.382120
 869.000000 1.382082
 870.000000 1.385893
 871.000000 1.392955
 872.000000 1.402351
 873.000000 1.413017
 874.000000 1.423662
 875.000000 1.433175
 876.000000 1.440470
 877.000000 1.444818
 878.000000 1.445542
 879.000000 1.442288
 880.000000 1.435169
 881.000000 1.424803
 882.000000 1.412203
 883.000000 1.398668
 884.000000 1.385781
 885.000000 1.374843
 886.000000 1.367249
 887.000000 1.364237
 888.000000 1.366414
 889.000000 1.373605
 890.000000 1.384707
 891.000000 1.398073
 892.000000 1.411983
 893.000000 1.424472
 894.000000 1.433839
 895.000000 1.438733
 896.000000 1.438344
 897.000000 1.432509
 898.000000 1.421781
 899.000000 1.407485
 900.000000 1.391686
 901.000000 1.376648
 902.000000 1.364794
 903.000000 1.358068
 904.000000 1.357681
 905.000000 1.363890
 906.000000 1.375766
 907.000000 1.391641
 908.000000 1.409046
 909.000000 1.425443
 910.000000 1.438620
 911.000000 1.447053
 912.000000 1.450047
 913.000000 1.447458
 914.000000 1.439818
 915.000000 1.428310
 916.000000 1.414726
 917.000000 1.400904
 918.000000 1.388808
 919.000000 1.380057
 920.000000 1.375689
 921.000000 1.376118
 922.000000 1.380921
 923.000000 1.389040
 924.000000 1.398988
 925.000000 1.409219
 926.000000 1.418462
 927.000000 1.425701
 928.000000 1.430344
 929.000000 1.431902
 930.000000 1.430111
 931.000000 1.424961
 932.000000 1.416846
 933.000000 1.406428
 934.000000 1.394666
 935.000000 1.382627
 936.000000 1.371705
 937.000000 1.363023
 938.000000 1.357671
 939.000000 1.356640
 940.000000 1.360543
 941.000000 1.369223
 942.000000 1.381659
 943.000000 1.396146
 944.000000 1.410453
 945.000000 1.422630
 946.000000 1.431155
 947.000000 1.434801
 948.000000 1.432793
 949.000000 1.424884
 950.000000 1.411303
 951.000000 1.393387
 952.000000 1.373238
 953.000000 1.353995
 954.000000 1.338432
 955.000000 1.328984
 956.000000 1.327295
 957.000000 1.333553
 958.000000 1.346588
 959.000000 1.364182
 960.000000 1.383444
 961.000000 1.401703
 962.000000 1.416458
 963.000000 1.426156
 964.000000 1.429931
 965.000000 1.427681
 966.000000 1.420101
 967.000000 1.408568
 968.000000 1.394809
 969.000000 1.380852
 970.000000 1.368719
 971.000000 1.360184
 972.000000 1.356555
 973.000000 1.358354
 974.000000 1.365137
 975.000000 1.375572
 976.000000 1.387825
 977.000000 1.399718
 978.000000 1.409537
 979.000000 1.416051
 980.000000 1.418634
 981.000000 1.417226
 982.000000 1.412267
 983.000000 1.404575
 984.000000 1.395227
 985.000000 1.385660
 986.000000 1.377128
 987.000000 1.370727
 988.000000 1.367128
 989.000000 1.366558
 990.000000 1.368864
 991.000000 1.373674
 992.000000 1.380484
 993.000000 1.388578
 994.000000 1.397323
 995.000000 1.405823
 996.000000 1.413197
 997.000000 1.418703
 998.000000 1.421671
 999.000000 1.421722
 1000.000000 1.418713
 1001.000000 1.412899
 1002.000000 1.404721
 1003.000000 1.394767
 1004.000000 1.384056
 1005.000000 1.373711
 1006.000000 1.365274
 1007.000000 1.360129
 1008.000000 1.359202
 1009.000000 1.362697
 1010.000000 1.369985
 1011.000000 1.379773
 1012.000000 1.390282
 1013.000000 1.399863
 1014.000000 1.406923
 1015.000000 1.410387
 1016.000000 1.409609
 1017.000000 1.404517
 1018.000000 1.395628
 1019.000000 1.384220
 1020.000000 1.372200
 1021.000000 1.361595
 1022.000000 1.354291
 1023.000000 1.351668
 1024.000000 1.354210
 1025.000000 1.361515
 1026.000000 1.372402
 1027.000000 1.385269
 1028.000000 1.398184
 1029.000000 1.409362
 1030.000000 1.417184
 1031.000000 1.420712
 1032.000000 1.419658
 1033.000000 1.414381
 1034.000000 1.405848
 1035.000000 1.395400
 1036.000000 1.384539
 1037.000000 1.375119
 1038.000000 1.368790
 1039.000000 1.366716
 1040.000000 1.369370
 1041.000000 1.376400
 1042.000000 1.386704
 1043.000000 1.398695
 1044.000000 1.410803
 1045.000000 1.421650
 1046.000000 1.430431
 1047.000000 1.436606
 1048.000000 1.439879
 1049.000000 1.440197
 1050.000000 1.437767
 1051.000000 1.433022
 1052.000000 1.426652
 1053.000000 1.419276
 1054.000000 1.411673
 1055.000000 1.404440
 1056.000000 1.398202
 1057.000000 1.393581
 1058.000000 1.391015
 1059.000000 1.390993
 1060.000000 1.393749
 1061.000000 1.399106
 1062.000000 1.406420
 1063.000000 1.414747
 1064.000000 1.423036
 1065.000000 1.430195
 1066.000000 1.435483
 1067.000000 1.438288
 1068.000000 1.438220
 1069.000000 1.435178
 1070.000000 1.429427
 1071.000000 1.421601
 1072.000000 1.412767
 1073.000000 1.404168
 1074.000000 1.396988
 1075.000000 1.392177
 1076.000000 1.390403
 1077.000000 1.391785
 1078.000000 1.395965
 1079.000000 1.402123
 1080.000000 1.409250
 1081.000000 1.415996
 1082.000000 1.421298
 1083.000000 1.424277
 1084.000000 1.424458
 1085.000000 1.421854
 1086.000000 1.416988
 1087.000000 1.410782
 1088.000000 1.404383
 1089.000000 1.398886
 1090.000000 1.395288
 1091.000000 1.394277
 1092.000000 1.396045
 1093.000000 1.400304
 1094.000000 1.406255
 1095.000000 1.412790
 1096.000000 1.418545
 1097.000000 1.422550
 1098.000000 1.424325
 1099.000000 1.423867
 1100.000000 1.421496
 1101.000000 1.417716
 1102.000000 1.413033
 1103.000000 1.407876
 1104.000000 1.402735
 1105.000000 1.398078
 1106.000000 1.394212
 1107.000000 1.391325
 1108.000000 1.389493
 1109.000000 1.388706
 1110.000000 1.388891
 1111.000000 1.389971
 1112.000000 1.391936
 1113.000000 1.394772
 1114.000000 1.398398
 1115.000000 1.402613
 1116.000000 1.407071
 1117.000000 1.411282
 1118.000000 1.414628
 1119.000000 1.416494
 1120.000000 1.416371
 1121.000000 1.413928
 1122.000000 1.409057
 1123.000000 1.401862
 1124.000000 1.392958
 1125.000000 1.383377
 1126.000000 1.374369
 1127.000000 1.367427
 1128.000000 1.363819
 1129.000000 1.364267
 1130.000000 1.368807
 1131.000000 1.376904
 1132.000000 1.387526
 1133.000000 1.399240
 1134.000000 1.410533
 1135.000000 1.419723
 1136.000000 1.425595
 1137.000000 1.427750
 1138.000000 1.426337
 1139.000000 1.422156
 1140.000000 1.416359
 1141.000000 1.410210
 1142.000000 1.404827
 1143.000000 1.401214
 1144.000000 1.400037
 1145.000000 1.401520
 1146.000000 1.405349
 1147.000000 1.410784
 1148.000000 1.416903
 1149.000000 1.422795
 1150.000000 1.427726
 1151.000000 1.431395
 1152.000000 1.433706
 1153.000000 1.434665
 1154.000000 1.434301
 1155.000000 1.432665
 1156.000000 1.429904
 1157.000000 1.426285
 1158.000000 1.421980
 1159.000000 1.417224
 1160.000000 1.412168
 1161.000000 1.407057
 1162.000000 1.402203
 1163.000000 1.398070
 1164.000000 1.395281
 1165.000000 1.394303
 1166.000000 1.395274
 1167.000000 1.397987
 1168.000000 1.401963
 1169.000000 1.406470
 1170.000000 1.410723
 1171.000000 1.413814
 1172.000000 1.415017
 1173.000000 1.413887
 1174.000000 1.410355
 1175.000000 1.404745
 1176.000000 1.397526
 1177.000000 1.389595
 1178.000000 1.381940
 1179.000000 1.375697
 1180.000000 1.371817
 1181.000000 1.371021
 1182.000000 1.373496
 1183.000000 1.378800
 1184.000000 1.386059
 1185.000000 1.394038
 1186.000000 1.401499
 1187.000000 1.407372
 1188.000000 1.410775
 1189.000000 1.411202
 1190.000000 1.408556
 1191.000000 1.403248
 1192.000000 1.396214
 1193.000000 1.388765
 1194.000000 1.382152
 1195.000000 1.377410
 1196.000000 1.375306
 1197.000000 1.376162
 1198.000000 1.379902
 1199.000000 1.386023
 1200.000000 1.393753
 1201.000000 1.402115
 1202.000000 1.410049
 1203.000000 1.416481
 1204.000000 1.420760
 1205.000000 1.422564
 1206.000000 1.421937
 1207.000000 1.419159
 1208.000000 1.414687
 1209.000000 1.409090
 1210.000000 1.403093
 1211.000000 1.397450
 1212.000000 1.393030
 1213.000000 1.390401
 1214.000000 1.389786
 1215.000000 1.391017
 1216.000000 1.393647
 1217.000000 1.397155
 1218.000000 1.401055
 1219.000000 1.404904
 1220.000000 1.408215
 1221.000000 1.410569
 1222.000000 1.411696
 1223.000000 1.411444
 1224.000000 1.409876
 1225.000000 1.407164
 1226.000000 1.403499
 1227.000000 1.399030
 1228.000000 1.393905
 1229.000000 1.388378
 1230.000000 1.382969
 1231.000000 1.378305
 1232.000000 1.374986
 1233.000000 1.373516
 1234.000000 1.374175
 1235.000000 1.376968
 1236.000000 1.381667
 1237.000000 1.387660
 1238.000000 1.394149
 1239.000000 1.400187
 1240.000000 1.404854
 1241.000000 1.407468
 1242.000000 1.407664
 1243.000000 1.405460
 1244.000000 1.401231
 1245.000000 1.395611
 1246.000000 1.389477
 1247.000000 1.383933
 1248.000000 1.380021
 1249.000000 1.378477
 1250.000000 1.379598
 1251.000000 1.383148
 1252.000000 1.388412
 1253.000000 1.394382
 1254.000000 1.400082
 1255.000000 1.404591
 1256.000000 1.407336
 1257.000000 1.408032
 1258.000000 1.406832
 1259.000000 1.404242
 1260.000000 1.401080
 1261.000000 1.398214
 1262.000000 1.396340
 1263.000000 1.395869
 1264.000000 1.396803
 1265.000000 1.398808
 1266.000000 1.401318
 1267.000000 1.403735
 1268.000000 1.405440
 1269.000000 1.405931
 1270.000000 1.404905
 1271.000000 1.402355
 1272.000000 1.398618
 1273.000000 1.394313
 1274.000000 1.390134
 1275.000000 1.386720
 1276.000000 1.384545
 1277.000000 1.383785
 1278.000000 1.384392
 1279.000000 1.386135
 1280.000000 1.388648
 1281.000000 1.391377
 1282.000000 1.393749
 1283.000000 1.395323
 1284.000000 1.396010
 1285.000000 1.396100
 1286.000000 1.396118
 1287.000000 1.396543
 1288.000000 1.397637
 1289.000000 1.399426
 1290.000000 1.401762
 1291.000000 1.404396
 1292.000000 1.406973
 1293.000000 1.409025
 1294.000000 1.410084
 1295.000000 1.409836
 1296.000000 1.408304
 1297.000000 1.405849
 1298.000000 1.402994
 1299.000000 1.400270
 1300.000000 1.398089
 1301.000000 1.396687
 1302.000000 1.396115
 1303.000000 1.396285
 1304.000000 1.396924
 1305.000000 1.397630
 1306.000000 1.397971
 1307.000000 1.397651
 1308.000000 1.396642
 1309.000000 1.395184
 1310.000000 1.393736
 1311.000000 1.392811
 1312.000000 1.392859
 1313.000000 1.394239
 1314.000000 1.397096
 1315.000000 1.401354
 1316.000000 1.406707
 1317.000000 1.412563
 1318.000000 1.418284
 1319.000000 1.423094
 1320.000000 1.426325
 1321.000000 1.427717
 1322.000000 1.427349
 1323.000000 1.425550
 1324.000000 1.422850
 1325.000000 1.419860
 1326.000000 1.417092
 1327.000000 1.414955
 1328.000000 1.413699
 1329.000000 1.413371
 1330.000000 1.413745
 1331.000000 1.414389
 1332.000000 1.414756
 1333.000000 1.414308
 1334.000000 1.412661
 1335.000000 1.409676
 1336.000000 1.405511
 1337.000000 1.400604
 1338.000000 1.395575
 1339.000000 1.391151
 1340.000000 1.388038
 1341.000000 1.386723
 1342.000000 1.387425
 1343.000000 1.390002
 1344.000000 1.393983
 1345.000000 1.398710
 1346.000000 1.403407
 1347.000000 1.407317
 1348.000000 1.409907
 1349.000000 1.410900
 1350.000000 1.410371
 1351.000000 1.408754
 1352.000000 1.406705
 1353.000000 1.404959
 1354.000000 1.404166
 1355.000000 1.404713
 1356.000000 1.406657
 1357.000000 1.409776
 1358.000000 1.413668
 1359.000000 1.417817
 1360.000000 1.421758
 1361.000000 1.425086
 1362.000000 1.427642
 1363.000000 1.429389
 1364.000000 1.430463
 1365.000000 1.431036
 1366.000000 1.431312
 1367.000000 1.431486
 1368.000000 1.431678
 1369.000000 1.431916
 1370.000000 1.432169
 1371.000000 1.432420
 1372.000000 1.432699
 1373.000000 1.433063
 1374.000000 1.433533
 1375.000000 1.434057
 1376.000000 1.434532
 1377.000000 1.434880
 1378.000000 1.435085
 1379.000000 1.435200
 1380.000000 1.435287
 1381.000000 1.435363
 1382.000000 1.435384
 1383.000000 1.435286
 1384.000000 1.435015
 1385.000000 1.434544
 1386.000000 1.433827
 1387.000000 1.432771
 1388.000000 1.431238
 1389.000000 1.429114
 1390.000000 1.426368
 1391.000000 1.423210
 1392.000000 1.419897
 1393.000000 1.416795
 1394.000000 1.414209
 1395.000000 1.412290
 1396.000000 1.411085
 1397.000000 1.410573
 1398.000000 1.410643
 1399.000000 1.411082
 1400.000000 1.411571
 1401.000000 1.411720
 1402.000000 1.411190
 1403.000000 1.409788
 1404.000000 1.407499
 1405.000000 1.404514
 1406.000000 1.401142
 1407.000000 1.397868
 1408.000000 1.395235
 1409.000000 1.393854
 1410.000000 1.394239
 1411.000000 1.396693
 1412.000000 1.401136
 1413.000000 1.407158
 1414.000000 1.414042
 1415.000000 1.420905
 1416.000000 1.426957
 1417.000000 1.431534
 1418.000000 1.434124
 1419.000000 1.434517
 1420.000000 1.432852
 1421.000000 1.429564
 1422.000000 1.425255
 1423.000000 1.420637
 1424.000000 1.416417
 1425.000000 1.413071
 1426.000000 1.410774
 1427.000000 1.409480
 1428.000000 1.409019
 1429.000000 1.409115
 1430.000000 1.409443
 1431.000000 1.409657
 1432.000000 1.409465
 1433.000000 1.408715
 1434.000000 1.407454
 1435.000000 1.405929
 1436.000000 1.404469
 1437.000000 1.403380
 1438.000000 1.402833
 1439.000000 1.402809
 1440.000000 1.403115
 1441.000000 1.403470
 1442.000000 1.403561
 1443.000000 1.403131
 1444.000000 1.402087
 1445.000000 1.400586
 1446.000000 1.399013
 1447.000000 1.397894
 1448.000000 1.397762
 1449.000000 1.398989
 1450.000000 1.401696
 1451.000000 1.405673
 1452.000000 1.410373
 1453.000000 1.415129
 1454.000000 1.419116
 1455.000000 1.421475
 1456.000000 1.421531
 1457.000000 1.418957
 1458.000000 1.413887
 1459.000000 1.406984
 1460.000000 1.399389
 1461.000000 1.392210
 1462.000000 1.386450
 1463.000000 1.382787
 1464.000000 1.381555
 1465.000000 1.382619
 1466.000000 1.385426
 1467.000000 1.389107
 1468.000000 1.392777
 1469.000000 1.395669
 1470.000000 1.397259
 1471.000000 1.397444
 1472.000000 1.396450
 1473.000000 1.394753
 1474.000000 1.392942
 1475.000000 1.391620
 1476.000000 1.391295
 1477.000000 1.392342
 1478.000000 1.394902
 1479.000000 1.398798
 1480.000000 1.403497
 1481.000000 1.408334
 1482.000000 1.412431
 1483.000000 1.415160
 1484.000000 1.416195
 1485.000000 1.415636
 1486.000000 1.413861
 1487.000000 1.411398
 1488.000000 1.408775
 1489.000000 1.406500
 1490.000000 1.404941
 1491.000000 1.404278
 1492.000000 1.404462
 1493.000000 1.405237
 1494.000000 1.406212
 1495.000000 1.406961
 1496.000000 1.407175
 1497.000000 1.406720
 1498.000000 1.405593
 1499.000000 1.403870
 1500.000000 1.401672
 1501.000000 1.399164
 1502.000000 1.396642
 1503.000000 1.394480
 1504.000000 1.393001
 1505.000000 1.392427
 1506.000000 1.392788
 1507.000000 1.393901
 1508.000000 1.395445
 1509.000000 1.397119
 1510.000000 1.398746
 1511.000000 1.400358
 1512.000000 1.402092
 1513.000000 1.404061
 1514.000000 1.406294
 1515.000000 1.408700
 1516.000000 1.410991
 1517.000000 1.412833
 1518.000000 1.413807
 1519.000000 1.413543
 1520.000000 1.411773
 1521.000000 1.408480
 1522.000000 1.403995
 1523.000000 1.398991
 1524.000000 1.394246
 1525.000000 1.390537
 1526.000000 1.388393
 1527.000000 1.388028
 1528.000000 1.389362
 1529.000000 1.392117
 1530.000000 1.395757
 1531.000000 1.399715
 1532.000000 1.403432
 1533.000000 1.406489
 1534.000000 1.408567
 1535.000000 1.409617
 1536.000000 1.409825
 1537.000000 1.409576
 1538.000000 1.409358
 1539.000000 1.409643
 1540.000000 1.410769
 1541.000000 1.412856
 1542.000000 1.415786
 1543.000000 1.419252
 1544.000000 1.422763
 1545.000000 1.425716
 1546.000000 1.427554
 1547.000000 1.427786
 1548.000000 1.426139
 1549.000000 1.422641
 1550.000000 1.417667
 1551.000000 1.411698
 1552.000000 1.405390
 1553.000000 1.399331
 1554.000000 1.394120
 1555.000000 1.390138
 1556.000000 1.387640
 1557.000000 1.386709
 1558.000000 1.387166
 1559.000000 1.388612
 1560.000000 1.390498
 1561.000000 1.392251
 1562.000000 1.393430
 1563.000000 1.393727
 1564.000000 1.393028
 1565.000000 1.391382
 1566.000000 1.388979
 1567.000000 1.386156
 1568.000000 1.383341
 1569.000000 1.381086
 1570.000000 1.379876
 1571.000000 1.380034
 1572.000000 1.381676
 1573.000000 1.384600
 1574.000000 1.388438
 1575.000000 1.392668
 1576.000000 1.396841
 1577.000000 1.400517
 1578.000000 1.403351
 1579.000000 1.405224
 1580.000000 1.406157
 1581.000000 1.406368
 1582.000000 1.406141
 1583.000000 1.405747
 1584.000000 1.405373
 1585.000000 1.405087
 1586.000000 1.404879
 1587.000000 1.404741
 1588.000000 1.404735
 1589.000000 1.404982
 1590.000000 1.405591
 1591.000000 1.406580
 1592.000000 1.407834
 1593.000000 1.409161
 1594.000000 1.410368
 1595.000000 1.411310
 1596.000000 1.411898
 1597.000000 1.412078
 1598.000000 1.411809
 1599.000000 1.411088
 1600.000000 1.409979
 1601.000000 1.408648
 1602.000000 1.407355
 1603.000000 1.406384
 1604.000000 1.405980
 1605.000000 1.406263
 1606.000000 1.407216
 1607.000000 1.408665
 1608.000000 1.410319
 1609.000000 1.411824
 1610.000000 1.412788
 1611.000000 1.412771
 1612.000000 1.411381
 1613.000000 1.408377
 1614.000000 1.403802
 1615.000000 1.398106
 1616.000000 1.391966
 1617.000000 1.386330
 1618.000000 1.382194
 1619.000000 1.380327
 1620.000000 1.381181
 1621.000000 1.384773
 1622.000000 1.390663
 1623.000000 1.397936
 1624.000000 1.405503
 1625.000000 1.412077
 1626.000000 1.416749
 1627.000000 1.418950
 1628.000000 1.418553
 1629.000000 1.415847
 1630.000000 1.411422
 1631.000000 1.406149
 1632.000000 1.401024
 1633.000000 1.397067
 1634.000000 1.395116
 1635.000000 1.395690
 1636.000000 1.398823
 1637.000000 1.404142
 1638.000000 1.411005
 1639.000000 1.418567
 1640.000000 1.425995
 1641.000000 1.432560
 1642.000000 1.437622
 1643.000000 1.440854
 1644.000000 1.442236
 1645.000000 1.441959
 1646.000000 1.440332
 1647.000000 1.437716
 1648.000000 1.434449
 1649.000000 1.430794
 1650.000000 1.426923
 1651.000000 1.422945
 1652.000000 1.418937
 1653.000000 1.415097
 1654.000000 1.411658
 1655.000000 1.408939
 1656.000000 1.407229
 1657.000000 1.406717
 1658.000000 1.407449
 1659.000000 1.409274
 1660.000000 1.411876
 1661.000000 1.414787
 1662.000000 1.417466
 1663.000000 1.419464
 1664.000000 1.420421
 1665.000000 1.420079
 1666.000000 1.418298
 1667.000000 1.415118
 1668.000000 1.410826
 1669.000000 1.406036
 1670.000000 1.401507
 1671.000000 1.398036
 1672.000000 1.396265
 1673.000000 1.396540
 1674.000000 1.398800
 1675.000000 1.402626
 1676.000000 1.407351
 1677.000000 1.412124
 1678.000000 1.415890
 1679.000000 1.417725
 1680.000000 1.417157
 1681.000000 1.414369
 1682.000000 1.410114
 1683.000000 1.405433
 1684.000000 1.401217
 1685.000000 1.398059
 1686.000000 1.396307
 1687.000000 1.395969
 1688.000000 1.396807
 1689.000000 1.398392
 1690.000000 1.400129
 1691.000000 1.401400
 1692.000000 1.401693
 1693.000000 1.400817
 1694.000000 1.399020
 1695.000000 1.396883
 1696.000000 1.395155
 1697.000000 1.394463
 1698.000000 1.395169
 1699.000000 1.397394
 1700.000000 1.401058
 1701.000000 1.405850
 1702.000000 1.411264
 1703.000000 1.416624
 1704.000000 1.421120
 1705.000000 1.424050
 1706.000000 1.424938
 1707.000000 1.423778
 1708.000000 1.421027
 1709.000000 1.417452
 1710.000000 1.413886
 1711.000000 1.411089
 1712.000000 1.409532
 1713.000000 1.409452
 1714.000000 1.410778
 1715.000000 1.413200
 1716.000000 1.416147
 1717.000000 1.418936
 1718.000000 1.420887
 1719.000000 1.421488
 1720.000000 1.420606
 1721.000000 1.418526
 1722.000000 1.415847
 1723.000000 1.413253
 1724.000000 1.411322
 1725.000000 1.410437
 1726.000000 1.410726
 1727.000000 1.412084
 1728.000000 1.414236
 1729.000000 1.416800
 1730.000000 1.419249
 1731.000000 1.420920
 1732.000000 1.421308
 1733.000000 1.420242
 1734.000000 1.418014
 1735.000000 1.415264
 1736.000000 1.412729
 1737.000000 1.411040
 1738.000000 1.410531
 1739.000000 1.411292
 1740.000000 1.413207
 1741.000000 1.415980
 1742.000000 1.419171
 1743.000000 1.422030
 1744.000000 1.423751
 1745.000000 1.423754
 1746.000000 1.421994
 1747.000000 1.419031
 1748.000000 1.415750
 1749.000000 1.413009
 1750.000000 1.411422
 1751.000000 1.411247
 1752.000000 1.412512
 1753.000000 1.414990
 1754.000000 1.418243
 1755.000000 1.421537
 1756.000000 1.423955
 1757.000000 1.424672
 1758.000000 1.423166
 1759.000000 1.419472
 1760.000000 1.414098
 1761.000000 1.407964
 1762.000000 1.402056
 1763.000000 1.397226
 1764.000000 1.394118
 1765.000000 1.393257
 1766.000000 1.394731
 1767.000000 1.398223
 1768.000000 1.403084
 1769.000000 1.408197
 1770.000000 1.412513
 1771.000000 1.415381
 1772.000000 1.416652
 1773.000000 1.416680
 1774.000000 1.416069
 1775.000000 1.415420
 1776.000000 1.415184
 1777.000000 1.415607
 1778.000000 1.416709
 1779.000000 1.418306
 1780.000000 1.419987
 1781.000000 1.421169
 1782.000000 1.421235
 1783.000000 1.419760
 1784.000000 1.416697
 1785.000000 1.412492
 1786.000000 1.407942
 1787.000000 1.403947
 1788.000000 1.401215
 1789.000000 1.400190
 1790.000000 1.400990
 1791.000000 1.403460
 1792.000000 1.407152
 1793.000000 1.411359
 1794.000000 1.415298
 1795.000000 1.418104
 1796.000000 1.419103
 1797.000000 1.418162
 1798.000000 1.415698
 1799.000000 1.412590
 1800.000000 1.409862
 1801.000000 1.408381
 1802.000000 1.408713
 1803.000000 1.411110
 1804.000000 1.415486
 1805.000000 1.421301
 1806.000000 1.427727
 1807.000000 1.433718
 1808.000000 1.438205
 1809.000000 1.440484
 1810.000000 1.440324
 1811.000000 1.438030
 1812.000000 1.434327
 1813.000000 1.430070
 1814.000000 1.426014
 1815.000000 1.422710
 1816.000000 1.420434
 1817.000000 1.419317
 1818.000000 1.419307
 1819.000000 1.420170
 1820.000000 1.421504
 1821.000000 1.422887
 1822.000000 1.424056
 1823.000000 1.425008
 1824.000000 1.425987
 1825.000000 1.427327
 1826.000000 1.429257
 1827.000000 1.431805
 1828.000000 1.434820
 1829.000000 1.438039
 1830.000000 1.441103
 1831.000000 1.443622
 1832.000000 1.445248
 1833.000000 1.445605
 1834.000000 1.444351
 1835.000000 1.441350
 1836.000000 1.436752
 1837.000000 1.431085
 1838.000000 1.425076
 1839.000000 1.419640
 1840.000000 1.415472
 1841.000000 1.413030
 1842.000000 1.412414
 1843.000000 1.413382
 1844.000000 1.415436
 1845.000000 1.417834
 1846.000000 1.419773
 1847.000000 1.420545
 1848.000000 1.419810
 1849.000000 1.417727
 1850.000000 1.414906
 1851.000000 1.412214
 1852.000000 1.410528
 1853.000000 1.410530
 1854.000000 1.412570
 1855.000000 1.416608
 1856.000000 1.422203
 1857.000000 1.428665
 1858.000000 1.435164
 1859.000000 1.440672
 1860.000000 1.444333
 1861.000000 1.445582
 1862.000000 1.444318
 1863.000000 1.440941
 1864.000000 1.436208
 1865.000000 1.431044
 1866.000000 1.426338
 1867.000000 1.422921
 1868.000000 1.421308
 1869.000000 1.421736
 1870.000000 1.423982
 1871.000000 1.427420
 1872.000000 1.431170
 1873.000000 1.434315
 1874.000000 1.436114
 1875.000000 1.436300
 1876.000000 1.435158
 1877.000000 1.433244
 1878.000000 1.431166
 1879.000000 1.429413
 1880.000000 1.428272
 1881.000000 1.427876
 1882.000000 1.428226
 1883.000000 1.429175
 1884.000000 1.430388
 1885.000000 1.431380
 1886.000000 1.431569
 1887.000000 1.430541
 1888.000000 1.428309
 1889.000000 1.425396
 1890.000000 1.422762
 1891.000000 1.421321
 1892.000000 1.421712
 1893.000000 1.424164
 1894.000000 1.428517
 1895.000000 1.434292
 1896.000000 1.440764
 1897.000000 1.447077
 1898.000000 1.452164
 1899.000000 1.454995
 1900.000000 1.454862
 1901.000000 1.451516
 1902.000000 1.445329
 1903.000000 1.437191
 1904.000000 1.428272
 1905.000000 1.419908
 1906.000000 1.413140
 1907.000000 1.408819
 1908.000000 1.407392
 1909.000000 1.408855
 1910.000000 1.412737
 1911.000000 1.418245
 1912.000000 1.424270
 1913.000000 1.429650
 1914.000000 1.433716
 1915.000000 1.436146
 1916.000000 1.437040
 1917.000000 1.436825
 1918.000000 1.436135
 1919.000000 1.435654
 1920.000000 1.435952
 1921.000000 1.437317
 1922.000000 1.439713
 1923.000000 1.442839
 1924.000000 1.446300
 1925.000000 1.449641
 1926.000000 1.452527
 1927.000000 1.454686
 1928.000000 1.455948
 1929.000000 1.456246
 1930.000000 1.455648
 1931.000000 1.454376
 1932.000000 1.452793
 1933.000000 1.451254
 1934.000000 1.450022
 1935.000000 1.449129
 1936.000000 1.448402
 1937.000000 1.447582
 1938.000000 1.446464
 1939.000000 1.444996
 1940.000000 1.443259
 1941.000000 1.441368
 1942.000000 1.439430
 1943.000000 1.437483
 1944.000000 1.435521
 1945.000000 1.433540
 1946.000000 1.431596
 1947.000000 1.429760
 1948.000000 1.428061
 1949.000000 1.426459
 1950.000000 1.424820
 1951.000000 1.422985
 1952.000000 1.420901
 1953.000000 1.418704
 1954.000000 1.416625
 1955.000000 1.414966
 1956.000000 1.414028
 1957.000000 1.413961
 1958.000000 1.414772
 1959.000000 1.416342
 1960.000000 1.418506
 1961.000000 1.421071
 1962.000000 1.423734
 1963.000000 1.426176
 1964.000000 1.428104
 1965.000000 1.429290
 1966.000000 1.429697
 1967.000000 1.429461
 1968.000000 1.428874
 1969.000000 1.428317
 1970.000000 1.428129
 1971.000000 1.428497
 1972.000000 1.429441
 1973.000000 1.430889
 1974.000000 1.432712
 1975.000000 1.434806
 1976.000000 1.437148
 1977.000000 1.439731
 1978.000000 1.442562
 1979.000000 1.445606
 1980.000000 1.448761
 1981.000000 1.451901
 1982.000000 1.454906
 1983.000000 1.457667
 1984.000000 1.459993
 1985.000000 1.461652
 1986.000000 1.462308
 1987.000000 1.461573
 1988.000000 1.459082
 1989.000000 1.454626
 1990.000000 1.448346
 1991.000000 1.440718
 1992.000000 1.432808
 1993.000000 1.425513
 1994.000000 1.419825
 1995.000000 1.416439
 1996.000000 1.415653
 1997.000000 1.417428
 1998.000000 1.421415
 1999.000000 1.426921
 2000.000000 1.432987
 2001.000000 1.438538
 2002.000000 1.442518
 2003.000000 1.444042
 2004.000000 1.442622
 2005.000000 1.438353
 2006.000000 1.431798
 2007.000000 1.423942
 2008.000000 1.415956
 2009.000000 1.409001
 2010.000000 1.404075
 2011.000000 1.401822
 2012.000000 1.402671
 2013.000000 1.406608
 2014.000000 1.413095
 2015.000000 1.421339
 2016.000000 1.430242
 2017.000000 1.438773
 2018.000000 1.446077
 2019.000000 1.451718
 2020.000000 1.455422
 2021.000000 1.457301
 2022.000000 1.457601
 2023.000000 1.456640
 2024.000000 1.454774
 2025.000000 1.452405
 2026.000000 1.449934
 2027.000000 1.447770
 2028.000000 1.446165
 2029.000000 1.445251
 2030.000000 1.445043
 2031.000000 1.445473
 2032.000000 1.446485
 2033.000000 1.448043
 2034.000000 1.450065
 2035.000000 1.452416
 2036.000000 1.454878
 2037.000000 1.457135
 2038.000000 1.458845
 2039.000000 1.459771
 2040.000000 1.459813
 2041.000000 1.459012
 2042.000000 1.457522
 2043.000000 1.455567
 2044.000000 1.453331
 2045.000000 1.451002
 2046.000000 1.448776
 2047.000000 1.446885
 2048.000000 1.445650
 2049.000000 1.445342
 2050.000000 1.446111
 2051.000000 1.447903
 2052.000000 1.450439
 2053.000000 1.453159
 2054.000000 1.455479
 2055.000000 1.456762
 2056.000000 1.456443
 2057.000000 1.454086
 2058.000000 1.449443
 2059.000000 1.442476
 2060.000000 1.433446
 2061.000000 1.423097
 2062.000000 1.412441
 2063.000000 1.402675
 2064.000000 1.394914
 2065.000000 1.390211
 2066.000000 1.388996
 2067.000000 1.391129
 2068.000000 1.396020
 2069.000000 1.402729
 2070.000000 1.410165
 2071.000000 1.417300
 2072.000000 1.423032
 2073.000000 1.426688
 2074.000000 1.427960
 2075.000000 1.426980
 2076.000000 1.424249
 2077.000000 1.420521
 2078.000000 1.416625
 2079.000000 1.413382
 2080.000000 1.411419
 2081.000000 1.411135
 2082.000000 1.412695
 2083.000000 1.416008
 2084.000000 1.420778
 2085.000000 1.426549
 2086.000000 1.432757
 2087.000000 1.438804
 2088.000000 1.444107
 2089.000000 1.448163
 2090.000000 1.450734
 2091.000000 1.451839
 2092.000000 1.451585
 2093.000000 1.450185
 2094.000000 1.447869
 2095.000000 1.444813
 2096.000000 1.441201
 2097.000000 1.437340
 2098.000000 1.433570
 2099.000000 1.430320
 2100.000000 1.428049
 2101.000000 1.427061
 2102.000000 1.427467
 2103.000000 1.429187
 2104.000000 1.432027
 2105.000000 1.435650
 2106.000000 1.439598
 2107.000000 1.443428
 2108.000000 1.446541
 2109.000000 1.448382
 2110.000000 1.448529
 2111.000000 1.446848
 2112.000000 1.443529
 2113.000000 1.439074
 2114.000000 1.434145
 2115.000000 1.429523
 2116.000000 1.425767
 2117.000000 1.423345
 2118.000000 1.422513
 2119.000000 1.423314
 2120.000000 1.425562
 2121.000000 1.428882
 2122.000000 1.432796
 2123.000000 1.436733
 2124.000000 1.440283
 2125.000000 1.443200
 2126.000000 1.445324
 2127.000000 1.446650
 2128.000000 1.447248
 2129.000000 1.447210
 2130.000000 1.446635
 2131.000000 1.445585
 2132.000000 1.444102
 2133.000000 1.442197
 2134.000000 1.439913
 2135.000000 1.437384
 2136.000000 1.434782
 2137.000000 1.432343
 2138.000000 1.430320
 2139.000000 1.428923
 2140.000000 1.428306
 2141.000000 1.428600
 2142.000000 1.429914
 2143.000000 1.432262
 2144.000000 1.435519
 2145.000000 1.439324
 2146.000000 1.443081
 2147.000000 1.446148
 2148.000000 1.447963
 2149.000000 1.448234
 2150.000000 1.447112
 2151.000000 1.445119
 2152.000000 1.442936
 2153.000000 1.441223
 2154.000000 1.440441
 2155.000000 1.440884
 2156.000000 1.442638
 2157.000000 1.445574
 2158.000000 1.449193
 2159.000000 1.452747
 2160.000000 1.455388
 2161.000000 1.456362
 2162.000000 1.455245
 2163.000000 1.452044
 2164.000000 1.447164
 2165.000000 1.441183
 2166.000000 1.434769
 2167.000000 1.428503
 2168.000000 1.423013
 2169.000000 1.418865
 2170.000000 1.416581
 2171.000000 1.416430
 2172.000000 1.418445
 2173.000000 1.422300
 2174.000000 1.427323
 2175.000000 1.432746
 2176.000000 1.437907
 2177.000000 1.442378
 2178.000000 1.445903
 2179.000000 1.448325
 2180.000000 1.449461
 2181.000000 1.449198
 2182.000000 1.447551
 2183.000000 1.444684
 2184.000000 1.440826
 2185.000000 1.436202
 2186.000000 1.431135
 2187.000000 1.425846
 2188.000000 1.420733
 2189.000000 1.416306
 2190.000000 1.413218
 2191.000000 1.412080
 2192.000000 1.413415
 2193.000000 1.417355
 2194.000000 1.423599
 2195.000000 1.431533
 2196.000000 1.440270
 2197.000000 1.448944
 2198.000000 1.456586
 2199.000000 1.462511
 2200.000000 1.466183
 2201.000000 1.467169
 2202.000000 1.465308
 2203.000000 1.460770
 2204.000000 1.454053
 2205.000000 1.446087
 2206.000000 1.438057
 2207.000000 1.431427
 2208.000000 1.427268
 2209.000000 1.426289
 2210.000000 1.428704
 2211.000000 1.434184
 2212.000000 1.442036
 2213.000000 1.451345
 2214.000000 1.460874
 2215.000000 1.469211
 2216.000000 1.474979
 2217.000000 1.476973
 2218.000000 1.474621
 2219.000000 1.468012
 2220.000000 1.457826
 2221.000000 1.445404
 2222.000000 1.432360
 2223.000000 1.420355
 2224.000000 1.410722
 2225.000000 1.404656
 2226.000000 1.402956
 2227.000000 1.405711
 2228.000000 1.412323
 2229.000000 1.421526
 2230.000000 1.431629
 2231.000000 1.440947
 2232.000000 1.447897
 2233.000000 1.451629
 2234.000000 1.451782
 2235.000000 1.448496
 2236.000000 1.442298
 2237.000000 1.434048
 2238.000000 1.424836
 2239.000000 1.415860
 2240.000000 1.408283
 2241.000000 1.403254
 2242.000000 1.401358
 2243.000000 1.402653
 2244.000000 1.406743
 2245.000000 1.413064
 2246.000000 1.420982
 2247.000000 1.429911
 2248.000000 1.439226
 2249.000000 1.448279
 2250.000000 1.456141
 2251.000000 1.462004
 2252.000000 1.465266
 2253.000000 1.465450
 2254.000000 1.462304
 2255.000000 1.455750
 2256.000000 1.445955
 2257.000000 1.433503
 2258.000000 1.419613
 2259.000000 1.406033
 2260.000000 1.394919
 2261.000000 1.387941
 2262.000000 1.386144
 2263.000000 1.389655
 2264.000000 1.397699
 2265.000000 1.408725
 2266.000000 1.421002
 2267.000000 1.432576
 2268.000000 1.441653
 2269.000000 1.446952
 2270.000000 1.447867
 2271.000000 1.444446
 2272.000000 1.437453
 2273.000000 1.428170
 2274.000000 1.418068
 2275.000000 1.408681
 2276.000000 1.401501
 2277.000000 1.397539
 2278.000000 1.397445
 2279.000000 1.401277
 2280.000000 1.408500
 2281.000000 1.417929
 2282.000000 1.428061
 2283.000000 1.437703
 2284.000000 1.445868
 2285.000000 1.451973
 2286.000000 1.455830
 2287.000000 1.457423
 2288.000000 1.456804
 2289.000000 1.454073
 2290.000000 1.449366
 2291.000000 1.443021
 2292.000000 1.435473
 2293.000000 1.427144
 2294.000000 1.418627
 2295.000000 1.410710
 2296.000000 1.404436
 2297.000000 1.400897
 2298.000000 1.401212
 2299.000000 1.405960
 2300.000000 1.414839
 2301.000000 1.426783
 2302.000000 1.440515
 2303.000000 1.454327
 2304.000000 1.466828
 2305.000000 1.476591
 2306.000000 1.482549
 2307.000000 1.484030
 2308.000000 1.480708
 2309.000000 1.472837
 2310.000000 1.461520
 2311.000000 1.448299
 2312.000000 1.434997
 2313.000000 1.423516
 2314.000000 1.415227
 2315.000000 1.411159
 2316.000000 1.411936
 2317.000000 1.417500
 2318.000000 1.426934
 2319.000000 1.438835
 2320.000000 1.451463
 2321.000000 1.463132
 2322.000000 1.472715
 2323.000000 1.479643
 2324.000000 1.483641
 2325.000000 1.484760
 2326.000000 1.483173
 2327.000000 1.479191
 2328.000000 1.473306
 2329.000000 1.466138
 2330.000000 1.458357
 2331.000000 1.450414
 2332.000000 1.442738
 2333.000000 1.435641
 2334.000000 1.429565
 2335.000000 1.425226
 2336.000000 1.423366
 2337.000000 1.424386
 2338.000000 1.428177
 2339.000000 1.434121
 2340.000000 1.441319
 2341.000000 1.448620
 2342.000000 1.455024
 2343.000000 1.459567
 2344.000000 1.461364
 2345.000000 1.459643
 2346.000000 1.454109
 2347.000000 1.445219
 2348.000000 1.434201
 2349.000000 1.422885
 2350.000000 1.413239
 2351.000000 1.406950
 2352.000000 1.405157
 2353.000000 1.408262
 2354.000000 1.415874
 2355.000000 1.426834
 2356.000000 1.439486
 2357.000000 1.451722
 2358.000000 1.461734
 2359.000000 1.468245
 2360.000000 1.470720
 2361.000000 1.469417
 2362.000000 1.464987
 2363.000000 1.458253
 2364.000000 1.450165
 2365.000000 1.441587
 2366.000000 1.433422
 2367.000000 1.426378
 2368.000000 1.421097
 2369.000000 1.417902
 2370.000000 1.416735
 2371.000000 1.417212
 2372.000000 1.418944
 2373.000000 1.421774
 2374.000000 1.425731
 2375.000000 1.430820
 2376.000000 1.436871
 2377.000000 1.443456
 2378.000000 1.449966
 2379.000000 1.455775
 2380.000000 1.460371
 2381.000000 1.463340
 2382.000000 1.464241
 2383.000000 1.462670
 2384.000000 1.458290
 2385.000000 1.451154
 2386.000000 1.441893
 2387.000000 1.431995
 2388.000000 1.423088
 2389.000000 1.416661
 2390.000000 1.413912
 2391.000000 1.415343
 2392.000000 1.420737
 2393.000000 1.429418
 2394.000000 1.440091
 2395.000000 1.451117
 2396.000000 1.460818
 2397.000000 1.467606
 2398.000000 1.470508
 2399.000000 1.469167
 2400.000000 1.463942
 2401.000000 1.455799
 2402.000000 1.446002
 2403.000000 1.435810
 2404.000000 1.426544
 2405.000000 1.419440
 2406.000000 1.415579
 2407.000000 1.415399
 2408.000000 1.418781
 2409.000000 1.425047
 2410.000000 1.433064
 2411.000000 1.441539
 2412.000000 1.449238
 2413.000000 1.455367
 2414.000000 1.459389
 2415.000000 1.461108
 2416.000000 1.460520
 2417.000000 1.457884
 2418.000000 1.453709
 2419.000000 1.448679
 2420.000000 1.443493
 2421.000000 1.438504
 2422.000000 1.433841
 2423.000000 1.429553
 2424.000000 1.425730
 2425.000000 1.422695
 2426.000000 1.420950
 2427.000000 1.420921
 2428.000000 1.422797
 2429.000000 1.426395
 2430.000000 1.431249
 2431.000000 1.436651
 2432.000000 1.441976
 2433.000000 1.446442
 2434.000000 1.449302
 2435.000000 1.449838
 2436.000000 1.447603
 2437.000000 1.442599
 2438.000000 1.435399
 2439.000000 1.427143
 2440.000000 1.419238
 2441.000000 1.413025
 2442.000000 1.409664
 2443.000000 1.409871
 2444.000000 1.413978
 2445.000000 1.421794
 2446.000000 1.432626
 2447.000000 1.445100
 2448.000000 1.457522
 2449.000000 1.468299
 2450.000000 1.476272
 2451.000000 1.480853
 2452.000000 1.481944
 2453.000000 1.479820
 2454.000000 1.474840
 2455.000000 1.467391
 2456.000000 1.457946
 2457.000000 1.447267
 2458.000000 1.436422
 2459.000000 1.426444
 2460.000000 1.418186
 2461.000000 1.412398
 2462.000000 1.409526
 2463.000000 1.409811
 2464.000000 1.413330
 2465.000000 1.419879
 2466.000000 1.428768
 2467.000000 1.438906
 2468.000000 1.449051
 2469.000000 1.458004
 2470.000000 1.464668
 2471.000000 1.468261
 2472.000000 1.468361
 2473.000000 1.464810
 2474.000000 1.457821
 2475.000000 1.447995
 2476.000000 1.436613
 2477.000000 1.425352
 2478.000000 1.415931
 2479.000000 1.409814
 2480.000000 1.407875
 2481.000000 1.410239
 2482.000000 1.416460
 2483.000000 1.425697
 2484.000000 1.436862
 2485.000000 1.448460
 2486.000000 1.458727
 2487.000000 1.466221
 2488.000000 1.470010
 2489.000000 1.469990
 2490.000000 1.466603
 2491.000000 1.460594
 2492.000000 1.452845
 2493.000000 1.444170
 2494.000000 1.435343
 2495.000000 1.427063
 2496.000000 1.419875
 2497.000000 1.414142
 2498.000000 1.409976
 2499.000000 1.407277
 2500.000000 1.405862
 2501.000000 1.405793
 2502.000000 1.407402
 2503.000000 1.411038
 2504.000000 1.416747
 2505.000000 1.424148
 2506.000000 1.432332
 2507.000000 1.440162
 2508.000000 1.446612
 2509.000000 1.450745
 2510.000000 1.451989
 2511.000000 1.450003
 2512.000000 1.444663
 2513.000000 1.436039
 2514.000000 1.424752
 2515.000000 1.412047
 2516.000000 1.399802
 2517.000000 1.390161
 2518.000000 1.385157
 2519.000000 1.385683
 2520.000000 1.391752
 2521.000000 1.402465
 2522.000000 1.416163
 2523.000000 1.430769
 2524.000000 1.444219
 2525.000000 1.454486
 2526.000000 1.459966
 2527.000000 1.459783
 2528.000000 1.454116
 2529.000000 1.444066
 2530.000000 1.431465
 2531.000000 1.418601
 2532.000000 1.407477
 2533.000000 1.399895
 2534.000000 1.397225
 2535.000000 1.399949
 2536.000000 1.407738
 2537.000000 1.419465
 2538.000000 1.433422
 2539.000000 1.447456
 2540.000000 1.459411
 2541.000000 1.467634
 2542.000000 1.471415
 2543.000000 1.470710
 2544.000000 1.466105
 2545.000000 1.458492
 2546.000000 1.448931
 2547.000000 1.438624
 2548.000000 1.428800
 2549.000000 1.420418
 2550.000000 1.414335
 2551.000000 1.411138
 2552.000000 1.410704
 2553.000000 1.412470
 2554.000000 1.415739
 2555.000000 1.420065
 2556.000000 1.425353
 2557.000000 1.431524
 2558.000000 1.438417
 2559.000000 1.445435
 2560.000000 1.451871
 2561.000000 1.457078
 2562.000000 1.460478
 2563.000000 1.461646
 2564.000000 1.460248
 2565.000000 1.456258
 2566.000000 1.449886
 2567.000000 1.441754
 2568.000000 1.432663
 2569.000000 1.423915
 2570.000000 1.416916
 2571.000000 1.412732
 2572.000000 1.412007
 2573.000000 1.414956
 2574.000000 1.421282
 2575.000000 1.430107
 2576.000000 1.440202
 2577.000000 1.449885
 2578.000000 1.457480
 2579.000000 1.461662
 2580.000000 1.461627
 2581.000000 1.457297
 2582.000000 1.449339
 2583.000000 1.439009
 2584.000000 1.427639
 2585.000000 1.416730
 2586.000000 1.407822
 2587.000000 1.402325
 2588.000000 1.401148
 2589.000000 1.404490
 2590.000000 1.411769
 2591.000000 1.421772
 2592.000000 1.432946
 2593.000000 1.443868
 2594.000000 1.453220
 2595.000000 1.460157
 2596.000000 1.464160
 2597.000000 1.465010
 2598.000000 1.462700
 2599.000000 1.457450
 2600.000000 1.449791
 2601.000000 1.440575
 2602.000000 1.430818
 2603.000000 1.421454
 2604.000000 1.413380
 2605.000000 1.407165
 2606.000000 1.403077
 2607.000000 1.401415
 2608.000000 1.402381
 2609.000000 1.406040
 2610.000000 1.412215
 2611.000000 1.420243
 2612.000000 1.429202
 2613.000000 1.437635
 2614.000000 1.444363
 2615.000000 1.448460
 2616.000000 1.449484
 2617.000000 1.447380
 2618.000000 1.442386
 2619.000000 1.435082
 2620.000000 1.426304
 2621.000000 1.417152
 2622.000000 1.408901
 2623.000000 1.402926
 2624.000000 1.400263
 2625.000000 1.401351
 2626.000000 1.405964
 2627.000000 1.413251
 2628.000000 1.421963
 2629.000000 1.430539
 2630.000000 1.437525
 2631.000000 1.441792
 2632.000000 1.442651
 2633.000000 1.440017
 2634.000000 1.434480
 2635.000000 1.427097
 2636.000000 1.419344
 2637.000000 1.412815
 2638.000000 1.408776
 2639.000000 1.407991
 2640.000000 1.410714
 2641.000000 1.416524
 2642.000000 1.424703
 2643.000000 1.433948
 2644.000000 1.442779
 2645.000000 1.449982
 2646.000000 1.454935
 2647.000000 1.457582
 2648.000000 1.458156
 2649.000000 1.457009
 2650.000000 1.454513
 2651.000000 1.451069
 2652.000000 1.447075
 2653.000000 1.442976
 2654.000000 1.439183
 2655.000000 1.435991
 2656.000000 1.433553
 2657.000000 1.431817
 2658.000000 1.430592
 2659.000000 1.429674
 2660.000000 1.429064
 2661.000000 1.429029
 2662.000000 1.429949
 2663.000000 1.432105
 2664.000000 1.435497
 2665.000000 1.439950
 2666.000000 1.445003
 2667.000000 1.450035
 2668.000000 1.454386
 2669.000000 1.457351
 2670.000000 1.458336
 2671.000000 1.456835
 2672.000000 1.452602
 2673.000000 1.445855
 2674.000000 1.437324
 2675.000000 1.428229
 2676.000000 1.420051
 2677.000000 1.414079
 2678.000000 1.411097
 2679.000000 1.411560
 2680.000000 1.415346
 2681.000000 1.421919
 2682.000000 1.430319
 2683.000000 1.439494
 2684.000000 1.448377
 2685.000000 1.455948
 2686.000000 1.461166
 2687.000000 1.463321
 2688.000000 1.462139
 2689.000000 1.457741
 2690.000000 1.450647
 2691.000000 1.441767
 2692.000000 1.432206
 2693.000000 1.423119
 2694.000000 1.415638
 2695.000000 1.410843
 2696.000000 1.409304
 2697.000000 1.411097
 2698.000000 1.415792
 2699.000000 1.422730
 2700.000000 1.431033
 2701.000000 1.439831
 2702.000000 1.448314
 2703.000000 1.455765
 2704.000000 1.461505
 2705.000000 1.465130
 2706.000000 1.466292
 2707.000000 1.464881
 2708.000000 1.461056
 2709.000000 1.455130
 2710.000000 1.447515
 2711.000000 1.438763
 2712.000000 1.429535
 2713.000000 1.420895
