#! FIELDS dist1 projection
#! SET min_dist1 0
#! SET max_dist1 5
#! SET nbins_dist1  51
#! SET periodic_dist1 false
    0.000000000 -324.156513793
    0.100000000 -1554.583478896
    0.200000000           -inf
    0.300000000           -inf
    0.400000000 -1608.437872015
    0.500000000 -1334.986611207
    0.600000000 -1122.252102438
    0.700000000 -642.676112236
    0.800000000 -275.079634140
    0.900000000 -604.930692544
    1.000000000 -667.567847023
    1.100000000 -437.385872664
    1.200000000 -231.683039794
    1.300000000 -120.051219371
    1.400000000  -73.867032978
    1.500000000  -45.960157069
    1.600000000  -46.639210039
    1.700000000  -31.956591699
    1.800000000  -32.020833839
    1.900000000  -32.535222491
    2.000000000  -27.548339057
    2.100000000  -24.137142994
    2.200000000  -21.520734246
    2.300000000  -20.014156922
    2.400000000  -19.839214662
    2.500000000  -19.691307409
    2.600000000  -19.664275639
    2.700000000  -19.659128387
    2.800000000  -19.659128164
    2.900000000  -19.659128164
    3.000000000  -19.659128164
    3.100000000  -19.659128164
    3.200000000  -19.659128164
    3.300000000  -19.659128164
    3.400000000  -19.659128164
    3.500000000  -19.659128164
    3.600000000  -19.659128164
    3.700000000  -19.659128164
    3.800000000  -19.659128164
    3.900000000  -19.659128164
    4.000000000  -19.659128164
    4.100000000  -19.659128164
    4.200000000  -19.659128164
    4.300000000  -19.659128164
    4.400000000  -19.659128164
    4.500000000  -19.659128164
    4.600000000  -19.659128164
    4.700000000  -19.659128164
    4.800000000  -19.659128164
    4.900000000  -19.659128164
    5.000000000  -19.659128164
