#! FIELDS time coord1.mean dist1 coord2.mean dist2
 0.000000 70.779396 0.208464 68.802561 0.311472
 1.000000 70.983824 0.200638 71.666710 0.249001
 2.000000 68.505152 0.257136 71.371203 0.271508
 3.000000 69.358871 0.240245 71.903051 0.253194
 4.000000 69.364209 0.214969 70.090088 0.264132
 5.000000 69.770239 0.249418 70.046530 0.275442
 6.000000 70.268787 0.247679 71.193504 0.256286
 7.000000 68.710813 0.269792 72.267840 0.216468
 8.000000 71.872628 0.162020 67.929203 0.336156
 9.000000 69.077067 0.234908 68.810778 0.305828
 10.000000 67.895115 0.283140 71.055118 0.232092
 11.000000 70.379264 0.191711 68.298064 0.314651
 12.000000 69.101874 0.224993 69.442297 0.300842
 13.000000 67.269599 0.250200 68.592606 0.294974
 14.000000 67.945090 0.260348 70.525600 0.245457
 15.000000 67.834042 0.285528 71.286436 0.213443
 16.000000 68.817506 0.217439 69.361216 0.259331
 17.000000 71.316624 0.154247 68.864321 0.290781
 18.000000 71.253375 0.158450 68.943897 0.288401
 19.000000 72.142367 0.127530 67.957232 0.325337
 20.000000 69.589438 0.207593 68.212153 0.294886
 21.000000 70.028502 0.186471 68.901562 0.275719
 22.000000 71.858318 0.172640 70.068094 0.306862
 23.000000 67.525642 0.281006 72.690178 0.212961
 24.000000 69.094808 0.253826 71.276608 0.240195
 25.000000 69.910828 0.225489 71.203218 0.228463
 26.000000 69.436290 0.278696 71.084451 0.281321
 27.000000 72.087210 0.184323 70.478383 0.304478
 28.000000 71.324575 0.199098 70.871185 0.294600
 29.000000 65.525198 0.293761 69.674394 0.237401
 30.000000 70.689236 0.196808 69.520037 0.299992
 31.000000 72.519123 0.152854 70.614864 0.300093
 32.000000 69.158600 0.262529 73.127731 0.185187
 33.000000 70.870235 0.133839 67.620687 0.340232
 34.000000 73.751644 0.134295 70.129528 0.324077
 35.000000 69.299682 0.239982 72.351888 0.215247
 36.000000 70.280672 0.212358 69.684617 0.254011
 37.000000 69.427065 0.276208 74.863146 0.224424
 38.000000 66.975779 0.257679 68.943688 0.266980
 39.000000 71.929316 0.145361 69.709860 0.291120
 40.000000 69.860169 0.195118 68.731937 0.296816
 41.000000 70.275042 0.174379 68.445599 0.312580
 42.000000 70.384962 0.229492 69.781208 0.272016
 43.000000 69.005650 0.198521 69.034002 0.286100
 44.000000 66.685901 0.313288 72.163083 0.200125
 45.000000 67.338020 0.263422 71.278762 0.225947
 46.000000 72.881099 0.115124 67.646045 0.401706
 47.000000 68.220360 0.309151 72.497604 0.235409
 48.000000 71.772388 0.133262 68.566061 0.330019
 49.000000 66.936735 0.306135 72.215370 0.201283
 50.000000 72.445241 0.134254 68.279878 0.338011
 51.000000 70.758069 0.117263 66.976539 0.328654
 52.000000 70.706243 0.205517 69.726076 0.298970
 53.000000 69.644147 0.214424 69.429397 0.311361
 54.000000 69.686174 0.160914 68.221027 0.319958
 55.000000 71.874673 0.225648 72.354308 0.268188
 56.000000 66.669955 0.354758 70.267005 0.287015
 57.000000 66.851594 0.354591 72.905809 0.256533
 58.000000 67.205077 0.375256 71.133036 0.272191
 59.000000 72.922199 0.101370 67.532036 0.337978
 60.000000 66.409553 0.282177 70.896716 0.196312
 61.000000 72.340358 0.168980 70.059836 0.288802
 62.000000 69.693550 0.207785 69.204841 0.295842
 63.000000 72.046587 0.140151 68.904886 0.333795
 64.000000 68.496899 0.192580 68.159764 0.315820
 65.000000 67.024326 0.319122 71.394355 0.239385
 66.000000 70.173758 0.257548 73.245164 0.237327
 67.000000 70.552528 0.154410 67.775549 0.316668
 68.000000 66.485424 0.288969 71.326229 0.251383
 69.000000 69.478931 0.134670 64.931596 0.327402
 70.000000 70.161569 0.199007 69.500474 0.278027
 71.000000 73.681818 0.125857 70.495633 0.302230
 72.000000 72.999575 0.217145 72.197827 0.267926
 73.000000 70.645959 0.255431 73.392226 0.233429
 74.000000 71.446854 0.158997 68.487285 0.332678
 75.000000 67.155344 0.272931 72.349495 0.203870
 76.000000 68.752793 0.261448 71.444855 0.211325
 77.000000 68.341459 0.309425 73.014630 0.211342
 78.000000 66.159638 0.324585 71.191348 0.263683
 79.000000 70.048247 0.271590 72.512380 0.253063
 80.000000 69.503031 0.221673 70.136523 0.275112
 81.000000 68.956989 0.204774 68.107448 0.296617
 82.000000 68.433213 0.264244 72.696083 0.239755
 83.000000 69.200877 0.203257 68.862151 0.307373
 84.000000 71.748075 0.097881 66.454193 0.367465
 85.000000 69.795164 0.217035 69.172612 0.291637
 86.000000 66.726565 0.316064 70.035870 0.247774
 87.000000 69.608030 0.198271 67.528675 0.326080
 88.000000 66.022988 0.305466 70.518583 0.230448
 89.000000 67.293593 0.319254 74.020071 0.206512
 90.000000 68.399796 0.298391 72.634686 0.184626
 91.000000 66.175665 0.322421 74.004804 0.163665
 92.000000 66.998142 0.316715 72.338468 0.209285
 93.000000 70.811110 0.194307 70.612160 0.270565
 94.000000 66.170882 0.353665 71.836529 0.253320
 95.000000 64.551815 0.312216 71.061724 0.203433
 96.000000 64.000985 0.413169 71.272063 0.260532
 97.000000 68.513344 0.328028 73.742910 0.181284
 98.000000 70.829237 0.298742 73.098064 0.201860
 99.000000 67.028395 0.366718 73.717933 0.189662
 100.000000 70.135942 0.320264 71.802475 0.253384
 101.000000 67.491897 0.308961 68.265671 0.279956
 102.000000 70.013002 0.312582 72.985708 0.211712
 103.000000 68.154062 0.353984 73.546629 0.202056
 104.000000 67.644711 0.344116 72.183782 0.221632
 105.000000 63.898711 0.431750 70.989618 0.272554
 106.000000 60.989196 0.474729 72.306685 0.223510
 107.000000 67.023026 0.388400 73.297006 0.209622
 108.000000 62.604075 0.441995 73.260855 0.190130
 109.000000 64.808655 0.419456 73.438100 0.227042
 110.000000 70.347316 0.300023 71.305919 0.253235
 111.000000 74.524691 0.197293 72.272575 0.271493
 112.000000 72.480533 0.230339 72.893231 0.230275
 113.000000 70.659528 0.282331 73.555372 0.181384
 114.000000 72.597757 0.194774 69.720622 0.313988
 115.000000 72.162811 0.243121 72.547333 0.204386
 116.000000 63.102374 0.453975 73.262775 0.220094
 117.000000 69.028009 0.346490 75.825341 0.176846
 118.000000 73.363934 0.191172 70.358938 0.255637
 119.000000 70.699872 0.267873 70.061064 0.261243
 120.000000 75.011602 0.183314 72.528597 0.284198
 121.000000 72.662319 0.235122 72.381019 0.226199
 122.000000 64.240448 0.455231 77.155888 0.151289
 123.000000 61.083732 0.522579 75.724366 0.183680
 124.000000 59.984166 0.499975 73.359554 0.207552
 125.000000 62.560882 0.469524 71.801022 0.239114
 126.000000 67.578115 0.370029 74.191661 0.172669
 127.000000 72.767125 0.204045 70.026612 0.278778
 128.000000 70.148458 0.271229 71.445692 0.249719
 129.000000 73.715637 0.240797 72.697392 0.233559
 130.000000 69.250213 0.348633 74.036174 0.196157
 131.000000 68.839934 0.317768 71.616448 0.250650
 132.000000 64.132327 0.425297 72.938918 0.248391
 133.000000 64.487139 0.407594 71.664033 0.247640
 134.000000 68.234107 0.344515 71.948192 0.281124
 135.000000 73.226582 0.173892 68.359625 0.306925
 136.000000 73.396382 0.143128 69.530215 0.309085
 137.000000 75.788355 0.161723 71.859034 0.301446
 138.000000 74.772160 0.128525 69.640477 0.321379
 139.000000 74.535256 0.156397 69.982608 0.307175
 140.000000 71.721369 0.297820 70.640385 0.280986
 141.000000 70.377458 0.304530 73.596208 0.198202
 142.000000 73.782045 0.179495 69.573637 0.304499
 143.000000 72.992323 0.227051 72.673835 0.241451
 144.000000 72.219399 0.269174 72.851008 0.234316
 145.000000 61.033345 0.486617 73.271300 0.232206
 146.000000 64.930555 0.360736 67.792792 0.323627
 147.000000 63.809780 0.451031 75.885072 0.202909
 148.000000 60.651603 0.450122 72.993860 0.210860
 149.000000 67.700378 0.363620 70.512936 0.272824
 150.000000 60.483537 0.511358 73.161878 0.219051
 151.000000 58.755372 0.555872 76.246102 0.142472
 152.000000 58.955716 0.531201 73.821331 0.231943
 153.000000 59.447322 0.546935 76.635649 0.137735
 154.000000 64.092352 0.404711 73.827946 0.163050
 155.000000 75.945067 0.144070 71.246538 0.283138
 156.000000 66.788455 0.383511 75.240519 0.161490
 157.000000 70.441707 0.330814 74.835651 0.193990
 158.000000 70.370179 0.284933 73.999638 0.187977
 159.000000 68.573738 0.299017 72.235582 0.198991
 160.000000 74.195390 0.162236 70.131402 0.306038
 161.000000 67.636161 0.333020 73.273626 0.189733
 162.000000 64.984324 0.412727 75.378283 0.176194
 163.000000 73.031025 0.186939 70.610439 0.268564
 164.000000 67.554581 0.375232 75.360897 0.176492
 165.000000 61.844161 0.458539 74.588676 0.151911
 166.000000 63.476587 0.390931 70.705287 0.227750
 167.000000 68.592638 0.268265 70.983151 0.214934
 168.000000 69.967223 0.240257 71.708187 0.248881
 169.000000 68.786526 0.268055 70.319394 0.237096
 170.000000 73.305099 0.120760 67.620008 0.341346
 171.000000 64.234415 0.375086 72.626734 0.204294
 172.000000 67.719289 0.243984 68.189569 0.299130
 173.000000 72.877226 0.110632 68.624231 0.352884
 174.000000 69.575915 0.224327 69.714807 0.257858
 175.000000 65.281534 0.356993 70.496320 0.246372
 176.000000 67.232555 0.222583 68.015516 0.263859
 177.000000 70.443543 0.149427 66.689259 0.330989
 178.000000 66.796911 0.229470 67.004145 0.277228
 179.000000 66.026072 0.262060 69.734736 0.222666
 180.000000 68.007251 0.237062 67.190423 0.308541
 181.000000 72.134468 0.126789 67.163675 0.360682
 182.000000 72.692314 0.070655 66.256986 0.367648
 183.000000 67.374642 0.335962 73.357698 0.197883
 184.000000 68.061268 0.272857 70.293093 0.251303
 185.000000 69.276640 0.210992 69.551802 0.280934
 186.000000 70.747671 0.220308 69.475311 0.275796
 187.000000 67.934385 0.307436 73.523643 0.189478
 188.000000 69.877390 0.211458 69.319501 0.279825
 189.000000 71.445763 0.140418 68.078873 0.350720
 190.000000 68.339586 0.185020 68.285642 0.258014
 191.000000 70.404115 0.198945 70.166781 0.300394
 192.000000 72.072181 0.190342 70.233660 0.314032
 193.000000 72.486366 0.087712 67.367911 0.370607
 194.000000 69.552258 0.185126 67.398553 0.333112
 195.000000 73.723053 0.184019 71.591006 0.304680
 196.000000 72.189956 0.132229 69.525580 0.323957
 197.000000 67.831111 0.230552 68.756510 0.294209
 198.000000 67.705564 0.263381 69.858785 0.273018
 199.000000 65.893568 0.347930 69.437180 0.270682
 200.000000 65.891371 0.312720 71.521562 0.182478
 201.000000 72.309912 0.093251 66.496557 0.360020
 202.000000 74.697309 0.127345 67.465248 0.372098
 203.000000 71.575109 0.278688 73.049006 0.289079
 204.000000 69.160907 0.178268 68.056029 0.299056
 205.000000 70.391758 0.253149 71.902774 0.247693
 206.000000 72.800733 0.112903 67.757544 0.383442
 207.000000 70.040327 0.187482 68.757280 0.312333
 208.000000 70.579109 0.158374 68.209155 0.302594
 209.000000 66.372748 0.285168 70.228351 0.236564
 210.000000 65.688295 0.306567 72.374451 0.211032
 211.000000 64.797172 0.325710 69.051606 0.263384
 212.000000 66.098495 0.280415 69.561134 0.227039
 213.000000 61.503489 0.493548 72.267373 0.250510
 214.000000 59.323466 0.540605 76.039114 0.238253
 215.000000 63.400078 0.322745 70.268224 0.178201
 216.000000 66.075303 0.289106 70.675111 0.226759
 217.000000 65.232280 0.294150 69.212041 0.232585
 218.000000 70.415084 0.221127 70.804904 0.267763
 219.000000 64.870662 0.329372 72.104484 0.192890
 220.000000 69.652676 0.210268 69.960193 0.245484
 221.000000 68.484267 0.248143 71.097228 0.226370
 222.000000 72.938437 0.129832 69.763631 0.294980
 223.000000 68.015737 0.183779 66.194824 0.315902
 224.000000 67.160834 0.278645 69.871887 0.218809
 225.000000 70.920343 0.257954 72.387955 0.255679
 226.000000 66.994185 0.287794 71.770790 0.212506
 227.000000 68.689140 0.217244 69.475273 0.269214
 228.000000 71.330956 0.234994 72.016677 0.256099
 229.000000 68.940061 0.183780 68.425835 0.302118
 230.000000 67.417981 0.206395 67.529531 0.272602
 231.000000 74.224679 0.101002 68.520335 0.373147
 232.000000 71.906044 0.180161 68.650910 0.303934
 233.000000 72.807667 0.092072 67.878072 0.331205
 234.000000 74.083704 0.061809 67.923335 0.357558
 235.000000 73.864615 0.074915 64.927436 0.437149
 236.000000 70.030024 0.135987 66.880370 0.304962
 237.000000 66.624832 0.264518 67.490865 0.307449
 238.000000 62.382510 0.464805 75.846481 0.180162
 239.000000 65.861558 0.410916 72.466917 0.288597
 240.000000 72.095883 0.130191 68.364619 0.347910
 241.000000 67.071431 0.179861 65.383902 0.311541
 242.000000 70.277488 0.163420 67.957948 0.326055
 243.000000 68.794827 0.233474 68.879134 0.298180
 244.000000 68.351507 0.234637 70.556802 0.217351
 245.000000 68.208846 0.207591 68.312346 0.266312
 246.000000 69.173431 0.236897 69.356010 0.270937
 247.000000 70.698000 0.185735 69.735220 0.276614
 248.000000 73.369894 0.112651 68.470224 0.360344
 249.000000 69.940292 0.142060 66.654258 0.332332
 250.000000 67.988919 0.301477 72.090528 0.253056
 251.000000 72.518840 0.088798 67.036379 0.328717
 252.000000 69.365861 0.165544 67.885368 0.320456
 253.000000 72.406286 0.156449 67.168727 0.366911
 254.000000 70.897007 0.240246 71.265286 0.277100
 255.000000 66.681840 0.251774 68.473777 0.260740
 256.000000 71.972753 0.105654 67.331439 0.321676
 257.000000 69.219974 0.157106 65.921316 0.354392
 258.000000 68.426581 0.272181 72.356939 0.215787
 259.000000 63.301852 0.394452 73.930666 0.154040
 260.000000 66.373611 0.284497 68.451416 0.261733
 261.000000 66.024984 0.297494 69.501571 0.222391
 262.000000 69.234892 0.237149 73.408381 0.225061
 263.000000 69.971969 0.253273 71.525645 0.281268
 264.000000 62.598365 0.416844 72.022082 0.239585
 265.000000 66.524759 0.386853 73.550371 0.238258
 266.000000 58.464107 0.519696 74.742126 0.203229
 267.000000 59.133934 0.545196 77.111329 0.159222
 268.000000 61.594734 0.485191 71.492763 0.279808
 269.000000 62.896094 0.426425 71.094020 0.263026
 270.000000 59.441060 0.517539 74.001559 0.182574
 271.000000 61.994662 0.484038 73.357327 0.206959
 272.000000 58.034919 0.543694 75.077631 0.141411
 273.000000 61.449898 0.491211 74.973910 0.162195
 274.000000 52.414520 0.618132 77.818264 0.097227
 275.000000 57.929934 0.560847 76.876319 0.129723
 276.000000 58.501950 0.509362 74.329134 0.177829
 277.000000 64.707253 0.320676 71.324996 0.217827
 278.000000 71.553215 0.227299 71.077182 0.278649
 279.000000 73.022445 0.106262 66.288546 0.373894
 280.000000 67.454536 0.186984 66.274964 0.296050
 281.000000 70.930604 0.188028 70.378602 0.297851
 282.000000 67.814855 0.253592 70.848006 0.233425
 283.000000 74.546777 0.103000 67.691334 0.379017
 284.000000 64.794239 0.340598 68.306558 0.282606
 285.000000 69.457150 0.226579 68.846009 0.324093
 286.000000 60.178424 0.495286 72.745819 0.218344
 287.000000 58.855950 0.552946 75.133604 0.155792
 288.000000 58.566853 0.496324 74.182647 0.153261
 289.000000 56.471954 0.542632 72.503918 0.175898
 290.000000 60.073545 0.519213 75.670958 0.145924
 291.000000 65.472448 0.346652 74.673009 0.159532
 292.000000 63.043240 0.448807 72.007084 0.242280
 293.000000 61.091291 0.496584 74.891779 0.213262
 294.000000 63.671330 0.370005 72.615535 0.193517
 295.000000 66.769755 0.220502 66.286049 0.268417
 296.000000 64.028526 0.380033 69.900995 0.265556
 297.000000 56.307523 0.518272 72.293776 0.138068
 298.000000 74.692861 0.090440 69.044711 0.355228
 299.000000 70.767566 0.139155 66.296677 0.384604
 300.000000 64.722949 0.286272 68.962817 0.225063
 301.000000 64.185066 0.386592 71.610420 0.232454
 302.000000 58.531072 0.579942 78.424032 0.147863
 303.000000 56.151324 0.579744 73.766545 0.187016
 304.000000 65.809776 0.273904 69.152129 0.221499
 305.000000 68.232217 0.261419 70.883683 0.235788
 306.000000 71.824949 0.155744 68.161482 0.340454
 307.000000 68.698578 0.240359 69.650506 0.259378
 308.000000 66.510999 0.323005 74.432047 0.181170
 309.000000 68.114231 0.156086 66.389057 0.314620
 310.000000 67.009186 0.280316 71.584714 0.224613
 311.000000 73.831396 0.089958 67.011627 0.371708
 312.000000 72.319445 0.155655 68.763360 0.349512
 313.000000 67.147154 0.233974 69.197733 0.259674
 314.000000 72.964083 0.190541 71.310061 0.300442
 315.000000 68.462216 0.207594 70.245569 0.284184
 316.000000 68.264434 0.310145 74.161573 0.189713
 317.000000 69.557573 0.294485 74.409777 0.226649
 318.000000 72.357733 0.073035 65.658618 0.378461
 319.000000 67.962180 0.211723 68.565996 0.283314
 320.000000 71.232943 0.210716 70.495939 0.308207
 321.000000 74.854677 0.227447 71.868796 0.352731
 322.000000 67.706062 0.219091 68.190056 0.304453
 323.000000 71.087183 0.212840 70.167845 0.297316
 324.000000 70.421196 0.162951 68.355970 0.328655
 325.000000 67.594320 0.283848 70.019611 0.266877
 326.000000 70.427059 0.212234 69.696460 0.286950
 327.000000 67.769540 0.284866 70.451394 0.248137
 328.000000 68.296512 0.184188 67.216655 0.317319
 329.000000 71.465474 0.210842 70.884049 0.277969
 330.000000 68.544442 0.214138 70.462877 0.223546
 331.000000 68.341738 0.261651 70.765999 0.197447
 332.000000 69.478191 0.151809 66.405027 0.339065
 333.000000 74.722605 0.090165 69.186652 0.361139
 334.000000 73.268372 0.082728 67.133776 0.372680
 335.000000 73.557886 0.121257 70.227329 0.299803
 336.000000 70.451082 0.226541 71.230978 0.258614
 337.000000 74.337337 0.051594 64.478188 0.436897
 338.000000 73.325362 0.082190 68.352703 0.341809
 339.000000 74.385204 0.082003 68.635077 0.393753
 340.000000 68.652507 0.244623 70.101408 0.248393
 341.000000 65.448747 0.354688 70.361901 0.252737
 342.000000 69.496325 0.224762 70.251441 0.234490
 343.000000 71.048875 0.165861 67.346917 0.323133
 344.000000 71.297284 0.119138 66.174973 0.345471
 345.000000 72.815745 0.131249 69.852688 0.325037
 346.000000 72.313721 0.153334 69.453668 0.325830
 347.000000 68.995792 0.279816 73.214937 0.204166
 348.000000 69.689483 0.200239 67.501304 0.325913
 349.000000 70.020166 0.256385 71.068219 0.236909
 350.000000 68.802448 0.199971 67.949740 0.310813
 351.000000 72.367982 0.050251 65.060443 0.387842
 352.000000 70.844030 0.147257 67.995095 0.321052
 353.000000 66.775747 0.314276 71.224029 0.227842
 354.000000 70.702432 0.268793 73.932951 0.187071
 355.000000 72.302435 0.170676 72.213850 0.264632
 356.000000 71.795487 0.168808 68.970127 0.314014
 357.000000 64.102953 0.334091 70.266505 0.232127
 358.000000 72.559640 0.188816 70.650130 0.269134
 359.000000 73.290469 0.144518 70.481042 0.329671
 360.000000 68.119643 0.252687 69.600146 0.247997
 361.000000 62.648290 0.377455 69.529093 0.261973
 362.000000 67.605404 0.257296 69.848796 0.252665
 363.000000 62.892349 0.354029 70.665146 0.205877
 364.000000 66.745708 0.247872 70.217577 0.230405
 365.000000 70.760033 0.217388 71.602770 0.253508
 366.000000 70.237783 0.079913 64.356111 0.361313
 367.000000 70.047139 0.176085 67.535338 0.295192
 368.000000 72.448485 0.215836 72.520365 0.264355
 369.000000 71.736892 0.212161 71.659292 0.282317
 370.000000 73.289164 0.118443 67.402009 0.358997
 371.000000 73.840584 0.129131 70.372747 0.339344
 372.000000 71.603699 0.087955 66.835662 0.372974
 373.000000 68.227798 0.298960 71.501959 0.251557
 374.000000 67.569391 0.304357 73.369923 0.209291
 375.000000 76.208411 0.128629 69.542485 0.403291
 376.000000 75.567985 0.105001 65.611745 0.467989
 377.000000 75.979836 0.096252 64.926131 0.461369
 378.000000 74.929092 0.183360 66.698011 0.439545
 379.000000 73.302257 0.194364 69.890708 0.360244
 380.000000 74.496951 0.189415 69.078949 0.391798
 381.000000 71.949497 0.205378 67.500480 0.391478
 382.000000 73.290143 0.160330 70.286720 0.329722
 383.000000 67.944418 0.222898 67.574343 0.323765
 384.000000 66.884547 0.200371 66.370160 0.289612
 385.000000 67.176786 0.277600 70.679005 0.218515
 386.000000 74.342482 0.237606 73.335978 0.297416
 387.000000 66.592794 0.287331 72.136790 0.223070
 388.000000 69.014319 0.158485 66.005661 0.341488
 389.000000 70.573775 0.125715 66.845912 0.338034
 390.000000 68.419506 0.175355 67.074936 0.335901
 391.000000 67.110386 0.234727 68.284493 0.276905
 392.000000 67.734287 0.194037 66.751817 0.323674
 393.000000 68.669590 0.226139 69.437911 0.292289
 394.000000 74.518528 0.105122 65.534400 0.448953
 395.000000 67.953404 0.303495 72.648640 0.228677
 396.000000 61.975196 0.403772 70.618609 0.254391
 397.000000 74.138388 0.132501 70.507468 0.304908
 398.000000 65.560172 0.248388 66.873887 0.289034
 399.000000 64.706393 0.420219 71.139148 0.253914
 400.000000 61.156119 0.454550 72.255325 0.208006
 401.000000 61.279382 0.417804 70.248068 0.223526
 402.000000 63.750727 0.405247 71.809013 0.231208
 403.000000 62.896509 0.396480 71.107391 0.216160
 404.000000 65.625236 0.332695 73.433158 0.154113
 405.000000 59.008369 0.472269 73.380439 0.161890
 406.000000 68.463779 0.263585 70.349735 0.244146
 407.000000 62.219769 0.394068 70.356938 0.283512
 408.000000 66.430814 0.355212 69.856493 0.306233
 409.000000 62.434129 0.418876 70.807876 0.245457
 410.000000 69.466380 0.211674 69.925107 0.285329
 411.000000 68.957113 0.185726 69.591727 0.264090
 412.000000 69.003307 0.187775 68.195163 0.318614
 413.000000 67.507673 0.232528 67.770235 0.299788
 414.000000 64.830358 0.361408 70.401925 0.275341
 415.000000 58.113742 0.478026 72.649833 0.157778
 416.000000 64.691080 0.290608 67.754693 0.233780
 417.000000 70.835635 0.326748 75.948042 0.249916
 418.000000 65.257624 0.277902 70.883985 0.240058
 419.000000 67.332876 0.234395 65.845738 0.327843
 420.000000 63.709094 0.379208 73.091300 0.213719
 421.000000 72.601644 0.069148 65.980975 0.361364
 422.000000 73.797056 0.108008 66.956833 0.377920
 423.000000 70.232285 0.150077 68.052063 0.316222
 424.000000 73.308781 0.056052 65.426851 0.411399
 425.000000 70.704443 0.224078 69.867449 0.307041
 426.000000 71.357212 0.070119 64.844391 0.396483
 427.000000 70.343472 0.170107 68.907820 0.298651
 428.000000 69.274784 0.177533 67.453472 0.317658
 429.000000 73.257150 0.094642 67.669712 0.372409
 430.000000 66.327380 0.216424 68.082122 0.261002
 431.000000 69.606486 0.154097 66.211574 0.341138
 432.000000 68.294185 0.159202 67.597688 0.282187
 433.000000 73.297186 0.119549 67.908068 0.340837
 434.000000 65.742865 0.268853 68.903010 0.228909
 435.000000 70.812367 0.136166 67.468093 0.343003
 436.000000 67.616116 0.218238 68.019089 0.310549
 437.000000 73.850375 0.154334 72.949745 0.278208
 438.000000 65.699407 0.245123 66.146076 0.284699
 439.000000 72.404734 0.177751 72.114852 0.257248
 440.000000 67.239231 0.280504 70.879084 0.227725
 441.000000 69.286351 0.217827 69.615061 0.297045
 442.000000 72.983796 0.191368 69.953321 0.305652
 443.000000 67.313796 0.210371 67.780521 0.281166
 444.000000 63.497256 0.310489 69.623555 0.189883
 445.000000 70.220749 0.269851 71.980953 0.288751
 446.000000 70.426104 0.220142 70.023194 0.287890
 447.000000 72.728354 0.238558 71.429874 0.310975
 448.000000 72.020164 0.187053 69.647189 0.316122
 449.000000 65.974103 0.248339 68.630341 0.258786
 450.000000 67.476630 0.305375 71.947849 0.233389
 451.000000 71.010206 0.302379 73.915794 0.287460
 452.000000 71.584779 0.291483 72.434861 0.324409
 453.000000 69.419042 0.312101 74.741605 0.180271
 454.000000 69.680608 0.272540 71.550112 0.241186
 455.000000 70.697198 0.081133 65.490834 0.367552
 456.000000 62.278247 0.378728 68.826183 0.247553
 457.000000 58.810462 0.502451 71.674716 0.216822
 458.000000 62.971799 0.482477 74.212219 0.224314
 459.000000 62.262658 0.497603 74.926951 0.197285
 460.000000 63.678850 0.461104 77.007219 0.145038
 461.000000 59.699857 0.489644 72.683987 0.193739
 462.000000 60.305311 0.492889 71.758534 0.225320
 463.000000 61.241653 0.458655 73.937424 0.177378
 464.000000 62.138772 0.458549 73.958597 0.197336
 465.000000 63.683419 0.440695 72.854552 0.268946
 466.000000 62.902903 0.383223 73.179423 0.161559
 467.000000 69.889930 0.207166 70.463298 0.245384
 468.000000 65.876606 0.253694 66.666486 0.275612
 469.000000 66.800088 0.242678 68.202449 0.260702
 470.000000 63.029444 0.376203 69.686707 0.237615
 471.000000 64.334650 0.376510 71.076105 0.222167
 472.000000 65.245579 0.247681 66.048778 0.260825
 473.000000 69.613604 0.148554 66.710230 0.312123
 474.000000 67.306621 0.269365 70.282368 0.234716
 475.000000 64.960116 0.285500 69.548068 0.230904
 476.000000 70.244586 0.128856 68.421035 0.297567
 477.000000 70.651172 0.137532 66.962823 0.330492
 478.000000 72.400123 0.088380 66.859647 0.363473
 479.000000 73.508088 0.039071 64.859287 0.439427
 480.000000 62.960594 0.313179 66.130938 0.278146
 481.000000 67.506384 0.174021 66.042375 0.324551
 482.000000 72.397734 0.147074 68.077277 0.346481
 483.000000 73.786349 0.135441 70.393881 0.320713
 484.000000 68.765409 0.200019 68.074561 0.310596
 485.000000 70.641656 0.117792 66.765710 0.330706
 486.000000 66.191510 0.296150 69.267828 0.225938
 487.000000 66.643905 0.239001 68.592616 0.261887
 488.000000 67.540365 0.189342 65.766588 0.295735
 489.000000 69.928071 0.230341 70.287342 0.237817
 490.000000 63.530970 0.377879 70.050217 0.229715
 491.000000 60.371874 0.448518 72.172034 0.208472
 492.000000 66.467764 0.390053 71.588529 0.302050
 493.000000 59.061596 0.540992 77.608108 0.112203
 494.000000 67.382620 0.375153 74.479289 0.202160
 495.000000 72.288878 0.257272 72.250627 0.270997
 496.000000 67.877446 0.341065 73.862009 0.223915
 497.000000 63.670589 0.416247 70.724393 0.250877
 498.000000 73.268265 0.244068 72.207357 0.229142
 499.000000 71.629320 0.285120 70.668253 0.282170
 500.000000 64.400720 0.460132 76.972622 0.173609
 501.000000 71.198028 0.283230 72.238755 0.232200
 502.000000 69.172659 0.333102 72.387330 0.264878
 503.000000 66.998230 0.374529 72.145878 0.242825
 504.000000 73.218116 0.244160 71.406724 0.265938
 505.000000 73.673858 0.193586 71.897640 0.266779
 506.000000 74.672865 0.196859 72.152382 0.260027
 507.000000 71.554006 0.281845 72.936365 0.218390
 508.000000 67.789012 0.385208 73.077850 0.226931
 509.000000 62.570476 0.485709 74.649647 0.193043
 510.000000 71.005411 0.299103 73.516818 0.224542
 511.000000 65.508708 0.412296 74.390470 0.165274
 512.000000 57.117034 0.601939 77.985974 0.110448
 513.000000 61.097510 0.561957 76.608954 0.206801
 514.000000 59.577697 0.514803 74.752328 0.196213
 515.000000 66.406857 0.404760 72.391992 0.277281
 516.000000 65.538888 0.408856 73.523901 0.209580
 517.000000 55.726506 0.556993 74.170287 0.146022
 518.000000 64.523220 0.409976 70.079932 0.252677
 519.000000 73.830394 0.249832 73.507244 0.246694
 520.000000 70.381924 0.313102 74.577658 0.203301
 521.000000 66.292698 0.397266 74.260296 0.196162
 522.000000 66.640061 0.406617 74.734199 0.217777
 523.000000 64.911107 0.382835 69.909968 0.260427
 524.000000 68.952698 0.354852 76.320323 0.141013
 525.000000 67.096780 0.418537 76.855949 0.170989
 526.000000 72.342005 0.288909 74.625743 0.230118
 527.000000 70.272980 0.327559 73.856287 0.217027
 528.000000 64.914377 0.426948 74.442298 0.251263
 529.000000 71.976833 0.290253 73.828167 0.225762
 530.000000 74.154385 0.157780 71.058534 0.283960
 531.000000 74.058092 0.219966 72.698302 0.284157
 532.000000 70.999406 0.269207 72.302156 0.253629
 533.000000 67.059891 0.332463 72.577843 0.198013
 534.000000 70.268335 0.299219 75.879051 0.174424
 535.000000 63.686123 0.425203 70.253290 0.278423
 536.000000 67.065894 0.388910 73.908904 0.253168
 537.000000 73.678910 0.195336 70.736297 0.266834
 538.000000 71.925643 0.279078 72.845756 0.259145
 539.000000 75.412253 0.184722 72.857312 0.258203
 540.000000 75.672770 0.107362 69.755679 0.340758
 541.000000 73.815141 0.167626 70.803391 0.312721
 542.000000 75.566982 0.166692 70.537231 0.310536
 543.000000 74.079565 0.217920 73.259551 0.243529
 544.000000 74.246120 0.222720 74.041981 0.228720
 545.000000 74.744935 0.172486 71.924551 0.274406
 546.000000 75.840085 0.145546 70.936669 0.312899
 547.000000 74.819927 0.132292 66.686250 0.369282
 548.000000 73.092188 0.242616 73.923389 0.213426
 549.000000 70.835118 0.253639 72.799076 0.199068
 550.000000 75.871743 0.169929 73.098007 0.288021
 551.000000 68.118775 0.371862 74.273694 0.202153
 552.000000 59.375793 0.512535 73.760330 0.165801
 553.000000 68.502795 0.340386 72.243449 0.279337
 554.000000 68.784401 0.378981 77.604024 0.174235
 555.000000 70.348832 0.302142 73.122876 0.228537
 556.000000 73.264865 0.271766 72.472733 0.283794
 557.000000 75.164036 0.173103 71.351564 0.291109
 558.000000 72.130095 0.210095 69.695284 0.313697
 559.000000 71.949537 0.306065 74.131101 0.230698
 560.000000 57.772619 0.560364 75.092850 0.152473
 561.000000 53.896723 0.654395 77.040928 0.133459
 562.000000 58.714803 0.563785 75.651965 0.206547
 563.000000 57.366712 0.570414 77.491215 0.153919
 564.000000 61.948739 0.516772 77.196617 0.144169
 565.000000 57.978940 0.599109 80.347429 0.118527
 566.000000 57.673488 0.573173 75.874382 0.186542
 567.000000 55.733285 0.567685 75.915605 0.131388
 568.000000 65.502649 0.429854 75.437841 0.185304
 569.000000 65.213623 0.427368 74.375259 0.223968
 570.000000 60.793196 0.488222 73.377052 0.212584
 571.000000 60.128818 0.520559 76.066767 0.151714
 572.000000 58.894078 0.556397 77.356933 0.141761
 573.000000 57.898522 0.594338 76.690772 0.153304
 574.000000 59.466410 0.527899 74.143095 0.175867
 575.000000 58.338780 0.548236 76.534596 0.123457
 576.000000 55.230121 0.587298 73.258891 0.193956
 577.000000 58.342719 0.515709 74.273734 0.190705
 578.000000 57.962263 0.432449 69.343644 0.216082
 579.000000 53.453502 0.647281 76.877481 0.115108
 580.000000 56.052671 0.568330 75.526595 0.115437
 581.000000 60.625091 0.526221 75.194552 0.187880
 582.000000 52.148318 0.654231 74.122193 0.199072
 583.000000 65.378192 0.342841 70.207713 0.233008
 584.000000 65.471675 0.291165 69.215665 0.279503
 585.000000 56.964450 0.553296 73.526672 0.164920
 586.000000 60.069660 0.443808 71.686288 0.209382
 587.000000 70.415362 0.219179 71.961198 0.274071
 588.000000 64.849293 0.293539 69.514363 0.230651
 589.000000 59.551361 0.515326 73.806287 0.206963
 590.000000 58.918754 0.505837 72.766533 0.207059
 591.000000 56.946845 0.544460 74.903380 0.159698
 592.000000 51.096537 0.652861 75.250427 0.127072
 593.000000 63.927403 0.496003 76.354142 0.217625
 594.000000 61.036493 0.541529 78.621455 0.161493
 595.000000 62.270951 0.487919 74.959326 0.192383
 596.000000 63.216024 0.474836 75.000380 0.196212
 597.000000 70.996813 0.321400 73.109302 0.268314
 598.000000 70.632972 0.317533 71.419798 0.237322
 599.000000 68.950779 0.308703 70.425669 0.270473
 600.000000 70.781476 0.339100 73.899279 0.253719
 601.000000 70.133777 0.296377 70.735973 0.295689
 602.000000 68.310561 0.332681 72.112567 0.230640
 603.000000 71.277528 0.286192 72.202331 0.233704
 604.000000 67.526269 0.408988 76.180935 0.189154
 605.000000 69.851692 0.346424 75.428603 0.185931
 606.000000 63.605918 0.452708 74.565634 0.176153
 607.000000 64.506631 0.437113 77.331373 0.152861
 608.000000 67.817739 0.377966 74.742586 0.150222
 609.000000 71.003519 0.300883 73.084046 0.226413
 610.000000 69.557668 0.318147 72.733824 0.217984
 611.000000 63.393886 0.414522 74.167216 0.134716
 612.000000 70.989728 0.285104 75.301855 0.163017
 613.000000 75.654181 0.186078 74.245712 0.239345
 614.000000 64.847406 0.410584 72.829435 0.268029
 615.000000 66.783398 0.273000 69.747265 0.248739
 616.000000 68.046953 0.142118 64.441517 0.343324
 617.000000 66.361763 0.249467 67.896651 0.275515
 618.000000 68.027322 0.234755 70.714829 0.209820
 619.000000 71.353729 0.113794 66.160687 0.372120
 620.000000 64.851573 0.296133 68.665160 0.246268
 621.000000 70.904027 0.287371 71.761348 0.303795
 622.000000 67.107057 0.218508 67.741631 0.267228
 623.000000 70.315399 0.211889 71.501513 0.224525
 624.000000 72.034885 0.083396 64.510614 0.378192
 625.000000 69.489393 0.194087 68.557509 0.288883
 626.000000 69.170214 0.167402 67.896999 0.311572
 627.000000 70.085337 0.092114 64.866202 0.367737
 628.000000 67.008053 0.223836 67.185927 0.295322
 629.000000 68.306448 0.201202 67.873135 0.295789
 630.000000 68.631752 0.147642 66.212141 0.314180
 631.000000 69.663060 0.139855 66.174917 0.332905
 632.000000 68.186452 0.209935 69.070967 0.276691
 633.000000 65.994006 0.259624 66.748781 0.299362
 634.000000 70.148173 0.140592 67.080569 0.309608
 635.000000 66.819568 0.202661 67.925096 0.255283
 636.000000 70.064315 0.192713 69.300510 0.276958
 637.000000 70.579718 0.173992 67.638097 0.327619
 638.000000 69.430086 0.146197 67.627136 0.304289
 639.000000 65.963854 0.220318 67.321101 0.253925
 640.000000 64.374958 0.313033 69.402785 0.229098
 641.000000 54.671353 0.574801 75.785359 0.092042
 642.000000 57.814979 0.477872 69.431899 0.189372
 643.000000 55.923371 0.587870 75.702209 0.142378
 644.000000 69.865872 0.302307 73.555001 0.181032
 645.000000 73.126050 0.262518 74.832424 0.189832
 646.000000 73.913860 0.180834 72.308199 0.256307
 647.000000 73.514022 0.268080 74.125914 0.238016
 648.000000 76.022121 0.111543 69.951299 0.354129
 649.000000 73.736630 0.270477 73.253824 0.271132
 650.000000 75.648690 0.200802 73.388176 0.265426
 651.000000 67.103742 0.409154 75.008081 0.220211
 652.000000 72.509739 0.230562 72.896597 0.220477
 653.000000 76.239122 0.140998 71.284681 0.316202
 654.000000 72.386641 0.277210 72.917773 0.242829
 655.000000 70.806995 0.316574 72.170834 0.245326
 656.000000 75.538019 0.135857 70.334095 0.328342
 657.000000 73.145811 0.223471 72.204322 0.242984
 658.000000 73.893963 0.237773 73.147343 0.242873
 659.000000 76.485667 0.114056 69.812744 0.348455
 660.000000 74.958724 0.172911 71.110135 0.301326
 661.000000 74.360927 0.052323 64.624959 0.408696
 662.000000 74.850943 0.231681 73.028634 0.273588
 663.000000 73.896255 0.220330 74.364567 0.236693
 664.000000 73.061809 0.195842 71.174487 0.280467
 665.000000 72.105454 0.291912 74.911928 0.234430
 666.000000 77.443935 0.108903 71.368172 0.336810
 667.000000 71.132469 0.323857 76.722971 0.190111
 668.000000 71.658764 0.209530 69.795079 0.287535
 669.000000 72.078641 0.271521 74.514892 0.199719
 670.000000 75.315065 0.173648 71.563683 0.280989
 671.000000 71.884307 0.280934 73.478954 0.234505
 672.000000 73.667228 0.125885 68.848225 0.329251
 673.000000 74.854589 0.199340 71.740575 0.285118
 674.000000 73.988265 0.198366 72.039120 0.255677
 675.000000 70.460711 0.342197 73.461847 0.220333
 676.000000 74.537096 0.170981 71.774393 0.286717
 677.000000 72.881249 0.198087 72.185271 0.256929
 678.000000 68.323743 0.305621 71.766247 0.207777
 679.000000 74.080254 0.139221 69.898946 0.305639
 680.000000 73.792180 0.159987 69.089728 0.337413
 681.000000 75.863558 0.153834 70.983788 0.318645
 682.000000 66.217578 0.366156 71.066943 0.251045
 683.000000 63.623088 0.423569 73.274681 0.182323
 684.000000 61.803601 0.469218 74.233651 0.169763
 685.000000 65.997686 0.390681 72.166122 0.214821
 686.000000 67.470115 0.406379 72.978805 0.256240
 687.000000 67.717344 0.376333 72.697866 0.219684
 688.000000 68.324003 0.389665 75.124186 0.213150
 689.000000 56.368013 0.557278 74.463412 0.177411
 690.000000 56.631885 0.611875 77.096877 0.180735
 691.000000 57.855263 0.509720 69.600975 0.227583
 692.000000 65.870132 0.406498 75.542254 0.182591
 693.000000 65.129034 0.445725 73.823771 0.216937
 694.000000 68.355882 0.336136 69.981909 0.247441
 695.000000 60.044224 0.489704 73.579767 0.184757
 696.000000 53.055489 0.656523 75.826787 0.172075
 697.000000 56.182762 0.550188 71.637906 0.210057
 698.000000 66.063043 0.275210 68.953535 0.241416
 699.000000 68.145865 0.182410 66.544897 0.282374
 700.000000 59.557243 0.561662 76.302693 0.166370
 701.000000 61.161979 0.537620 79.397247 0.124875
 702.000000 60.976193 0.496441 73.498227 0.183963
 703.000000 62.600548 0.391604 71.255737 0.223039
 704.000000 64.275446 0.295575 68.974971 0.244072
 705.000000 71.351373 0.183890 68.705721 0.312164
 706.000000 73.499970 0.093956 66.466840 0.372367
 707.000000 71.964792 0.155589 68.337701 0.293823
 708.000000 66.520954 0.336313 69.445155 0.290775
 709.000000 67.386413 0.304794 72.504246 0.204557
 710.000000 71.131976 0.223782 71.415723 0.248815
 711.000000 71.506808 0.123270 67.031031 0.362327
 712.000000 66.303264 0.308004 71.965534 0.227952
 713.000000 69.076769 0.191381 67.434983 0.313031
 714.000000 72.224115 0.133560 69.388936 0.310008
 715.000000 67.056412 0.279987 71.169187 0.218559
 716.000000 69.247687 0.166462 67.358449 0.334637
 717.000000 71.797086 0.127430 67.821210 0.344821
 718.000000 69.427846 0.211855 69.301502 0.271872
 719.000000 65.548630 0.250719 67.966984 0.244831
 720.000000 69.564377 0.161795 66.793086 0.328575
 721.000000 65.439519 0.333661 71.240592 0.245072
 722.000000 64.269773 0.312059 70.988903 0.215174
 723.000000 66.867819 0.222617 68.007936 0.286983
 724.000000 68.924204 0.173562 66.283622 0.314069
 725.000000 67.442580 0.281101 70.960964 0.235689
 726.000000 68.785136 0.173511 68.180687 0.305447
 727.000000 72.936017 0.059662 66.573669 0.385332
 728.000000 73.502093 0.123123 68.488128 0.375379
 729.000000 71.933634 0.231862 72.603681 0.248467
 730.000000 73.096261 0.078971 66.704799 0.389155
 731.000000 69.941509 0.242798 71.306727 0.222258
 732.000000 66.490102 0.242508 66.710500 0.272631
 733.000000 66.788830 0.241311 68.297196 0.247438
 734.000000 69.836807 0.167612 67.744752 0.317014
 735.000000 61.275369 0.410919 72.844151 0.178880
 736.000000 63.746509 0.429777 73.070065 0.228902
 737.000000 60.037040 0.475139 72.946328 0.247994
 738.000000 62.889336 0.468901 73.904109 0.212929
 739.000000 55.374760 0.618839 78.019291 0.128191
 740.000000 54.944324 0.603796 77.981206 0.155338
 741.000000 60.392838 0.516882 73.215617 0.227850
 742.000000 62.878972 0.385828 68.989303 0.245351
 743.000000 62.503879 0.417614 71.633343 0.226620
 744.000000 62.880023 0.475380 74.386797 0.203989
 745.000000 65.012650 0.418262 70.582701 0.268704
 746.000000 71.936389 0.242975 71.580123 0.245056
 747.000000 72.425760 0.287953 74.701209 0.212297
 748.000000 72.806014 0.247611 73.426704 0.209285
 749.000000 68.249993 0.401687 76.688059 0.184715
 750.000000 68.197109 0.322193 70.559547 0.277313
 751.000000 65.101196 0.437707 74.049864 0.178450
 752.000000 69.862018 0.356609 73.950504 0.230375
 753.000000 68.606517 0.344128 71.304571 0.288559
 754.000000 67.237524 0.252013 69.874331 0.271726
 755.000000 68.494612 0.241763 69.771100 0.292465
 756.000000 69.991580 0.268652 72.790495 0.228497
 757.000000 68.725053 0.296020 72.769490 0.232353
 758.000000 65.070920 0.303783 69.691654 0.229328
 759.000000 66.511212 0.241444 69.980513 0.234777
 760.000000 68.869110 0.300379 72.277877 0.179607
 761.000000 65.796310 0.264371 66.506727 0.282342
 762.000000 69.311284 0.156049 66.644714 0.359893
 763.000000 64.924439 0.279613 67.006699 0.254233
 764.000000 66.969995 0.280650 70.235509 0.228392
 765.000000 69.448149 0.220121 68.909516 0.272475
 766.000000 62.561972 0.417900 72.184540 0.185836
 767.000000 62.076635 0.389490 73.432675 0.153970
 768.000000 70.543829 0.163249 67.666993 0.322560
 769.000000 73.392634 0.107494 68.022181 0.368126
 770.000000 63.555284 0.377697 71.491763 0.204784
 771.000000 68.012595 0.151405 65.512817 0.316742
 772.000000 69.311997 0.145435 67.580224 0.303743
 773.000000 75.283212 0.152772 69.232573 0.396008
 774.000000 64.430436 0.257289 66.274175 0.252097
 775.000000 63.220257 0.335586 69.108123 0.266259
 776.000000 69.384751 0.179861 67.605764 0.304187
 777.000000 75.599025 0.103114 69.464091 0.351941
 778.000000 72.065170 0.056854 66.144582 0.357521
 779.000000 64.336767 0.248939 66.313211 0.276810
 780.000000 67.587966 0.239571 69.054005 0.260218
 781.000000 73.203705 0.084574 67.009058 0.361381
 782.000000 70.725746 0.203729 68.614456 0.302354
 783.000000 71.669331 0.135789 68.239852 0.335988
 784.000000 68.192971 0.189073 67.246340 0.304907
 785.000000 62.110683 0.320917 65.671469 0.292411
 786.000000 63.499895 0.469707 72.626903 0.280729
 787.000000 67.320331 0.341189 72.974505 0.227530
 788.000000 60.059714 0.526416 75.505515 0.171011
 789.000000 63.897437 0.353796 68.019336 0.283135
 790.000000 65.591430 0.337214 71.961115 0.251666
 791.000000 67.692960 0.174418 66.668859 0.288008
 792.000000 65.184417 0.368263 70.061221 0.252532
 793.000000 63.228276 0.353112 69.109898 0.226046
 794.000000 70.673708 0.178999 68.571995 0.285488
 795.000000 65.372334 0.352870 74.188632 0.156611
 796.000000 61.430669 0.435434 73.203711 0.208988
 797.000000 58.800222 0.460534 72.954668 0.139214
 798.000000 71.012368 0.095989 65.051373 0.362730
 799.000000 72.074071 0.198721 70.091355 0.299473
 800.000000 68.545929 0.275639 71.352373 0.255076
 801.000000 68.644090 0.204048 68.168537 0.240991
 802.000000 64.528456 0.365598 70.943227 0.233203
 803.000000 56.279788 0.534735 72.409243 0.169497
 804.000000 59.206722 0.475620 70.169082 0.255863
 805.000000 57.783233 0.527409 75.299059 0.144643
 806.000000 64.810236 0.444943 74.617678 0.223509
 807.000000 60.992075 0.556572 76.616338 0.178808
 808.000000 62.353034 0.490281 75.331146 0.176354
 809.000000 50.191276 0.692578 74.417338 0.205861
 810.000000 50.230012 0.699474 73.714728 0.245113
 811.000000 51.805784 0.680309 73.105462 0.212341
 812.000000 49.779757 0.707716 73.546707 0.222295
 813.000000 49.694672 0.719852 74.840165 0.176241
 814.000000 44.362056 0.786794 73.204892 0.181832
 815.000000 52.017780 0.680064 73.706818 0.208671
 816.000000 48.159125 0.700864 74.593525 0.162816
 817.000000 48.741740 0.713552 74.358121 0.188785
 818.000000 54.725483 0.544048 74.238177 0.116350
 819.000000 58.522728 0.505581 74.893753 0.173353
 820.000000 60.251345 0.447291 69.389504 0.247614
 821.000000 57.391621 0.537665 75.040162 0.154042
 822.000000 54.089409 0.636367 77.775947 0.131583
 823.000000 53.827540 0.620530 72.395807 0.200553
 824.000000 61.869855 0.474676 74.560169 0.190724
 825.000000 60.395153 0.499645 75.972748 0.188447
 826.000000 64.652399 0.441272 75.081697 0.194293
 827.000000 58.615245 0.560149 78.270857 0.158327
 828.000000 51.372704 0.639992 73.832504 0.144690
 829.000000 61.704354 0.474773 74.454348 0.167798
 830.000000 64.160569 0.425594 73.997022 0.170039
 831.000000 63.211512 0.471193 75.910745 0.207668
 832.000000 62.492950 0.415364 69.458911 0.284823
 833.000000 64.435426 0.502599 78.122522 0.174297
 834.000000 67.215751 0.380281 73.994021 0.179267
 835.000000 70.598751 0.312945 72.408455 0.256228
 836.000000 69.334853 0.349085 75.122729 0.157313
 837.000000 73.993453 0.189053 70.290729 0.285439
 838.000000 71.986859 0.304349 75.654883 0.211956
 839.000000 65.930275 0.453889 76.820497 0.234617
 840.000000 65.640395 0.411021 74.308484 0.194757
 841.000000 76.280164 0.121556 68.762820 0.340599
 842.000000 74.782349 0.224827 73.006960 0.244733
 843.000000 71.465687 0.275130 74.068611 0.184608
 844.000000 74.733330 0.154852 69.021793 0.292204
 845.000000 74.537051 0.157518 69.893458 0.310143
 846.000000 72.513088 0.195107 69.963010 0.302448
 847.000000 73.795994 0.176035 69.870043 0.290425
 848.000000 69.603640 0.332417 72.946312 0.221512
 849.000000 68.033426 0.411273 78.286553 0.152619
 850.000000 75.163798 0.187074 71.057094 0.279867
 851.000000 71.069429 0.285208 75.270807 0.186131
 852.000000 74.677775 0.158716 69.884158 0.328455
 853.000000 73.068406 0.245986 72.195278 0.265462
 854.000000 73.157986 0.238668 72.501602 0.225170
 855.000000 71.199701 0.305429 73.067123 0.219085
 856.000000 67.376017 0.406270 77.547340 0.153697
 857.000000 71.160270 0.327084 72.668547 0.275250
 858.000000 73.670972 0.227926 73.475214 0.229754
 859.000000 69.929962 0.325541 75.037355 0.189974
 860.000000 72.138482 0.308787 75.645585 0.201977
 861.000000 69.979431 0.333716 74.868337 0.180999
 862.000000 72.770974 0.237803 72.721009 0.231891
 863.000000 73.898922 0.170397 69.912712 0.302917
 864.000000 66.090333 0.417139 76.379005 0.130716
 865.000000 71.279155 0.277114 73.870655 0.209673
 866.000000 74.477495 0.200142 71.619278 0.289904
 867.000000 71.667689 0.299901 74.908397 0.218341
 868.000000 71.692645 0.319003 74.915560 0.197082
 869.000000 67.671244 0.405187 73.823593 0.217365
 870.000000 65.300754 0.398419 72.331669 0.236186
 871.000000 72.309844 0.274479 72.047743 0.287167
 872.000000 76.226600 0.194785 72.450039 0.290870
 873.000000 74.111159 0.243454 73.530701 0.263769
 874.000000 72.487001 0.205558 69.933279 0.290080
 875.000000 69.916242 0.341779 74.596910 0.236829
 876.000000 69.937916 0.353337 76.986902 0.179814
 877.000000 64.465567 0.409429 71.574071 0.221619
 878.000000 57.315519 0.586797 76.454189 0.148675
 879.000000 62.378352 0.515925 76.596292 0.223344
 880.000000 58.186179 0.567476 77.427875 0.131612
 881.000000 59.063455 0.538350 74.623745 0.180433
 882.000000 68.842517 0.309728 74.406828 0.198247
 883.000000 70.167898 0.247424 71.601174 0.228162
 884.000000 68.528715 0.168093 65.233536 0.336700
 885.000000 69.534485 0.141417 66.572089 0.338157
 886.000000 67.211581 0.256963 70.263582 0.240853
 887.000000 70.590639 0.224565 72.141219 0.281310
 888.000000 59.278078 0.479067 74.505354 0.158626
 889.000000 60.181046 0.484311 73.209626 0.192682
 890.000000 57.075848 0.538199 76.344532 0.106616
 891.000000 59.970150 0.522781 75.245566 0.179458
 892.000000 52.699131 0.659994 77.518915 0.101147
 893.000000 57.504153 0.576957 78.500733 0.119646
 894.000000 60.423162 0.507507 75.909549 0.169673
 895.000000 57.072896 0.600095 77.436595 0.155378
 896.000000 61.259285 0.485511 73.674217 0.200489
 897.000000 54.003753 0.586129 75.674604 0.122552
 898.000000 60.747263 0.528821 75.849191 0.211673
 899.000000 62.544727 0.478631 72.607267 0.287018
 900.000000 66.936988 0.405546 74.374384 0.233094
 901.000000 54.329015 0.632956 79.801018 0.112892
 902.000000 57.172087 0.532725 74.879770 0.161964
 903.000000 54.752682 0.578704 72.945511 0.157820
 904.000000 58.059434 0.473462 70.459287 0.210625
 905.000000 64.553413 0.324140 70.225451 0.214225
 906.000000 64.509727 0.271484 66.166171 0.273145
 907.000000 70.806720 0.116717 67.017148 0.352103
 908.000000 73.531635 0.081413 66.739655 0.384656
 909.000000 72.842508 0.099013 67.022943 0.355821
 910.000000 69.610987 0.129983 67.178815 0.307020
 911.000000 71.501631 0.078272 66.185751 0.389115
 912.000000 66.272107 0.197864 65.928746 0.284256
 913.000000 68.927094 0.276121 72.207565 0.234078
 914.000000 67.575869 0.292388 72.837459 0.191426
 915.000000 63.168459 0.442089 72.021212 0.288648
 916.000000 64.372359 0.341635 72.736339 0.185381
 917.000000 65.584687 0.359677 74.885330 0.166268
 918.000000 64.787437 0.317815 71.017184 0.212720
 919.000000 72.540472 0.071455 66.033902 0.390125
 920.000000 73.225449 0.047892 64.986412 0.411276
 921.000000 71.692197 0.194498 71.269660 0.289949
 922.000000 64.714469 0.325219 70.147999 0.210968
 923.000000 63.135465 0.370566 70.656500 0.252902
 924.000000 65.772288 0.265374 67.678931 0.269888
 925.000000 68.514185 0.166650 66.052232 0.318274
 926.000000 68.420614 0.111487 65.771422 0.317986
 927.000000 69.060677 0.113412 65.265295 0.328942
 928.000000 72.573726 0.048438 64.746573 0.420669
 929.000000 70.942636 0.125546 67.758748 0.333285
 930.000000 67.664720 0.165434 64.548269 0.361019
 931.000000 70.362799 0.131996 67.478223 0.348370
 932.000000 69.020020 0.172602 67.504334 0.326233
 933.000000 67.131273 0.294853 72.299520 0.225241
 934.000000 70.499505 0.088771 66.370551 0.367230
 935.000000 75.808041 0.079507 70.252886 0.353279
 936.000000 73.678040 0.113188 67.328494 0.384402
 937.000000 74.023013 0.136926 71.696061 0.317753
 938.000000 72.603039 0.053353 65.306368 0.386543
 939.000000 66.256136 0.230174 67.216858 0.288263
 940.000000 57.562489 0.499623 70.875438 0.211858
 941.000000 60.560472 0.450131 71.949327 0.201301
 942.000000 65.892614 0.418541 75.138560 0.175803
 943.000000 66.706770 0.428858 76.572081 0.135605
 944.000000 71.112394 0.307771 74.637848 0.195977
 945.000000 74.600886 0.215588 74.703795 0.238620
 946.000000 68.446851 0.318449 70.560669 0.250464
 947.000000 75.496249 0.126843 67.686431 0.381922
 948.000000 74.866468 0.180013 70.373321 0.313161
 949.000000 67.211205 0.386545 74.791140 0.187738
 950.000000 66.685440 0.418527 72.944493 0.254972
 951.000000 67.816305 0.414956 74.792507 0.237897
 952.000000 67.031737 0.332893 72.323273 0.218925
 953.000000 68.877256 0.351579 75.403503 0.167516
 954.000000 72.254030 0.296117 72.696622 0.255465
 955.000000 74.221610 0.147873 67.640066 0.325622
 956.000000 75.665542 0.213786 74.015635 0.230878
 957.000000 73.484879 0.231962 71.847770 0.267179
 958.000000 74.687266 0.207030 73.473429 0.245481
 959.000000 76.968002 0.144203 71.021926 0.325178
 960.000000 75.389569 0.134026 70.834075 0.300931
 961.000000 75.688492 0.159803 70.759351 0.323804
 962.000000 74.917596 0.143670 69.501786 0.324938
 963.000000 76.229409 0.094482 69.152935 0.353238
 964.000000 73.657916 0.214631 72.879470 0.257567
 965.000000 74.535094 0.175859 70.841647 0.274384
 966.000000 74.914058 0.117909 69.243078 0.339930
 967.000000 76.111429 0.098000 68.950629 0.342103
 968.000000 74.286005 0.154738 69.295559 0.311551
 969.000000 69.925237 0.276974 71.823732 0.224144
 970.000000 67.136427 0.359731 73.336495 0.229161
 971.000000 74.679533 0.243360 75.209137 0.216962
 972.000000 72.639623 0.225022 69.872030 0.272164
 973.000000 74.607186 0.135878 69.179795 0.325880
 974.000000 75.225407 0.122895 68.783229 0.333563
 975.000000 72.959038 0.130004 68.585437 0.321526
 976.000000 75.547251 0.145343 69.254951 0.350423
 977.000000 70.608922 0.284925 72.755409 0.233227
 978.000000 75.031355 0.191279 71.021297 0.299982
 979.000000 71.750363 0.259427 73.086579 0.236122
 980.000000 73.239626 0.201487 69.271685 0.300152
 981.000000 73.635407 0.191097 70.891143 0.263820
 982.000000 69.158512 0.338303 71.462485 0.291101
 983.000000 70.191834 0.276872 70.111838 0.255058
 984.000000 73.654482 0.164178 67.629692 0.355666
 985.000000 74.417614 0.151786 70.761814 0.303932
 986.000000 75.702170 0.141157 69.769216 0.333489
 987.000000 70.308554 0.309828 74.679643 0.213719
 988.000000 67.799826 0.328852 72.492751 0.200248
 989.000000 68.530442 0.380192 75.696277 0.201170
 990.000000 70.575970 0.320564 73.349011 0.261867
 991.000000 67.616720 0.426701 77.408329 0.184819
 992.000000 62.644259 0.463923 73.168536 0.233736
 993.000000 73.725019 0.232588 73.593416 0.255320
 994.000000 74.900741 0.249512 75.160497 0.222920
 995.000000 70.768672 0.340463 62.424789 0.544036
 996.000000 70.366929 0.235005 70.789742 0.263204
 997.000000 75.077439 0.157866 71.715570 0.279477
 998.000000 70.114439 0.323601 73.619880 0.217449
 999.000000 64.521728 0.470736 77.176592 0.169932
 1000.000000 63.783044 0.487257 77.893627 0.180390
 1001.000000 61.076613 0.440570 72.566322 0.205279
 1002.000000 57.053560 0.506132 73.342404 0.140511
 1003.000000 64.115725 0.397938 73.729415 0.189297
 1004.000000 68.686546 0.297344 73.272910 0.183732
 1005.000000 67.539095 0.253239 70.089807 0.259699
 1006.000000 65.385584 0.264285 68.259962 0.247381
 1007.000000 72.996950 0.033884 64.641086 0.405550
 1008.000000 67.728795 0.217832 68.131829 0.275585
 1009.000000 65.707194 0.340119 72.448055 0.193027
 1010.000000 69.607317 0.141922 66.295491 0.340306
 1011.000000 62.751778 0.388625 73.458796 0.142099
 1012.000000 64.733380 0.238374 65.432021 0.286102
 1013.000000 66.295928 0.276118 70.777108 0.209529
 1014.000000 67.466488 0.253338 69.633549 0.236303
 1015.000000 66.430973 0.225793 67.357662 0.279632
 1016.000000 67.251457 0.223633 67.265073 0.276481
 1017.000000 68.314012 0.098205 64.535907 0.345208
 1018.000000 64.745360 0.367359 73.142540 0.208241
 1019.000000 67.494712 0.205748 67.325413 0.274531
 1020.000000 75.631037 0.071874 68.071116 0.376813
 1021.000000 70.738442 0.217121 69.749016 0.313881
 1022.000000 68.800248 0.315375 73.532467 0.203307
 1023.000000 66.326893 0.244249 67.989283 0.297930
 1024.000000 67.822295 0.213871 66.412320 0.276094
 1025.000000 69.319359 0.162003 66.575188 0.314543
 1026.000000 69.789825 0.227411 70.358165 0.270199
 1027.000000 62.991664 0.357436 69.378161 0.237511
 1028.000000 74.029606 0.058619 68.058266 0.359314
 1029.000000 71.341537 0.064175 64.840248 0.361500
 1030.000000 69.921005 0.141617 65.876643 0.339880
 1031.000000 67.182884 0.187651 65.965990 0.310606
 1032.000000 68.503824 0.161384 65.850967 0.302538
 1033.000000 63.221621 0.315559 67.738118 0.261236
 1034.000000 73.764095 0.120071 69.560885 0.354136
 1035.000000 71.741403 0.126912 66.979469 0.370516
 1036.000000 70.105453 0.203506 70.112469 0.288759
 1037.000000 67.339721 0.241659 68.193486 0.285634
 1038.000000 68.141610 0.164026 66.431046 0.293118
 1039.000000 69.247841 0.155822 68.562601 0.280844
 1040.000000 70.249911 0.250289 71.347229 0.234595
 1041.000000 68.330154 0.249476 70.471796 0.284470
 1042.000000 76.685676 0.089039 68.722167 0.390142
 1043.000000 71.258956 0.236850 71.431295 0.263011
 1044.000000 70.706986 0.175183 67.913834 0.331167
 1045.000000 68.762965 0.270736 71.956629 0.234031
 1046.000000 74.665235 0.020547 64.698967 0.452357
 1047.000000 73.366854 0.131891 69.199738 0.340896
 1048.000000 69.186395 0.107294 64.077579 0.356476
 1049.000000 68.722177 0.134462 65.804677 0.314374
 1050.000000 62.336580 0.379908 67.950621 0.251246
 1051.000000 68.147334 0.279582 72.249340 0.230879
 1052.000000 66.922915 0.190927 66.392344 0.257604
 1053.000000 71.378317 0.171399 70.258972 0.281617
 1054.000000 69.968403 0.110195 65.496352 0.376750
 1055.000000 71.161279 0.123782 66.036126 0.322478
 1056.000000 70.961374 0.121604 67.596824 0.327807
 1057.000000 72.446869 0.102120 66.963430 0.347627
 1058.000000 62.071279 0.430373 72.894030 0.187806
 1059.000000 70.813405 0.117278 66.694005 0.332044
 1060.000000 66.958388 0.244769 68.629387 0.245430
 1061.000000 67.183939 0.240382 68.019273 0.259246
 1062.000000 73.406008 0.152532 68.490525 0.357490
 1063.000000 62.477475 0.362555 70.551970 0.196140
 1064.000000 67.827369 0.176640 66.401173 0.313085
 1065.000000 72.977190 0.130789 68.708141 0.327820
 1066.000000 74.569736 0.115623 69.251762 0.340173
 1067.000000 73.242512 0.118221 68.493176 0.360536
 1068.000000 68.568138 0.240188 70.546596 0.252905
 1069.000000 62.340969 0.409345 67.355943 0.298370
 1070.000000 64.436085 0.309447 67.945581 0.242368
 1071.000000 58.646574 0.430351 67.271019 0.248966
 1072.000000 53.916885 0.632962 76.004078 0.143344
 1073.000000 48.480812 0.709098 79.776492 0.088862
 1074.000000 55.355358 0.613011 79.122113 0.131947
 1075.000000 61.953932 0.534792 77.502237 0.143127
 1076.000000 56.902392 0.598787 78.247447 0.161165
 1077.000000 55.127852 0.614493 77.193178 0.138271
 1078.000000 53.696043 0.606034 77.145696 0.095588
 1079.000000 52.708389 0.661329 74.291527 0.194847
 1080.000000 51.368083 0.667850 77.034819 0.161484
 1081.000000 53.750865 0.582561 76.288757 0.107651
 1082.000000 64.463477 0.500788 79.381296 0.123033
 1083.000000 53.290882 0.634432 76.976585 0.107570
 1084.000000 49.102812 0.667877 76.722118 0.105495
 1085.000000 47.216982 0.735977 79.537066 0.130276
 1086.000000 48.298354 0.741948 76.536994 0.179738
 1087.000000 52.811175 0.676820 76.644889 0.167976
 1088.000000 59.931494 0.551485 76.830826 0.174241
 1089.000000 56.639559 0.564509 75.276689 0.161026
 1090.000000 57.245115 0.585511 78.409704 0.157349
 1091.000000 61.740736 0.479943 74.659251 0.160412
 1092.000000 65.253444 0.426491 73.282797 0.211854
 1093.000000 64.873267 0.476944 79.526103 0.133767
 1094.000000 53.361471 0.658349 79.665551 0.078752
 1095.000000 55.393738 0.568700 74.262746 0.181824
 1096.000000 58.126559 0.557465 75.395018 0.221394
 1097.000000 54.041447 0.594372 77.028942 0.089858
 1098.000000 60.062593 0.564814 76.910423 0.158924
 1099.000000 59.178831 0.555142 75.503962 0.174371
 1100.000000 61.163370 0.534238 74.201774 0.196379
 1101.000000 62.389167 0.494364 75.246913 0.240014
 1102.000000 72.340665 0.314089 75.472010 0.222529
 1103.000000 66.219495 0.432503 75.782988 0.210506
 1104.000000 67.026839 0.377639 70.733376 0.261477
 1105.000000 70.489807 0.277943 73.606044 0.191017
 1106.000000 74.234668 0.241714 72.437791 0.270624
 1107.000000 76.627179 0.134081 69.981874 0.326105
 1108.000000 69.827500 0.300666 72.549201 0.253315
 1109.000000 71.097208 0.325659 74.949082 0.208637
 1110.000000 67.392438 0.350684 72.116575 0.224627
 1111.000000 67.992985 0.333486 71.521614 0.221940
 1112.000000 71.947066 0.241184 70.974473 0.309833
 1113.000000 68.794183 0.364281 73.899326 0.200811
 1114.000000 70.731227 0.272904 70.176615 0.279688
 1115.000000 65.253813 0.447478 75.178983 0.182462
 1116.000000 73.746820 0.174894 69.143780 0.298036
 1117.000000 71.398527 0.309292 74.096520 0.249052
 1118.000000 72.030407 0.333050 76.206293 0.203791
 1119.000000 72.486853 0.257494 70.991282 0.273346
 1120.000000 72.850588 0.266140 73.933094 0.205625
 1121.000000 69.338644 0.299054 72.745360 0.207305
 1122.000000 73.486925 0.233302 73.621748 0.228340
 1123.000000 73.780515 0.175019 69.034188 0.303599
 1124.000000 73.434818 0.169250 70.522893 0.292531
 1125.000000 68.743669 0.326206 72.244488 0.246471
 1126.000000 66.648727 0.378994 72.195721 0.224541
 1127.000000 72.298122 0.281370 73.588005 0.212460
 1128.000000 65.453824 0.464331 77.561331 0.162026
 1129.000000 69.699902 0.372518 76.641313 0.193181
 1130.000000 62.302243 0.469432 76.097377 0.136134
 1131.000000 67.575982 0.410398 75.733667 0.183729
 1132.000000 64.768076 0.470688 76.756308 0.148595
 1133.000000 53.594124 0.594120 73.437298 0.194621
 1134.000000 63.149772 0.486552 76.637567 0.192037
 1135.000000 54.471695 0.622504 77.303330 0.110663
 1136.000000 61.974700 0.522864 77.918132 0.125024
 1137.000000 60.936458 0.506074 75.188595 0.214199
 1138.000000 62.453030 0.506878 78.465010 0.111564
 1139.000000 66.763556 0.415540 75.159298 0.196639
 1140.000000 67.504977 0.334182 73.225033 0.188167
 1141.000000 70.556495 0.344667 75.927562 0.177708
 1142.000000 74.446713 0.148371 68.836091 0.332027
 1143.000000 72.213900 0.210208 69.598947 0.286684
 1144.000000 66.291836 0.357432 69.953076 0.281159
 1145.000000 73.936501 0.199768 73.184692 0.250648
 1146.000000 75.421529 0.203650 73.931589 0.245513
 1147.000000 73.282880 0.209267 71.828065 0.279970
 1148.000000 74.640163 0.114165 69.120815 0.318590
 1149.000000 73.306795 0.196379 69.715622 0.276150
 1150.000000 73.481946 0.176560 71.335550 0.254505
 1151.000000 65.165292 0.433831 73.908140 0.231960
 1152.000000 61.509790 0.437873 71.685685 0.203375
 1153.000000 64.163480 0.480941 76.142808 0.170490
 1154.000000 48.167364 0.735598 77.604853 0.120439
 1155.000000 53.453698 0.667975 78.874518 0.115735
 1156.000000 44.674859 0.745630 74.890467 0.154357
 1157.000000 41.028700 0.843397 76.860313 0.114557
 1158.000000 43.461369 0.786424 70.610711 0.252345
 1159.000000 44.579862 0.778365 75.801038 0.138148
 1160.000000 47.363555 0.723398 69.930111 0.209114
 1161.000000 44.144301 0.765249 74.214070 0.198167
 1162.000000 53.250773 0.656192 75.341193 0.202947
 1163.000000 51.003695 0.701668 74.534653 0.174731
 1164.000000 46.305963 0.727858 71.706487 0.209706
 1165.000000 52.174822 0.687722 70.609320 0.266461
 1166.000000 36.642679 0.895234 75.149909 0.175261
 1167.000000 40.961608 0.848182 71.822283 0.234279
 1168.000000 38.679192 0.867092 71.155672 0.279912
 1169.000000 39.951284 0.880474 72.142832 0.280502
 1170.000000 35.767312 0.906566 70.679084 0.270984
 1171.000000 38.947607 0.854513 69.551717 0.286394
 1172.000000 40.569807 0.831133 71.254911 0.210339
 1173.000000 39.969513 0.847332 70.419748 0.237884
 1174.000000 37.563643 0.919607 73.619789 0.192477
 1175.000000 36.682897 0.947618 70.833429 0.261832
 1176.000000 42.864332 0.843754 68.725789 0.270745
 1177.000000 42.406098 0.811313 68.922709 0.285792
 1178.000000 38.623767 0.904679 70.948610 0.286705
 1179.000000 35.149041 0.920134 70.318603 0.239808
 1180.000000 48.303454 0.727680 71.967353 0.271034
 1181.000000 30.609652 1.019961 74.055839 0.224827
 1182.000000 28.168599 1.057728 75.896286 0.182166
 1183.000000 30.375088 1.061438 70.734906 0.243280
 1184.000000 28.606621 1.065757 71.850420 0.266016
 1185.000000 27.566402 1.123053 70.097908 0.317969
 1186.000000 31.643027 1.011564 69.733509 0.308532
 1187.000000 34.131564 0.950823 73.342444 0.266227
 1188.000000 33.830434 0.957994 68.387746 0.336592
 1189.000000 33.974183 0.966899 69.883689 0.309890
 1190.000000 33.286571 0.955323 68.423082 0.341296
 1191.000000 35.790932 0.929493 69.261255 0.281048
 1192.000000 31.994835 1.029776 70.087881 0.280795
 1193.000000 32.319128 1.005874 76.151358 0.168223
 1194.000000 29.599391 1.076388 77.783079 0.122215
 1195.000000 33.443980 0.982837 76.350179 0.156860
 1196.000000 32.488283 1.002677 72.677163 0.239927
 1197.000000 31.979346 1.029772 74.509624 0.200869
 1198.000000 28.139136 1.105925 71.876809 0.235042
 1199.000000 29.631344 1.061514 73.746534 0.222349
 1200.000000 32.562423 1.027556 73.900016 0.211080
 1201.000000 25.317932 1.174374 76.327249 0.123740
 1202.000000 26.458777 1.149584 71.144936 0.311927
 1203.000000 31.619619 1.039095 71.420719 0.239662
 1204.000000 24.638998 1.192750 76.543508 0.198414
 1205.000000 26.006918 1.170519 71.686170 0.231823
 1206.000000 22.544850 1.230858 71.835584 0.231814
 1207.000000 23.973503 1.231116 71.665213 0.230495
 1208.000000 27.499865 1.108871 70.950742 0.269690
 1209.000000 31.703985 1.003775 73.293689 0.208089
 1210.000000 32.103881 0.997886 72.735558 0.276515
 1211.000000 24.101027 1.194756 71.963921 0.239117
 1212.000000 26.927437 1.129325 73.960461 0.199460
 1213.000000 35.531377 0.930234 71.074954 0.268222
 1214.000000 26.094102 1.140418 69.612396 0.334457
 1215.000000 35.629433 0.916785 71.788349 0.241490
 1216.000000 32.891896 0.992698 69.229187 0.275796
 1217.000000 35.747522 0.935886 71.594078 0.271134
 1218.000000 38.523110 0.877129 70.123180 0.254445
 1219.000000 39.457130 0.839658 72.691015 0.254036
 1220.000000 34.397181 0.939896 70.575159 0.230488
 1221.000000 24.428934 1.223909 76.402116 0.167005
 1222.000000 29.754300 1.073684 73.737913 0.230451
 1223.000000 29.448840 1.060376 72.267415 0.269314
 1224.000000 28.554094 1.088207 70.854723 0.217044
 1225.000000 28.547063 1.084837 69.508275 0.248591
 1226.000000 22.932728 1.236124 71.282892 0.213466
 1227.000000 32.163869 0.994718 70.873953 0.270184
 1228.000000 32.398275 1.003510 68.120310 0.314150
 1229.000000 38.500458 0.856253 74.422854 0.193042
 1230.000000 23.590410 1.242493 78.072482 0.162642
 1231.000000 31.088063 1.052415 76.555469 0.185727
 1232.000000 26.359550 1.165163 70.809715 0.294054
 1233.000000 24.251085 1.192855 70.043918 0.245545
 1234.000000 27.968934 1.096851 69.963913 0.261039
 1235.000000 36.225766 0.921007 71.503586 0.277167
 1236.000000 34.781175 0.909418 77.038518 0.165370
 1237.000000 31.680108 1.034169 72.186461 0.185224
 1238.000000 20.056030 1.330634 71.563281 0.206921
 1239.000000 30.039035 1.052643 72.413139 0.214150
 1240.000000 25.016854 1.173379 70.538098 0.204618
 1241.000000 20.093935 1.277867 69.975967 0.215234
 1242.000000 15.653946 1.408131 73.535389 0.212910
 1243.000000 14.580350 1.485143 74.095825 0.192016
 1244.000000 11.706957 1.482729 71.419999 0.241493
 1245.000000 22.213783 1.203277 73.075669 0.195879
 1246.000000 25.227132 1.180424 75.304746 0.170153
 1247.000000 21.119394 1.287098 75.420619 0.197919
 1248.000000 12.184864 1.449094 67.023180 0.325384
 1249.000000 10.407927 1.609204 72.692507 0.302084
 1250.000000 10.582580 1.555640 71.186830 0.238708
 1251.000000 9.687046 1.533607 70.952334 0.223092
 1252.000000 7.533981 1.652393 72.217863 0.248688
 1253.000000 7.296854 1.631885 72.366518 0.250427
 1254.000000 10.712766 1.588006 70.175219 0.292998
 1255.000000 8.508837 1.712785 72.532330 0.214141
 1256.000000 10.645061 1.617742 72.320685 0.203475
 1257.000000 11.740555 1.589495 75.301880 0.170555
 1258.000000 8.593675 1.697051 73.725869 0.162192
 1259.000000 3.524562 2.002598 70.512484 0.284344
 1260.000000 10.515283 1.642168 75.149094 0.172358
 1261.000000 1.850929 1.886374 74.864462 0.194696
 1262.000000 7.059659 1.740311 71.302454 0.300379
 1263.000000 2.979159 1.801116 69.899540 0.317287
 1264.000000 0.686308 1.941221 70.815652 0.266434
 1265.000000 0.759710 2.046382 72.660307 0.263463
 1266.000000 0.044673 2.656173 72.284407 0.261521
 1267.000000 0.155964 2.460012 76.170955 0.167177
 1268.000000 0.058453 2.588578 72.415500 0.218985
 1269.000000 0.021971 2.943881 73.240870 0.267737
 1270.000000 0.042422 2.565852 75.041751 0.203890
 1271.000000 0.470991 2.067423 73.367667 0.256217
 1272.000000 1.214790 1.721143 74.521372 0.218013
 1273.000000 14.096568 1.353803 74.009688 0.245438
 1274.000000 11.049818 1.486392 72.334856 0.243989
 1275.000000 16.190701 1.280620 73.264649 0.193761
 1276.000000 20.146400 1.239200 70.765317 0.249982
 1277.000000 6.162616 1.558615 72.815856 0.284764
 1278.000000 2.297390 2.018664 73.098312 0.224181
 1279.000000 0.679712 2.247730 72.231647 0.255397
 1280.000000 2.178807 2.098139 73.760713 0.248756
 1281.000000 0.301838 2.487947 72.501754 0.220403
 1282.000000 0.029300 2.836360 74.537068 0.148218
 1283.000000 0.030621 2.844512 74.984421 0.178830
 1284.000000 0.152594 2.424519 72.927580 0.222928
 1285.000000 0.112784 2.542902 70.949427 0.253512
 1286.000000 0.075782 2.594286 71.326025 0.262245
 1287.000000 0.095879 2.397648 71.223841 0.252821
 1288.000000 0.088195 2.374822 70.845620 0.264756
 1289.000000 0.044814 2.789147 70.705260 0.248450
 1290.000000 0.032097 2.710479 75.355747 0.162267
 1291.000000 0.110850 2.397387 74.451042 0.170506
 1292.000000 0.401742 2.109453 76.921432 0.169844
 1293.000000 0.170210 2.332425 72.078418 0.239049
 1294.000000 0.903766 1.862814 72.534101 0.219604
 1295.000000 1.093497 1.979356 73.244273 0.235780
 1296.000000 0.678312 1.846621 70.385560 0.263620
 1297.000000 8.028385 1.466897 70.331926 0.287474
 1298.000000 3.373988 1.680800 72.566945 0.206871
 1299.000000 8.792657 1.480360 72.850342 0.247230
 1300.000000 10.934373 1.385433 70.621774 0.241496
 1301.000000 10.217385 1.339898 73.368514 0.190291
 1302.000000 16.289809 1.194094 73.124904 0.207232
 1303.000000 4.387994 1.602043 74.503178 0.217256
 1304.000000 0.673846 1.854258 70.678710 0.295715
 1305.000000 0.414215 1.930549 72.152531 0.231638
 1306.000000 1.576180 1.611354 73.413850 0.245001
 1307.000000 1.131538 1.705153 73.478565 0.235419
 1308.000000 1.592079 1.940623 71.895173 0.242999
 1309.000000 0.854987 2.366375 71.947763 0.225777
 1310.000000 0.496562 2.330708 70.628421 0.261445
 1311.000000 0.098281 2.605598 68.478765 0.250947
 1312.000000 0.162942 2.406968 69.900890 0.251935
 1313.000000 0.047728 2.578398 70.431547 0.274346
 1314.000000 0.017298 2.867348 73.665325 0.224571
 1315.000000 0.010459 3.067507 70.089131 0.251944
