#! FIELDS time coord1.mean dist1 coord2.mean dist2
 0.000000 69.204261 0.228989 66.474974 0.365372
 1.000000 70.622991 0.188044 69.448716 0.274936
 2.000000 70.780270 0.171384 68.803024 0.288221
 3.000000 72.077563 0.136514 67.978087 0.339685
 4.000000 69.868200 0.264321 73.234870 0.242376
 5.000000 70.773373 0.233088 72.721648 0.256037
 6.000000 70.168399 0.164649 65.890381 0.362729
 7.000000 68.391323 0.219692 69.116975 0.278963
 8.000000 70.513230 0.208622 69.432596 0.300274
 9.000000 70.444092 0.214030 69.288802 0.286470
 10.000000 70.239942 0.156004 68.080113 0.333894
 11.000000 68.198147 0.255298 69.055608 0.278388
 12.000000 67.128947 0.278791 70.735261 0.236294
 13.000000 69.659340 0.194788 68.075486 0.325800
 14.000000 71.639356 0.187126 70.221895 0.256870
 15.000000 71.548630 0.132019 66.919502 0.354351
 16.000000 71.943935 0.174209 70.485465 0.316946
 17.000000 71.280914 0.202287 71.012602 0.284661
 18.000000 65.750340 0.302272 70.010016 0.229757
 19.000000 67.690991 0.299938 72.851380 0.201632
 20.000000 68.465164 0.284445 72.085890 0.210025
 21.000000 69.640809 0.217069 70.122697 0.271551
 22.000000 66.126403 0.252107 67.670981 0.238410
 23.000000 72.619676 0.147598 68.237566 0.370169
 24.000000 68.048631 0.231382 69.405394 0.278555
 25.000000 71.483328 0.122084 66.514292 0.351919
 26.000000 71.309023 0.168934 69.967551 0.310031
 27.000000 69.418065 0.280652 73.697001 0.220068
 28.000000 71.244602 0.155238 67.632395 0.341096
 29.000000 67.401957 0.276169 71.262408 0.218971
 30.000000 72.595019 0.153793 69.796641 0.318208
 31.000000 71.493456 0.173614 68.305761 0.338668
 32.000000 72.601501 0.186710 72.354590 0.260245
 33.000000 69.678363 0.244773 71.480501 0.264737
 34.000000 68.619213 0.280314 70.184144 0.284835
 35.000000 70.065270 0.209409 70.822321 0.283775
 36.000000 74.383203 0.086970 67.457996 0.405445
 37.000000 67.042398 0.262125 70.577711 0.245614
 38.000000 67.388223 0.300075 72.369879 0.219170
 39.000000 66.541956 0.316606 72.581176 0.205915
 40.000000 69.222712 0.232092 70.653608 0.243836
 41.000000 66.862620 0.331930 74.418265 0.166329
 42.000000 69.697632 0.225992 71.641059 0.257423
 43.000000 71.794906 0.141344 69.181192 0.300899
 44.000000 70.251952 0.194879 69.275217 0.289273
 45.000000 69.163756 0.251296 71.878723 0.232469
 46.000000 70.435427 0.246177 71.235346 0.257025
 47.000000 69.124270 0.280302 72.283212 0.249131
 48.000000 61.546256 0.498471 73.177779 0.237439
 49.000000 60.763094 0.496532 73.630307 0.196528
 50.000000 63.517828 0.417709 72.384356 0.239510
 51.000000 64.729224 0.367727 71.457335 0.250022
 52.000000 71.275981 0.221253 72.365399 0.260715
 53.000000 71.989893 0.206329 70.751315 0.325331
 54.000000 67.852496 0.229077 68.957812 0.269651
 55.000000 68.779374 0.226426 69.267291 0.272779
 56.000000 73.784813 0.142096 70.273463 0.337620
 57.000000 68.492763 0.309862 73.578807 0.229787
 58.000000 65.731203 0.316275 69.595258 0.246904
 59.000000 72.373436 0.172691 69.984475 0.322825
 60.000000 66.941975 0.251655 69.417613 0.255124
 61.000000 68.862288 0.278884 71.133585 0.298428
 62.000000 71.507439 0.113730 66.618186 0.349378
 63.000000 69.679783 0.183888 67.658914 0.308640
 64.000000 67.767295 0.241141 69.367649 0.259344
 65.000000 70.399815 0.139567 65.993153 0.355189
 66.000000 71.175401 0.167757 69.700800 0.304927
 67.000000 70.308443 0.227740 72.023475 0.251334
 68.000000 70.106403 0.129939 67.216399 0.297130
 69.000000 72.480164 0.133680 68.219841 0.356104
 70.000000 68.817725 0.242785 72.430953 0.233956
 71.000000 68.047239 0.340330 76.335109 0.162354
 72.000000 70.796077 0.186876 68.688731 0.364745
 73.000000 73.067073 0.100221 67.739000 0.359584
 74.000000 66.856227 0.282805 69.677455 0.234655
 75.000000 67.684756 0.343994 71.971543 0.252700
 76.000000 64.803447 0.422461 75.122894 0.228132
 77.000000 71.012749 0.232713 71.982919 0.279820
 78.000000 69.602054 0.177822 67.050385 0.334806
 79.000000 68.461106 0.220551 68.330710 0.315633
 80.000000 72.327361 0.273055 72.773565 0.330415
 81.000000 69.306041 0.260311 72.510325 0.230328
 82.000000 70.782397 0.270288 72.960003 0.243782
 83.000000 69.122596 0.241265 71.593149 0.224913
 84.000000 67.147159 0.217788 69.418193 0.278910
 85.000000 72.525678 0.176200 70.864258 0.324742
 86.000000 69.875656 0.278126 73.518656 0.204525
 87.000000 72.568780 0.148143 68.928518 0.329224
 88.000000 67.679285 0.237603 67.842687 0.289250
 89.000000 66.428767 0.306031 70.701393 0.237494
 90.000000 68.371077 0.224249 69.195216 0.259491
 91.000000 70.523531 0.177933 67.430700 0.334213
 92.000000 66.720656 0.298762 70.460776 0.218054
 93.000000 66.062255 0.294455 71.180647 0.189464
 94.000000 65.159767 0.349540 72.196548 0.221748
 95.000000 66.799082 0.331246 72.950191 0.204080
 96.000000 71.720664 0.150400 69.649554 0.308982
 97.000000 71.666631 0.151998 68.180537 0.326012
 98.000000 70.201029 0.182416 69.451426 0.287875
 99.000000 67.224670 0.254509 70.386687 0.247164
 100.000000 68.693146 0.283408 72.100950 0.257678
 101.000000 65.828488 0.321719 73.481447 0.173657
 102.000000 69.312972 0.177572 67.639714 0.319714
 103.000000 73.499231 0.080370 66.730775 0.409791
 104.000000 67.366479 0.279077 71.884387 0.244617
 105.000000 68.745737 0.179454 67.967007 0.281203
 106.000000 71.120387 0.222527 70.907843 0.276581
 107.000000 71.021908 0.180173 69.926823 0.309662
 108.000000 65.869640 0.342862 72.106061 0.248842
 109.000000 71.819436 0.276391 73.368696 0.251998
 110.000000 70.519534 0.237462 71.780517 0.243711
 111.000000 72.042520 0.102512 65.425817 0.377293
 112.000000 69.265706 0.217555 70.772461 0.262365
 113.000000 70.288365 0.202891 69.684466 0.285428
 114.000000 71.745287 0.221668 69.668796 0.298871
 115.000000 65.101411 0.322693 70.794784 0.231314
 116.000000 72.984506 0.105126 67.212514 0.370033
 117.000000 68.814574 0.225354 69.328255 0.283379
 118.000000 68.300926 0.251290 71.433734 0.230840
 119.000000 64.591716 0.409355 70.880163 0.283417
 120.000000 65.803098 0.415596 76.019096 0.186326
 121.000000 74.313695 0.205982 71.007814 0.280275
 122.000000 70.678938 0.308763 72.352811 0.243284
 123.000000 67.532958 0.367403 73.052827 0.217757
 124.000000 68.995480 0.311767 73.957235 0.173458
 125.000000 65.613118 0.386404 73.936900 0.134175
 126.000000 73.933674 0.214579 72.292732 0.250493
 127.000000 74.142379 0.205029 73.458459 0.259440
 128.000000 69.179307 0.325945 74.459768 0.192486
 129.000000 66.601940 0.404886 75.638205 0.163775
 130.000000 60.412720 0.527018 75.401419 0.155930
 131.000000 58.950103 0.534868 75.509574 0.139744
 132.000000 61.092247 0.475818 72.983077 0.194504
 133.000000 64.974005 0.397591 71.306878 0.247286
 134.000000 67.485306 0.377242 71.456842 0.234708
 135.000000 70.513873 0.309087 70.782571 0.284355
 136.000000 70.097013 0.306865 71.354948 0.241132
 137.000000 67.180479 0.389179 73.520070 0.221132
 138.000000 66.818787 0.365711 72.452974 0.212964
 139.000000 66.575960 0.362446 71.885598 0.238014
 140.000000 69.198051 0.324631 73.306858 0.229132
 141.000000 72.254613 0.197331 70.627673 0.317797
 142.000000 74.452892 0.196101 69.699537 0.291109
 143.000000 66.796562 0.353576 71.236042 0.266644
 144.000000 71.062067 0.316620 75.017017 0.218464
 145.000000 65.587980 0.396164 74.292460 0.189874
 146.000000 67.114792 0.375256 72.914012 0.237557
 147.000000 69.379051 0.308072 71.267074 0.293722
 148.000000 68.028912 0.359732 72.452848 0.202534
 149.000000 71.099227 0.274363 71.251805 0.221814
 150.000000 69.545919 0.294983 71.177461 0.245026
 151.000000 73.324919 0.239827 72.044250 0.260338
 152.000000 70.619138 0.298667 74.653510 0.181848
 153.000000 75.012900 0.146364 70.562615 0.289287
 154.000000 75.298787 0.145647 69.170390 0.339015
 155.000000 74.159295 0.147744 69.414470 0.326516
 156.000000 72.955768 0.205744 71.184585 0.259085
 157.000000 72.257783 0.223094 70.762308 0.270675
 158.000000 59.564049 0.508501 74.854942 0.199043
 159.000000 57.964084 0.562327 76.045917 0.206753
 160.000000 56.687604 0.575111 75.239076 0.169378
 161.000000 58.104107 0.494245 73.721970 0.131101
 162.000000 69.023083 0.208271 70.825179 0.243827
 163.000000 66.358894 0.262387 69.722141 0.246905
 164.000000 69.026051 0.271924 72.575268 0.218169
 165.000000 67.934543 0.259455 68.949311 0.261355
 166.000000 70.952898 0.183848 69.176827 0.294142
 167.000000 66.596848 0.299004 71.307551 0.217399
 168.000000 66.466234 0.285560 69.713771 0.234037
 169.000000 73.276334 0.130754 68.648167 0.365393
 170.000000 67.937539 0.236914 69.033591 0.275840
 171.000000 73.112052 0.148963 69.752895 0.302388
 172.000000 64.608346 0.294142 69.703585 0.243056
 173.000000 71.740850 0.110766 67.182571 0.329407
 174.000000 69.646669 0.230551 71.735619 0.268199
 175.000000 69.269238 0.184315 68.312653 0.308055
 176.000000 69.454664 0.172671 67.574981 0.346930
 177.000000 69.546505 0.183800 68.100987 0.328762
 178.000000 70.323307 0.158604 69.323708 0.280420
 179.000000 72.604597 0.157375 68.442252 0.366310
 180.000000 66.448680 0.272629 69.155029 0.254801
 181.000000 70.771913 0.139840 69.416307 0.308127
 182.000000 72.098826 0.090527 65.092688 0.393611
 183.000000 68.999170 0.250156 70.599517 0.243681
 184.000000 65.644160 0.307465 69.956799 0.239574
 185.000000 67.301154 0.259754 69.454910 0.255707
 186.000000 73.271255 0.101391 68.204373 0.357285
 187.000000 70.544916 0.215323 70.658137 0.250453
 188.000000 64.414710 0.365532 73.221464 0.160177
 189.000000 61.987854 0.432965 71.061274 0.260991
 190.000000 65.558940 0.431408 76.315026 0.161301
 191.000000 66.870805 0.406306 74.120711 0.229377
 192.000000 67.995917 0.360353 73.149477 0.186624
 193.000000 68.654593 0.355187 74.121370 0.202637
 194.000000 68.336844 0.325137 72.955299 0.205070
 195.000000 74.870711 0.182124 69.075107 0.330290
 196.000000 71.841789 0.281382 72.734621 0.230464
 197.000000 67.463652 0.340040 72.771736 0.191545
 198.000000 68.782281 0.288838 71.643498 0.261113
 199.000000 71.554437 0.280230 72.678622 0.242249
 200.000000 69.260808 0.323054 74.831986 0.152263
 201.000000 74.384243 0.173916 71.424358 0.289135
 202.000000 72.124839 0.246465 73.106346 0.251911
 203.000000 63.303918 0.441484 74.640285 0.149345
 204.000000 63.705942 0.479292 76.377654 0.191855
 205.000000 72.887240 0.268076 72.040565 0.247984
 206.000000 73.303062 0.263748 74.323526 0.242601
 207.000000 65.594935 0.386173 72.203608 0.205097
 208.000000 71.851135 0.248489 74.484371 0.190522
 209.000000 60.292719 0.496977 76.044624 0.131432
 210.000000 61.314015 0.465697 73.352658 0.173283
 211.000000 62.986274 0.464795 73.113280 0.197053
 212.000000 74.244066 0.233405 73.783867 0.206811
 213.000000 63.827569 0.473642 74.076062 0.207740
 214.000000 71.282174 0.317973 73.918055 0.237635
 215.000000 74.897409 0.131124 68.705923 0.345628
 216.000000 74.489877 0.230462 73.449017 0.263511
 217.000000 75.366544 0.177576 72.967191 0.260058
 218.000000 73.926127 0.242084 73.700269 0.216207
 219.000000 72.106279 0.240608 72.209670 0.232700
 220.000000 73.604575 0.228074 73.030455 0.232021
 221.000000 74.478446 0.202662 73.286237 0.265478
 222.000000 74.891500 0.107349 67.735279 0.364336
 223.000000 71.421196 0.298576 72.136965 0.287273
 224.000000 73.337986 0.202207 71.457895 0.263237
 225.000000 67.869686 0.316105 72.526089 0.218202
 226.000000 71.970769 0.246364 70.720848 0.261343
 227.000000 73.018810 0.158929 69.895802 0.300076
 228.000000 71.935226 0.212443 69.092075 0.266260
 229.000000 75.187774 0.096883 69.615263 0.345981
 230.000000 73.844823 0.143429 70.974928 0.297858
 231.000000 73.186759 0.192330 69.477457 0.261950
 232.000000 58.717166 0.483149 71.324264 0.207095
 233.000000 54.962545 0.586058 72.227380 0.203425
 234.000000 59.403950 0.546250 76.482267 0.130496
 235.000000 61.041681 0.493132 73.459056 0.209403
 236.000000 65.031380 0.396895 72.660045 0.180231
 237.000000 66.392173 0.398542 75.571948 0.184620
 238.000000 74.121343 0.231376 73.340635 0.226449
 239.000000 73.678031 0.181144 71.082255 0.256536
 240.000000 72.877094 0.182543 68.745918 0.315004
 241.000000 74.082915 0.170950 69.299164 0.325530
 242.000000 69.897471 0.317586 73.506610 0.215111
 243.000000 69.536641 0.331766 73.543480 0.205926
 244.000000 68.378291 0.371026 73.466537 0.253448
 245.000000 64.747464 0.420446 74.226661 0.188910
 246.000000 69.642841 0.339042 74.076094 0.244768
 247.000000 66.197008 0.395073 74.363584 0.222024
 248.000000 62.151781 0.453676 74.069273 0.215253
 249.000000 65.972127 0.265880 71.128047 0.214681
 250.000000 62.187129 0.412903 68.577083 0.269837
 251.000000 63.586071 0.375506 68.323076 0.265589
 252.000000 66.584009 0.196499 64.518927 0.295452
 253.000000 68.308422 0.238651 70.523249 0.266827
 254.000000 69.540561 0.223570 69.770555 0.292539
 255.000000 62.740909 0.399852 71.308906 0.225058
 256.000000 68.158149 0.168855 65.154925 0.355332
 257.000000 67.303066 0.204045 67.382881 0.286494
 258.000000 71.103156 0.175363 68.921033 0.313268
 259.000000 67.772668 0.218368 67.919794 0.300894
 260.000000 56.608478 0.574838 74.614109 0.170816
 261.000000 54.944062 0.577565 74.433223 0.155951
 262.000000 57.688886 0.563228 77.515856 0.133018
 263.000000 57.084992 0.577019 75.419461 0.157235
 264.000000 60.602450 0.498816 76.399603 0.139800
 265.000000 53.679070 0.632894 78.480462 0.107902
 266.000000 63.763798 0.454143 75.560863 0.195891
 267.000000 62.576701 0.417340 71.758139 0.259467
 268.000000 74.249833 0.223861 71.325547 0.293131
 269.000000 73.586923 0.199296 73.119092 0.249589
 270.000000 74.485237 0.213740 72.593946 0.241749
 271.000000 76.180754 0.171458 71.549880 0.261243
 272.000000 71.277236 0.279857 71.733982 0.239412
 273.000000 62.052905 0.458100 74.177770 0.164374
 274.000000 69.149144 0.324583 73.818953 0.208874
 275.000000 63.929284 0.415896 71.216383 0.229053
 276.000000 67.522609 0.375435 71.989974 0.273209
 277.000000 70.183347 0.319896 73.071744 0.238862
 278.000000 71.075417 0.294156 70.116129 0.298008
 279.000000 73.813666 0.218881 72.625702 0.249907
 280.000000 69.730044 0.328351 72.112630 0.241473
 281.000000 67.629046 0.337724 72.289994 0.209359
 282.000000 65.155757 0.385477 74.682533 0.159859
 283.000000 62.324561 0.487434 76.797771 0.152397
 284.000000 69.663072 0.323500 75.375924 0.157947
 285.000000 70.438675 0.297905 72.739521 0.222432
 286.000000 66.464906 0.341705 70.940298 0.243407
 287.000000 66.333124 0.341914 70.545971 0.202670
 288.000000 70.971123 0.276950 71.352706 0.263581
 289.000000 69.863614 0.348869 72.690376 0.228123
 290.000000 74.070185 0.173727 69.850200 0.299187
 291.000000 72.328596 0.256483 74.324387 0.198818
 292.000000 74.297854 0.074524 66.874844 0.378115
 293.000000 74.490202 0.056688 66.997427 0.378979
 294.000000 73.801960 0.180537 71.356709 0.278277
 295.000000 76.320086 0.082711 68.717704 0.363219
 296.000000 74.565966 0.117328 68.467329 0.359532
 297.000000 73.218895 0.187051 69.825188 0.275422
 298.000000 74.957147 0.089743 68.178327 0.365208
 299.000000 72.182426 0.224848 70.621778 0.258370
 300.000000 73.197060 0.178558 69.751654 0.304477
 301.000000 70.067640 0.332433 75.916050 0.159390
 302.000000 72.823492 0.258336 72.997059 0.257132
 303.000000 75.759323 0.109506 68.311345 0.348138
 304.000000 72.350303 0.292820 75.952732 0.189497
 305.000000 74.535750 0.247699 75.672853 0.213025
 306.000000 73.189295 0.182268 70.137462 0.279209
 307.000000 72.489929 0.265658 72.455733 0.239064
 308.000000 62.531688 0.428608 73.330012 0.190167
 309.000000 64.418370 0.400723 74.111134 0.142257
 310.000000 63.196518 0.404288 70.296133 0.253036
 311.000000 67.761179 0.387757 72.449819 0.276008
 312.000000 65.079741 0.375992 72.554433 0.178997
 313.000000 62.365722 0.393518 69.063772 0.252684
 314.000000 66.016312 0.378634 72.486981 0.219931
 315.000000 60.605646 0.477849 72.706361 0.183577
 316.000000 73.252506 0.188800 71.202021 0.242633
 317.000000 73.415319 0.193498 71.113809 0.254587
 318.000000 76.674815 0.093131 69.935809 0.360490
 319.000000 74.195461 0.144879 69.397639 0.323323
 320.000000 74.681468 0.131916 66.328757 0.370913
 321.000000 73.138088 0.150722 66.590805 0.376313
 322.000000 74.063954 0.146726 69.936422 0.287746
 323.000000 72.947177 0.231397 72.306895 0.227566
 324.000000 71.990235 0.235229 73.648786 0.228157
 325.000000 68.449230 0.357286 72.780544 0.223044
 326.000000 74.451782 0.181675 70.617134 0.275622
 327.000000 62.443180 0.488263 76.527893 0.160683
 328.000000 57.872631 0.554012 76.738943 0.170009
 329.000000 63.888359 0.384055 72.184818 0.205069
 330.000000 66.161494 0.320073 70.724092 0.256267
 331.000000 64.738982 0.349000 69.865567 0.264696
 332.000000 55.830334 0.571144 72.853174 0.187215
 333.000000 59.747588 0.539886 77.583195 0.123370
 334.000000 55.030802 0.641943 79.150231 0.148772
 335.000000 54.883395 0.591157 76.516050 0.113333
 336.000000 56.663058 0.589237 75.088707 0.154500
 337.000000 56.607839 0.598834 77.319483 0.141279
 338.000000 59.619046 0.523215 75.812116 0.189701
 339.000000 64.292931 0.455302 78.366340 0.134350
 340.000000 65.703373 0.436314 75.366432 0.202017
 341.000000 59.302407 0.550479 74.514519 0.193576
 342.000000 57.458432 0.562919 76.686973 0.139398
 343.000000 52.340236 0.621331 75.060221 0.148280
 344.000000 54.751669 0.624636 77.064132 0.149895
 345.000000 65.846474 0.403946 71.292979 0.267542
 346.000000 57.883875 0.580569 78.167040 0.133287
 347.000000 57.338352 0.556470 77.910161 0.125498
 348.000000 68.697984 0.195632 66.985351 0.289613
 349.000000 64.977771 0.336602 72.851875 0.158942
 350.000000 67.798488 0.233725 68.765846 0.270530
 351.000000 67.657115 0.242188 71.600672 0.202173
 352.000000 69.641314 0.203836 70.395717 0.282910
 353.000000 64.389106 0.290104 69.371625 0.242706
 354.000000 68.179885 0.269829 70.861980 0.235630
 355.000000 68.267640 0.252840 69.881109 0.259025
 356.000000 65.132007 0.308122 69.366010 0.240912
 357.000000 69.456324 0.161767 67.829044 0.294396
 358.000000 67.920336 0.217978 67.236368 0.315593
 359.000000 67.269270 0.264908 70.424747 0.249125
 360.000000 72.145624 0.077235 67.273396 0.359168
 361.000000 70.278220 0.130328 66.577997 0.310190
 362.000000 69.018134 0.180690 68.367572 0.307968
 363.000000 68.077210 0.259840 70.062845 0.286592
 364.000000 71.437808 0.224794 69.982432 0.281599
 365.000000 68.572020 0.189790 66.249614 0.316044
 366.000000 69.524867 0.192892 68.574769 0.283905
 367.000000 72.047226 0.095313 66.506612 0.371978
 368.000000 73.015270 0.037120 66.143641 0.379078
 369.000000 70.638137 0.099511 66.937088 0.334218
 370.000000 67.099650 0.288204 71.238151 0.223082
 371.000000 71.767565 0.117069 67.678891 0.349776
 372.000000 73.768713 0.155495 69.942770 0.318739
 373.000000 66.527265 0.251254 69.366970 0.225034
 374.000000 67.991178 0.228681 70.614018 0.240933
 375.000000 67.394772 0.234893 68.197191 0.256456
 376.000000 68.645228 0.206771 69.536441 0.284155
 377.000000 65.727852 0.266569 69.478416 0.259938
 378.000000 70.224860 0.146461 67.381876 0.313739
 379.000000 64.280283 0.358464 66.920534 0.289271
 380.000000 70.579613 0.215251 71.361994 0.260840
 381.000000 73.340772 0.068471 66.748578 0.364358
 382.000000 72.112139 0.161813 69.152396 0.299122
 383.000000 65.959652 0.284416 69.861486 0.236997
 384.000000 74.253971 0.090697 67.606291 0.387235
 385.000000 65.776344 0.301813 69.403167 0.224247
 386.000000 67.519999 0.301643 72.633042 0.192445
 387.000000 72.768001 0.063480 67.144357 0.340999
 388.000000 70.528413 0.140069 66.504364 0.342281
 389.000000 71.907479 0.062142 64.824101 0.379946
 390.000000 72.027941 0.073756 65.628300 0.376653
 391.000000 64.441051 0.378616 74.182740 0.165930
 392.000000 71.783155 0.094779 66.538292 0.343047
 393.000000 70.080987 0.170433 68.880846 0.285191
 394.000000 69.707840 0.256660 71.465257 0.244490
 395.000000 67.036736 0.294156 70.706263 0.234402
 396.000000 67.857147 0.246404 68.192481 0.276547
 397.000000 67.553629 0.258005 69.302830 0.267452
 398.000000 63.868601 0.331911 71.017977 0.192575
 399.000000 69.363121 0.167462 66.458028 0.349361
 400.000000 66.523654 0.214650 65.432266 0.295839
 401.000000 69.163943 0.223069 70.607006 0.256541
 402.000000 63.118850 0.369057 68.598453 0.272246
 403.000000 64.106119 0.331034 70.431410 0.208565
 404.000000 71.470065 0.246241 71.884902 0.235746
 405.000000 65.815376 0.222127 66.868158 0.269230
 406.000000 64.323774 0.386537 72.049677 0.216678
 407.000000 62.468670 0.428134 73.655004 0.199596
 408.000000 59.273251 0.519584 72.070204 0.208683
 409.000000 65.757305 0.387284 72.955616 0.225049
 410.000000 72.292249 0.263260 72.284188 0.273045
 411.000000 69.528113 0.356595 74.475675 0.211076
 412.000000 73.747252 0.176561 71.119246 0.276631
 413.000000 74.487432 0.124887 66.911156 0.365734
 414.000000 75.376747 0.230309 74.262226 0.221692
 415.000000 73.930094 0.229007 73.965582 0.233798
 416.000000 66.364628 0.383100 73.499743 0.217056
 417.000000 66.329077 0.437673 76.186448 0.216728
 418.000000 65.773274 0.378992 72.683887 0.188293
 419.000000 64.757792 0.416665 74.921716 0.176630
 420.000000 62.462326 0.498000 76.283464 0.163239
 421.000000 59.784878 0.453564 70.722352 0.239858
 422.000000 69.142745 0.259737 73.124424 0.221125
 423.000000 60.967087 0.435898 70.641694 0.232097
 424.000000 63.726096 0.385441 70.914081 0.279092
 425.000000 61.604598 0.524854 74.330550 0.187825
 426.000000 56.528224 0.524507 74.857372 0.140944
 427.000000 68.879212 0.383688 76.456929 0.215171
 428.000000 67.872282 0.414256 75.924488 0.205949
 429.000000 62.651566 0.460555 74.712717 0.173153
 430.000000 61.106702 0.525594 75.097304 0.197272
 431.000000 69.011335 0.166144 66.400808 0.319684
 432.000000 71.704700 0.129125 66.953525 0.370132
 433.000000 69.839280 0.162449 66.030723 0.330743
 434.000000 68.564111 0.252283 70.702184 0.250857
 435.000000 72.599976 0.186538 71.013488 0.319634
 436.000000 71.143840 0.168156 69.475063 0.316739
 437.000000 68.812021 0.209098 68.862297 0.289456
 438.000000 66.596589 0.275631 68.846593 0.280458
 439.000000 66.900416 0.243772 68.928490 0.250473
 440.000000 64.210750 0.356262 69.927610 0.230789
 441.000000 68.500354 0.173619 68.119670 0.310291
 442.000000 70.263335 0.236051 72.465695 0.251285
 443.000000 71.092606 0.203458 70.222253 0.303554
 444.000000 67.513771 0.255632 69.638750 0.238383
 445.000000 68.937123 0.177771 66.700112 0.333649
 446.000000 71.450936 0.188731 69.640464 0.277868
 447.000000 70.963251 0.122508 66.423055 0.358478
 448.000000 71.244649 0.183484 69.624747 0.308387
 449.000000 64.922208 0.304658 68.808550 0.232361
 450.000000 69.023926 0.260447 72.412425 0.233925
 451.000000 70.355291 0.128936 64.463413 0.403063
 452.000000 68.920957 0.174866 67.762152 0.288396
 453.000000 64.883135 0.336795 71.531805 0.211940
 454.000000 66.151715 0.315409 71.677735 0.210810
 455.000000 63.926325 0.340150 71.109340 0.243744
 456.000000 58.044636 0.534338 75.910908 0.133937
 457.000000 54.407896 0.614671 76.693289 0.100445
 458.000000 52.500825 0.655420 74.699946 0.184414
 459.000000 60.625166 0.481523 71.379166 0.255824
 460.000000 60.437005 0.506107 75.838049 0.187303
 461.000000 62.137243 0.394315 68.033554 0.275258
 462.000000 63.846978 0.373399 67.687664 0.300625
 463.000000 64.394252 0.375021 70.731065 0.222331
 464.000000 69.930005 0.170830 67.213065 0.322462
 465.000000 69.458645 0.186711 67.967096 0.318381
 466.000000 68.490241 0.262868 71.249321 0.255507
 467.000000 68.332999 0.243272 69.085037 0.243214
 468.000000 68.951253 0.181619 68.627901 0.288775
 469.000000 73.256850 0.053872 65.954316 0.411272
 470.000000 71.513084 0.115572 65.870009 0.374064
 471.000000 67.058022 0.300198 71.912649 0.223771
 472.000000 69.670282 0.228326 69.771294 0.250539
 473.000000 70.643923 0.151061 69.244699 0.296012
 474.000000 69.324152 0.179597 68.074414 0.305881
 475.000000 70.620762 0.140899 68.221760 0.332594
 476.000000 69.749089 0.211932 70.405511 0.233752
 477.000000 70.226997 0.148004 67.490899 0.318774
 478.000000 70.114077 0.171189 68.228223 0.328245
 479.000000 66.316407 0.231177 68.113064 0.266649
 480.000000 66.282282 0.276751 69.424137 0.246494
 481.000000 69.005847 0.127813 64.865377 0.341387
 482.000000 64.372825 0.343480 67.567809 0.314967
 483.000000 63.251866 0.410469 71.456995 0.225816
 484.000000 53.976735 0.611313 75.110525 0.141370
 485.000000 52.143459 0.617718 74.965311 0.114488
 486.000000 50.014450 0.652920 72.611504 0.182901
 487.000000 58.041899 0.491937 72.200339 0.204181
 488.000000 69.595065 0.129923 66.357304 0.295219
 489.000000 67.180826 0.321176 72.407726 0.213763
 490.000000 61.695575 0.496974 75.340124 0.174717
 491.000000 66.887219 0.403461 73.109801 0.253395
 492.000000 63.653291 0.290335 68.134407 0.229907
 493.000000 70.742925 0.103231 64.771972 0.380889
 494.000000 68.250775 0.139114 66.004872 0.308426
 495.000000 67.908461 0.176635 65.580616 0.329005
 496.000000 71.582513 0.076961 65.516138 0.385558
 497.000000 64.810589 0.383151 72.194727 0.228747
 498.000000 65.390393 0.317516 70.690843 0.200879
 499.000000 67.267324 0.220314 66.672160 0.304553
 500.000000 70.525137 0.173725 67.029081 0.322763
 501.000000 74.365430 0.075987 67.985851 0.375433
 502.000000 70.982844 0.108455 66.530026 0.337869
 503.000000 68.729318 0.120057 65.466046 0.308076
 504.000000 68.546112 0.235564 68.733713 0.286448
 505.000000 68.678705 0.292162 73.519495 0.200573
 506.000000 66.053026 0.256124 68.791055 0.303029
 507.000000 64.014596 0.403753 73.401340 0.221144
 508.000000 65.152032 0.346446 71.556646 0.239007
 509.000000 61.146640 0.489997 73.726596 0.208111
 510.000000 65.282632 0.333402 70.582683 0.224696
 511.000000 66.630974 0.251027 67.629290 0.280513
 512.000000 73.441038 0.132429 69.218848 0.314744
 513.000000 69.006055 0.189904 67.149306 0.305817
 514.000000 64.959857 0.284372 67.672890 0.247675
 515.000000 69.968418 0.144104 65.189206 0.373960
 516.000000 68.382662 0.160177 66.901399 0.327925
 517.000000 65.060314 0.321925 70.567004 0.226311
 518.000000 66.406743 0.302250 71.415698 0.215516
 519.000000 75.231844 0.119501 70.631436 0.338083
 520.000000 65.813253 0.277307 67.481683 0.302560
 521.000000 70.216850 0.228677 71.491653 0.257658
 522.000000 71.575449 0.190451 71.196349 0.269236
 523.000000 69.320808 0.154440 67.623951 0.294966
 524.000000 74.583993 0.080635 67.891314 0.388469
 525.000000 66.121911 0.293654 69.469789 0.236879
 526.000000 70.670369 0.137313 67.562825 0.341885
 527.000000 69.564214 0.187444 68.933729 0.303530
 528.000000 67.002813 0.197112 66.726725 0.258896
 529.000000 69.716559 0.241725 71.556717 0.254171
 530.000000 66.567867 0.322089 74.242321 0.163745
 531.000000 67.946023 0.194181 67.583653 0.275518
 532.000000 66.369796 0.337541 72.780069 0.235086
 533.000000 67.220658 0.197130 65.470206 0.315495
 534.000000 73.247415 0.067744 67.053708 0.380921
 535.000000 65.510532 0.346013 72.025229 0.200889
 536.000000 61.183967 0.501850 73.335276 0.204416
 537.000000 65.416269 0.321868 71.059550 0.208927
 538.000000 67.024660 0.227324 67.118702 0.327350
 539.000000 72.852828 0.147712 70.106336 0.326875
 540.000000 64.202103 0.375102 71.553273 0.237695
 541.000000 60.926785 0.489028 75.246254 0.212017
 542.000000 62.656937 0.457347 73.459408 0.223450
 543.000000 58.503774 0.487129 73.447241 0.207168
 544.000000 56.611153 0.596104 78.257906 0.120258
 545.000000 61.362849 0.545554 77.595487 0.180289
 546.000000 56.483365 0.600157 78.592036 0.127428
 547.000000 56.745860 0.589276 76.987889 0.139212
 548.000000 61.060160 0.487748 72.555391 0.216099
 549.000000 64.968489 0.308802 69.746708 0.242155
 550.000000 64.851989 0.334092 72.234088 0.184624
 551.000000 67.326673 0.318060 72.289550 0.216490
 552.000000 70.773717 0.232038 71.028797 0.252653
 553.000000 72.551722 0.190432 71.306010 0.277286
 554.000000 74.007701 0.062142 66.853884 0.393988
 555.000000 73.530396 0.083813 67.647320 0.365850
 556.000000 73.391657 0.074833 67.682057 0.370436
 557.000000 71.261919 0.176635 68.716762 0.300936
 558.000000 73.643221 0.117632 68.756402 0.344790
 559.000000 67.620390 0.193511 68.354111 0.245425
 560.000000 65.119125 0.305868 70.613997 0.205916
 561.000000 75.321333 0.094534 68.218409 0.384793
 562.000000 67.998039 0.159680 64.999642 0.335054
 563.000000 65.850677 0.276606 69.459502 0.208944
 564.000000 70.388318 0.261786 71.631401 0.256045
 565.000000 68.942555 0.159859 66.275700 0.343160
 566.000000 71.826062 0.139778 68.446441 0.325293
 567.000000 71.815355 0.128906 65.848393 0.387344
 568.000000 69.389308 0.099240 63.852036 0.389970
 569.000000 70.354098 0.217248 69.678786 0.295478
 570.000000 67.066839 0.247601 70.356864 0.269981
 571.000000 68.083157 0.223190 68.458126 0.249155
 572.000000 72.581508 0.141293 68.951478 0.332652
 573.000000 67.874133 0.211898 67.476046 0.281283
 574.000000 67.762950 0.282254 69.429274 0.313709
 575.000000 65.728666 0.318248 70.764190 0.214899
 576.000000 70.447416 0.253930 72.713572 0.235044
 577.000000 73.983206 0.103633 67.651351 0.389505
 578.000000 68.445420 0.189455 68.992898 0.292063
 579.000000 70.232747 0.169951 66.847747 0.332772
 580.000000 73.716076 0.106847 68.289922 0.364376
 581.000000 74.759854 0.107151 68.494974 0.385933
 582.000000 69.255183 0.187952 68.564005 0.285221
 583.000000 70.773534 0.114538 66.981179 0.359684
 584.000000 72.404006 0.182551 69.941055 0.346483
 585.000000 69.010673 0.182889 66.591928 0.308035
 586.000000 66.879456 0.223180 67.398643 0.282805
 587.000000 66.864708 0.243889 69.862605 0.229787
 588.000000 63.105278 0.379970 69.091986 0.280272
 589.000000 61.984629 0.335008 67.362018 0.279335
 590.000000 69.906105 0.143281 65.683502 0.368911
 591.000000 70.607929 0.102300 65.929177 0.355703
 592.000000 66.972031 0.265259 69.536010 0.241343
 593.000000 64.942071 0.301812 70.847574 0.170027
 594.000000 66.841109 0.309074 72.964779 0.170760
 595.000000 62.845216 0.414307 71.206162 0.224385
 596.000000 56.892260 0.580436 77.114442 0.129708
 597.000000 57.562678 0.570793 77.132985 0.150668
 598.000000 61.093928 0.514977 76.296997 0.164461
 599.000000 56.347838 0.609092 78.763898 0.085557
 600.000000 57.216134 0.515968 75.445394 0.104980
 601.000000 70.631689 0.305654 70.921341 0.299422
 602.000000 64.031404 0.429355 74.909702 0.177550
 603.000000 66.354286 0.413232 74.821482 0.206302
 604.000000 59.072766 0.541914 76.291696 0.151844
 605.000000 62.674175 0.494260 77.071298 0.197128
 606.000000 63.125569 0.482035 75.636721 0.165682
 607.000000 51.900524 0.640222 73.802195 0.163926
 608.000000 60.333247 0.468995 72.166299 0.181988
 609.000000 62.103449 0.514727 76.794516 0.157376
 610.000000 65.134890 0.460246 73.839341 0.222252
 611.000000 55.456264 0.580564 74.297673 0.183188
 612.000000 64.408022 0.456396 76.599270 0.149039
 613.000000 63.070497 0.442397 72.257762 0.219167
 614.000000 53.752030 0.627774 74.909032 0.151831
 615.000000 64.257803 0.478634 77.183799 0.199098
 616.000000 71.010797 0.252920 73.091621 0.192379
 617.000000 73.026645 0.206786 72.289756 0.247793
 618.000000 76.660233 0.132327 69.726174 0.333028
 619.000000 66.416279 0.382195 72.883211 0.231511
 620.000000 68.121937 0.268491 72.023976 0.227345
 621.000000 65.673956 0.245241 67.032007 0.260998
 622.000000 66.745407 0.235839 67.510654 0.260266
 623.000000 70.332097 0.117600 66.874830 0.323942
 624.000000 71.927952 0.219906 70.112524 0.287895
 625.000000 71.639797 0.077884 65.578027 0.376005
 626.000000 70.792812 0.171908 69.241165 0.293541
 627.000000 68.060049 0.289464 73.463107 0.204936
 628.000000 64.814238 0.344395 70.031416 0.268598
 629.000000 67.259925 0.189311 66.769993 0.293626
 630.000000 61.900772 0.426720 73.010771 0.206195
 631.000000 66.194533 0.344035 71.359152 0.264296
 632.000000 66.656446 0.290889 72.155293 0.204383
 633.000000 68.974653 0.162536 67.211111 0.300235
 634.000000 65.333987 0.291125 70.536168 0.205406
 635.000000 72.305000 0.150449 68.767128 0.325637
 636.000000 75.880199 0.106321 69.843307 0.368827
 637.000000 69.869504 0.135915 66.943827 0.309418
 638.000000 74.551600 0.095165 68.123130 0.376920
 639.000000 64.707932 0.311250 68.527987 0.274413
 640.000000 61.764046 0.386333 66.747725 0.283737
 641.000000 61.209867 0.405187 66.788828 0.286026
 642.000000 53.707618 0.581433 75.125596 0.135261
 643.000000 53.865327 0.611548 76.679528 0.142619
 644.000000 51.834898 0.615434 73.226319 0.159617
 645.000000 54.975125 0.573117 74.228524 0.176260
 646.000000 53.328623 0.562679 73.901908 0.113058
 647.000000 56.722299 0.549693 74.082267 0.157728
 648.000000 58.548814 0.456837 69.547571 0.214573
 649.000000 62.210356 0.403257 69.714716 0.240987
 650.000000 63.710413 0.298727 67.413797 0.227582
 651.000000 69.224891 0.290634 74.572224 0.198256
 652.000000 72.748853 0.184634 69.977050 0.321497
 653.000000 72.257624 0.129108 68.167570 0.328546
 654.000000 60.882708 0.452931 73.305257 0.211063
 655.000000 64.798101 0.266169 67.409037 0.272476
 656.000000 68.439664 0.220381 68.058523 0.316536
 657.000000 74.917486 0.134547 70.276572 0.348731
 658.000000 74.088912 0.051455 67.065282 0.403701
 659.000000 73.328236 0.048829 65.692811 0.383748
 660.000000 72.260905 0.059881 64.473396 0.403478
 661.000000 66.119507 0.202464 65.125687 0.296314
 662.000000 67.407216 0.245872 69.519399 0.267406
 663.000000 66.233611 0.259396 67.889988 0.270680
 664.000000 71.183554 0.197801 69.743543 0.271547
 665.000000 69.702479 0.278232 72.003028 0.204058
 666.000000 70.781182 0.141787 67.379252 0.316338
 667.000000 65.103344 0.252437 67.603408 0.265290
 668.000000 71.423596 0.112825 67.595600 0.352206
 669.000000 68.850810 0.148184 65.138917 0.343130
 670.000000 68.948169 0.203256 67.411219 0.322670
 671.000000 74.354223 0.093455 69.211906 0.349131
 672.000000 72.159351 0.069296 65.277624 0.386492
 673.000000 73.729474 0.053140 67.512427 0.388264
 674.000000 69.427704 0.211914 69.613507 0.266710
 675.000000 71.437506 0.270485 73.679846 0.279585
 676.000000 72.785206 0.254355 69.710789 0.407316
 677.000000 70.979730 0.297299 73.830581 0.248802
 678.000000 71.434498 0.245047 70.358079 0.303921
 679.000000 71.652916 0.277204 73.025682 0.257216
 680.000000 67.554873 0.287070 71.594678 0.273721
 681.000000 72.306969 0.148421 67.997124 0.340294
 682.000000 67.236593 0.258480 69.748089 0.258861
 683.000000 66.091510 0.242920 66.610030 0.286333
 684.000000 68.557162 0.253509 70.579169 0.244267
 685.000000 68.825285 0.156880 66.563911 0.315290
 686.000000 69.920716 0.174685 66.556920 0.323942
 687.000000 69.413095 0.200592 70.674524 0.265626
 688.000000 68.154202 0.162178 67.258004 0.300549
 689.000000 72.603461 0.173154 71.853713 0.288994
 690.000000 75.240076 0.140059 69.947549 0.364894
 691.000000 65.969388 0.257745 68.149265 0.247006
 692.000000 63.472525 0.337236 67.123801 0.272872
 693.000000 62.354550 0.404094 69.433066 0.244890
 694.000000 73.108989 0.159534 68.528239 0.351895
 695.000000 69.853569 0.232623 68.525387 0.298139
 696.000000 69.612093 0.129138 65.116771 0.350322
 697.000000 72.271734 0.209102 72.624730 0.257929
 698.000000 66.083374 0.272227 69.548029 0.227189
 699.000000 66.867826 0.334273 69.715557 0.271321
 700.000000 64.173576 0.466126 74.362235 0.259258
 701.000000 67.518726 0.399078 73.709126 0.256419
 702.000000 63.669254 0.487015 75.815772 0.203089
 703.000000 61.637589 0.445968 72.711184 0.242373
 704.000000 62.773338 0.386921 72.964947 0.177640
 705.000000 71.213898 0.264720 70.420532 0.300257
 706.000000 66.681145 0.347329 72.921619 0.225888
 707.000000 63.968573 0.368452 71.814433 0.183714
 708.000000 62.294836 0.368161 68.597233 0.261015
 709.000000 73.517182 0.046240 65.374430 0.422095
 710.000000 66.942981 0.203157 67.780267 0.264295
 711.000000 68.076170 0.270252 71.391221 0.230729
 712.000000 63.415896 0.343851 69.648276 0.223434
 713.000000 70.953830 0.158053 68.269567 0.330198
 714.000000 72.020224 0.245956 71.837098 0.245590
 715.000000 70.578181 0.201959 69.896401 0.253376
 716.000000 67.503130 0.284651 72.426836 0.182676
 717.000000 71.024500 0.139418 66.351219 0.342600
 718.000000 73.568123 0.176159 71.400318 0.318126
 719.000000 74.311387 0.129080 71.237471 0.301687
 720.000000 75.505439 0.113973 69.671593 0.367126
 721.000000 74.213166 0.098635 67.120841 0.381008
 722.000000 67.219389 0.423344 74.453395 0.239712
 723.000000 64.067620 0.427773 73.366151 0.217921
 724.000000 63.155027 0.470207 75.287153 0.197097
 725.000000 70.615223 0.357931 74.275107 0.225172
 726.000000 72.790723 0.220179 70.462789 0.284635
 727.000000 75.597455 0.162611 68.323046 0.358375
 728.000000 71.140749 0.253085 72.520167 0.205437
 729.000000 68.582732 0.357237 74.134985 0.201339
 730.000000 66.354247 0.400304 75.015225 0.171083
 731.000000 67.685404 0.348391 72.926207 0.188747
 732.000000 75.003536 0.214484 73.011187 0.221261
 733.000000 71.165189 0.303752 73.260539 0.209989
 734.000000 75.115099 0.229162 75.236323 0.229074
 735.000000 72.375662 0.210269 71.137643 0.256648
 736.000000 69.978449 0.315585 72.767919 0.215331
 737.000000 67.012726 0.379594 74.287648 0.165691
 738.000000 70.750647 0.334931 74.775217 0.238070
 739.000000 70.105030 0.336143 75.465880 0.210083
 740.000000 68.708546 0.369422 74.309791 0.242377
 741.000000 70.226872 0.337209 71.242752 0.310043
 742.000000 60.260949 0.455682 72.017574 0.212302
 743.000000 63.326629 0.388897 72.067614 0.226502
 744.000000 71.778544 0.121157 67.313806 0.373026
 745.000000 71.811649 0.109783 66.998817 0.370844
 746.000000 72.733884 0.195573 72.220789 0.274328
 747.000000 64.844993 0.376647 70.570376 0.246955
 748.000000 69.373120 0.280088 73.226947 0.216344
 749.000000 66.908630 0.292215 70.625933 0.219641
 750.000000 66.596089 0.273737 68.853053 0.239539
 751.000000 69.087381 0.186856 66.744464 0.308870
 752.000000 72.830820 0.206470 71.657112 0.276985
 753.000000 71.910416 0.077266 66.181747 0.358198
 754.000000 62.565487 0.407977 72.200285 0.213141
 755.000000 65.255067 0.360135 68.580881 0.300261
 756.000000 65.031036 0.388844 70.134952 0.275802
 757.000000 71.747574 0.182112 68.689060 0.322234
 758.000000 73.000195 0.197463 71.459217 0.278167
 759.000000 71.635171 0.099728 67.498313 0.347917
 760.000000 69.703394 0.157634 67.064986 0.312681
 761.000000 68.124881 0.282183 72.970993 0.199929
 762.000000 68.022209 0.201518 67.000183 0.309569
 763.000000 70.981113 0.106759 66.059818 0.344383
 764.000000 75.767064 0.091818 70.216638 0.344374
 765.000000 72.611196 0.191613 70.372953 0.321268
 766.000000 72.416333 0.147871 70.575499 0.312722
 767.000000 71.018798 0.122027 67.125399 0.336368
 768.000000 66.585148 0.241035 68.395344 0.240454
 769.000000 75.118785 0.133304 69.653910 0.331522
 770.000000 67.665649 0.181592 67.229598 0.283507
 771.000000 57.330713 0.544688 72.483287 0.187174
 772.000000 60.101396 0.546241 76.759724 0.176101
 773.000000 66.454151 0.384332 74.305437 0.207926
 774.000000 73.519665 0.215989 73.963723 0.230917
 775.000000 69.216275 0.370601 74.630050 0.231375
 776.000000 58.596851 0.511891 74.033293 0.163353
 777.000000 71.521601 0.248205 72.517131 0.288695
 778.000000 72.372897 0.304043 73.992819 0.320344
 779.000000 75.957454 0.137141 71.448319 0.337320
 780.000000 69.339494 0.181072 68.239435 0.292908
 781.000000 68.376641 0.194145 67.701247 0.262811
 782.000000 71.029983 0.224672 69.611490 0.269854
 783.000000 70.718161 0.167120 68.128377 0.319866
 784.000000 68.785871 0.164627 66.436263 0.290425
 785.000000 75.082797 0.121054 70.135803 0.361070
 786.000000 72.353466 0.210460 73.201664 0.279687
 787.000000 64.003485 0.389318 73.693995 0.182767
 788.000000 65.311987 0.292632 71.183023 0.194296
 789.000000 65.394240 0.305433 70.994871 0.217410
 790.000000 68.652247 0.182632 68.562033 0.266059
 791.000000 68.924796 0.140477 65.998878 0.325482
 792.000000 71.532622 0.205364 71.037325 0.277452
 793.000000 68.908394 0.312285 72.003438 0.295580
 794.000000 60.794359 0.412351 68.463351 0.230652
 795.000000 66.026885 0.235895 66.113128 0.297050
 796.000000 68.878623 0.286450 72.685829 0.230791
 797.000000 64.855749 0.287240 67.034984 0.261705
 798.000000 71.122819 0.174538 67.984523 0.320038
 799.000000 63.878181 0.307884 66.295064 0.264813
 800.000000 66.287029 0.279994 68.577090 0.298094
 801.000000 71.438788 0.227743 73.680082 0.243429
 802.000000 70.833288 0.164763 68.352132 0.332019
 803.000000 69.133355 0.220134 70.049350 0.262808
 804.000000 71.872985 0.063124 63.938117 0.426354
 805.000000 67.033778 0.259750 69.898203 0.248260
 806.000000 66.532407 0.222891 66.870207 0.301872
 807.000000 58.415441 0.511067 71.302046 0.268180
 808.000000 58.471233 0.505687 72.357444 0.232719
 809.000000 56.407317 0.536489 74.794786 0.144637
 810.000000 67.403379 0.200159 68.104928 0.274185
 811.000000 63.595185 0.340765 69.078255 0.245200
 812.000000 54.965073 0.570756 76.430852 0.095659
 813.000000 57.566960 0.514029 74.319284 0.164555
 814.000000 55.402964 0.618581 78.374994 0.089899
 815.000000 55.104176 0.595278 77.316137 0.119472
 816.000000 52.424016 0.651134 77.298393 0.105018
 817.000000 62.832008 0.494313 75.032183 0.222455
 818.000000 67.187885 0.386204 73.050113 0.245665
 819.000000 76.116069 0.104081 70.203683 0.341065
 820.000000 74.520415 0.136368 68.867689 0.340471
 821.000000 74.629674 0.175378 71.590112 0.282139
 822.000000 72.556973 0.313342 73.165453 0.245975
 823.000000 68.908787 0.346473 72.515632 0.212973
 824.000000 70.780695 0.291579 70.704051 0.257230
 825.000000 67.208969 0.401777 73.387385 0.227571
 826.000000 71.151369 0.314830 74.581111 0.241418
 827.000000 70.565758 0.294399 72.770476 0.229828
 828.000000 70.527787 0.300629 72.689239 0.228237
 829.000000 67.883285 0.338926 71.910081 0.213686
 830.000000 72.169333 0.283776 72.485758 0.230057
 831.000000 67.494805 0.400044 74.904306 0.191637
 832.000000 70.163970 0.335456 72.285427 0.258155
 833.000000 74.481632 0.236137 70.863632 0.295165
 834.000000 73.436545 0.241730 71.258630 0.273121
 835.000000 75.361467 0.168640 70.530282 0.320487
 836.000000 56.226705 0.537323 73.703289 0.182027
 837.000000 68.857237 0.201647 68.747550 0.279468
 838.000000 65.947884 0.232319 67.182904 0.257605
 839.000000 70.567859 0.252792 71.377418 0.225048
 840.000000 65.656959 0.256462 69.410732 0.234245
 841.000000 66.588322 0.288255 72.009844 0.204199
 842.000000 58.857224 0.465081 68.427881 0.254114
 843.000000 55.554804 0.539749 76.064530 0.070795
 844.000000 59.698806 0.504624 75.068657 0.161875
 845.000000 64.049344 0.377036 70.917200 0.244590
 846.000000 66.186721 0.399195 72.151830 0.271076
 847.000000 64.001853 0.406616 72.083985 0.245408
 848.000000 65.128516 0.439206 76.866390 0.210131
 849.000000 62.459200 0.376227 69.767632 0.226602
 850.000000 69.983608 0.096251 66.128950 0.343306
 851.000000 69.335405 0.244835 70.261688 0.254801
 852.000000 65.583049 0.244017 67.950081 0.245483
 853.000000 71.299514 0.148217 66.778843 0.375474
 854.000000 69.504817 0.093240 64.341288 0.349654
 855.000000 67.274225 0.276499 71.228661 0.199834
 856.000000 66.626067 0.241988 66.880969 0.299248
 857.000000 72.918041 0.100451 67.271552 0.365049
 858.000000 71.708265 0.205831 69.739016 0.321740
 859.000000 73.400283 0.246588 69.529810 0.386999
 860.000000 66.918036 0.272661 70.710655 0.212401
 861.000000 67.432146 0.311764 71.204069 0.264303
 862.000000 67.381791 0.181836 67.059470 0.293411
 863.000000 72.114978 0.244046 73.292049 0.266280
 864.000000 71.427383 0.213355 71.207268 0.282589
 865.000000 62.667278 0.415342 72.263133 0.216646
 866.000000 68.127477 0.165186 66.300861 0.326520
 867.000000 71.664754 0.183464 69.744092 0.319773
 868.000000 72.109493 0.196388 69.857674 0.324742
 869.000000 69.668851 0.165194 67.530046 0.335983
 870.000000 70.219200 0.200809 69.636143 0.293644
 871.000000 71.053017 0.118172 66.826710 0.340940
 872.000000 70.155457 0.249397 72.698716 0.267583
 873.000000 69.529052 0.153002 68.055763 0.332207
 874.000000 71.373275 0.165729 66.679893 0.354032
 875.000000 73.039486 0.030468 64.826493 0.426012
 876.000000 69.718505 0.261150 71.418650 0.268176
 877.000000 71.189818 0.102353 66.238121 0.368281
 878.000000 70.146051 0.215227 71.800103 0.224709
 879.000000 66.607627 0.313337 72.082942 0.195877
 880.000000 75.783140 0.127411 71.048236 0.325536
 881.000000 72.787381 0.109338 67.696103 0.378409
 882.000000 67.247412 0.172976 66.544035 0.294380
 883.000000 74.122909 0.057485 65.833381 0.403017
 884.000000 70.887409 0.109931 68.000792 0.309242
 885.000000 63.211764 0.388057 69.600477 0.246298
 886.000000 65.965369 0.257397 67.167504 0.255050
 887.000000 69.791569 0.125884 67.227095 0.320327
 888.000000 68.995250 0.288190 72.668297 0.223950
 889.000000 62.928311 0.382132 70.827722 0.215934
 890.000000 65.385009 0.264931 67.465922 0.257226
 891.000000 69.593692 0.197434 68.561459 0.307488
 892.000000 71.616446 0.169016 69.918549 0.286539
 893.000000 68.650840 0.143545 65.698645 0.298078
 894.000000 72.995031 0.087563 66.522538 0.373191
 895.000000 62.562356 0.361016 69.393174 0.236473
 896.000000 66.729731 0.202066 66.811926 0.304719
 897.000000 69.699648 0.186929 68.673467 0.293798
 898.000000 72.697872 0.152319 70.696687 0.323332
 899.000000 69.017519 0.256831 70.843197 0.263711
 900.000000 56.613438 0.572104 76.015817 0.238433
 901.000000 54.112192 0.642323 78.813632 0.094177
 902.000000 52.860982 0.662050 77.247592 0.116761
 903.000000 64.830168 0.483747 76.337176 0.183756
 904.000000 63.382671 0.363493 70.084502 0.232795
 905.000000 57.970446 0.483878 68.521230 0.259422
 906.000000 58.592135 0.514880 72.083485 0.211871
 907.000000 62.998981 0.457452 73.138401 0.250660
 908.000000 54.711597 0.595312 74.257137 0.194212
 909.000000 55.746798 0.554880 74.260832 0.166431
 910.000000 60.117985 0.458700 72.928699 0.215047
 911.000000 64.938507 0.334283 69.692945 0.258719
 912.000000 69.057266 0.191553 67.041635 0.315516
 913.000000 69.774120 0.113009 65.189353 0.344875
 914.000000 67.930017 0.102522 62.610926 0.370631
 915.000000 67.621183 0.211067 67.424495 0.280114
 916.000000 59.052494 0.509892 74.027110 0.161427
 917.000000 63.405581 0.458843 75.711441 0.212609
 918.000000 43.066853 0.784305 79.845246 0.047555
 919.000000 48.228732 0.773455 78.939585 0.148693
 920.000000 50.785738 0.695488 77.085143 0.126066
 921.000000 49.092130 0.709287 75.453135 0.172057
 922.000000 56.240712 0.621533 79.330219 0.110162
 923.000000 60.656482 0.563809 79.472164 0.128538
 924.000000 58.047961 0.589150 77.060725 0.181989
 925.000000 61.998430 0.536945 77.704912 0.194410
 926.000000 59.230190 0.496787 73.441679 0.223259
 927.000000 56.698127 0.515969 70.354234 0.244129
 928.000000 71.437240 0.253711 73.547659 0.240656
 929.000000 69.081382 0.143966 65.249348 0.337810
 930.000000 74.779727 0.057286 67.466485 0.404707
 931.000000 67.084892 0.179637 65.657447 0.316988
 932.000000 68.222370 0.266256 70.383969 0.246206
 933.000000 72.360182 0.215069 71.520810 0.263870
 934.000000 72.327701 0.239509 73.212099 0.250290
 935.000000 68.558471 0.165250 67.572130 0.290873
 936.000000 69.721402 0.150752 66.731989 0.351246
 937.000000 63.075741 0.309621 66.399222 0.242931
 938.000000 68.690660 0.216854 68.744452 0.277034
 939.000000 74.407037 0.087749 68.407346 0.371187
 940.000000 75.750124 0.079029 69.455415 0.363823
 941.000000 74.632842 0.118725 69.702043 0.364552
 942.000000 60.228237 0.467790 73.224424 0.192844
 943.000000 67.679727 0.312039 72.828933 0.216047
 944.000000 67.930726 0.283465 72.358453 0.212124
 945.000000 67.384165 0.404306 72.499120 0.302805
 946.000000 64.165620 0.480730 76.947285 0.188914
 947.000000 61.418643 0.547757 79.766530 0.099637
 948.000000 62.776845 0.488888 75.467410 0.177275
 949.000000 54.302661 0.629285 77.555629 0.126313
 950.000000 61.696509 0.431899 68.421342 0.278305
 951.000000 65.810431 0.222752 66.561011 0.298154
 952.000000 72.518519 0.183479 69.860959 0.293326
 953.000000 72.213807 0.181711 69.599988 0.314563
 954.000000 71.984031 0.169746 69.971975 0.319336
 955.000000 73.994533 0.114308 69.497567 0.339935
 956.000000 67.627934 0.278133 72.177782 0.231281
 957.000000 65.983158 0.325307 73.607181 0.159294
 958.000000 68.713347 0.170730 67.402128 0.321416
 959.000000 63.096165 0.412559 72.822576 0.194624
 960.000000 56.369653 0.556507 73.818187 0.150482
 961.000000 66.371493 0.225073 68.167842 0.289321
 962.000000 64.864098 0.364767 72.799689 0.204378
 963.000000 65.103033 0.326617 71.382245 0.188647
 964.000000 71.455563 0.091756 66.504510 0.377160
 965.000000 71.967601 0.185159 70.112325 0.293115
 966.000000 69.096058 0.259981 70.329957 0.219412
 967.000000 72.157573 0.179817 69.419000 0.308520
 968.000000 63.646755 0.299264 69.146889 0.219824
 969.000000 67.837229 0.203614 67.867245 0.262868
 970.000000 65.205110 0.260724 69.101690 0.234722
 971.000000 70.975868 0.243347 72.329612 0.212955
 972.000000 73.068246 0.060652 65.490010 0.403676
 973.000000 70.324652 0.250012 71.713699 0.241241
 974.000000 65.995343 0.281435 69.351172 0.248032
 975.000000 66.278512 0.303164 71.962402 0.192035
 976.000000 72.184796 0.194669 68.512901 0.335999
 977.000000 71.027413 0.211902 69.019909 0.294175
 978.000000 67.150630 0.331447 71.487187 0.239003
 979.000000 64.654943 0.337972 72.146304 0.214238
 980.000000 70.717984 0.091285 66.224973 0.341609
 981.000000 69.570135 0.173190 68.247761 0.290727
 982.000000 72.922896 0.051741 65.154416 0.392452
 983.000000 71.277547 0.143359 68.218953 0.331503
 984.000000 72.052894 0.140105 67.748633 0.337906
 985.000000 69.744684 0.266923 72.471094 0.220903
 986.000000 67.994418 0.279283 71.763045 0.191797
 987.000000 71.070465 0.099727 65.505340 0.366002
 988.000000 73.333052 0.037370 65.219519 0.401198
 989.000000 69.695711 0.151442 67.313435 0.296178
 990.000000 66.388949 0.228766 65.130613 0.312618
 991.000000 62.843888 0.298712 65.436864 0.268920
 992.000000 62.337441 0.322451 67.409681 0.226718
 993.000000 63.775556 0.278964 65.854889 0.260258
 994.000000 67.934909 0.126286 62.839265 0.377644
 995.000000 62.628742 0.312986 66.498600 0.225256
 996.000000 63.608817 0.296939 65.855998 0.256226
 997.000000 64.888156 0.358071 72.831233 0.206286
 998.000000 65.366343 0.431934 74.306447 0.214089
 999.000000 54.268282 0.583675 74.336468 0.149950
 1000.000000 67.347094 0.264350 68.492736 0.275703
 1001.000000 69.126994 0.142744 66.871540 0.328470
 1002.000000 64.442226 0.279774 68.975277 0.245471
 1003.000000 72.002931 0.165485 68.013543 0.351121
 1004.000000 70.023780 0.252287 71.061591 0.271785
 1005.000000 67.470738 0.390801 72.773484 0.262489
 1006.000000 62.647151 0.520682 77.836289 0.155319
 1007.000000 64.022946 0.497423 77.077052 0.193261
 1008.000000 51.785841 0.662182 77.442341 0.121633
 1009.000000 48.447461 0.752786 77.478150 0.160703
 1010.000000 61.019669 0.541606 75.936023 0.197800
 1011.000000 52.818482 0.660362 77.722423 0.102481
 1012.000000 59.670902 0.460711 72.375958 0.183571
 1013.000000 55.839709 0.561576 74.537313 0.156649
 1014.000000 59.592538 0.528313 74.575281 0.209768
 1015.000000 61.333354 0.436380 73.059853 0.182957
 1016.000000 71.008483 0.247515 71.764838 0.220298
 1017.000000 70.988744 0.237047 72.390700 0.222683
 1018.000000 72.977568 0.141609 68.465860 0.316373
 1019.000000 68.491336 0.234620 69.181548 0.272782
 1020.000000 69.014804 0.277638 71.922701 0.228210
 1021.000000 71.234953 0.111460 67.239559 0.348182
 1022.000000 70.133488 0.252701 71.052186 0.253277
 1023.000000 70.324515 0.195198 70.446503 0.273007
 1024.000000 70.348527 0.270249 73.192974 0.211514
 1025.000000 73.359183 0.050214 66.763576 0.375651
 1026.000000 68.510801 0.287900 71.754971 0.210961
 1027.000000 71.848504 0.186438 72.647340 0.247961
 1028.000000 70.403533 0.124730 65.339023 0.338308
 1029.000000 73.689111 0.158784 69.869961 0.334666
 1030.000000 69.860896 0.159596 66.552539 0.327792
 1031.000000 75.147143 0.092285 67.119268 0.404751
 1032.000000 74.913689 0.083236 69.059658 0.367991
 1033.000000 71.463836 0.066131 65.314355 0.366543
 1034.000000 69.788858 0.167766 68.254091 0.291934
 1035.000000 71.744274 0.168714 68.489586 0.324110
 1036.000000 70.451238 0.308091 70.859247 0.293907
 1037.000000 72.204648 0.251299 73.923920 0.213944
 1038.000000 68.769572 0.301352 71.561403 0.209040
 1039.000000 67.855006 0.281055 70.946538 0.262784
 1040.000000 70.344615 0.057232 64.260472 0.341173
 1041.000000 68.147335 0.224560 68.664452 0.287547
 1042.000000 67.216491 0.197302 65.648936 0.300435
 1043.000000 70.500641 0.275386 74.481628 0.223673
 1044.000000 71.243903 0.233885 72.695445 0.251466
 1045.000000 71.443609 0.263830 71.631164 0.318845
 1046.000000 72.109247 0.223158 71.238108 0.284792
 1047.000000 64.045828 0.411957 73.119715 0.254006
 1048.000000 64.173857 0.267904 65.928563 0.313541
 1049.000000 73.023957 0.143745 69.428926 0.322348
 1050.000000 68.253521 0.299478 72.503577 0.252645
 1051.000000 73.296040 0.138927 69.235261 0.329559
 1052.000000 71.357046 0.075784 66.087531 0.365598
 1053.000000 69.673591 0.197251 68.713730 0.283399
 1054.000000 68.575930 0.179850 67.189735 0.307181
 1055.000000 70.738277 0.212483 69.143821 0.302658
 1056.000000 67.584876 0.211503 68.119939 0.268563
 1057.000000 68.729589 0.219922 68.991320 0.272459
 1058.000000 63.473310 0.369717 71.148416 0.217444
 1059.000000 73.157755 0.061538 64.964358 0.420042
 1060.000000 65.664279 0.273468 68.925503 0.243298
 1061.000000 67.215906 0.232809 68.988776 0.235983
 1062.000000 72.731177 0.172876 69.965766 0.332621
 1063.000000 74.478235 0.114119 70.723763 0.298429
 1064.000000 70.939581 0.195956 70.097215 0.294317
 1065.000000 68.346271 0.296962 71.986718 0.248236
 1066.000000 72.429404 0.136156 66.859544 0.363929
 1067.000000 71.114190 0.120642 67.565595 0.330133
 1068.000000 72.244655 0.117597 68.031767 0.340216
 1069.000000 69.714305 0.178159 68.019262 0.270534
 1070.000000 68.302712 0.137282 66.322413 0.278712
 1071.000000 73.197234 0.135255 71.067994 0.280986
 1072.000000 67.934991 0.187696 69.273334 0.270350
 1073.000000 67.628756 0.313484 73.835041 0.167144
 1074.000000 70.511258 0.234041 73.615725 0.254893
 1075.000000 70.652774 0.248077 73.169303 0.230595
 1076.000000 61.312313 0.442612 72.765953 0.192689
 1077.000000 60.545717 0.434343 69.248744 0.234432
 1078.000000 59.806496 0.544191 75.459243 0.212371
 1079.000000 50.012821 0.678987 74.298715 0.154129
 1080.000000 61.739096 0.464377 71.536629 0.235683
 1081.000000 63.112219 0.499262 76.846205 0.196016
 1082.000000 57.184338 0.566951 77.829142 0.136982
 1083.000000 50.966937 0.677656 77.561817 0.091784
 1084.000000 50.392856 0.650210 75.473945 0.122968
 1085.000000 66.093427 0.374019 71.333704 0.224036
 1086.000000 77.044279 0.150475 71.938910 0.306228
 1087.000000 76.075241 0.139553 70.639884 0.309803
 1088.000000 75.888948 0.133145 69.779508 0.325480
 1089.000000 72.965967 0.238374 72.611910 0.274517
 1090.000000 73.940306 0.218346 72.247463 0.247657
 1091.000000 73.631272 0.198422 72.254991 0.229415
 1092.000000 69.760742 0.312370 73.212282 0.237381
 1093.000000 68.819307 0.349119 74.484022 0.217255
 1094.000000 75.186010 0.242689 74.881437 0.220666
 1095.000000 65.724854 0.367388 70.384598 0.229551
 1096.000000 66.970868 0.406337 74.787703 0.201145
 1097.000000 67.377636 0.382410 72.258889 0.220491
 1098.000000 73.898851 0.189959 72.770929 0.257106
 1099.000000 75.857634 0.177449 72.303807 0.267852
 1100.000000 71.788071 0.225070 71.016712 0.234184
 1101.000000 73.720123 0.196857 70.804265 0.288187
 1102.000000 73.108155 0.273807 70.531389 0.330754
 1103.000000 67.740048 0.348589 72.030691 0.217920
 1104.000000 62.564379 0.464823 75.108372 0.133460
 1105.000000 67.898502 0.376891 74.222094 0.200001
 1106.000000 59.029787 0.552556 77.007815 0.156641
 1107.000000 56.136359 0.593633 77.539495 0.117141
 1108.000000 61.019068 0.538504 77.097186 0.167980
 1109.000000 54.270109 0.642730 74.722597 0.192600
 1110.000000 57.028473 0.522243 73.580958 0.176080
 1111.000000 47.903022 0.715373 74.246927 0.178887
 1112.000000 59.306301 0.458554 72.844750 0.185627
 1113.000000 52.926516 0.612006 75.391398 0.149247
 1114.000000 49.174848 0.667373 72.067191 0.189163
 1115.000000 51.974815 0.639064 68.582281 0.346449
 1116.000000 62.113744 0.353109 66.123127 0.286482
 1117.000000 63.497572 0.416958 68.573794 0.305971
 1118.000000 66.152031 0.423023 75.856608 0.163491
 1119.000000 73.100981 0.218865 72.080279 0.250331
 1120.000000 65.215905 0.443168 74.624032 0.181591
 1121.000000 73.174683 0.269534 73.960502 0.246782
 1122.000000 67.970507 0.330686 70.384154 0.275257
 1123.000000 74.835115 0.159822 71.262682 0.279504
 1124.000000 73.545528 0.178773 70.732293 0.279329
 1125.000000 74.198912 0.199336 70.097963 0.318814
 1126.000000 75.898266 0.133281 71.643962 0.311184
 1127.000000 66.638557 0.436336 74.004164 0.246544
 1128.000000 52.756229 0.642073 75.774154 0.153088
 1129.000000 55.704520 0.629813 76.947952 0.132812
 1130.000000 66.746691 0.274859 70.194904 0.251373
 1131.000000 72.919332 0.094173 67.376836 0.343253
 1132.000000 66.004706 0.237018 65.433540 0.308268
 1133.000000 72.962819 0.144201 69.741392 0.320016
 1134.000000 67.364637 0.249467 69.439332 0.260687
 1135.000000 67.989455 0.313409 73.650219 0.254391
 1136.000000 75.648464 0.175898 72.994424 0.307834
 1137.000000 64.445625 0.343980 71.015119 0.215842
 1138.000000 58.194124 0.514376 74.731969 0.154982
 1139.000000 61.113465 0.547121 76.025419 0.173859
 1140.000000 54.322934 0.568284 72.548899 0.206569
 1141.000000 66.569427 0.326256 72.409822 0.192396
 1142.000000 70.309730 0.214931 69.262168 0.277387
 1143.000000 65.261716 0.299237 70.844315 0.187528
 1144.000000 60.669254 0.447481 71.243776 0.243976
 1145.000000 59.932396 0.466663 74.025786 0.161400
 1146.000000 64.278646 0.469256 75.727523 0.237989
 1147.000000 63.513006 0.485866 74.878605 0.217271
 1148.000000 60.139214 0.526465 74.199154 0.184530
 1149.000000 66.182801 0.478723 74.144799 0.266270
 1150.000000 62.478694 0.506064 75.194915 0.192658
 1151.000000 66.687381 0.413370 75.776564 0.178403
 1152.000000 71.479320 0.298797 74.405377 0.203735
 1153.000000 72.827474 0.271947 74.063683 0.214996
 1154.000000 73.518971 0.239957 74.253757 0.219894
 1155.000000 72.073530 0.278131 74.632949 0.165054
 1156.000000 71.468057 0.278336 72.932486 0.234349
 1157.000000 73.832024 0.219627 74.500762 0.209637
 1158.000000 75.489630 0.147423 70.209613 0.307409
 1159.000000 72.422530 0.212902 71.718478 0.246517
 1160.000000 76.946171 0.144819 69.978236 0.333482
 1161.000000 72.651001 0.258358 71.526323 0.259491
 1162.000000 75.223392 0.173382 70.842091 0.294955
 1163.000000 75.814115 0.184000 72.231232 0.276387
 1164.000000 70.919208 0.327034 76.408042 0.179619
 1165.000000 74.353270 0.251160 73.318734 0.241897
 1166.000000 75.121308 0.184297 70.932339 0.295567
 1167.000000 75.505550 0.096220 68.490196 0.366741
 1168.000000 73.516409 0.199346 71.299975 0.255590
 1169.000000 71.320193 0.327250 74.876639 0.204501
 1170.000000 67.233120 0.394178 74.792023 0.213840
 1171.000000 71.834325 0.289933 71.860866 0.273918
 1172.000000 66.330486 0.385209 71.890796 0.231052
 1173.000000 69.352845 0.326566 73.096599 0.226595
 1174.000000 69.001761 0.352937 73.184020 0.233853
 1175.000000 73.316827 0.248143 70.944394 0.291482
 1176.000000 72.856368 0.258765 73.366901 0.248761
 1177.000000 68.683844 0.343652 73.063971 0.206163
 1178.000000 66.258028 0.439647 75.126454 0.212025
 1179.000000 71.824305 0.328786 76.644475 0.195803
 1180.000000 72.298271 0.279009 74.044330 0.244621
 1181.000000 65.362989 0.451163 76.733181 0.140894
 1182.000000 64.241392 0.436871 76.099217 0.142330
 1183.000000 68.337715 0.386205 75.212636 0.168255
 1184.000000 69.194672 0.350521 74.587532 0.196840
 1185.000000 60.790874 0.543902 77.476543 0.138690
 1186.000000 55.132628 0.587641 74.435754 0.169235
 1187.000000 63.090167 0.380539 72.482144 0.219172
 1188.000000 69.389184 0.257231 71.717178 0.261928
 1189.000000 72.751623 0.093224 66.099651 0.374622
 1190.000000 66.753012 0.293158 70.497911 0.196378
 1191.000000 72.389289 0.155827 70.274867 0.292574
 1192.000000 65.963390 0.268040 67.238819 0.277932
 1193.000000 72.178065 0.167484 68.666966 0.306264
 1194.000000 67.814859 0.140542 65.039056 0.324914
 1195.000000 71.748167 0.184141 70.137464 0.301218
 1196.000000 65.271909 0.343808 72.819012 0.183481
 1197.000000 69.661342 0.271777 71.804635 0.203145
 1198.000000 69.792687 0.300029 74.657851 0.208226
 1199.000000 73.107037 0.204063 70.001552 0.295222
 1200.000000 71.922694 0.243493 72.873243 0.232352
 1201.000000 67.047903 0.297240 72.110147 0.216209
 1202.000000 65.692312 0.375742 76.460083 0.135833
 1203.000000 65.565492 0.311312 71.332462 0.194726
 1204.000000 68.797821 0.305435 73.523237 0.200164
 1205.000000 64.295904 0.268300 67.251433 0.231150
 1206.000000 63.911644 0.337457 68.119202 0.274205
 1207.000000 69.537908 0.221884 70.256056 0.248025
 1208.000000 61.960194 0.407547 72.088487 0.198016
 1209.000000 56.323453 0.530811 73.075892 0.181472
 1210.000000 62.818440 0.354503 68.254006 0.244339
 1211.000000 70.768826 0.136136 66.909643 0.329523
 1212.000000 72.784906 0.128169 68.158107 0.359780
 1213.000000 74.586796 0.108230 68.969697 0.364962
 1214.000000 64.415367 0.339561 71.174564 0.213207
 1215.000000 72.213826 0.140035 67.596736 0.363904
 1216.000000 62.163123 0.358609 68.152528 0.261877
 1217.000000 64.347450 0.335975 70.192463 0.213483
 1218.000000 62.639473 0.305252 65.940333 0.246579
 1219.000000 66.788439 0.169661 67.183908 0.267025
 1220.000000 73.940064 0.130669 68.800265 0.351917
 1221.000000 72.360267 0.153230 69.925270 0.319834
 1222.000000 65.981886 0.296262 70.725083 0.215461
 1223.000000 72.077208 0.155343 69.534883 0.336534
 1224.000000 76.453088 0.048491 60.118573 0.564187
 1225.000000 74.759066 0.040831 58.898961 0.580895
 1226.000000 76.574428 0.099587 68.702488 0.405398
 1227.000000 78.836342 0.158430 66.161692 0.508212
 1228.000000 69.028227 0.284129 70.372681 0.260693
 1229.000000 62.765561 0.394920 70.977843 0.219013
 1230.000000 64.848518 0.225240 64.311061 0.276663
 1231.000000 73.041159 0.137211 67.808095 0.371550
 1232.000000 65.811317 0.266145 67.991713 0.244503
 1233.000000 70.498864 0.231100 72.669466 0.240539
 1234.000000 62.490169 0.334909 68.920096 0.215504
 1235.000000 65.253568 0.213482 65.337597 0.283473
 1236.000000 69.692633 0.228388 70.185795 0.255444
 1237.000000 71.028120 0.287617 73.364974 0.242231
 1238.000000 68.360909 0.222532 68.709957 0.269834
 1239.000000 69.364801 0.281243 72.883168 0.198679
 1240.000000 63.575955 0.369712 72.458059 0.177461
 1241.000000 69.253710 0.251908 71.333518 0.243056
 1242.000000 69.368396 0.298103 73.098779 0.236104
 1243.000000 68.937708 0.310377 74.054417 0.229121
 1244.000000 61.907993 0.372253 70.204900 0.193775
 1245.000000 66.305627 0.352594 74.969058 0.146008
 1246.000000 56.740251 0.513304 70.603025 0.232107
 1247.000000 62.487480 0.482341 73.304124 0.247933
 1248.000000 59.148241 0.468503 67.658272 0.299267
 1249.000000 73.231305 0.093970 68.568171 0.368734
 1250.000000 65.451347 0.279956 69.363500 0.241332
 1251.000000 66.307458 0.291304 71.300694 0.216826
 1252.000000 72.825050 0.079312 68.685833 0.337101
 1253.000000 66.532947 0.209425 66.677302 0.301957
 1254.000000 68.947685 0.149820 66.139413 0.326834
 1255.000000 61.735139 0.399893 72.110096 0.209431
 1256.000000 70.301080 0.157233 67.726727 0.315939
 1257.000000 68.275413 0.155019 66.927441 0.291657
 1258.000000 72.674053 0.156834 68.287386 0.362808
 1259.000000 75.845926 0.093459 70.517762 0.356382
 1260.000000 74.330275 0.150296 70.150874 0.362730
 1261.000000 72.537335 0.118625 67.954076 0.352679
 1262.000000 69.960346 0.206176 69.567271 0.272903
 1263.000000 70.603983 0.120572 67.325323 0.343770
 1264.000000 67.612859 0.261174 70.444511 0.247072
 1265.000000 67.609013 0.307332 72.413997 0.208296
 1266.000000 72.667679 0.062810 66.345313 0.371906
 1267.000000 71.584626 0.072707 65.788716 0.360418
 1268.000000 73.274394 0.188908 70.682058 0.291989
 1269.000000 64.115580 0.353614 71.114596 0.241307
 1270.000000 57.923221 0.508326 72.441668 0.200752
 1271.000000 70.298371 0.283731 72.807709 0.231265
 1272.000000 68.380196 0.304967 73.268274 0.161702
 1273.000000 69.891842 0.236514 70.737080 0.256941
 1274.000000 69.709772 0.177368 67.441153 0.319279
 1275.000000 63.729125 0.473086 76.429364 0.220012
 1276.000000 62.650286 0.490585 73.966994 0.268863
 1277.000000 54.751861 0.665052 76.398509 0.229806
 1278.000000 56.426461 0.566119 77.447502 0.104107
 1279.000000 55.260635 0.621392 77.597641 0.122584
 1280.000000 53.489759 0.619242 75.997214 0.188637
 1281.000000 47.507681 0.713602 76.734898 0.119393
 1282.000000 50.357765 0.711435 74.810590 0.202359
 1283.000000 39.591957 0.871108 77.811513 0.131723
 1284.000000 50.415479 0.701306 74.973542 0.158743
 1285.000000 49.344213 0.717246 75.145339 0.184961
 1286.000000 51.637752 0.694984 75.954327 0.176939
 1287.000000 43.983709 0.801490 73.593153 0.252323
 1288.000000 42.065080 0.856781 70.997702 0.306118
 1289.000000 42.966904 0.799543 69.275234 0.307566
 1290.000000 43.219730 0.797212 71.074742 0.253627
 1291.000000 44.020298 0.813829 71.686328 0.268458
 1292.000000 34.762741 0.958166 68.948795 0.340038
 1293.000000 30.300775 1.039435 78.217116 0.166538
 1294.000000 30.852356 1.039777 73.954214 0.205982
 1295.000000 31.679297 1.039245 72.459064 0.248273
 1296.000000 27.310255 1.139588 70.683888 0.288051
 1297.000000 30.716470 1.039649 75.438874 0.162458
 1298.000000 32.386717 1.002102 71.714963 0.198519
 1299.000000 32.106158 1.003700 75.405597 0.185626
 1300.000000 31.530182 1.008929 73.318402 0.219986
 1301.000000 28.521471 1.100296 72.326299 0.238580
 1302.000000 27.695615 1.094885 68.868856 0.264791
 1303.000000 27.267020 1.130203 72.318681 0.245527
 1304.000000 28.947422 1.115875 75.239708 0.157259
 1305.000000 30.740814 1.042095 72.357598 0.219743
 1306.000000 20.107628 1.259363 72.896092 0.208029
 1307.000000 31.254681 1.020277 72.753749 0.247588
 1308.000000 31.656501 1.007005 70.646361 0.262192
 1309.000000 31.831835 0.996976 70.257921 0.294863
 1310.000000 28.755982 1.075753 72.547073 0.208706
 1311.000000 29.085988 1.072036 73.361136 0.216675
 1312.000000 31.764595 1.017925 72.796272 0.186343
 1313.000000 35.974259 0.914294 73.317032 0.240269
 1314.000000 25.172962 1.177598 70.070350 0.284473
 1315.000000 31.960887 1.004859 69.679649 0.259720
 1316.000000 29.126397 1.086198 71.816420 0.248016
 1317.000000 25.565530 1.176010 72.566914 0.260738
 1318.000000 28.021189 1.117968 74.524688 0.172539
 1319.000000 22.864659 1.241301 75.573750 0.149674
 1320.000000 29.851237 1.035347 71.320309 0.243724
 1321.000000 32.634880 0.990057 72.320633 0.238004
 1322.000000 27.580974 1.127059 75.277345 0.151441
 1323.000000 33.716290 0.947632 71.562176 0.273759
 1324.000000 28.028094 1.110687 72.726822 0.229069
 1325.000000 29.611973 1.066921 74.119632 0.219481
 1326.000000 18.318835 1.294302 72.331509 0.236454
 1327.000000 20.727629 1.235667 68.301177 0.279246
 1328.000000 29.599501 1.033091 72.062296 0.267255
 1329.000000 32.101225 0.999733 68.652076 0.277871
 1330.000000 28.636037 1.070496 70.025319 0.343318
 1331.000000 36.437367 0.912642 74.753948 0.219605
 1332.000000 34.661194 0.924312 76.060679 0.213186
 1333.000000 33.817855 0.936518 74.627282 0.231827
 1334.000000 28.448999 1.104926 71.492687 0.280692
 1335.000000 22.249137 1.192297 70.861133 0.249591
 1336.000000 25.280864 1.142683 71.121253 0.256574
 1337.000000 32.060158 1.004976 71.263274 0.229003
 1338.000000 26.173842 1.166876 70.280807 0.259100
 1339.000000 30.021617 1.075178 70.193354 0.285427
 1340.000000 21.198757 1.270623 72.156089 0.249835
 1341.000000 31.533730 0.992365 72.156712 0.227640
 1342.000000 21.724378 1.232508 72.608607 0.261783
 1343.000000 26.526765 1.120929 74.381887 0.238579
 1344.000000 19.227942 1.340385 72.132424 0.245109
 1345.000000 22.393333 1.246557 70.008623 0.218030
 1346.000000 17.536788 1.317313 74.125675 0.169875
 1347.000000 15.218879 1.449439 71.899966 0.302575
 1348.000000 26.199922 1.138644 69.333035 0.262102
 1349.000000 28.998045 1.091742 75.220053 0.194294
 1350.000000 25.821548 1.193646 73.231760 0.224560
 1351.000000 28.037990 1.149084 76.349048 0.160307
 1352.000000 28.209168 1.115712 70.824185 0.268067
 1353.000000 22.632695 1.227806 73.464283 0.206651
 1354.000000 24.303778 1.128484 74.246784 0.187579
 1355.000000 29.110706 1.086170 71.884247 0.244978
 1356.000000 35.959592 0.911473 71.239506 0.284374
 1357.000000 28.827079 1.049561 71.849108 0.234803
 1358.000000 31.609605 1.013110 74.803085 0.194783
 1359.000000 30.349904 1.023900 75.862919 0.171491
 1360.000000 25.068538 1.173440 73.936221 0.232630
 1361.000000 22.564975 1.091457 73.655773 0.214563
 1362.000000 12.461014 1.456255 71.850067 0.292095
 1363.000000 7.698196 1.466207 70.510380 0.298393
 1364.000000 7.375224 1.555305 72.804960 0.252316
 1365.000000 10.387769 1.439633 69.732598 0.296392
 1366.000000 3.423833 1.766228 72.537305 0.244309
 1367.000000 1.358079 2.158682 73.874352 0.188059
 1368.000000 3.083024 1.900299 76.453705 0.196677
 1369.000000 16.020434 1.231929 71.288814 0.274881
 1370.000000 3.743822 1.495826 73.913645 0.208990
 1371.000000 14.215596 1.204167 72.013109 0.236531
 1372.000000 17.914368 1.167071 75.058643 0.204822
 1373.000000 3.074294 1.624253 77.742148 0.131737
 1374.000000 8.872060 1.444891 71.643168 0.239701
 1375.000000 1.930982 2.001363 72.076906 0.197344
 1376.000000 0.248549 2.115984 74.623553 0.207083
 1377.000000 1.054632 2.241330 71.276922 0.297082
 1378.000000 0.290121 2.198417 74.085792 0.261453
 1379.000000 0.861239 1.894913 70.333848 0.236925
 1380.000000 0.158039 2.267034 71.872245 0.279626
 1381.000000 0.056199 2.630681 68.700698 0.319698
 1382.000000 0.071712 2.531239 71.566470 0.242250
 1383.000000 0.111909 2.491186 75.397854 0.164325
 1384.000000 0.188808 2.331738 72.858581 0.271385
 1385.000000 0.165512 2.425860 72.129626 0.251012
 1386.000000 0.153273 2.530177 74.433096 0.191680
 1387.000000 0.274147 2.358366 69.417365 0.260728
 1388.000000 0.081078 2.508167 71.716732 0.229066
 1389.000000 0.074405 2.552381 76.064581 0.104531
 1390.000000 0.078880 2.491032 74.486408 0.258839
 1391.000000 0.059590 2.587542 75.227410 0.168647
 1392.000000 0.076662 2.447788 70.731429 0.284294
 1393.000000 0.659022 2.269315 75.245804 0.195703
 1394.000000 0.165177 2.325572 70.341354 0.277266
 1395.000000 1.450215 1.981186 67.624190 0.301393
 1396.000000 5.390171 1.698622 71.905761 0.239282
 1397.000000 1.604221 1.771883 71.726200 0.305712
 1398.000000 0.249576 2.101146 73.610736 0.204091
 1399.000000 0.258746 2.156274 70.530682 0.300252
 1400.000000 2.312877 1.865941 68.682808 0.300068
 1401.000000 3.321242 1.738668 70.156346 0.242403
 1402.000000 13.248771 1.375367 72.056429 0.202033
 1403.000000 14.855266 1.345484 71.569795 0.209570
 1404.000000 14.792394 1.295370 72.765173 0.213888
 1405.000000 12.704489 1.278191 72.036962 0.269508
 1406.000000 14.553175 1.209863 77.567276 0.166526
 1407.000000 1.533743 1.784029 75.374088 0.184721
 1408.000000 2.391821 1.629723 75.696779 0.176248
 1409.000000 0.207046 2.100851 71.154124 0.249306
 1410.000000 0.096425 2.345537 73.143015 0.186118
 1411.000000 2.883301 2.037391 73.609628 0.209536
 1412.000000 0.565480 2.247857 70.245303 0.263480
 1413.000000 0.370728 2.148605 75.798333 0.204038
 1414.000000 0.292856 2.226177 74.471895 0.165084
 1415.000000 0.106998 2.403798 70.763693 0.239171
 1416.000000 0.083412 2.377689 70.865208 0.234824
 1417.000000 0.097241 2.275393 74.607560 0.166541
 1418.000000 0.425900 2.133887 71.005668 0.226102
 1419.000000 0.887793 1.962519 71.535861 0.252476
 1420.000000 2.353710 1.750257 72.973876 0.236394
 1421.000000 7.924849 1.599364 70.310267 0.236588
 1422.000000 6.936040 1.775481 72.031664 0.256495
 1423.000000 10.938193 1.622762 73.902219 0.219701
 1424.000000 12.639995 1.507137 71.151292 0.257358
 1425.000000 12.461096 1.498486 69.979250 0.281491
 1426.000000 12.155137 1.434227 74.024761 0.232886
 1427.000000 10.180800 1.519271 71.147605 0.247313
 1428.000000 4.152228 1.652485 72.744962 0.239975
 1429.000000 9.621022 1.591652 69.640707 0.275627
 1430.000000 11.444710 1.575225 71.125050 0.296467
 1431.000000 4.183216 2.002042 70.865280 0.255159
 1432.000000 0.310216 2.123858 70.568373 0.309306
 1433.000000 0.048211 2.617464 75.990006 0.145388
 1434.000000 0.027081 2.922503 74.681286 0.186166
 1435.000000 0.014216 3.026258 74.152235 0.198352
