#! FIELDS coord1.mean projection
#! SET min_coord1.mean 0
#! SET max_coord1.mean 100
#! SET nbins_coord1.mean  201
#! SET periodic_coord1.mean false
    0.000000000   35.234719550
    0.500000000   33.358969613
    1.000000000   32.065472382
    1.500000000   31.834963985
    2.000000000   32.341649265
    2.500000000   32.439609445
    3.000000000   32.152631942
    3.500000000   32.238625176
    4.000000000   32.555960722
    4.500000000   32.643952454
    5.000000000   32.456769573
    5.500000000   32.157330949
    6.000000000   31.848367671
    6.500000000   31.477770483
    7.000000000   30.968707284
    7.500000000   30.430883687
    8.000000000   30.022112592
    8.500000000   29.821558312
    9.000000000   29.865700936
    9.500000000   30.199872210
   10.000000000   30.890603456
   10.500000000   31.998500304
   11.000000000   33.478108763
   11.500000000   34.917483650
   12.000000000   35.487548726
   12.500000000   35.077107277
   13.000000000   34.313402442
   13.500000000   33.558739712
   14.000000000   32.954886480
   14.500000000   32.575156995
   15.000000000   32.455332317
   15.500000000   32.602847223
   16.000000000   33.012248877
   16.500000000   33.686376181
   17.000000000   34.645343564
   17.500000000   35.887032074
   18.000000000   37.251208055
   18.500000000   38.240187301
   19.000000000   38.369811392
   19.500000000   37.838297265
   20.000000000   37.026483693
   20.500000000   36.093271007
   21.000000000   35.076754618
   21.500000000   33.980383080
   22.000000000   32.834313706
   22.500000000   31.738068821
   23.000000000   30.849503997
   23.500000000   30.344483502
   24.000000000   30.387177238
   24.500000000   31.114990941
   25.000000000   32.631777432
   25.500000000   34.997598123
   26.000000000   38.176247590
   26.500000000   41.115624620
   27.000000000   39.767537995
   27.500000000   36.446616295
   28.000000000   33.152278112
   28.500000000   30.018690621
   29.000000000   27.086687526
   29.500000000   24.410571940
   30.000000000   22.050831533
   30.500000000   20.081052649
   31.000000000   18.624064973
   31.500000000   17.876337609
   32.000000000   18.066702777
   32.500000000   19.382437339
   33.000000000   21.925431614
   33.500000000   25.696649020
   34.000000000   30.533791265
   34.500000000   35.644977852
   35.000000000   39.093429004
   35.500000000   41.261502815
   36.000000000   43.618209114
   36.500000000   46.483993131
   37.000000000   49.339286934
   37.500000000   46.753634688
   38.000000000   41.279101417
   38.500000000   36.633279640
   39.000000000   33.112293677
   39.500000000   30.832674780
   40.000000000   29.857595471
   40.500000000   30.167496529
   41.000000000   31.495464959
   41.500000000   32.667064705
   42.000000000   32.245369071
   42.500000000   31.246387729
   43.000000000   30.537240542
   43.500000000   30.257816149
   44.000000000   30.407540630
   44.500000000   30.968322620
   45.000000000   31.923183971
   45.500000000   33.261564858
   46.000000000   34.979365211
   46.500000000   37.075074859
   47.000000000   39.545216313
   47.500000000   42.381278753
   48.000000000   45.569913854
   48.500000000   49.092285357
   49.000000000   52.868249432
   49.500000000   54.766194751
   50.000000000   50.158783114
   50.500000000   44.605484800
   51.000000000   39.373804795
   51.500000000   34.556334254
   52.000000000   30.212353184
   52.500000000   26.392035120
   53.000000000   23.136087180
   53.500000000   20.475087320
   54.000000000   18.429126396
   54.500000000   17.007877371
   55.000000000   16.211529945
   55.500000000   16.032553401
   56.000000000   16.458112897
   56.500000000   17.472606165
   57.000000000   19.059772984
   57.500000000   21.203763207
   58.000000000   23.889273742
   58.500000000   27.094183522
   59.000000000   30.533492748
   59.500000000   30.559231733
   60.000000000   26.463425909
   60.500000000   22.450654721
   61.000000000   18.941136411
   61.500000000   15.940467699
   62.000000000   13.439669567
   62.500000000   11.427282347
   63.000000000    9.888379604
   63.500000000    8.800214652
   64.000000000    8.126358473
   64.500000000    7.817403411
   65.000000000    7.827790151
   65.500000000    8.142371441
   66.000000000    8.785789797
   66.500000000    9.786471843
   67.000000000   10.914588236
   67.500000000   10.620926766
   68.000000000    8.183706858
   68.500000000    5.621695966
   69.000000000    3.605981021
   69.500000000    2.135970954
   70.000000000    1.110810787
   70.500000000    0.434011199
   71.000000000    0.059963719
   71.500000000    0.000000000
   72.000000000    0.292421796
   72.500000000    0.974721742
   73.000000000    2.076098941
   73.500000000    3.621568398
   74.000000000    5.637119739
   74.500000000    8.151840751
   75.000000000   11.196978817
   75.500000000   14.802587535
   76.000000000   18.992471954
   76.500000000   23.778776224
   77.000000000   29.157288300
   77.500000000   35.102140274
   78.000000000   41.563937669
   78.500000000   48.467948210
   79.000000000   55.715907834
   79.500000000   63.185212008
   80.000000000   70.729085445
   80.500000000   78.186446943
   81.000000000   85.392546490
   81.500000000   92.210725456
   82.000000000   98.561788508
   82.500000000  104.418642959
   83.000000000  109.779082357
   83.500000000  114.633866296
   84.000000000  118.951677901
   84.500000000  122.623278998
   85.000000000  125.426200452
   85.500000000  127.174837076
   86.000000000  128.049767601
   86.500000000  128.441200689
   87.000000000  128.617821000
   87.500000000  128.703328694
   88.000000000  128.748230181
   88.500000000  128.773627355
   89.000000000  128.788903557
   89.500000000  128.798508901
   90.000000000  128.804754951
   90.500000000  128.808889657
   91.000000000  128.811695556
   91.500000000  128.813584490
   92.000000000  128.814866418
   92.500000000  128.815723892
   93.000000000  128.816287085
   93.500000000  128.816637297
   94.000000000  128.816847716
   94.500000000  128.816959137
   95.000000000  128.817015317
   95.500000000  128.817034619
   96.000000000  128.817040539
   96.500000000  128.817041610
   97.000000000  128.817041690
   97.500000000  128.817041690
   98.000000000  128.817041690
   98.500000000  128.817041690
   99.000000000  128.817041690
   99.500000000  128.817041690
  100.000000000  128.817041690
