#! FIELDS coord1.mean projection
#! SET min_coord1.mean 0
#! SET max_coord1.mean 100
#! SET nbins_coord1.mean  201
#! SET periodic_coord1.mean false
    0.000000000   35.197927837
    0.500000000   33.319173081
    1.000000000   31.994924086
    1.500000000   31.708630114
    2.000000000   32.077258370
    2.500000000   31.976545598
    3.000000000   31.597691823
    3.500000000   31.661157097
    4.000000000   31.973585149
    4.500000000   32.058201883
    5.000000000   31.876076395
    5.500000000   31.606150918
    6.000000000   31.361325891
    6.500000000   31.070625899
    7.000000000   30.615851531
    7.500000000   30.097334648
    8.000000000   29.688777395
    8.500000000   29.477567314
    9.000000000   29.500419519
    9.500000000   29.802491666
   10.000000000   30.453732356
   10.500000000   31.523818672
   11.000000000   32.984354719
   11.500000000   34.449237039
   12.000000000   35.083260669
   12.500000000   34.720648899
   13.000000000   33.987576635
   13.500000000   33.257067781
   14.000000000   32.668713992
   14.500000000   32.291016398
   15.000000000   32.156952946
   15.500000000   32.274518700
   16.000000000   32.642246977
   16.500000000   33.270208228
   17.000000000   34.189517402
   17.500000000   35.415778121
   18.000000000   36.819558751
   18.500000000   37.923047660
   19.000000000   38.164952675
   19.500000000   37.675125691
   20.000000000   36.861657776
   20.500000000   35.907218710
   21.000000000   34.858879817
   21.500000000   33.725365223
   22.000000000   32.540977538
   22.500000000   31.408134858
   23.000000000   30.486309618
   23.500000000   29.952425622
   24.000000000   29.971794405
   24.500000000   30.683131853
   25.000000000   32.191471177
   25.500000000   34.557765618
   26.000000000   37.743512265
   26.500000000   40.660486044
   27.000000000   39.280927078
   27.500000000   35.991462953
   28.000000000   32.732871813
   28.500000000   29.630407725
   29.000000000   26.721613209
   29.500000000   24.058224666
   30.000000000   21.699247045
   30.500000000   19.720680868
   31.000000000   18.254099355
   31.500000000   17.506368818
   32.000000000   17.711016478
   32.500000000   19.054060735
   33.000000000   21.633801380
   33.500000000   25.445367422
   34.000000000   30.300488240
   34.500000000   35.265539066
   35.000000000   38.390775540
   35.500000000   40.432640801
   36.000000000   42.749924954
   36.500000000   45.596452987
   37.000000000   48.531491523
   37.500000000   46.248099966
   38.000000000   40.738649751
   38.500000000   36.045084786
   39.000000000   32.490693362
   39.500000000   30.193743217
   40.000000000   29.219552593
   40.500000000   29.555266678
   41.000000000   30.961583416
   41.500000000   32.302055274
   42.000000000   31.966262775
   42.500000000   30.945548856
   43.000000000   30.200355227
   43.500000000   29.883602827
   44.000000000   29.994071710
   44.500000000   30.512754250
   45.000000000   31.422462282
   45.500000000   32.713299676
   46.000000000   34.382610707
   46.500000000   36.430896521
   47.000000000   38.856896334
   47.500000000   41.654315400
   48.000000000   44.811852547
   48.500000000   48.312739784
   49.000000000   52.090877232
   49.500000000   54.302942799
   50.000000000   49.915881559
   50.500000000   44.355799458
   51.000000000   39.112612486
   51.500000000   34.283585657
   52.000000000   29.926559325
   52.500000000   26.090317148
   53.000000000   22.814467658
   53.500000000   20.128801834
   54.000000000   18.052953898
   54.500000000   16.596452816
   55.000000000   15.759639913
   55.500000000   15.535450756
   56.000000000   15.911867570
   56.500000000   16.874477886
   57.000000000   18.408578369
   57.500000000   20.500157942
   58.000000000   23.135990712
   58.500000000   26.297491400
   59.000000000   29.754286236
   59.500000000   30.176521432
   60.000000000   26.174123676
   60.500000000   22.147704227
   61.000000000   18.614240414
   61.500000000   15.581550160
   62.000000000   13.041154281
   62.500000000   10.982988438
   63.000000000    9.394290381
   63.500000000    8.255034074
   64.000000000    7.531679931
   64.500000000    7.176558784
   65.000000000    7.142794859
   65.500000000    7.410658207
   66.000000000    7.999936989
   66.500000000    8.942718645
   67.000000000   10.088728004
   67.500000000   10.174882197
   68.000000000    8.051311264
   68.500000000    5.558154414
   69.000000000    3.565487555
   69.500000000    2.111313882
   70.000000000    1.098449533
   70.500000000    0.430213816
   71.000000000    0.060448678
   71.500000000    0.000000000
   72.000000000    0.287002072
   72.500000000    0.959247385
   73.000000000    2.046692157
   73.500000000    3.575471684
   74.000000000    5.572951347
   74.500000000    8.069732061
   75.000000000   11.098577568
   75.500000000   14.690964122
   76.000000000   18.871990952
   76.500000000   23.654828884
   77.000000000   29.036084987
   77.500000000   34.990528739
   78.000000000   41.469091497
   78.500000000   48.397296646
   79.000000000   55.676888010
   79.500000000   63.185339037
   80.000000000   70.775859950
   80.500000000   78.286604181
   81.000000000   85.550682483
   81.500000000   92.427525944
   82.000000000   98.834267322
   82.500000000  104.742330112
   83.000000000  110.150250052
   83.500000000  115.050427671
   84.000000000  119.414661421
   84.500000000  123.140317680
   85.000000000  126.010994835
   85.500000000  127.826967600
   86.000000000  128.745157256
   86.500000000  129.156707799
   87.000000000  129.341710265
   87.500000000  129.430788860
   88.000000000  129.477324913
   88.500000000  129.503531394
   89.000000000  129.519241920
   89.500000000  129.529095789
   90.000000000  129.535492108
   90.500000000  129.539721404
   91.000000000  129.542588512
   91.500000000  129.544518070
   92.000000000  129.545827770
   92.500000000  129.546703995
   93.000000000  129.547280631
   93.500000000  129.547638280
   94.000000000  129.547855054
   94.500000000  129.547970245
   95.000000000  129.548028399
   95.500000000  129.548048353
   96.000000000  129.548055266
   96.500000000  129.548056440
   97.000000000  129.548056519
   97.500000000  129.548056519
   98.000000000  129.548056519
   98.500000000  129.548056519
   99.000000000  129.548056519
   99.500000000  129.548056519
  100.000000000  129.548056519
