#! FIELDS coord1.mean projection
#! SET min_coord1.mean 0
#! SET max_coord1.mean 100
#! SET nbins_coord1.mean  201
#! SET periodic_coord1.mean false
    0.000000000   37.329252607
    0.500000000   36.844043497
    1.000000000   36.749887613
    1.500000000   37.004627871
    2.000000000   37.592143361
    2.500000000   38.369837638
    3.000000000   39.084986360
    3.500000000   39.549396508
    4.000000000   39.714073554
    4.500000000   39.619408815
    5.000000000   39.353325397
    5.500000000   39.010071442
    6.000000000   38.648836615
    6.500000000   38.288519921
    7.000000000   37.952699492
    7.500000000   37.697233089
    8.000000000   37.586527718
    8.500000000   37.664609765
    9.000000000   37.945640284
    9.500000000   38.409632060
   10.000000000   38.991498940
   10.500000000   39.572935921
   11.000000000   40.013304734
   11.500000000   40.231470808
   12.000000000   40.244047239
   12.500000000   40.102843116
   13.000000000   39.841589936
   13.500000000   39.495125476
   14.000000000   39.131650867
   14.500000000   38.845234935
   15.000000000   38.725085399
   15.500000000   38.835315547
   16.000000000   39.208586178
   16.500000000   39.837337721
   17.000000000   40.640469094
   17.500000000   41.389330380
   18.000000000   41.694709157
   18.500000000   41.328519692
   19.000000000   40.484970719
   19.500000000   39.447001839
   20.000000000   38.363551954
   20.500000000   37.299667022
   21.000000000   36.298259624
   21.500000000   35.405198022
   22.000000000   34.676429358
   22.500000000   34.177184387
   23.000000000   33.977080893
   23.500000000   34.143570228
   24.000000000   34.735481389
   24.500000000   35.796914859
   25.000000000   37.353650387
   25.500000000   39.407668388
   26.000000000   41.919413062
   26.500000000   44.591872124
   27.000000000   45.513914478
   27.500000000   43.225707097
   28.000000000   40.162416440
   28.500000000   37.130737256
   29.000000000   34.216038052
   29.500000000   31.441379509
   30.000000000   28.839433660
   30.500000000   26.490522926
   31.000000000   24.544289270
   31.500000000   23.190184710
   32.000000000   22.600529805
   32.500000000   22.892933703
   33.000000000   24.120505921
   33.500000000   26.274978339
   34.000000000   29.291483265
   34.500000000   33.043734234
   35.000000000   37.305830204
   35.500000000   41.647824047
   36.000000000   45.454338873
   36.500000000   48.068368488
   37.000000000   47.172205271
   37.500000000   43.706073262
   38.000000000   40.330001284
   38.500000000   37.533794260
   39.000000000   35.443216899
   39.500000000   34.134019575
   40.000000000   33.643371628
   40.500000000   33.943254078
   41.000000000   34.826843608
   41.500000000   35.591646339
   42.000000000   35.347927480
   42.500000000   34.505890721
   43.000000000   33.816197613
   43.500000000   33.526796812
   44.000000000   33.681060828
   44.500000000   34.276697946
   45.000000000   35.300894973
   45.500000000   36.737087754
   46.000000000   38.564824137
   46.500000000   40.757433724
   47.000000000   43.279931822
   47.500000000   46.088500704
   48.000000000   49.131054439
   48.500000000   52.334515538
   49.000000000   55.317214161
   49.500000000   55.253838022
   50.000000000   51.391160861
   50.500000000   46.982170933
   51.000000000   42.631152163
   51.500000000   38.452930391
   52.000000000   34.538659940
   52.500000000   30.975583391
   53.000000000   27.844254322
   53.500000000   25.215185871
   54.000000000   23.145963786
   54.500000000   21.679154855
   55.000000000   20.841130441
   55.500000000   20.641852191
   56.000000000   21.075561670
   56.500000000   22.122198304
   57.000000000   23.749325139
   57.500000000   25.914222101
   58.000000000   28.565336390
   58.500000000   31.629112696
   59.000000000   34.664313749
   59.500000000   34.369976990
   60.000000000   30.614915493
   60.500000000   26.741569349
   61.000000000   23.201626900
   61.500000000   20.055145324
   62.000000000   17.339234034
   62.500000000   15.083053834
   63.000000000   13.307617080
   63.500000000   12.024080340
   64.000000000   11.230257300
   64.500000000   10.907557585
   65.000000000   11.025934478
   65.500000000   11.561873813
   66.000000000   12.516466436
   66.500000000   13.902379126
   67.000000000   15.564161674
   67.500000000   15.933766502
   68.000000000   13.235566922
   68.500000000    9.927836739
   69.000000000    7.009239368
   69.500000000    4.560130851
   70.000000000    2.591335409
   70.500000000    1.139213458
   71.000000000    0.259031584
   71.500000000    0.000000000
   72.000000000    0.389454054
   72.500000000    1.430655816
   73.000000000    3.107149167
   73.500000000    5.388003159
   74.000000000    8.232033946
   74.500000000   11.590880829
   75.000000000   15.411388827
   75.500000000   19.637192041
   76.000000000   24.209592603
   76.500000000   29.067503862
   77.000000000   34.146791565
   77.500000000   39.379359424
   78.000000000   44.692444982
   78.500000000   50.009582111
   79.000000000   55.250474509
   79.500000000   60.336363533
   80.000000000   65.188826050
   80.500000000   69.738233825
   81.000000000   73.919882751
   81.500000000   77.660036320
   82.000000000   80.840689889
   82.500000000   83.272829108
   83.000000000   84.834487673
   83.500000000   85.668787581
   84.000000000   86.072298610
   84.500000000   86.266049438
   85.000000000   86.363994810
   85.500000000   86.416830007
   86.000000000   86.447234519
   86.500000000   86.465738737
   87.000000000   86.477506822
   87.500000000   86.485250798
   88.000000000   86.490459551
   88.500000000   86.494019233
   89.000000000   86.496481662
   89.500000000   86.498184069
   90.000000000   86.499368844
   90.500000000   86.500176431
   91.000000000   86.500735306
   91.500000000   86.501105764
   92.000000000   86.501347429
   92.500000000   86.501496315
   93.000000000   86.501588831
   93.500000000   86.501633033
   94.000000000   86.501650213
   94.500000000   86.501655255
   95.000000000   86.501657140
   95.500000000   86.501657140
   96.000000000   86.501657140
   96.500000000   86.501657140
   97.000000000   86.501657140
   97.500000000   86.501657140
   98.000000000   86.501657140
   98.500000000   86.501657140
   99.000000000   86.501657140
   99.500000000   86.501657140
  100.000000000   86.501657140
