#! FIELDS coord1.mean projection
#! SET min_coord1.mean 0
#! SET max_coord1.mean 100
#! SET nbins_coord1.mean  201
#! SET periodic_coord1.mean false
    0.000000000   40.201779441
    0.500000000   40.025837179
    1.000000000   40.200938602
    1.500000000   40.579727252
    2.000000000   41.050633724
    2.500000000   41.537306734
    3.000000000   41.957360201
    3.500000000   42.225912212
    4.000000000   42.295979672
    4.500000000   42.168029441
    5.000000000   41.865602322
    5.500000000   41.415752654
    6.000000000   40.852131986
    6.500000000   40.233283306
    7.000000000   39.644006149
    7.500000000   39.170188665
    8.000000000   38.876771630
    8.500000000   38.803530786
    9.000000000   38.967938526
    9.500000000   39.362716068
   10.000000000   39.941021013
   10.500000000   40.589579790
   11.000000000   41.122230537
   11.500000000   41.371784026
   12.000000000   41.334497727
   12.500000000   41.139825380
   13.000000000   40.903337542
   13.500000000   40.676942258
   14.000000000   40.482460298
   14.500000000   40.350182069
   15.000000000   40.330759029
   15.500000000   40.483112218
   16.000000000   40.856173463
   16.500000000   41.474146740
   17.000000000   42.316576812
   17.500000000   43.265918069
   18.000000000   44.004034628
   18.500000000   44.061078509
   19.000000000   43.333243131
   19.500000000   42.181100800
   20.000000000   40.910886813
   20.500000000   39.659811612
   21.000000000   38.496278109
   21.500000000   37.474466620
   22.000000000   36.648929001
   22.500000000   36.075322270
   23.000000000   35.807132576
   23.500000000   35.891509659
   24.000000000   36.365317509
   24.500000000   37.251562902
   25.000000000   38.557542859
   25.500000000   40.271946065
   26.000000000   42.358197946
   26.500000000   44.686993323
   27.000000000   46.505125493
   27.500000000   45.729972265
   28.000000000   42.951020129
   28.500000000   39.802265560
   29.000000000   36.641797927
   29.500000000   33.578390112
   30.000000000   30.727160342
   30.500000000   28.225033789
   31.000000000   26.213919764
   31.500000000   24.820834078
   32.000000000   24.143527718
   32.500000000   24.242795748
   33.000000000   25.139754052
   33.500000000   26.816233350
   34.000000000   29.217674282
   34.500000000   32.257187235
   35.000000000   35.820950892
   35.500000000   39.768279073
   36.000000000   43.854975083
   36.500000000   46.626002925
   37.000000000   45.089462350
   37.500000000   42.182894969
   38.000000000   39.544272176
   38.500000000   37.393003836
   39.000000000   35.817771739
   39.500000000   34.878241216
   40.000000000   34.605909037
   40.500000000   34.993824348
   41.000000000   35.961808377
   41.500000000   37.237570682
   42.000000000   38.177657630
   42.500000000   38.277430431
   43.000000000   37.965739286
   43.500000000   37.780145621
   44.000000000   37.917637564
   44.500000000   38.419952404
   45.000000000   39.283875710
   45.500000000   40.491356176
   46.000000000   42.016908957
   46.500000000   43.829527803
   47.000000000   45.893119555
   47.500000000   48.166235979
   48.000000000   50.597534508
   48.500000000   53.073690648
   49.000000000   54.934566001
   49.500000000   53.990572151
   50.000000000   50.700747926
   50.500000000   46.960287733
   51.000000000   43.198868088
   51.500000000   39.531752618
   52.000000000   36.048854504
   52.500000000   32.837601789
   53.000000000   29.981227224
   53.500000000   27.555199017
   54.000000000   25.623828458
   54.500000000   24.237426669
   55.000000000   23.430207733
   55.500000000   23.219069333
   56.000000000   23.603311871
   56.500000000   24.565275367
   57.000000000   26.071786813
   57.500000000   28.076134995
   58.000000000   30.518652329
   58.500000000   33.298184689
   59.000000000   35.817087720
   59.500000000   35.255993379
   60.000000000   32.042897786
   60.500000000   28.689176508
   61.000000000   25.609594240
   61.500000000   22.871828517
   62.000000000   20.512414486
   62.500000000   18.555714248
   63.000000000   17.014900544
   63.500000000   15.893059664
   64.000000000   15.184243441
   64.500000000   14.873727770
   65.000000000   14.941402457
   65.500000000   15.372404312
   66.000000000   16.157261642
   66.500000000   17.158960203
   67.000000000   17.276880384
   67.500000000   14.878059698
   68.000000000   11.591261514
   68.500000000    8.582684516
   69.000000000    6.017565269
   69.500000000    3.892376798
   70.000000000    2.193492361
   70.500000000    0.940263138
   71.000000000    0.188044974
   71.500000000    0.000000000
   72.000000000    0.419687400
   72.500000000    1.461518386
   73.000000000    3.113279462
   73.500000000    5.341846656
   74.000000000    8.098455049
   74.500000000   11.323290469
   75.000000000   14.950203739
   75.500000000   18.911351685
   76.000000000   23.140918917
   76.500000000   27.576471720
   77.000000000   32.157678040
   77.500000000   36.823625120
   78.000000000   41.510869185
   78.500000000   46.152758667
   79.000000000   50.679435889
   79.500000000   55.022247484
   80.000000000   59.110450339
   80.500000000   62.869727057
   81.000000000   66.195691261
   81.500000000   68.921010836
   82.000000000   70.860684413
   82.500000000   72.007126107
   83.000000000   72.592619338
   83.500000000   72.876438272
   84.000000000   73.017627570
   84.500000000   73.091765147
   85.000000000   73.133384007
   85.500000000   73.158145166
   86.000000000   73.173617785
   86.500000000   73.183676644
   87.000000000   73.190406437
   87.500000000   73.195005476
   88.000000000   73.198181032
   88.500000000   73.200385077
   89.000000000   73.201931554
   89.500000000   73.203004102
   90.000000000   73.203750154
   90.500000000   73.204256681
   91.000000000   73.204606196
   91.500000000   73.204828111
   92.000000000   73.204968890
   92.500000000   73.205051507
   93.000000000   73.205102971
   93.500000000   73.205122695
   94.000000000   73.205129308
   94.500000000   73.205129703
   95.000000000   73.205130245
   95.500000000   73.205130245
   96.000000000   73.205130245
   96.500000000   73.205130245
   97.000000000   73.205130245
   97.500000000   73.205130245
   98.000000000   73.205130245
   98.500000000   73.205130245
   99.000000000   73.205130245
   99.500000000   73.205130245
  100.000000000   73.205130245
