#! FIELDS coord1.mean projection
#! SET min_coord1.mean 0
#! SET max_coord1.mean 100
#! SET nbins_coord1.mean  201
#! SET periodic_coord1.mean false
    0.000000000   36.199035310
    0.500000000   35.196042757
    1.000000000   34.556926343
    1.500000000   34.413869641
    2.000000000   34.658934026
    2.500000000   34.883661542
    3.000000000   35.000760401
    3.500000000   35.189379753
    4.000000000   35.339452399
    4.500000000   35.245114330
    5.000000000   34.922574665
    5.500000000   34.494332229
    6.000000000   34.040464678
    6.500000000   33.558761939
    7.000000000   33.053630209
    7.500000000   32.607870611
    8.000000000   32.320934612
    8.500000000   32.255921913
    9.000000000   32.447099086
    9.500000000   32.916313762
   10.000000000   33.668869704
   10.500000000   34.655018127
   11.000000000   35.686788959
   11.500000000   36.402927640
   12.000000000   36.541932171
   12.500000000   36.214851325
   13.000000000   35.651908571
   13.500000000   35.008923575
   14.000000000   34.403604572
   14.500000000   33.939769539
   15.000000000   33.697539023
   15.500000000   33.728299317
   16.000000000   34.060592405
   16.500000000   34.705676148
   17.000000000   35.644500866
   17.500000000   36.764513861
   18.000000000   37.729438425
   18.500000000   38.036974234
   19.000000000   37.595348143
   19.500000000   36.756064289
   20.000000000   35.771369705
   20.500000000   34.730212354
   21.000000000   33.668759662
   21.500000000   32.626304547
   22.000000000   31.666941308
   22.500000000   30.882717426
   23.000000000   30.383813972
   23.500000000   30.284273371
   24.000000000   30.689448119
   24.500000000   31.685821125
   25.000000000   33.335095783
   25.500000000   35.664384778
   26.000000000   38.618935117
   26.500000000   41.352281416
   27.000000000   40.424819695
   27.500000000   37.285920753
   28.000000000   34.097720772
   28.500000000   31.082360193
   29.000000000   28.284408868
   29.500000000   25.742561888
   30.000000000   23.488218228
   30.500000000   21.557018665
   31.000000000   20.036570685
   31.500000000   19.101648109
   32.000000000   18.969586427
   32.500000000   19.818826476
   33.000000000   21.745651885
   33.500000000   24.759303491
   34.000000000   28.780138125
   34.500000000   33.576707434
   35.000000000   38.460536979
   35.500000000   42.242129822
   36.000000000   45.077735338
   36.500000000   47.833809439
   37.000000000   49.007774619
   37.500000000   45.233348513
   38.000000000   40.800410002
   38.500000000   37.100980039
   39.000000000   34.318353293
   39.500000000   32.552717470
   40.000000000   31.858406232
   40.500000000   32.213530191
   41.000000000   33.354341661
   41.500000000   34.192045362
   42.000000000   33.549838653
   42.500000000   32.408943500
   43.000000000   31.587538459
   43.500000000   31.236109137
   44.000000000   31.359337821
   44.500000000   31.938525571
   45.000000000   32.950965694
   45.500000000   34.375430181
   46.000000000   36.193588506
   46.500000000   38.388150836
   47.000000000   40.939587111
   47.500000000   43.823209204
   48.000000000   47.008444391
   48.500000000   50.456473735
   49.000000000   54.041336263
   49.500000000   55.712466962
   50.000000000   51.680625510
   50.500000000   46.553424014
   51.000000000   41.580401597
   51.500000000   36.884061782
   52.000000000   32.547566209
   52.500000000   28.648059786
   53.000000000   25.254788512
   53.500000000   22.426542857
   54.000000000   20.209611894
   54.500000000   18.636435687
   55.000000000   17.725200209
   55.500000000   17.480376346
   56.000000000   17.894096935
   56.500000000   18.948085996
   57.000000000   20.615819034
   57.500000000   22.864488809
   58.000000000   25.656313398
   58.500000000   28.942556835
   59.000000000   32.437629351
   59.500000000   32.792329110
   60.000000000   28.831486446
   60.500000000   24.763577570
   61.000000000   21.120058030
   61.500000000   17.942957957
   62.000000000   15.254560800
   62.500000000   13.071221290
   63.000000000   11.402190376
   63.500000000   10.246255127
   64.000000000    9.585692768
   64.500000000    9.381142795
   65.000000000    9.578621522
   65.500000000   10.135971818
   66.000000000   11.049042051
   66.500000000   12.337963999
   67.000000000   13.859693905
   67.500000000   14.096408987
   68.000000000   11.465320262
   68.500000000    8.372421836
   69.000000000    5.771253699
   69.500000000    3.698422952
   70.000000000    2.093477596
   70.500000000    0.923690664
   71.000000000    0.209524637
   71.500000000    0.000000000
   72.000000000    0.337385256
   72.500000000    1.242600781
   73.000000000    2.717961741
   73.500000000    4.754490564
   74.000000000    7.337602817
   74.500000000   10.450065644
   75.000000000   14.072867060
   75.500000000   18.184468031
   76.000000000   22.758760530
   76.500000000   27.762663306
   77.000000000   33.153262566
   77.500000000   38.875581461
   78.000000000   44.862102841
   78.500000000   51.031962939
   79.000000000   57.292679959
   79.500000000   63.544129843
   80.000000000   69.676673528
   80.500000000   75.584342509
   81.000000000   81.168778893
   81.500000000   86.349393821
   82.000000000   91.072093166
   82.500000000   95.295500114
   83.000000000   98.953967111
   83.500000000  101.896174329
   84.000000000  103.934424651
   84.500000000  105.085684453
   85.000000000  105.644783330
   85.500000000  105.904909696
   86.000000000  106.030517784
   86.500000000  106.095528310
   87.000000000  106.131616450
   87.500000000  106.152946255
   88.000000000  106.166191084
   88.500000000  106.174733819
   89.000000000  106.180406077
   89.500000000  106.184235658
   90.000000000  106.186854622
   90.500000000  106.188639515
   91.000000000  106.189882420
   91.500000000  106.190717810
   92.000000000  106.191283579
   92.500000000  106.191652408
   93.000000000  106.191892338
   93.500000000  106.192028534
   94.000000000  106.192098281
   94.500000000  106.192130262
   95.000000000  106.192145778
   95.500000000  106.192148583
   96.000000000  106.192148710
   96.500000000  106.192148710
   97.000000000  106.192148710
   97.500000000  106.192148710
   98.000000000  106.192148710
   98.500000000  106.192148710
   99.000000000  106.192148710
   99.500000000  106.192148710
  100.000000000  106.192148710
