#! FIELDS coord1.mean projection
#! SET min_coord1.mean 0
#! SET max_coord1.mean 100
#! SET nbins_coord1.mean  201
#! SET periodic_coord1.mean false
    0.000000000   35.937951963
    0.500000000   35.009528532
    1.000000000   34.428646791
    1.500000000   34.307535694
    2.000000000   34.549271311
    2.500000000   34.761629016
    3.000000000   34.871501130
    3.500000000   35.057287762
    4.000000000   35.203223240
    4.500000000   35.100966216
    5.000000000   34.766835474
    5.500000000   34.324717099
    6.000000000   33.857306638
    6.500000000   33.367726400
    7.000000000   32.864358780
    7.500000000   32.427492152
    8.000000000   32.151504495
    8.500000000   32.095829922
    9.000000000   32.292285397
    9.500000000   32.760576757
   10.000000000   33.503665312
   10.500000000   34.469383028
   11.000000000   35.471123276
   11.500000000   36.163173958
   12.000000000   36.303531913
   12.500000000   35.995442322
   13.000000000   35.453036408
   13.500000000   34.827936767
   14.000000000   34.239746157
   14.500000000   33.793970401
   15.000000000   33.570763884
   15.500000000   33.620450390
   16.000000000   33.969920871
   16.500000000   34.628033900
   17.000000000   35.571479330
   17.500000000   36.679667937
   18.000000000   37.609015977
   18.500000000   37.875489799
   19.000000000   37.417320052
   19.500000000   36.579393304
   20.000000000   35.599829203
   20.500000000   34.562909309
   21.000000000   33.504250028
   21.500000000   32.463456657
   22.000000000   31.504978414
   22.500000000   30.721138203
   23.000000000   30.222354274
   23.500000000   30.122923550
   24.000000000   30.528494232
   24.500000000   31.525878401
   25.000000000   33.177149114
   25.500000000   35.509950510
   26.000000000   38.471832330
   26.500000000   41.239916915
   27.000000000   40.361943059
   27.500000000   37.219244243
   28.000000000   34.018365855
   28.500000000   30.987442034
   29.000000000   28.171270398
   29.500000000   25.608756639
   30.000000000   23.331830535
   30.500000000   21.377483740
   31.000000000   19.835698998
   31.500000000   18.883504635
   32.000000000   18.739131857
   32.500000000   19.580826691
   33.000000000   21.504323886
   33.500000000   24.518004409
   34.000000000   28.539462141
   34.500000000   33.323710831
   35.000000000   38.135425925
   35.500000000   41.794801079
   36.000000000   44.577480665
   36.500000000   47.336157386
   37.000000000   48.597889008
   37.500000000   44.864340110
   38.000000000   40.417206314
   38.500000000   36.705476035
   39.000000000   33.915183619
   39.500000000   32.146965459
   40.000000000   31.455527284
   40.500000000   31.818997409
   41.000000000   32.968631757
   41.500000000   33.785788382
   42.000000000   33.093993223
   42.500000000   31.922027305
   43.000000000   31.082867568
   43.500000000   30.721224564
   44.000000000   30.841026164
   44.500000000   31.423497141
   45.000000000   32.445199720
   45.500000000   33.883232082
   46.000000000   35.717009331
   46.500000000   37.927134620
   47.000000000   40.492700027
   47.500000000   43.388526847
   48.000000000   46.584253411
   48.500000000   50.041785831
   49.000000000   53.639112615
   49.500000000   55.363917968
   50.000000000   51.357345096
   50.500000000   46.228026295
   51.000000000   41.254959794
   51.500000000   36.561284609
   52.000000000   32.229696227
   52.500000000   28.336766275
   53.000000000   24.951123987
   53.500000000   22.130945637
   54.000000000   19.921950145
   54.500000000   18.356084252
   55.000000000   17.451140640
   55.500000000   17.211311676
   56.000000000   17.628577007
   56.500000000   18.684640990
   57.000000000   20.353099320
   57.500000000   22.601403873
   58.000000000   25.392157496
   58.500000000   28.677256462
   59.000000000   32.177148737
   59.500000000   32.579369481
   60.000000000   28.640507394
   60.500000000   24.585519891
   61.000000000   20.957366577
   61.500000000   17.797895207
   62.000000000   15.128580220
   62.500000000   12.964888662
   63.000000000   11.315257614
   63.500000000   10.177866673
   64.000000000    9.534623603
   64.500000000    9.345872514
   65.000000000    9.557161692
   65.500000000   10.125754972
   66.000000000   11.047248110
   66.500000000   12.341637872
   67.000000000   13.860396895
   67.500000000   14.061579796
   68.000000000   11.411834131
   68.500000000    8.325783386
   69.000000000    5.734440105
   69.500000000    3.671358593
   70.000000000    2.075301523
   70.500000000    0.913002040
   71.000000000    0.204810141
   71.500000000    0.000000000
   72.000000000    0.341164815
   72.500000000    1.249459471
   73.000000000    2.727340658
   73.500000000    4.765919581
   74.000000000    7.350676796
   74.500000000   10.464435851
   75.000000000   14.088237505
   75.500000000   18.200593253
   76.000000000   22.775442694
   76.500000000   27.779749339
   77.000000000   33.170641837
   77.500000000   38.893163122
   78.000000000   44.879816559
   78.500000000   51.049767939
   79.000000000   57.310575506
   79.500000000   63.562054828
   80.000000000   69.694618538
   80.500000000   75.602307717
   81.000000000   81.186756504
   81.500000000   86.367372950
   82.000000000   91.090073424
   82.500000000   95.313481226
   83.000000000   98.971948884
   83.500000000  101.914157313
   84.000000000  103.952407635
   84.500000000  105.103667437
   85.000000000  105.662766314
   85.500000000  105.922892680
   86.000000000  106.048500768
   86.500000000  106.113511294
   87.000000000  106.149599434
   87.500000000  106.170929239
   88.000000000  106.184174068
   88.500000000  106.192716803
   89.000000000  106.198389061
   89.500000000  106.202218642
   90.000000000  106.204837605
   90.500000000  106.206622499
   91.000000000  106.207865404
   91.500000000  106.208700793
   92.000000000  106.209266563
   92.500000000  106.209635392
   93.000000000  106.209875322
   93.500000000  106.210011518
   94.000000000  106.210081265
   94.500000000  106.210113246
   95.000000000  106.210128762
   95.500000000  106.210131567
   96.000000000  106.210131694
   96.500000000  106.210131694
   97.000000000  106.210131694
   97.500000000  106.210131694
   98.000000000  106.210131694
   98.500000000  106.210131694
   99.000000000  106.210131694
   99.500000000  106.210131694
  100.000000000  106.210131694
