#! FIELDS coord1.mean projection
#! SET min_coord1.mean 0
#! SET max_coord1.mean 100
#! SET nbins_coord1.mean  201
#! SET periodic_coord1.mean false
    0.000000000   35.208148638
    0.500000000   34.066790800
    1.000000000   33.351663412
    1.500000000   33.335889200
    2.000000000   33.977353535
    2.500000000   34.666186626
    3.000000000   34.979409539
    3.500000000   35.170919554
    4.000000000   35.256665640
    4.500000000   35.061400942
    5.000000000   34.638595388
    5.500000000   34.155065072
    6.000000000   33.712733054
    6.500000000   33.265635433
    7.000000000   32.752323130
    7.500000000   32.247441076
    8.000000000   31.878835490
    8.500000000   31.730669956
    9.000000000   31.848989478
    9.500000000   32.267599439
   10.000000000   33.010338227
   10.500000000   34.056693164
   11.000000000   35.246599267
   11.500000000   36.175019352
   12.000000000   36.446041723
   12.500000000   36.155399933
   13.000000000   35.614868098
   13.500000000   35.011836101
   14.000000000   34.454502070
   14.500000000   34.031415154
   15.000000000   33.815223746
   15.500000000   33.857046031
   16.000000000   34.189389366
   16.500000000   34.832720443
   17.000000000   35.788809414
   17.500000000   36.988085215
   18.000000000   38.146056853
   18.500000000   38.695716670
   19.000000000   38.373272658
   19.500000000   37.539507558
   20.000000000   36.518873269
   20.500000000   35.424413550
   21.000000000   34.294708014
   21.500000000   33.167171574
   22.000000000   32.105676940
   22.500000000   31.206484809
   23.000000000   30.588200335
   23.500000000   30.375536465
   24.000000000   30.684956693
   24.500000000   31.613417944
   25.000000000   33.231676649
   25.500000000   35.575785482
   26.000000000   38.617901797
   26.500000000   41.765136998
   27.000000000   41.481433379
   27.500000000   38.316436415
   28.000000000   35.018157969
   28.500000000   31.894203159
   29.000000000   28.995479894
   29.500000000   26.366895399
   30.000000000   24.046428773
   30.500000000   22.072368056
   31.000000000   20.528715195
   31.500000000   19.587277972
   32.000000000   19.470260070
   32.500000000   20.365387532
   33.000000000   22.376293550
   33.500000000   25.513953346
   34.000000000   29.685869344
   34.500000000   34.574388641
   35.000000000   39.166955733
   35.500000000   42.330717041
   36.000000000   44.890516044
   36.500000000   47.647203778
   37.000000000   49.419569342
   37.500000000   45.884982423
   38.000000000   41.195521041
   38.500000000   37.263291476
   39.000000000   34.297871181
   39.500000000   32.405499339
   40.000000000   31.645965751
   40.500000000   32.007155366
   41.000000000   33.257876480
   41.500000000   34.327217894
   42.000000000   33.798464661
   42.500000000   32.648703753
   43.000000000   31.810631635
   43.500000000   31.448089694
   44.000000000   31.563459640
   44.500000000   32.135778348
   45.000000000   33.141179394
   45.500000000   34.558923958
   46.000000000   36.373182291
   46.500000000   38.570805925
   47.000000000   41.137269199
   47.500000000   44.052903426
   48.000000000   47.291356606
   48.500000000   50.817842885
   49.000000000   54.521173575
   49.500000000   56.348428508
   50.000000000   52.153092808
   50.500000000   46.858537023
   51.000000000   41.751535583
   51.500000000   36.948741422
   52.000000000   32.530056820
   52.500000000   28.568803164
   53.000000000   25.129955460
   53.500000000   22.267960877
   54.000000000   20.024960192
   54.500000000   18.429722534
   55.000000000   17.497471905
   55.500000000   17.230643119
   56.000000000   17.620439532
   56.500000000   18.648877927
   57.000000000   20.290958841
   57.500000000   22.516534704
   58.000000000   25.291511873
   58.500000000   28.571866702
   59.000000000   32.071068031
   59.500000000   32.313932456
   60.000000000   28.256432512
   60.500000000   24.154946171
   61.000000000   20.505899764
   61.500000000   17.342764102
   62.000000000   14.680007301
   62.500000000   12.526199564
   63.000000000   10.883685327
   63.500000000    9.745576849
   64.000000000    9.089387578
   64.500000000    8.872137715
   65.000000000    9.039364228
   65.500000000    9.553362742
   66.000000000   10.416821487
   66.500000000   11.651674415
   67.000000000   13.071994429
   67.500000000   13.013824016
   68.000000000   10.289771708
   68.500000000    7.308928915
   69.000000000    4.873312596
   69.500000000    2.998888128
   70.000000000    1.608229562
   70.500000000    0.641007688
   71.000000000    0.092233419
   71.500000000    0.000000000
   72.000000000    0.407843470
   72.500000000    1.342420488
   73.000000000    2.812422605
   73.500000000    4.815552373
   74.000000000    7.344836450
   74.500000000   10.392008417
   75.000000000   13.948327575
   75.500000000   18.003394102
   76.000000000   22.542311243
   76.500000000   27.542316634
   77.000000000   32.968964232
   77.500000000   38.772749683
   78.000000000   44.886484808
   78.500000000   51.223101868
   79.000000000   57.672814359
   79.500000000   64.106283547
   80.000000000   70.381245439
   80.500000000   76.376799225
   81.000000000   82.018363732
   81.500000000   87.281212394
   82.000000000   92.165951161
   82.500000000   96.668728466
   83.000000000  100.763254789
   83.500000000  104.370821284
   84.000000000  107.319276049
   84.500000000  109.381233317
   85.000000000  110.548016308
   85.500000000  111.108694268
   86.000000000  111.365843880
   86.500000000  111.488598278
   87.000000000  111.551447930
   87.500000000  111.586116311
   88.000000000  111.606491259
   88.500000000  111.619097696
   89.000000000  111.627217510
   89.500000000  111.632584786
   90.000000000  111.636201376
   90.500000000  111.638650683
   91.000000000  111.640344314
   91.500000000  111.641487416
   92.000000000  111.642265893
   92.500000000  111.642780633
   93.000000000  111.643117874
   93.500000000  111.643318196
   94.000000000  111.643433090
   94.500000000  111.643489562
   95.000000000  111.643520985
   95.500000000  111.643528975
   96.000000000  111.643530139
   96.500000000  111.643530194
   97.000000000  111.643530194
   97.500000000  111.643530194
   98.000000000  111.643530194
   98.500000000  111.643530194
   99.000000000  111.643530194
   99.500000000  111.643530194
  100.000000000  111.643530194
