#! FIELDS coord1.mean projection
#! SET min_coord1.mean 0
#! SET max_coord1.mean 100
#! SET nbins_coord1.mean  201
#! SET periodic_coord1.mean false
    0.000000000   39.303338209
    0.500000000   37.924234331
    1.000000000   37.025239266
    1.500000000   36.878986446
    2.000000000   37.285803638
    2.500000000   37.547923778
    3.000000000   37.560211543
    3.500000000   37.706770778
    4.000000000   37.875624565
    4.500000000   37.790734059
    5.000000000   37.475431239
    5.500000000   37.085957999
    6.000000000   36.721037407
    6.500000000   36.330420865
    7.000000000   35.845172665
    7.500000000   35.349755893
    8.000000000   34.983790405
    8.500000000   34.832290356
    9.000000000   34.938346806
    9.500000000   35.336447753
   10.000000000   36.057921783
   10.500000000   37.096489535
   11.000000000   38.302446258
   11.500000000   39.240116876
   12.000000000   39.445807117
   12.500000000   39.028128390
   13.000000000   38.358411503
   13.500000000   37.659882663
   14.000000000   37.057003907
   14.500000000   36.638412216
   15.000000000   36.465356726
   15.500000000   36.572845963
   16.000000000   36.977210111
   16.500000000   37.685075155
   17.000000000   38.686957788
   17.500000000   39.901051944
   18.000000000   41.029532327
   18.500000000   41.529736741
   19.000000000   41.202542162
   19.500000000   40.402639253
   20.000000000   39.420338533
   20.500000000   38.354371908
   21.000000000   37.236389364
   21.500000000   36.096521117
   22.000000000   34.993801048
   22.500000000   34.026412449
   23.000000000   33.321318316
   23.500000000   33.014670686
   24.000000000   33.234708519
   24.500000000   34.089248623
   25.000000000   35.658388344
   25.500000000   37.985259507
   26.000000000   41.043771768
   26.500000000   44.168662996
   27.000000000   43.636158189
   27.500000000   40.385928352
   28.000000000   37.050205359
   28.500000000   33.889816288
   29.000000000   30.954102588
   29.500000000   28.291296261
   30.000000000   25.944283575
   30.500000000   23.956178998
   31.000000000   22.415205509
   31.500000000   21.498499540
   32.000000000   21.435235965
   32.500000000   22.419242693
   33.000000000   24.556748048
   33.500000000   27.854144636
   34.000000000   32.185779499
   34.500000000   37.047584086
   35.000000000   41.016397768
   35.500000000   43.572229359
   36.000000000   45.976432178
   36.500000000   48.764581894
   37.000000000   51.405814274
   37.500000000   49.213075791
   38.000000000   44.390508029
   38.500000000   40.243610774
   39.000000000   37.086984417
   39.500000000   35.031201291
   40.000000000   34.134825740
   40.500000000   34.376244746
   41.000000000   35.491531182
   41.500000000   36.377628516
   42.000000000   35.749744184
   42.500000000   34.558198247
   43.000000000   33.649900470
   43.500000000   33.181928392
   44.000000000   33.162764489
   44.500000000   33.579819508
   45.000000000   34.420393705
   45.500000000   35.676941626
   46.000000000   37.346154128
   46.500000000   39.424078489
   47.000000000   41.901290740
   47.500000000   44.760169181
   48.000000000   47.975165435
   48.500000000   51.513029054
   49.000000000   55.287635951
   49.500000000   57.574105770
   50.000000000   53.539618758
   50.500000000   48.133878486
   51.000000000   42.938019540
   51.500000000   38.070926104
   52.000000000   33.607277326
   52.500000000   29.614837843
   53.000000000   26.153228700
   53.500000000   23.271984547
   54.000000000   21.009084285
   54.500000000   19.390043633
   55.000000000   18.427969934
   55.500000000   18.124539921
   56.000000000   18.471752626
   56.500000000   19.454034813
   57.000000000   21.050293476
   57.500000000   23.235331116
   58.000000000   25.980835136
   58.500000000   29.249544735
   59.000000000   32.772127524
   59.500000000   33.036503597
   60.000000000   28.913130925
   60.500000000   24.774079091
   61.000000000   21.108329536
   61.500000000   17.939610524
   62.000000000   15.273984329
   62.500000000   13.112868639
   63.000000000   11.452998044
   63.500000000   10.283573570
   64.000000000    9.579928489
   64.500000000    9.298612532
   65.000000000    9.386175574
   65.500000000    9.806762869
   66.000000000   10.564826803
   66.500000000   11.683473417
   67.000000000   12.987529722
   67.500000000   12.936089494
   68.000000000   10.327199112
   68.500000000    7.416613236
   69.000000000    5.034594857
   69.500000000    3.200625344
   70.000000000    1.828316792
   70.500000000    0.842748281
   71.000000000    0.223607477
   71.500000000    0.000000000
   72.000000000    0.214827112
   72.500000000    0.900064764
   73.000000000    2.073567778
   73.500000000    3.745322776
   74.000000000    5.923524283
   74.500000000    8.617549534
   75.000000000   11.838038877
   75.500000000   15.594645577
   76.000000000   19.892036392
   76.500000000   24.725285449
   77.000000000   30.075438803
   77.500000000   35.905090758
   78.000000000   42.156898470
   78.500000000   48.752604386
   79.000000000   55.593058149
   79.500000000   62.560032333
   80.000000000   69.515549256
   80.500000000   76.314700234
   81.000000000   82.818802560
   81.500000000   88.922366712
   82.000000000   94.570873878
   82.500000000   99.746912821
   83.000000000  104.446158490
   83.500000000  108.642981667
   84.000000000  112.253089947
   84.500000000  115.075137557
   85.000000000  116.915066392
   85.500000000  117.880909200
   86.000000000  118.325638181
   86.500000000  118.528523083
   87.000000000  118.626486863
   87.500000000  118.677641999
   88.000000000  118.706361871
   88.500000000  118.723504037
   89.000000000  118.734250364
   89.500000000  118.741215014
   90.000000000  118.745842203
   90.500000000  118.748950155
   91.000000000  118.751083809
   91.500000000  118.752523400
   92.000000000  118.753503238
   92.500000000  118.754156465
   93.000000000  118.754583867
   93.500000000  118.754843118
   94.000000000  118.754995463
   94.500000000  118.755071214
   95.000000000  118.755111138
   95.500000000  118.755123584
   96.000000000  118.755125931
   96.500000000  118.755126119
   97.000000000  118.755126198
   97.500000000  118.755126198
   98.000000000  118.755126198
   98.500000000  118.755126198
   99.000000000  118.755126198
   99.500000000  118.755126198
  100.000000000  118.755126198
