#! FIELDS coord1.mean projection
#! SET min_coord1.mean 0
#! SET max_coord1.mean 100
#! SET nbins_coord1.mean  201
#! SET periodic_coord1.mean false
    0.000000000   35.392181668
    0.500000000   35.151621177
    1.000000000   35.306342836
    1.500000000   35.690358616
    2.000000000   36.234854009
    2.500000000   36.856887164
    3.000000000   37.415732630
    3.500000000   37.795220051
    4.000000000   37.949246997
    4.500000000   37.899779591
    5.000000000   37.703460764
    5.500000000   37.413871951
    6.000000000   37.071531287
    6.500000000   36.707814064
    7.000000000   36.365098783
    7.500000000   36.104757570
    8.000000000   35.987374797
    8.500000000   36.052699709
    9.000000000   36.311356640
    9.500000000   36.737959611
   10.000000000   37.260755599
   10.500000000   37.763855640
   11.000000000   38.133613554
   11.500000000   38.331558749
   12.000000000   38.399568445
   12.500000000   38.388541617
   13.000000000   38.311953183
   13.500000000   38.164412477
   14.000000000   37.968044694
   14.500000000   37.791954853
   15.000000000   37.727071595
   15.500000000   37.849746217
   16.000000000   38.200134842
   16.500000000   38.765801449
   17.000000000   39.447029913
   17.500000000   40.005428540
   18.000000000   40.120343830
   18.500000000   39.677452124
   19.000000000   38.861503736
   19.500000000   37.886276528
   20.000000000   36.869201373
   20.500000000   35.870877147
   21.000000000   34.936709616
   21.500000000   34.114442840
   22.000000000   33.459452720
   22.500000000   33.034186850
   23.000000000   32.904170009
   23.500000000   33.132332471
   24.000000000   33.773155734
   24.500000000   34.866952174
   25.000000000   36.436274036
   25.500000000   38.479605975
   26.000000000   40.943188347
   26.500000000   43.416175251
   27.000000000   43.807785216
   27.500000000   41.429391008
   28.000000000   38.525177343
   28.500000000   35.696521483
   29.000000000   33.012874459
   29.500000000   30.492797338
   30.000000000   28.157450000
   30.500000000   26.064340247
   31.000000000   24.335811660
   31.500000000   23.143045766
   32.000000000   22.653042020
   32.500000000   22.985512951
   33.000000000   24.197913176
   33.500000000   26.286324195
   34.000000000   29.188733778
   34.500000000   32.776750827
   35.000000000   36.812367334
   35.500000000   40.863043298
   36.000000000   44.404057185
   36.500000000   46.969988668
   37.000000000   46.500245422
   37.500000000   43.325489094
   38.000000000   40.109717439
   38.500000000   37.435366585
   39.000000000   35.434710770
   39.500000000   34.180862389
   40.000000000   33.706642643
   40.500000000   33.973044914
   41.000000000   34.740805581
   41.500000000   35.285345724
   42.000000000   34.878247367
   42.500000000   34.003441900
   43.000000000   33.312673769
   43.500000000   33.015809169
   44.000000000   33.151209119
   44.500000000   33.718007886
   45.000000000   34.706197353
   45.500000000   36.101887533
   46.000000000   37.886219856
   46.500000000   40.032731698
   47.000000000   42.505585352
   47.500000000   45.259651258
   48.000000000   48.241556439
   48.500000000   51.378780094
   49.000000000   54.339699726
   49.500000000   54.629564766
   50.000000000   51.036668479
   50.500000000   46.754090724
   51.000000000   42.504450962
   51.500000000   38.412643265
   52.000000000   34.571119203
   52.500000000   31.068484168
   53.000000000   27.987104440
   53.500000000   25.399587422
   54.000000000   23.365649165
   54.500000000   21.929747966
   55.000000000   21.119642267
   55.500000000   20.945955918
   56.000000000   21.402729410
   56.500000000   22.468812308
   57.000000000   24.109865200
   57.500000000   26.280638867
   58.000000000   28.926576794
   58.500000000   31.969996393
   59.000000000   34.977801143
   59.500000000   34.881070347
   60.000000000   31.399149304
   60.500000000   27.758712043
   61.000000000   24.449784866
   61.500000000   21.532619944
   62.000000000   19.038682338
   62.500000000   16.989695627
   63.000000000   15.398288851
   63.500000000   14.267819213
   64.000000000   13.590993404
   64.500000000   13.347394135
   65.000000000   13.506249985
   65.500000000   14.042216413
   66.000000000   14.952766083
   66.500000000   16.217461491
   67.000000000   17.319867916
   67.500000000   16.010626805
   68.000000000   12.685414861
   68.500000000    9.426385801
   69.000000000    6.616160158
   69.500000000    4.270125042
   70.000000000    2.390070038
   70.500000000    1.012295224
   71.000000000    0.197274753
   71.500000000    0.000000000
   72.000000000    0.450968450
   72.500000000    1.553456207
   73.000000000    3.288468491
   73.500000000    5.620710212
   74.000000000    8.503557618
   74.500000000   11.883041922
   75.000000000   15.701271233
   75.500000000   19.898910170
   76.000000000   24.416399610
   76.500000000   29.193507490
   77.000000000   34.167770930
   77.500000000   39.272579038
   78.000000000   44.435865359
   78.500000000   49.581145954
   79.000000000   54.627992259
   79.500000000   59.498506084
   80.000000000   64.118264586
   80.500000000   68.424579161
   81.000000000   72.358889927
   81.500000000   75.845674168
   82.000000000   78.752565486
   82.500000000   80.894932027
   83.000000000   82.212274243
   83.500000000   82.899122706
   84.000000000   83.232074480
   84.500000000   83.394789145
   85.000000000   83.478831610
   85.500000000   83.525074674
   86.000000000   83.552129158
   86.500000000   83.568811189
   87.000000000   83.579526432
   87.500000000   83.586629960
   88.000000000   83.591432568
   88.500000000   83.594726250
   89.000000000   83.597010912
   89.500000000   83.598592922
   90.000000000   83.599693926
   90.500000000   83.600444400
   91.000000000   83.600963305
   91.500000000   83.601306197
   92.000000000   83.601529777
   92.500000000   83.601667465
   93.000000000   83.601751798
   93.500000000   83.601791938
   94.000000000   83.601807741
   94.500000000   83.601811278
   95.000000000   83.601813163
   95.500000000   83.601813163
   96.000000000   83.601813163
   96.500000000   83.601813163
   97.000000000   83.601813163
   97.500000000   83.601813163
   98.000000000   83.601813163
   98.500000000   83.601813163
   99.000000000   83.601813163
   99.500000000   83.601813163
  100.000000000   83.601813163
