#! FIELDS coord1.mean projection
#! SET min_coord1.mean 0
#! SET max_coord1.mean 100
#! SET nbins_coord1.mean  201
#! SET periodic_coord1.mean false
    0.000000000   33.989002629
    0.500000000   33.073178852
    1.000000000   32.529873117
    1.500000000   32.537511127
    2.000000000   33.074779565
    2.500000000   33.666701469
    3.000000000   34.008880722
    3.500000000   34.279903133
    4.000000000   34.457361058
    4.500000000   34.371306988
    5.000000000   34.061131172
    5.500000000   33.679367826
    6.000000000   33.317624208
    6.500000000   32.931908469
    7.000000000   32.470254187
    7.500000000   32.010445587
    8.000000000   31.677631294
    8.500000000   31.551608298
    9.000000000   31.672562852
    9.500000000   32.066559618
   10.000000000   32.747095172
   10.500000000   33.678843150
   11.000000000   34.690647044
   11.500000000   35.423156879
   12.000000000   35.591324801
   12.500000000   35.291311635
   13.000000000   34.751610657
   13.500000000   34.120208193
   14.000000000   33.507867679
   14.500000000   33.019992315
   15.000000000   32.743640907
   15.500000000   32.737338811
   16.000000000   33.035772981
   16.500000000   33.658217051
   17.000000000   34.602496164
   17.500000000   35.793862129
   18.000000000   36.946029744
   18.500000000   37.494393241
   19.000000000   37.166726490
   19.500000000   36.315497923
   20.000000000   35.270982723
   20.500000000   34.155111208
   21.000000000   33.014082019
   21.500000000   31.890911465
   22.000000000   30.851424158
   22.500000000   29.989235816
   23.000000000   29.416791929
   23.500000000   29.251081049
   24.000000000   29.600650367
   24.500000000   30.555083309
   25.000000000   32.178772536
   25.500000000   34.502337191
   26.000000000   37.494685941
   26.500000000   40.597661429
   27.000000000   40.453245127
   27.500000000   37.367034640
   28.000000000   34.100093004
   28.500000000   30.994007441
   29.000000000   28.101298856
   29.500000000   25.465924620
   30.000000000   23.126351430
   30.500000000   21.126000834
   31.000000000   19.556951506
   31.500000000   18.592467064
   32.000000000   18.445848467
   32.500000000   19.293062329
   33.000000000   21.229543959
   33.500000000   24.263106826
   34.000000000   28.305954957
   34.500000000   33.080614197
   35.000000000   37.736093058
   35.500000000   41.121700588
   36.000000000   43.770153076
   36.500000000   46.507204488
   37.000000000   48.045173863
   37.500000000   44.500124756
   38.000000000   39.997498452
   38.500000000   36.225136323
   39.000000000   33.382771845
   39.500000000   31.572853546
   40.000000000   30.852321420
   40.500000000   31.206967359
   41.000000000   32.402833955
   41.500000000   33.375043544
   42.000000000   32.750160113
   42.500000000   31.502882804
   43.000000000   30.554907238
   43.500000000   30.074536383
   44.000000000   30.069694608
   44.500000000   30.524669173
   45.000000000   31.419884309
   45.500000000   32.736801582
   46.000000000   34.459014444
   46.500000000   36.570578378
   47.000000000   39.053202144
   47.500000000   41.883684140
   48.000000000   45.033330268
   48.500000000   48.466352404
   49.000000000   52.101003781
   49.500000000   54.605246082
   50.000000000   51.275869289
   50.500000000   46.124960392
   51.000000000   41.099795677
   51.500000000   36.355163685
   52.000000000   31.974912852
   52.500000000   28.035891694
   53.000000000   24.606695833
   53.500000000   21.745181687
   54.000000000   19.496479352
   54.500000000   17.891746855
   55.000000000   16.947900392
   55.500000000   16.668307664
   56.000000000   17.044329803
   56.500000000   18.057406364
   57.000000000   19.681342961
   57.500000000   21.884355730
   58.000000000   24.630438511
   58.500000000   27.875407616
   59.000000000   31.411154408
   59.500000000   32.420324202
   60.000000000   28.678747675
   60.500000000   24.621775687
   61.000000000   20.985412989
   61.500000000   17.817198794
   62.000000000   15.137162735
   62.500000000   12.959050828
   63.000000000   11.289616554
   63.500000000   10.125423136
   64.000000000    9.446679314
   64.500000000    9.212164806
   65.000000000    9.367461867
   65.500000000    9.873337155
   66.000000000   10.731573968
   66.500000000   11.968760892
   67.000000000   13.455850934
   67.500000000   13.738956771
   68.000000000   11.171954726
   68.500000000    8.108685684
   69.000000000    5.546476730
   69.500000000    3.527744841
   70.000000000    1.983951555
   70.500000000    0.868236848
   71.000000000    0.190903586
   71.500000000    0.000000000
   72.000000000    0.342034286
   72.500000000    1.242353067
   73.000000000    2.706182261
   73.500000000    4.726198853
   74.000000000    7.288855939
   74.500000000   10.377871443
   75.000000000   13.975462039
   75.500000000   18.061829333
   76.000000000   22.613120845
   76.500000000   27.598812798
   77.000000000   32.978530691
   77.500000000   38.699403195
   78.000000000   44.695323038
   78.500000000   50.886059302
   79.000000000   57.178987573
   79.500000000   63.472910995
   80.000000000   69.656418745
   80.500000000   75.621047682
   81.000000000   81.265526805
   81.500000000   86.506477184
   82.000000000   91.288368291
   82.500000000   95.571324182
   83.000000000   99.296196840
   83.500000000  102.321737016
   84.000000000  104.455085351
   84.500000000  105.682484925
   85.000000000  106.283853292
   85.500000000  106.563249209
   86.000000000  106.697294778
   86.500000000  106.766148377
   87.000000000  106.804104461
   87.500000000  106.826409776
   88.000000000  106.840197724
   88.500000000  106.849061094
   89.000000000  106.854931893
   89.500000000  106.858890344
   90.000000000  106.861593477
   90.500000000  106.863435371
   91.000000000  106.864717746
   91.500000000  106.865580926
   92.000000000  106.866165885
   92.500000000  106.866548013
   93.000000000  106.866796780
   93.500000000  106.866937989
   94.000000000  106.867011760
   94.500000000  106.867046065
   95.000000000  106.867062733
   95.500000000  106.867065941
   96.000000000  106.867066802
   96.500000000  106.867066802
   97.000000000  106.867066802
   97.500000000  106.867066802
   98.000000000  106.867066802
   98.500000000  106.867066802
   99.000000000  106.867066802
   99.500000000  106.867066802
  100.000000000  106.867066802
