#! FIELDS coord1.mean projection
#! SET min_coord1.mean 0
#! SET max_coord1.mean 100
#! SET nbins_coord1.mean  201
#! SET periodic_coord1.mean false
    0.000000000   40.600020543
    0.500000000   39.677983598
    1.000000000   39.139197195
    1.500000000   39.040553686
    2.000000000   39.354351325
    2.500000000   39.876303218
    3.000000000   40.357703096
    3.500000000   40.662013824
    4.000000000   40.740129338
    4.500000000   40.609873569
    5.000000000   40.350116841
    5.500000000   40.045352543
    6.000000000   39.736947016
    6.500000000   39.420858203
    7.000000000   39.110526519
    7.500000000   38.869842937
    8.000000000   38.773201519
    8.500000000   38.867785020
    9.000000000   39.167195561
    9.500000000   39.651285773
   10.000000000   40.256564491
   10.500000000   40.866694512
   11.000000000   41.340985428
   11.500000000   41.598364337
   12.000000000   41.661005514
   12.500000000   41.589249453
   13.000000000   41.419194599
   13.500000000   41.176341045
   14.000000000   40.913145338
   14.500000000   40.712441841
   15.000000000   40.659919111
   15.500000000   40.818961125
   16.000000000   41.218613545
   16.500000000   41.841001267
   17.000000000   42.589244135
   17.500000000   43.240244562
   18.000000000   43.491933299
   18.500000000   43.217046019
   19.000000000   42.563396024
   19.500000000   41.722649922
   20.000000000   40.805885300
   20.500000000   39.873878514
   21.000000000   38.974822348
   21.500000000   38.160669794
   22.000000000   37.492633169
   22.500000000   37.041033543
   23.000000000   36.881120857
   23.500000000   37.086622494
   24.000000000   37.722992320
   24.500000000   38.840674800
   25.000000000   40.471030895
   25.500000000   42.618987249
   26.000000000   45.231446925
   26.500000000   47.818792297
   27.000000000   47.939152479
   27.500000000   45.326888374
   28.000000000   42.329751529
   28.500000000   39.429493149
   29.000000000   36.684139587
   29.500000000   34.119969706
   30.000000000   31.766185155
   30.500000000   29.682056037
   31.000000000   27.986856603
   31.500000000   26.851965130
   32.000000000   26.451016451
   32.500000000   26.912667288
   33.000000000   28.301143449
   33.500000000   30.615250208
   34.000000000   33.790129945
   34.500000000   37.682528090
   35.000000000   41.996158413
   35.500000000   46.149657962
   36.000000000   49.571852315
   36.500000000   52.098308589
   37.000000000   51.602059594
   37.500000000   48.086531334
   38.000000000   44.553854669
   38.500000000   41.621547257
   39.000000000   39.426267555
   39.500000000   38.048327186
   40.000000000   37.529072216
   40.500000000   37.844912281
   41.000000000   38.787038534
   41.500000000   39.590708299
   42.000000000   39.265593485
   42.500000000   38.317933067
   43.000000000   37.554934344
   43.500000000   37.214249294
   44.000000000   37.332477054
   44.500000000   37.905185293
   45.000000000   38.918094678
   45.500000000   40.352827405
   46.000000000   42.187147449
   46.500000000   44.393380030
   47.000000000   46.936739034
   47.500000000   49.774769999
   48.000000000   52.857895417
   48.500000000   56.121863596
   49.000000000   59.288663916
   49.500000000   59.814315418
   50.000000000   56.016802591
   50.500000000   51.483648424
   51.000000000   46.996703900
   51.500000000   42.676539367
   52.000000000   38.613491865
   52.500000000   34.894499972
   53.000000000   31.600535998
   53.500000000   28.803234606
   54.000000000   26.561972910
   54.500000000   24.921727929
   55.000000000   23.911854391
   55.500000000   23.545813624
   56.000000000   23.821793679
   56.500000000   24.724034185
   57.000000000   26.224633930
   57.500000000   28.285499015
   58.000000000   30.859491468
   58.500000000   33.872349830
   59.000000000   36.745689458
   59.500000000   35.717856258
   60.000000000   31.677070347
   60.500000000   27.693959968
   61.000000000   24.091153173
   61.500000000   20.919402169
   62.000000000   18.211659702
   62.500000000   15.991955480
   63.000000000   14.274490431
   63.500000000   13.061029484
   64.000000000   12.336787659
   64.500000000   12.069103873
   65.000000000   12.218122868
   65.500000000   12.760798191
   66.000000000   13.706971923
   66.500000000   15.074295530
   67.000000000   16.638368536
   67.500000000   16.434693100
   68.000000000   13.289917746
   68.500000000    9.883794803
   69.000000000    6.952971515
   69.500000000    4.529727488
   70.000000000    2.597829935
   70.500000000    1.169879302
   71.000000000    0.288382221
   71.500000000    0.000000000
   72.000000000    0.333911998
   72.500000000    1.296171265
   73.000000000    2.873626783
   73.500000000    5.039812288
   74.000000000    7.759790059
   74.500000000   10.993591554
   75.000000000   14.698693492
   75.500000000   18.831351890
   76.000000000   23.346751959
   76.500000000   28.197590242
   77.000000000   33.332076317
   77.500000000   38.691609744
   78.000000000   44.209497303
   78.500000000   49.811190392
   79.000000000   55.415304422
   79.500000000   60.938343776
   80.000000000   66.293214998
   80.500000000   71.398594288
   81.000000000   76.179299383
   81.500000000   80.565288039
   82.000000000   84.481484646
   82.500000000   87.800158872
   83.000000000   90.317124340
   83.500000000   91.900658681
   84.000000000   92.724447107
   84.500000000   93.111843235
   85.000000000   93.295024814
   85.500000000   93.386607534
   86.000000000   93.435786390
   86.500000000   93.464053410
   87.000000000   93.481242496
   87.500000000   93.492172281
   88.000000000   93.499344342
   88.500000000   93.504162429
   89.000000000   93.507456196
   89.500000000   93.509718493
   90.000000000   93.511285540
   90.500000000   93.512353722
   91.000000000   93.513096256
   91.500000000   93.513591521
   92.000000000   93.513921670
   92.500000000   93.514128602
   93.000000000   93.514259730
   93.500000000   93.514328244
   94.000000000   93.514355705
   94.500000000   93.514364646
   95.000000000   93.514367468
   95.500000000   93.514367906
   96.000000000   93.514367906
   96.500000000   93.514367906
   97.000000000   93.514367906
   97.500000000   93.514367906
   98.000000000   93.514367906
   98.500000000   93.514367906
   99.000000000   93.514367906
   99.500000000   93.514367906
  100.000000000   93.514367906
