#! FIELDS coord1.mean projection
#! SET min_coord1.mean 0
#! SET max_coord1.mean 100
#! SET nbins_coord1.mean  201
#! SET periodic_coord1.mean false
    0.000000000   35.834739318
    0.500000000   34.034974854
    1.000000000   32.830235755
    1.500000000   32.625666385
    2.000000000   33.166069780
    2.500000000   33.459644445
    3.000000000   33.331596906
    3.500000000   33.424258418
    4.000000000   33.665473910
    4.500000000   33.679350290
    5.000000000   33.444710160
    5.500000000   33.110493242
    6.000000000   32.765683578
    6.500000000   32.363868672
    7.000000000   31.848781650
    7.500000000   31.327282914
    8.000000000   30.946722237
    8.500000000   30.785376656
    9.000000000   30.880162045
    9.500000000   31.269448467
   10.000000000   32.005151513
   10.500000000   33.129271884
   11.000000000   34.579608486
   11.500000000   35.959435027
   12.000000000   36.524599222
   12.500000000   36.158547417
   13.000000000   35.408410544
   13.500000000   34.623155313
   14.000000000   33.956082776
   14.500000000   33.496277506
   15.000000000   33.296784596
   15.500000000   33.381553281
   16.000000000   33.758036107
   16.500000000   34.433452851
   17.000000000   35.418479794
   17.500000000   36.685956852
   18.000000000   38.033307259
   18.500000000   38.920597579
   19.000000000   38.907005613
   19.500000000   38.262494997
   20.000000000   37.362825119
   20.500000000   36.344201893
   21.000000000   35.237605123
   21.500000000   34.062056894
   22.000000000   32.870791876
   22.500000000   31.770272189
   23.000000000   30.906374573
   23.500000000   30.436822425
   24.000000000   30.509842977
   24.500000000   31.250605868
   25.000000000   32.753912532
   25.500000000   35.074621997
   26.000000000   38.194669736
   26.500000000   41.430661279
   27.000000000   40.932577105
   27.500000000   37.753720993
   28.000000000   34.500910962
   28.500000000   31.402647281
   29.000000000   28.498349368
   29.500000000   25.834206934
   30.000000000   23.457457390
   30.500000000   21.425774795
   31.000000000   19.855203732
   31.500000000   18.952004712
   32.000000000   18.959914586
   32.500000000   20.074081715
   33.000000000   22.397915969
   33.500000000   25.935173873
   34.000000000   30.556369285
   34.500000000   35.708191543
   35.000000000   39.745389053
   35.500000000   42.248051540
   36.000000000   44.680424303
   36.500000000   47.543500791
   37.000000000   50.092047890
   37.500000000   46.974237180
   38.000000000   41.714632057
   38.500000000   37.268728732
   39.000000000   33.889325949
   39.500000000   31.689657702
   40.000000000   30.731143912
   40.500000000   30.990634449
   41.000000000   32.181894296
   41.500000000   33.113307208
   42.000000000   32.521531940
   42.500000000   31.450973515
   43.000000000   30.696074410
   43.500000000   30.385210411
   44.000000000   30.517531623
   44.500000000   31.075080466
   45.000000000   32.039657522
   45.500000000   33.397549980
   46.000000000   35.140122655
   46.500000000   37.261246953
   47.000000000   39.753692894
   47.500000000   42.606296602
   48.000000000   45.803293078
   48.500000000   49.323010374
   49.000000000   53.089520520
   49.500000000   55.266289216
   50.000000000   51.027649840
   50.500000000   45.574134518
   51.000000000   40.388537814
   51.500000000   35.577187692
   52.000000000   31.205958386
   52.500000000   27.332582769
   53.000000000   24.006008293
   53.500000000   21.265153899
   54.000000000   19.138081214
   54.500000000   17.641658844
   55.000000000   16.782099015
   55.500000000   16.556344644
   56.000000000   16.954116653
   56.500000000   17.960177312
   57.000000000   19.556366803
   57.500000000   21.722836559
   58.000000000   24.438515029
   58.500000000   27.673173997
   59.000000000   31.098583661
   59.500000000   30.893279783
   60.000000000   26.734935694
   60.500000000   22.691643839
   61.000000000   19.141552629
   61.500000000   16.094864027
   62.000000000   13.548682845
   62.500000000   11.497193704
   63.000000000    9.930584202
   63.500000000    8.830854727
   64.000000000    8.165264828
   64.500000000    7.884571915
   65.000000000    7.937638779
   65.500000000    8.300056113
   66.000000000    8.988803004
   66.500000000   10.035110347
   67.000000000   11.289468649
   67.500000000   11.396510601
   68.000000000    9.090769366
   68.500000000    6.398785850
   69.000000000    4.212274280
   69.500000000    2.566342789
   70.000000000    1.374380701
   70.500000000    0.558837690
   71.000000000    0.093456714
   71.500000000    0.000000000
   72.000000000    0.316885133
   72.500000000    1.076213403
   73.000000000    2.299840223
   73.500000000    4.004336035
   74.000000000    6.205923824
   74.500000000    8.922387748
   75.000000000   12.172268845
   75.500000000   15.971846743
   76.000000000   20.330750830
   76.500000000   25.247380937
   77.000000000   30.704889605
   77.500000000   36.666863676
   78.000000000   43.076219235
   78.500000000   49.854256395
   79.000000000   56.901735092
   79.500000000   64.100402029
   80.000000000   71.312573820
   80.500000000   78.392623471
   81.000000000   85.195770203
   81.500000000   91.602194175
   82.000000000   97.539371199
   82.500000000  102.977965429
   83.000000000  107.911871570
   83.500000000  112.324580189
   84.000000000  116.155697421
   84.500000000  119.231574928
   85.000000000  121.330210338
   85.500000000  122.477185576
   86.000000000  123.011734135
   86.500000000  123.252976592
   87.000000000  123.367282465
   87.500000000  123.425841139
   88.000000000  123.458188065
   88.500000000  123.477245728
   89.000000000  123.489073115
   89.500000000  123.496683938
   90.000000000  123.501714368
   90.500000000  123.505079000
   91.000000000  123.507382551
   91.500000000  123.508937282
   92.000000000  123.509992628
   92.500000000  123.510696410
   93.000000000  123.511155475
   93.500000000  123.511434565
   94.000000000  123.511599467
   94.500000000  123.511682422
   95.000000000  123.511725947
   95.500000000  123.511739598
   96.000000000  123.511742856
   96.500000000  123.511743347
   97.000000000  123.511743427
   97.500000000  123.511743427
   98.000000000  123.511743427
   98.500000000  123.511743427
   99.000000000  123.511743427
   99.500000000  123.511743427
  100.000000000  123.511743427
