#! FIELDS coord1.mean projection
#! SET min_coord1.mean 0
#! SET max_coord1.mean 100
#! SET nbins_coord1.mean  201
#! SET periodic_coord1.mean false
    0.000000000   37.793607831
    0.500000000   37.572357319
    1.000000000   37.727997909
    1.500000000   38.109371390
    2.000000000   38.606745775
    2.500000000   39.137407406
    3.000000000   39.604468048
    3.500000000   39.910700501
    4.000000000   39.999400272
    4.500000000   39.870813873
    5.000000000   39.570451003
    5.500000000   39.159994904
    6.000000000   38.694573207
    6.500000000   38.227343050
    7.000000000   37.821080841
    7.500000000   37.540301675
    8.000000000   37.434757171
    8.500000000   37.531238606
    9.000000000   37.831243030
    9.500000000   38.305181152
   10.000000000   38.879820050
   10.500000000   39.432050411
   11.000000000   39.825835803
   11.500000000   39.997580682
   12.000000000   39.988205117
   12.500000000   39.872755879
   13.000000000   39.699298180
   13.500000000   39.496736894
   14.000000000   39.307027144
   14.500000000   39.195181587
   15.000000000   39.233083432
   15.500000000   39.478792223
   16.000000000   39.963130619
   16.500000000   40.675866092
   17.000000000   41.531675634
   17.500000000   42.300868003
   18.000000000   42.603913213
   18.500000000   42.224564423
   19.000000000   41.360153282
   19.500000000   40.302840243
   20.000000000   39.217540245
   20.500000000   38.183214081
   21.000000000   37.250382412
   21.500000000   36.464476709
   22.000000000   35.872546443
   22.500000000   35.523621141
   23.000000000   35.466177522
   23.500000000   35.744266262
   24.000000000   36.393413595
   24.500000000   37.436486931
   25.000000000   38.881267842
   25.500000000   40.715542733
   26.000000000   42.886608430
   26.500000000   45.119265568
   27.000000000   46.026467263
   27.500000000   44.259687237
   28.000000000   41.503396647
   28.500000000   38.673159511
   29.000000000   35.917999898
   29.500000000   33.290492853
   30.000000000   30.855113047
   30.500000000   28.708021066
   31.000000000   26.973864723
   31.500000000   25.784417758
   32.000000000   25.252786871
   32.500000000   25.455871095
   33.000000000   26.427363266
   33.500000000   28.157134142
   34.000000000   30.593647451
   34.500000000   33.644850833
   35.000000000   37.172707023
   35.500000000   40.969718794
   36.000000000   44.687961457
   36.500000000   47.301117868
   37.000000000   46.500976458
   37.500000000   43.808327278
   38.000000000   41.195350050
   38.500000000   39.046621984
   39.000000000   37.469831245
   39.500000000   36.523395820
   40.000000000   36.226989128
   40.500000000   36.529906520
   41.000000000   37.202097903
   41.500000000   37.655461255
   42.000000000   37.350361287
   42.500000000   36.626595372
   43.000000000   36.023269710
   43.500000000   35.756912351
   44.000000000   35.878458684
   44.500000000   36.389193773
   45.000000000   37.274142923
   45.500000000   38.511055470
   46.000000000   40.073475556
   46.500000000   41.931694120
   47.000000000   44.052459679
   47.500000000   46.398038739
   48.000000000   48.922794395
   48.500000000   51.537190015
   49.000000000   53.701447760
   49.500000000   53.065781385
   50.000000000   49.664490091
   50.500000000   45.746840396
   51.000000000   41.820899157
   51.500000000   38.006444772
   52.000000000   34.394955588
   52.500000000   31.074847206
   53.000000000   28.129595435
   53.500000000   25.634168300
   54.000000000   23.651731149
   54.500000000   22.230973705
   55.000000000   21.404235166
   55.500000000   21.186539686
   56.000000000   21.575577585
   56.500000000   22.552580574
   57.000000000   24.083951575
   57.500000000   26.123357822
   58.000000000   28.612490542
   58.500000000   31.452132303
   59.000000000   33.987856282
   59.500000000   33.104729130
   60.000000000   29.619910903
   60.500000000   26.088151036
   61.000000000   22.868910573
   61.500000000   20.026409760
   62.000000000   17.598680796
   62.500000000   15.611425271
   63.000000000   14.079051238
   63.500000000   13.005751060
   64.000000000   12.385343901
   64.500000000   12.199746346
   65.000000000   12.421898530
   65.500000000   13.028990819
   66.000000000   14.012595020
   66.500000000   15.306532425
   67.000000000   16.143844724
   67.500000000   14.420353202
   68.000000000   11.239553159
   68.500000000    8.247435548
   69.000000000    5.707803123
   69.500000000    3.622078971
   70.000000000    1.974564135
   70.500000000    0.783748062
   71.000000000    0.104867850
   71.500000000    0.000000000
   72.000000000    0.510255826
   72.500000000    1.646873320
   73.000000000    3.394388580
   73.500000000    5.716734518
   74.000000000    8.562773565
   74.500000000   11.871164489
   75.000000000   15.575338716
   75.500000000   19.608208460
   76.000000000   23.905565670
   76.500000000   28.406781849
   77.000000000   33.052864579
   77.500000000   37.783483040
   78.000000000   42.534577409
   78.500000000   47.238444976
   79.000000000   51.823527589
   79.500000000   56.219629606
   80.000000000   60.355459102
   80.500000000   64.159982422
   81.000000000   67.538416055
   81.500000000   70.339453137
   82.000000000   72.379777011
   82.500000000   73.620343448
   83.000000000   74.266669250
   83.500000000   74.582076811
   84.000000000   74.738545267
   84.500000000   74.820139672
   85.000000000   74.865574426
   85.500000000   74.892398930
   86.000000000   74.909051626
   86.500000000   74.919819367
   87.000000000   74.926993964
   87.500000000   74.931881504
   88.000000000   74.935250424
   88.500000000   74.937587145
   89.000000000   74.939224969
   89.500000000   74.940361530
   90.000000000   74.941152354
   90.500000000   74.941690284
   91.000000000   74.942062518
   91.500000000   74.942299402
   92.000000000   74.942450815
   92.500000000   74.942541765
   93.000000000   74.942596708
   93.500000000   74.942619473
   94.000000000   74.942627384
   94.500000000   74.942628031
   95.000000000   74.942628722
   95.500000000   74.942628722
   96.000000000   74.942628722
   96.500000000   74.942628722
   97.000000000   74.942628722
   97.500000000   74.942628722
   98.000000000   74.942628722
   98.500000000   74.942628722
   99.000000000   74.942628722
   99.500000000   74.942628722
  100.000000000   74.942628722
