#! FIELDS coord1.mean projection
#! SET min_coord1.mean 0
#! SET max_coord1.mean 100
#! SET nbins_coord1.mean  201
#! SET periodic_coord1.mean false
    0.000000000   35.079189236
    0.500000000   33.373897873
    1.000000000   32.171477438
    1.500000000   31.959655661
    2.000000000   32.430760362
    2.500000000   32.478544414
    3.000000000   32.177070870
    3.500000000   32.251445314
    4.000000000   32.540504108
    4.500000000   32.596182276
    5.000000000   32.387586159
    5.500000000   32.079495128
    6.000000000   31.773500931
    6.500000000   31.408257669
    7.000000000   30.899105965
    7.500000000   30.357742687
    8.000000000   29.945703961
    8.500000000   29.742757795
    9.000000000   29.784605328
    9.500000000   30.115951446
   10.000000000   30.803931033
   10.500000000   31.912884436
   11.000000000   33.408283008
   11.500000000   34.899703214
   12.000000000   35.547065002
   12.500000000   35.178395885
   13.000000000   34.422514021
   13.500000000   33.659117046
   14.000000000   33.035704708
   14.500000000   32.629587363
   15.000000000   32.481424652
   15.500000000   32.603612604
   16.000000000   32.994745296
   16.500000000   33.659981925
   17.000000000   34.619874757
   17.500000000   35.872704432
   18.000000000   37.261038365
   18.500000000   38.283290920
   19.000000000   38.430397950
   19.500000000   37.895149215
   20.000000000   37.071832022
   20.500000000   36.121946474
   21.000000000   35.082466638
   21.500000000   33.960959581
   22.000000000   32.795458732
   22.500000000   31.689861238
   23.000000000   30.800585030
   23.500000000   30.299713469
   24.000000000   30.348104825
   24.500000000   31.080848539
   25.000000000   32.600226292
   25.500000000   34.965787757
   26.000000000   38.151782662
   26.500000000   41.267397849
   27.000000000   40.211220373
   27.500000000   36.876709010
   28.000000000   33.533228758
   28.500000000   30.345652051
   29.000000000   27.358380790
   29.500000000   24.628157384
   30.000000000   22.217202457
   30.500000000   20.199933694
   31.000000000   18.698858498
   31.500000000   17.909245308
   32.000000000   18.058782865
   32.500000000   19.334239398
   33.000000000   21.837711118
   33.500000000   25.572328452
   34.000000000   30.391241234
   34.500000000   35.591806698
   35.000000000   39.260985333
   35.500000000   41.501556467
   36.000000000   43.858831245
   36.500000000   46.711686841
   37.000000000   49.514435556
   37.500000000   46.832446166
   38.000000000   41.381238764
   38.500000000   36.756844685
   39.000000000   33.247831973
   39.500000000   30.970411638
   40.000000000   29.988228296
   40.500000000   30.283590039
   41.000000000   31.594909988
   41.500000000   32.752572729
   42.000000000   32.302950863
   42.500000000   31.269960275
   43.000000000   30.531351002
   43.500000000   30.226330993
   44.000000000   30.352956517
   44.500000000   30.892684795
   45.000000000   31.828909269
   45.500000000   33.151916675
   46.000000000   34.858406012
   46.500000000   36.947125819
   47.000000000   39.414118804
   47.500000000   42.249735894
   48.000000000   45.439151902
   48.500000000   48.962069926
   49.000000000   52.740083321
   49.500000000   54.719397557
   50.000000000   50.178558799
   50.500000000   44.629460952
   51.000000000   39.395260715
   51.500000000   34.571149141
   52.000000000   30.217458645
   52.500000000   26.385453387
   53.000000000   23.116897001
   53.500000000   20.443283899
   54.000000000   18.385399920
   54.500000000   16.953354626
   55.000000000   16.147511646
   55.500000000   15.960278713
   56.000000000   16.378563787
   56.500000000   17.386353886
   57.000000000   18.966878526
   57.500000000   21.103716837
   58.000000000   23.781024930
   58.500000000   26.975902279
   59.000000000   30.395534510
   59.500000000   30.380477334
   60.000000000   26.296508779
   60.500000000   22.302021651
   61.000000000   18.810549586
   61.500000000   15.828223005
   62.000000000   13.346955343
   62.500000000   11.356355385
   63.000000000    9.842801977
   63.500000000    8.785310395
   64.000000000    8.149418024
   64.500000000    7.886357771
   65.000000000    7.947793246
   65.500000000    8.312723875
   66.000000000    9.000037910
   66.500000000   10.031360638
   67.000000000   11.136077415
   67.500000000   10.666299047
   68.000000000    8.119984046
   68.500000000    5.536406212
   69.000000000    3.517986815
   69.500000000    2.056740330
   70.000000000    1.051245334
   70.500000000    0.399442066
   71.000000000    0.046949007
   71.500000000    0.000000000
   72.000000000    0.297807820
   72.500000000    0.981499660
   73.000000000    2.083453460
   73.500000000    3.630415019
   74.000000000    5.648830476
   74.500000000    8.167382399
   75.000000000   11.216402403
   75.500000000   14.824786199
   76.000000000   19.015107942
   76.500000000   23.798379162
   77.000000000   29.169417969
   77.500000000   35.101615681
   78.000000000   41.544976607
   78.500000000   48.424371417
   79.000000000   55.640948294
   79.500000000   63.071066743
   80.000000000   70.566084840
   80.500000000   77.963336611
   81.000000000   85.099167180
   81.500000000   91.843483739
   82.000000000   98.126547966
   82.500000000  103.927748666
   83.000000000  109.245676636
   83.500000000  114.068505122
   84.000000000  118.360945992
   84.500000000  122.009272418
   85.000000000  124.787493538
   85.500000000  126.513637855
   86.000000000  127.374756791
   86.500000000  127.759868211
   87.000000000  127.933857201
   87.500000000  128.018242616
   88.000000000  128.062627710
   88.500000000  128.087767219
   89.000000000  128.102905171
   89.500000000  128.112431129
   90.000000000  128.118629641
   90.500000000  128.122734821
   91.000000000  128.125521577
   91.500000000  128.127397738
   92.000000000  128.128671563
   92.500000000  128.129523129
   93.000000000  128.130082573
   93.500000000  128.130430236
   94.000000000  128.130639032
   94.500000000  128.130750124
   95.000000000  128.130806102
   95.500000000  128.130825386
   96.000000000  128.130831307
   96.500000000  128.130832378
   97.000000000  128.130832457
   97.500000000  128.130832457
   98.000000000  128.130832457
   98.500000000  128.130832457
   99.000000000  128.130832457
   99.500000000  128.130832457
  100.000000000  128.130832457
