#! FIELDS coord1.mean projection
#! SET min_coord1.mean 0
#! SET max_coord1.mean 100
#! SET nbins_coord1.mean  201
#! SET periodic_coord1.mean false
    0.000000000   34.079556969
    0.500000000   33.124721500
    1.000000000   32.572524638
    1.500000000   32.625608754
    2.000000000   33.262224543
    2.500000000   33.953998059
    3.000000000   34.322403887
    3.500000000   34.570356695
    4.000000000   34.712768217
    4.500000000   34.597297866
    5.000000000   34.269080875
    5.500000000   33.867840783
    6.000000000   33.474502919
    6.500000000   33.052165491
    7.000000000   32.565151736
    7.500000000   32.096502828
    8.000000000   31.765885121
    8.500000000   31.648659757
    9.000000000   31.783983741
    9.500000000   32.197278434
   10.000000000   32.898101831
   10.500000000   33.840280853
   11.000000000   34.834055735
   11.500000000   35.509365599
   12.000000000   35.604020043
   12.500000000   35.239495055
   13.000000000   34.651183330
   13.500000000   33.996290477
   14.000000000   33.392750274
   14.500000000   32.943226175
   15.000000000   32.725812654
   15.500000000   32.789300245
   16.000000000   33.159805612
   16.500000000   33.848907147
   17.000000000   34.845710158
   17.500000000   36.059460046
   18.000000000   37.172798425
   18.500000000   37.618315920
   19.000000000   37.208565422
   19.500000000   36.333027579
   20.000000000   35.298382852
   20.500000000   34.210659263
   21.000000000   33.107976730
   21.500000000   32.026014979
   22.000000000   31.023859444
   22.500000000   30.191142680
   23.000000000   29.639768099
   23.500000000   29.488469527
   24.000000000   29.848444867
   24.500000000   30.811952489
   25.000000000   32.445704532
   25.500000000   34.782007986
   26.000000000   37.784867280
   26.500000000   40.796194270
   27.000000000   40.315251189
   27.500000000   37.159770983
   28.000000000   33.898153499
   28.500000000   30.816513802
   29.000000000   27.967022334
   29.500000000   25.396691818
   30.000000000   23.147191999
   30.500000000   21.259601845
   31.000000000   19.811482965
   31.500000000   18.956169962
   32.000000000   18.897148161
   32.500000000   19.812847959
   33.000000000   21.804914066
   33.500000000   24.883166510
   34.000000000   28.942468246
   34.500000000   33.599070594
   35.000000000   37.750697284
   35.500000000   40.588273360
   36.000000000   43.050194527
   36.500000000   45.779081174
   37.000000000   47.994370394
   37.500000000   45.363962170
   38.000000000   40.899086781
   38.500000000   37.105619460
   39.000000000   34.245818096
   39.500000000   32.423610319
   40.000000000   31.692354065
   40.500000000   32.018302964
   41.000000000   33.065295596
   41.500000000   33.557233024
   42.000000000   32.559140523
   42.500000000   31.254250697
   43.000000000   30.322797849
   43.500000000   29.870492004
   44.000000000   29.896248121
   44.500000000   30.382166452
   45.000000000   31.307718571
   45.500000000   32.654183916
   46.000000000   34.405700136
   46.500000000   36.547378852
   47.000000000   39.062257139
   47.500000000   41.928429153
   48.000000000   45.118311908
   48.500000000   48.596937007
   49.000000000   52.281042026
   49.500000000   54.758412493
   50.000000000   51.315628148
   50.500000000   46.156802214
   51.000000000   41.141683879
   51.500000000   36.416557026
   52.000000000   32.063361258
   52.500000000   28.157203449
   53.000000000   24.765046670
   53.500000000   21.943313562
   54.000000000   19.735954734
   54.500000000   18.173215642
   55.000000000   17.271346902
   55.500000000   17.033261697
   56.000000000   17.450042570
   56.500000000   18.503002070
   57.000000000   20.165960206
   57.500000000   22.407265336
   58.000000000   25.191167004
   58.500000000   28.473159371
   59.000000000   32.018249460
   59.500000000   32.757279749
   60.000000000   28.896931390
   60.500000000   24.834110519
   61.000000000   21.204196375
   61.500000000   18.049358764
   62.000000000   15.387982470
   62.500000000   13.232358186
   63.000000000   11.588192751
   63.500000000   10.451548598
   64.000000000    9.802746142
   64.500000000    9.601573091
   65.000000000    9.795630178
   65.500000000   10.347519350
   66.000000000   11.258231881
   66.500000000   12.542748894
   67.000000000   13.951320040
   67.500000000   13.586140500
   68.000000000   10.650010502
   68.500000000    7.610654965
   69.000000000    5.128651327
   69.500000000    3.203467985
   70.000000000    1.757999163
   70.500000000    0.734802307
   71.000000000    0.134142012
   71.500000000    0.000000000
   72.000000000    0.380100727
   72.500000000    1.302893679
   73.000000000    2.776787881
   73.500000000    4.797459780
   74.000000000    7.354332860
   74.500000000   10.434129751
   75.000000000   14.022009885
   75.500000000   18.100920769
   76.000000000   22.649356546
   76.500000000   27.638663831
   77.000000000   33.029593847
   77.500000000   38.768914958
   78.000000000   44.786991993
   78.500000000   50.994246325
   79.000000000   57.279120149
   79.500000000   63.512664100
   80.000000000   69.559104251
   80.500000000   75.312827007
   81.000000000   80.717261728
   81.500000000   85.758835391
   82.000000000   90.439349853
   82.500000000   94.750058889
   83.000000000   98.653796764
   83.500000000  102.049789157
   84.000000000  104.740858544
   84.500000000  106.529539070
   85.000000000  107.495770824
   85.500000000  107.952393799
   86.000000000  108.163835753
   86.500000000  108.266824197
   87.000000000  108.320685513
   87.500000000  108.350955509
   88.000000000  108.369011747
   88.500000000  108.380313350
   89.000000000  108.387655644
   89.500000000  108.392538929
   90.000000000  108.395845464
   90.500000000  108.398089640
   91.000000000  108.399645633
   91.500000000  108.400697129
   92.000000000  108.401411734
   92.500000000  108.401883405
   93.000000000  108.402194687
   93.500000000  108.402377502
   94.000000000  108.402481795
   94.500000000  108.402533853
   95.000000000  108.402561724
   95.500000000  108.402569016
   96.000000000  108.402570149
   96.500000000  108.402570149
   97.000000000  108.402570149
   97.500000000  108.402570149
   98.000000000  108.402570149
   98.500000000  108.402570149
   99.000000000  108.402570149
   99.500000000  108.402570149
  100.000000000  108.402570149
