#! FIELDS coord1.mean projection
#! SET min_coord1.mean 0
#! SET max_coord1.mean 100
#! SET nbins_coord1.mean  201
#! SET periodic_coord1.mean false
    0.000000000   36.125505124
    0.500000000   34.173034585
    1.000000000   32.869700570
    1.500000000   32.607668781
    2.000000000   33.003113701
    2.500000000   32.983189959
    3.000000000   32.648654749
    3.500000000   32.686453773
    4.000000000   32.936933036
    4.500000000   32.964551387
    5.000000000   32.736154580
    5.500000000   32.410979032
    6.000000000   32.083607191
    6.500000000   31.695591745
    7.000000000   31.168853092
    7.500000000   30.613961364
    8.000000000   30.192155237
    8.500000000   29.987102954
    9.000000000   30.037662420
    9.500000000   30.386702977
   10.000000000   31.094723606
   10.500000000   32.217795359
   11.000000000   33.716941985
   11.500000000   35.215989237
   12.000000000   35.912698779
   12.500000000   35.618992575
   13.000000000   34.927058632
   13.500000000   34.210251794
   14.000000000   33.613579894
   14.500000000   33.213137144
   15.000000000   33.052226093
   15.500000000   33.149607572
   16.000000000   33.512070201
   16.500000000   34.151715824
   17.000000000   35.091646164
   17.500000000   36.327456014
   18.000000000   37.697936692
   18.500000000   38.709295298
   19.000000000   38.867414959
   19.500000000   38.351119365
   20.000000000   37.533588642
   20.500000000   36.565103390
   21.000000000   35.483102561
   21.500000000   34.310821725
   22.000000000   33.106783689
   22.500000000   31.984425744
   23.000000000   31.096664041
   23.500000000   30.607246265
   24.000000000   30.669552715
   24.500000000   31.413314618
   25.000000000   32.937215894
   25.500000000   35.298723067
   26.000000000   38.470486791
   26.500000000   41.547572840
   27.000000000   40.460448976
   27.500000000   37.140428868
   28.000000000   33.822142794
   28.500000000   30.669398410
   29.000000000   27.725298213
   29.500000000   25.042230044
   30.000000000   22.675042186
   30.500000000   20.689945142
   31.000000000   19.205363446
   31.500000000   18.418567264
   32.000000000   18.560595016
   32.500000000   19.819081059
   33.000000000   22.295753726
   33.500000000   25.997383876
   34.000000000   30.811833809
   34.500000000   36.266350866
   35.000000000   40.722187459
   35.500000000   43.380893000
   36.000000000   45.836253651
   36.500000000   48.709714510
   37.000000000   51.133030090
   37.500000000   47.572635720
   38.000000000   42.171658298
   38.500000000   37.633852023
   39.000000000   34.191658206
   39.500000000   31.959512866
   40.000000000   31.000095585
   40.500000000   31.292859655
   41.000000000   32.565140131
   41.500000000   33.647487900
   42.000000000   33.182358948
   42.500000000   32.179537717
   43.000000000   31.473434983
   43.500000000   31.198878299
   44.000000000   31.353447217
   44.500000000   31.917551868
   45.000000000   32.873526399
   45.500000000   34.211451722
   46.000000000   35.929046714
   46.500000000   38.026911983
   47.000000000   40.502858678
   47.500000000   43.348246594
   48.000000000   46.547914155
   48.500000000   50.079461697
   49.000000000   53.843027028
   49.500000000   55.432765217
   50.000000000   50.706890312
   50.500000000   45.200702437
   51.000000000   40.002788045
   51.500000000   35.203540314
   52.000000000   30.864851291
   52.500000000   27.040100243
   53.000000000   23.773620260
   53.500000000   21.099756685
   54.000000000   19.042309715
   54.500000000   17.614384161
   55.000000000   16.819079280
   55.500000000   16.650993053
   56.000000000   17.098375176
   56.500000000   18.145458041
   57.000000000   19.774468088
   57.500000000   21.966759904
   58.000000000   24.703083095
   58.500000000   27.954391589
   59.000000000   31.354052517
   59.500000000   30.922273044
   60.000000000   26.758766304
   60.500000000   22.772046536
   61.000000000   19.292611692
   61.500000000   16.324811685
   62.000000000   13.860454191
   62.500000000   11.888332182
   63.000000000   10.393257757
   63.500000000    9.351771601
   64.000000000    8.725779431
   64.500000000    8.462101459
   65.000000000    8.509118364
   65.500000000    8.845692722
   66.000000000    9.492970518
   66.500000000   10.475717542
   67.000000000   11.535790008
   67.500000000   11.070038571
   68.000000000    8.527423896
   68.500000000    5.917705784
   69.000000000    3.857957486
   69.500000000    2.340388736
   70.000000000    1.263326795
   70.500000000    0.531834830
   71.000000000    0.105056566
   71.500000000    0.000000000
   72.000000000    0.258394208
   72.500000000    0.918260189
   73.000000000    2.007424165
   73.500000000    3.548574045
   74.000000000    5.564932208
   74.500000000    8.082672256
   75.000000000   11.130149372
   75.500000000   14.734680552
   76.000000000   18.917525152
   76.500000000   23.688541369
   77.000000000   29.041419545
   77.500000000   34.948442012
   78.000000000   41.359000374
   78.500000000   48.197731602
   79.000000000   55.366343810
   79.500000000   62.743872818
   80.000000000   70.186535917
   80.500000000   77.538389699
   81.000000000   84.639655561
   81.500000000   91.355451722
   82.000000000   97.603389230
   82.500000000  103.351760631
   83.000000000  108.596287173
   83.500000000  113.327476156
   84.000000000  117.509729982
   84.500000000  121.018185383
   85.000000000  123.621006285
   85.500000000  125.183199353
   86.000000000  125.945511543
   86.500000000  126.286295705
   87.000000000  126.442101641
   87.500000000  126.518790218
   88.000000000  126.559675691
   88.500000000  126.583087326
   89.000000000  126.597303813
   89.500000000  126.606305536
   90.000000000  126.612189124
   90.500000000  126.616096278
   91.000000000  126.618754905
   91.500000000  126.620545627
   92.000000000  126.621761945
   92.500000000  126.622574183
   93.000000000  126.623107760
   93.500000000  126.623436711
   94.000000000  126.623634065
   94.500000000  126.623737234
   95.000000000  126.623789420
   95.500000000  126.623807019
   96.000000000  126.623811596
   96.500000000  126.623812321
   97.000000000  126.623812401
   97.500000000  126.623812401
   98.000000000  126.623812401
   98.500000000  126.623812401
   99.000000000  126.623812401
   99.500000000  126.623812401
  100.000000000  126.623812401
