#! FIELDS coord1.mean projection
#! SET min_coord1.mean 0
#! SET max_coord1.mean 100
#! SET nbins_coord1.mean  201
#! SET periodic_coord1.mean false
    0.000000000   37.999874819
    0.500000000   37.113920994
    1.000000000   36.583380552
    1.500000000   36.519286608
    2.000000000   36.864425741
    2.500000000   37.232352796
    3.000000000   37.423833536
    3.500000000   37.554909900
    4.000000000   37.573219621
    4.500000000   37.365520996
    5.000000000   36.982956147
    5.500000000   36.535658857
    6.000000000   36.082995899
    6.500000000   35.607060215
    7.000000000   35.107936114
    7.500000000   34.669907103
    8.000000000   34.394232864
    8.500000000   34.344991059
    9.000000000   34.555558743
    9.500000000   35.042732363
   10.000000000   35.799168099
   10.500000000   36.752317550
   11.000000000   37.693137708
   11.500000000   38.289128988
   12.000000000   38.357050851
   12.500000000   38.023051710
   13.000000000   37.487360639
   13.500000000   36.894876002
   14.000000000   36.362201364
   14.500000000   35.987924985
   15.000000000   35.843716906
   15.500000000   35.973285554
   16.000000000   36.399250869
   16.500000000   37.126871603
   17.000000000   38.127795049
   17.500000000   39.273047882
   18.000000000   40.207044029
   18.500000000   40.444216327
   19.000000000   39.945496723
   19.500000000   39.074814413
   20.000000000   38.079342136
   20.500000000   37.050004788
   21.000000000   36.025634193
   21.500000000   35.044548093
   22.000000000   34.166055414
   22.500000000   33.474961296
   23.000000000   33.073164549
   23.500000000   33.066248622
   24.000000000   33.551463449
   24.500000000   34.607829986
   25.000000000   36.290627656
   25.500000000   38.622223240
   26.000000000   41.548832569
   26.500000000   44.311103041
   27.000000000   43.621254447
   27.500000000   40.574475716
   28.000000000   37.425836062
   28.500000000   34.433391318
   29.000000000   31.644489590
   29.500000000   29.102473831
   30.000000000   26.849103240
   30.500000000   24.931956426
   31.000000000   23.438791255
   31.500000000   22.525773310
   32.000000000   22.386695146
   32.500000000   23.186046718
   33.000000000   25.016019279
   33.500000000   27.885813657
   34.000000000   31.713181325
   34.500000000   36.251740903
   35.000000000   40.815014368
   35.500000000   44.390601483
   36.000000000   47.184121453
   36.500000000   49.858227856
   37.000000000   50.347872470
   37.500000000   46.270306719
   38.000000000   41.912300687
   38.500000000   38.290669702
   39.000000000   35.569810513
   39.500000000   33.847960932
   40.000000000   33.177638139
   40.500000000   33.528651021
   41.000000000   34.589275292
   41.500000000   35.171153478
   42.000000000   34.314343105
   42.500000000   33.116121284
   43.000000000   32.282298341
   43.500000000   31.930149309
   44.000000000   32.058456386
   44.500000000   32.646541274
   45.000000000   33.670219910
   45.500000000   35.106895657
   46.000000000   36.937041434
   46.500000000   39.142386244
   47.000000000   41.702504805
   47.500000000   44.591736700
   48.000000000   47.778369699
   48.500000000   51.221652523
   49.000000000   54.773434307
   49.500000000   56.142310508
   50.000000000   51.976795536
   50.500000000   46.887577217
   51.000000000   41.956428351
   51.500000000   37.300923849
   52.000000000   33.005173843
   52.500000000   29.147414815
   53.000000000   25.797871251
   53.500000000   23.016174161
   54.000000000   20.849247368
   54.500000000   19.329937559
   55.000000000   18.476582377
   55.500000000   18.293512106
   56.000000000   18.772378549
   56.500000000   19.894035885
   57.000000000   21.630663675
   57.500000000   23.947716467
   58.000000000   26.805189842
   58.500000000   30.149727975
   59.000000000   33.629694339
   59.500000000   33.611094986
   60.000000000   29.622301003
   60.500000000   25.621872260
   61.000000000   22.043920235
   61.500000000   18.926632558
   62.000000000   16.291763900
   62.500000000   14.155408833
   63.000000000   12.526310893
   63.500000000   11.402139603
   64.000000000   10.763457149
   64.500000000   10.569365478
   65.000000000   10.766118791
   65.500000000   11.314657562
   66.000000000   12.215042712
   66.500000000   13.484416543
   67.000000000   14.892695335
   67.500000000   14.573351441
   68.000000000   11.590843246
   68.500000000    8.441334278
   69.000000000    5.816899121
   69.500000000    3.721552251
   70.000000000    2.095186127
   70.500000000    0.911344338
   71.000000000    0.196210841
   71.500000000    0.000000000
   72.000000000    0.362365047
   72.500000000    1.300127150
   73.000000000    2.811305150
   73.500000000    4.882810832
   74.000000000    7.496319383
   74.500000000   10.631513097
   75.000000000   14.267297706
   75.500000000   18.381262890
   76.000000000   22.947595237
   76.500000000   27.934279081
   77.000000000   33.299846723
   77.500000000   38.990686453
   78.000000000   44.940090283
   78.500000000   51.067474667
   79.000000000   57.280315287
   79.500000000   63.477428780
   80.000000000   69.548364112
   80.500000000   75.386978576
   81.000000000   80.897086549
   81.500000000   86.002733687
   82.000000000   90.655159953
   82.500000000   94.816116997
   83.000000000   98.418265248
   83.500000000  101.305741559
   84.000000000  103.292803666
   84.500000000  104.407895817
   85.000000000  104.948123569
   85.500000000  105.199806679
   86.000000000  105.321683317
   86.500000000  105.384951754
   87.000000000  105.420164224
   87.500000000  105.441021214
   88.000000000  105.453992906
   88.500000000  105.462368718
   89.000000000  105.467936577
   89.500000000  105.471697866
   90.000000000  105.474271064
   90.500000000  105.476025104
   91.000000000  105.477246997
   91.500000000  105.478067554
   92.000000000  105.478623008
   92.500000000  105.478985877
   93.000000000  105.479221291
   93.500000000  105.479355163
   94.000000000  105.479423722
   94.500000000  105.479454773
   95.000000000  105.479469940
   95.500000000  105.479472746
   96.000000000  105.479472873
   96.500000000  105.479472873
   97.000000000  105.479472873
   97.500000000  105.479472873
   98.000000000  105.479472873
   98.500000000  105.479472873
   99.000000000  105.479472873
   99.500000000  105.479472873
  100.000000000  105.479472873
