#! FIELDS coord1.mean projection
#! SET min_coord1.mean 0
#! SET max_coord1.mean 100
#! SET nbins_coord1.mean  201
#! SET periodic_coord1.mean false
    0.000000000   37.572038028
    0.500000000   36.687308239
    1.000000000   36.168711259
    1.500000000   36.146668690
    2.000000000   36.614344067
    2.500000000   37.220809486
    3.000000000   37.658305259
    3.500000000   37.945924005
    4.000000000   38.050612518
    4.500000000   37.890375923
    5.000000000   37.544244201
    5.500000000   37.160015372
    6.000000000   36.814103551
    6.500000000   36.464767172
    7.000000000   36.073824415
    7.500000000   35.713344183
    8.000000000   35.492619773
    8.500000000   35.479642882
    9.000000000   35.703310123
    9.500000000   36.173748760
   10.000000000   36.881312908
   10.500000000   37.762505640
   11.000000000   38.638081863
   11.500000000   39.217709552
   12.000000000   39.314278445
   12.500000000   39.002922194
   13.000000000   38.462041044
   13.500000000   37.850079042
   14.000000000   37.302734787
   14.500000000   36.928878230
   15.000000000   36.802245049
   15.500000000   36.964206860
   16.000000000   37.431254716
   16.500000000   38.194938371
   17.000000000   39.196712288
   17.500000000   40.251062769
   18.000000000   40.961421183
   18.500000000   40.957840301
   19.000000000   40.346838758
   19.500000000   39.454466531
   20.000000000   38.467208828
   20.500000000   37.457593529
   21.000000000   36.463078676
   21.500000000   35.523357617
   22.000000000   34.697128077
   22.500000000   34.065558731
   23.000000000   33.725066405
   23.500000000   33.775513818
   24.000000000   34.309034637
   24.500000000   35.400431550
   25.000000000   37.101569922
   25.500000000   39.432663391
   26.000000000   42.344129787
   26.500000000   45.166730352
   27.000000000   44.730861910
   27.500000000   41.757935232
   28.000000000   38.633112853
   28.500000000   35.659413051
   29.000000000   32.885261031
   29.500000000   30.349588948
   30.000000000   28.086744901
   30.500000000   26.136926353
   31.000000000   24.586987545
   31.500000000   23.600652239
   32.000000000   23.380332210
   32.500000000   24.094164909
   33.000000000   25.833881214
   33.500000000   28.606367311
   34.000000000   32.324470346
   34.500000000   36.728145721
   35.000000000   41.118193823
   35.500000000   44.558662046
   36.000000000   47.306935982
   36.500000000   50.007468083
   37.000000000   51.105854530
   37.500000000   47.578226050
   38.000000000   43.400633007
   38.500000000   39.910174937
   39.000000000   37.288701081
   39.500000000   35.630242568
   40.000000000   34.978481608
   40.500000000   35.273030817
   41.000000000   36.090314875
   41.500000000   36.195662090
   42.000000000   35.125793263
   42.500000000   33.944972411
   43.000000000   33.162201153
   43.500000000   32.857431566
   44.000000000   33.024202018
   44.500000000   33.640185097
   45.000000000   34.681146132
   45.500000000   36.126456314
   46.000000000   37.960149855
   46.500000000   40.167719055
   47.000000000   42.731205530
   47.500000000   45.625448055
   48.000000000   48.817314815
   48.500000000   52.262080079
   49.000000000   55.769018316
   49.500000000   56.678635911
   50.000000000   52.356925291
   50.500000000   47.321503149
   51.000000000   42.441724616
   51.500000000   37.828329227
   52.000000000   33.566209946
   52.500000000   29.735053075
   53.000000000   26.406920933
   53.500000000   23.643510125
   54.000000000   21.493857531
   54.500000000   19.992814367
   55.000000000   19.160447219
   55.500000000   19.002383430
   56.000000000   19.510975895
   56.500000000   20.667024362
   57.000000000   22.441763558
   57.500000000   24.798742926
   58.000000000   27.695065916
   58.500000000   31.069723327
   59.000000000   34.439437767
   59.500000000   33.740260275
   60.000000000   29.619392454
   60.500000000   25.611469449
   61.000000000   22.032055539
   61.500000000   18.917472947
   62.000000000   16.290685720
   62.500000000   14.168386295
   63.000000000   12.559476273
   63.500000000   11.461816944
   64.000000000   10.856585478
   64.500000000   10.703547675
   65.000000000   10.948216951
   65.500000000   11.548501403
   66.000000000   12.500478037
   66.500000000   13.810043193
   67.000000000   15.129677241
   67.500000000   14.316048013
   68.000000000   11.154322332
   68.500000000    8.037714953
   69.000000000    5.463707898
   69.500000000    3.416684775
   70.000000000    1.841182680
   70.500000000    0.721313837
   71.000000000    0.090784352
   71.500000000    0.000000000
   72.000000000    0.484045259
   72.500000000    1.553831815
   73.000000000    3.201454072
   73.500000000    5.408019278
   74.000000000    8.149548130
   74.500000000   11.400493665
   75.000000000   15.135377198
   75.500000000   19.328554015
   76.000000000   23.952137372
   76.500000000   28.972923424
   77.000000000   34.348822515
   77.500000000   40.025864759
   78.000000000   45.937171647
   78.500000000   52.002259107
   79.000000000   58.128983591
   79.500000000   64.217124247
   80.000000000   70.158383286
   80.500000000   75.850686812
   81.000000000   81.204116274
   81.500000000   86.149880046
   82.000000000   90.643840518
   82.500000000   94.644262404
   83.000000000   98.066167121
   83.500000000  100.732448320
   84.000000000  102.485242223
   84.500000000  103.428803758
   85.000000000  103.878788319
   85.500000000  104.089868424
   86.000000000  104.193795948
   86.500000000  104.248736512
   87.000000000  104.279818171
   87.500000000  104.298476336
   88.000000000  104.310201036
   88.500000000  104.317828827
   89.000000000  104.322927629
   89.500000000  104.326384577
   90.000000000  104.328754726
   90.500000000  104.330371557
   91.000000000  104.331497938
   91.500000000  104.332253283
   92.000000000  104.332763702
   92.500000000  104.333094800
   93.000000000  104.333308657
   93.500000000  104.333429552
   94.000000000  104.333490430
   94.500000000  104.333517696
   95.000000000  104.333529256
   95.500000000  104.333531386
   96.000000000  104.333531513
   96.500000000  104.333531513
   97.000000000  104.333531513
   97.500000000  104.333531513
   98.000000000  104.333531513
   98.500000000  104.333531513
   99.000000000  104.333531513
   99.500000000  104.333531513
  100.000000000  104.333531513
