#! FIELDS coord1.mean projection
#! SET min_coord1.mean 0
#! SET max_coord1.mean 100
#! SET nbins_coord1.mean  201
#! SET periodic_coord1.mean false
    0.000000000   37.677603622
    0.500000000   36.672685256
    1.000000000   36.061142053
    1.500000000   35.946918386
    2.000000000   36.299338800
    2.500000000   36.831677709
    3.000000000   37.241242891
    3.500000000   37.445555914
    4.000000000   37.419241462
    4.500000000   37.154638987
    5.000000000   36.746462216
    5.500000000   36.329297979
    6.000000000   35.962972180
    6.500000000   35.593249011
    7.000000000   35.170580197
    7.500000000   34.756529962
    8.000000000   34.462192668
    8.500000000   34.366953660
    9.000000000   34.508999671
    9.500000000   34.896030849
   10.000000000   35.498080673
   10.500000000   36.216007211
   11.000000000   36.855709174
   11.500000000   37.207497284
   12.000000000   37.221468661
   12.500000000   37.002329626
   13.000000000   36.655359143
   13.500000000   36.247243239
   14.000000000   35.845862527
   14.500000000   35.534779553
   15.000000000   35.396986552
   15.500000000   35.498403056
   16.000000000   35.882527369
   16.500000000   36.567604354
   17.000000000   37.527533314
   17.500000000   38.622612338
   18.000000000   39.471559278
   18.500000000   39.575709634
   19.000000000   38.932391792
   19.500000000   37.932202875
   20.000000000   36.821026399
   20.500000000   35.686900944
   21.000000000   34.572897054
   21.500000000   33.526046029
   22.000000000   32.611065436
   22.500000000   31.909634938
   23.000000000   31.512942589
   23.500000000   31.512159258
   24.000000000   31.989605223
   24.500000000   33.010701138
   25.000000000   34.619412913
   25.500000000   36.831384753
   26.000000000   39.616878995
   26.500000000   42.640104485
   27.000000000   43.468883928
   27.500000000   40.863237185
   28.000000000   37.705564159
   28.500000000   34.647040113
   29.000000000   31.758639952
   29.500000000   29.078367826
   30.000000000   26.641589871
   30.500000000   24.500809218
   31.000000000   22.764982762
   31.500000000   21.610519657
   32.000000000   21.231953575
   32.500000000   21.779985425
   33.000000000   23.332811047
   33.500000000   25.895166904
   34.000000000   29.405610969
   34.500000000   33.736701794
   35.000000000   38.654452724
   35.500000000   43.661473927
   36.000000000   47.942551392
   36.500000000   50.759581342
   37.000000000   49.244789783
   37.500000000   45.044439310
   38.000000000   41.111463731
   38.500000000   37.855066282
   39.000000000   35.404403458
   39.500000000   33.847698863
   40.000000000   33.234588220
   40.500000000   33.555923742
   41.000000000   34.651327480
   41.500000000   35.842335525
   42.000000000   35.908078754
   42.500000000   35.117163156
   43.000000000   34.443649349
   43.500000000   34.195446745
   44.000000000   34.413834892
   44.500000000   35.088446182
   45.000000000   36.198687708
   45.500000000   37.722549678
   46.000000000   39.638319846
   46.500000000   41.922662967
   47.000000000   44.547229377
   47.500000000   47.476071847
   48.000000000   50.665083345
   48.500000000   54.054695739
   49.000000000   57.352056208
   49.500000000   57.646066137
   50.000000000   53.507901782
   50.500000000   48.795618966
   51.000000000   44.186483423
   51.500000000   39.792183485
   52.000000000   35.702197573
   52.500000000   32.001755496
   53.000000000   28.768936261
   53.500000000   26.071416587
   54.000000000   23.963709198
   54.500000000   22.485211225
   55.000000000   21.659216484
   55.500000000   21.492928502
   56.000000000   21.978408208
   56.500000000   23.094250322
   57.000000000   24.807733818
   57.500000000   27.077062401
   58.000000000   29.853153867
   58.500000000   33.071887470
   59.000000000   36.389784974
   59.500000000   36.515570060
   60.000000000   32.653530592
   60.500000000   28.645852580
   61.000000000   25.011951331
   61.500000000   21.807380841
   62.000000000   19.063481371
   62.500000000   16.802494542
   63.000000000   15.036457750
   63.500000000   13.763953960
   64.000000000   12.965260873
   64.500000000   12.601094254
   65.000000000   12.625762707
   65.500000000   13.015373873
   66.000000000   13.785403941
   66.500000000   14.966280113
   67.000000000   16.402844375
   67.500000000   16.456674034
   68.000000000   13.533132939
   68.500000000   10.137828128
   69.000000000    7.183832631
   69.500000000    4.723864030
   70.000000000    2.745645716
   70.500000000    1.267699400
   71.000000000    0.336764065
   71.500000000    0.000000000
   72.000000000    0.285163720
   72.500000000    1.197199699
   73.000000000    2.723209364
   73.500000000    4.838549207
   74.000000000    7.511556090
   74.500000000   10.706706231
   75.000000000   14.386600816
   75.500000000   18.512601441
   76.000000000   23.044184720
   76.500000000   27.936776164
   77.000000000   33.139171210
   77.500000000   38.590596308
   78.000000000   44.218511488
   78.500000000   49.937634617
   79.000000000   55.650993809
   79.500000000   61.256633491
   80.000000000   66.654119046
   80.500000000   71.763615337
   81.000000000   76.531247763
   81.500000000   80.924871951
   82.000000000   84.919177690
   82.500000000   88.459503658
   83.000000000   91.417043812
   83.500000000   93.593979432
   84.000000000   94.919945870
   84.500000000   95.599223346
   85.000000000   95.922309951
   85.500000000   96.077991946
   86.000000000   96.157430200
   86.500000000   96.200869955
   87.000000000   96.226158241
   87.500000000   96.241696611
   88.000000000   96.251632258
   88.500000000   96.258183874
   89.000000000   96.262606733
   89.500000000   96.265623437
   90.000000000   96.267704544
   90.500000000   96.269127141
   91.000000000   96.270120244
   91.500000000   96.270786049
   92.000000000   96.271234877
   92.500000000   96.271523987
   93.000000000   96.271711828
   93.500000000   96.271817584
   94.000000000   96.271870544
   94.500000000   96.271894779
   95.000000000   96.271904587
   95.500000000   96.271905796
   96.000000000   96.271905796
   96.500000000   96.271905796
   97.000000000   96.271905796
   97.500000000   96.271905796
   98.000000000   96.271905796
   98.500000000   96.271905796
   99.000000000   96.271905796
   99.500000000   96.271905796
  100.000000000   96.271905796
