#! FIELDS coord1.mean projection
#! SET min_coord1.mean 0
#! SET max_coord1.mean 100
#! SET nbins_coord1.mean  201
#! SET periodic_coord1.mean false
    0.000000000   36.443855671
    0.500000000   35.511525361
    1.000000000   34.972730094
    1.500000000   34.925488006
    2.000000000   35.324970450
    2.500000000   35.841002502
    3.000000000   36.208862575
    3.500000000   36.437762341
    4.000000000   36.495221357
    4.500000000   36.324294097
    5.000000000   35.993230910
    5.500000000   35.613963060
    6.000000000   35.242706198
    6.500000000   34.846543406
    7.000000000   34.403648712
    7.500000000   33.990019962
    8.000000000   33.715011307
    8.500000000   33.651926154
    9.000000000   33.835579138
    9.500000000   34.273443618
   10.000000000   34.936734385
   10.500000000   35.725902593
   11.000000000   36.439233424
   11.500000000   36.849570075
   12.000000000   36.893309930
   12.500000000   36.675712173
   13.000000000   36.310737350
   13.500000000   35.879661022
   14.000000000   35.467346264
   14.500000000   35.168327264
   15.000000000   35.066757438
   15.500000000   35.222197376
   16.000000000   35.667035357
   16.500000000   36.402751624
   17.000000000   37.373597239
   17.500000000   38.388261400
   18.000000000   39.038641903
   18.500000000   38.960552258
   19.000000000   38.284356260
   19.500000000   37.342932604
   20.000000000   36.317625412
   20.500000000   35.276189098
   21.000000000   34.254457842
   21.500000000   33.292819457
   22.000000000   32.450524544
   22.500000000   31.807419512
   23.000000000   31.456793701
   23.500000000   31.494501766
   24.000000000   32.008574966
   24.500000000   33.070096629
   25.000000000   34.727791321
   25.500000000   36.999244485
   26.000000000   39.831447471
   26.500000000   42.550516685
   27.000000000   42.094851299
   27.500000000   39.170519758
   28.000000000   36.099901793
   28.500000000   33.192221223
   29.000000000   30.495017101
   29.500000000   28.042664712
   30.000000000   25.860172706
   30.500000000   23.970814404
   31.000000000   22.442364938
   31.500000000   21.432040637
   32.000000000   21.151041179
   32.500000000   21.779579800
   33.000000000   23.417513167
   33.500000000   26.078080303
   34.000000000   29.690068356
   34.500000000   34.064121885
   35.000000000   38.729950646
   35.500000000   42.809717271
   36.000000000   45.995480086
   36.500000000   48.808554384
   37.000000000   49.613964733
   37.500000000   46.075970184
   38.000000000   42.081814925
   38.500000000   38.745213781
   39.000000000   36.233413152
   39.500000000   34.634792862
   40.000000000   33.987205448
   40.500000000   34.222807109
   41.000000000   34.926285319
   41.500000000   34.977453908
   42.000000000   33.955151154
   42.500000000   32.806552707
   43.000000000   32.032029375
   43.500000000   31.726385512
   44.000000000   31.892807453
   44.500000000   32.515676886
   45.000000000   33.574487460
   45.500000000   35.048221200
   46.000000000   36.916322486
   46.500000000   39.157056255
   47.000000000   41.744715066
   47.500000000   44.647460875
   48.000000000   47.826972418
   48.500000000   51.234977188
   49.000000000   54.690912778
   49.500000000   55.831865365
   50.000000000   51.815525905
   50.500000000   46.923917224
   51.000000000   42.151592594
   51.500000000   37.619353624
   52.000000000   33.414712380
   52.500000000   29.620159985
   53.000000000   26.310775269
   53.500000000   23.551276065
   54.000000000   21.393544556
   54.500000000   19.874952026
   55.000000000   19.017622816
   55.500000000   18.828644625
   56.000000000   19.301113433
   56.500000000   20.415771806
   57.000000000   22.142983136
   57.500000000   24.444684119
   58.000000000   27.275814908
   58.500000000   30.575812112
   59.000000000   33.970095364
   59.500000000   33.867151887
   60.000000000   29.893129604
   60.500000000   25.883665477
   61.000000000   22.277117527
   61.500000000   19.118794602
   62.000000000   16.435524975
   62.500000000   14.247325210
   63.000000000   12.566303495
   63.500000000   11.394022142
   64.000000000   10.716834583
   64.500000000   10.500659300
   65.000000000   10.694099012
   65.500000000   11.251051246
   66.000000000   12.161579945
   66.500000000   13.448606934
   67.000000000   15.002559453
   67.500000000   15.393763396
   68.000000000   12.735863339
   68.500000000    9.452921455
   69.000000000    6.629079164
   69.500000000    4.328826571
   70.000000000    2.512900313
   70.500000000    1.164563321
   71.000000000    0.310617925
   71.500000000    0.000000000
   72.000000000    0.273580805
   72.500000000    1.150857221
   73.000000000    2.631532821
   73.500000000    4.701628867
   74.000000000    7.338657963
   74.500000000   10.514707431
   75.000000000   14.197952606
   75.500000000   18.352888935
   76.000000000   22.939754620
   76.500000000   27.913002635
   77.000000000   33.219828828
   77.500000000   38.798066149
   78.000000000   44.574893725
   78.500000000   50.466017272
   79.000000000   56.375340489
   79.500000000   62.200651684
   80.000000000   67.835058541
   80.500000000   73.185875045
   81.000000000   78.183676785
   81.500000000   82.785470635
   82.000000000   86.965893637
   82.500000000   90.683597239
   83.000000000   93.834132048
   83.500000000   96.226930279
   84.000000000   97.743556977
   84.500000000   98.540726527
   85.000000000   98.920966173
   85.500000000   99.102114002
   86.000000000   99.193086873
   86.500000000   99.242064016
   87.000000000   99.270198093
   87.500000000   99.287296099
   88.000000000   99.298138895
   88.500000000   99.305242996
   89.000000000   99.310016259
   89.500000000   99.313264845
   90.000000000   99.315497976
   90.500000000   99.317024285
   91.000000000   99.318089103
   91.500000000   99.318801842
   92.000000000   99.319283644
   92.500000000   99.319595988
   93.000000000   99.319798026
   93.500000000   99.319911777
   94.000000000   99.319970318
   94.500000000   99.319996862
   95.000000000   99.320008249
   95.500000000   99.320010309
   96.000000000   99.320010309
   96.500000000   99.320010309
   97.000000000   99.320010309
   97.500000000   99.320010309
   98.000000000   99.320010309
   98.500000000   99.320010309
   99.000000000   99.320010309
   99.500000000   99.320010309
  100.000000000   99.320010309
