#! FIELDS coord1.mean projection
#! SET min_coord1.mean 0
#! SET max_coord1.mean 100
#! SET nbins_coord1.mean  201
#! SET periodic_coord1.mean false
    0.000000000   35.451079581
    0.500000000   34.371966379
    1.000000000   33.708739979
    1.500000000   33.721291014
    2.000000000   34.389274978
    2.500000000   35.134311737
    3.000000000   35.508906370
    3.500000000   35.730347992
    4.000000000   35.823288171
    4.500000000   35.624162760
    5.000000000   35.194996439
    5.500000000   34.715831838
    6.000000000   34.297209604
    6.500000000   33.888053191
    7.000000000   33.410390782
    7.500000000   32.928372303
    8.000000000   32.570881270
    8.500000000   32.423745948
    9.000000000   32.531293457
    9.500000000   32.924602583
   10.000000000   33.626268809
   10.500000000   34.616849082
   11.000000000   35.740891216
   11.500000000   36.608139867
   12.000000000   36.839115819
   12.500000000   36.516845246
   13.000000000   35.935847651
   13.500000000   35.284473745
   14.000000000   34.680040842
   14.500000000   34.217992564
   15.000000000   33.972492506
   15.500000000   33.992841267
   16.000000000   34.309427402
   16.500000000   34.942088886
   17.000000000   35.894416947
   17.500000000   37.102531087
   18.000000000   38.289663254
   18.500000000   38.875137139
   19.000000000   38.558534037
   19.500000000   37.705135672
   20.000000000   36.658365573
   20.500000000   35.538185945
   21.000000000   34.385367160
   21.500000000   33.238615064
   22.000000000   32.162411941
   22.500000000   31.252794252
   23.000000000   30.627575539
   23.500000000   30.410492785
   24.000000000   30.717051353
   24.500000000   31.643304268
   25.000000000   33.259267585
   25.500000000   35.600400983
   26.000000000   38.641158192
   26.500000000   41.832119479
   27.000000000   41.682606739
   27.500000000   38.517558688
   28.000000000   35.193165686
   28.500000000   32.043375593
   29.000000000   29.121023947
   29.500000000   26.470891288
   30.000000000   24.129655184
   30.500000000   22.134101614
   31.000000000   20.568363153
   31.500000000   19.606329054
   32.000000000   19.472029091
   32.500000000   20.353450279
   33.000000000   22.353519674
   33.500000000   25.482277499
   34.000000000   29.645936492
   34.500000000   34.522472976
   35.000000000   39.087278942
   35.500000000   42.219312718
   36.000000000   44.762934159
   36.500000000   47.511437909
   37.000000000   49.308602315
   37.500000000   45.818980264
   38.000000000   41.138237693
   38.500000000   37.210879555
   39.000000000   34.248806878
   39.500000000   32.358351847
   40.000000000   31.599883225
   40.500000000   31.964876984
   41.000000000   33.242584154
   41.500000000   34.418617492
   42.000000000   33.985058932
   42.500000000   32.837799222
   43.000000000   31.978834953
   43.500000000   31.592469771
   44.000000000   31.683922291
   44.500000000   32.232636467
   45.000000000   33.214726861
   45.500000000   34.609443350
   46.000000000   36.401163721
   46.500000000   38.577179666
   47.000000000   41.123495909
   47.500000000   44.020841511
   48.000000000   47.243314249
   48.500000000   50.756376003
   49.000000000   54.459300825
   49.500000000   56.505153184
   50.000000000   52.494670235
   50.500000000   47.212609129
   51.000000000   42.104700668
   51.500000000   37.294397431
   52.000000000   32.862417176
   52.500000000   28.883042077
   53.000000000   25.422402739
   53.500000000   22.536188684
   54.000000000   20.267761079
   54.500000000   18.646994792
   55.000000000   17.690043996
   55.500000000   17.400065493
   56.000000000   17.768768343
   56.500000000   18.778465754
   57.000000000   20.404263531
   57.500000000   22.615946441
   58.000000000   25.379200284
   58.500000000   28.649417645
   59.000000000   32.132259983
   59.500000000   32.321465814
   60.000000000   28.258005231
   60.500000000   24.162716035
   61.000000000   20.520893920
   61.500000000   17.365793882
   62.000000000   14.711850229
   62.500000000   12.567497787
   63.000000000   10.934819327
   63.500000000    9.806524316
   64.000000000    9.159627544
   64.500000000    8.950711906
   65.000000000    9.125155706
   65.500000000    9.645403682
   66.000000000   10.514278349
   66.500000000   11.753280713
   67.000000000   13.172123670
   67.500000000   13.093493449
   68.000000000   10.358611504
   68.500000000    7.375530844
   69.000000000    4.934216497
   69.500000000    3.049157684
   70.000000000    1.644389807
   70.500000000    0.662710397
   71.000000000    0.101725051
   71.500000000    0.000000000
   72.000000000    0.400138964
   72.500000000    1.327763999
   73.000000000    2.790947274
   73.500000000    4.787137999
   74.000000000    7.309303762
   74.500000000   10.349187846
   75.000000000   13.898067436
   75.500000000   17.945555885
   76.000000000   22.476778300
   76.500000000   27.469033262
   77.000000000   32.888030463
   77.500000000   38.684637402
   78.000000000   44.792550791
   78.500000000   51.126596864
   79.000000000   57.580488235
   79.500000000   64.029695539
   80.000000000   70.335042690
   80.500000000   76.371954429
   81.000000000   82.054350493
   81.500000000   87.345338648
   82.000000000   92.240139279
   82.500000000   96.735903155
   83.000000000  100.809383357
   83.500000000  104.382448468
   84.000000000  107.281681705
   84.500000000  109.287333490
   85.000000000  110.411242044
   85.500000000  110.949605170
   86.000000000  111.197199002
   86.500000000  111.315991370
   87.000000000  111.377129215
   87.500000000  111.411002078
   88.000000000  111.430979757
   88.500000000  111.443373224
   89.000000000  111.451371329
   89.500000000  111.456665826
   90.000000000  111.460236850
   90.500000000  111.462656779
   91.000000000  111.464330980
   91.500000000  111.465461357
   92.000000000  111.466230868
   92.500000000  111.466739168
   93.000000000  111.467072866
   93.500000000  111.467269754
   94.000000000  111.467383284
   94.500000000  111.467438826
   95.000000000  111.467469761
   95.500000000  111.467477495
   96.000000000  111.467478659
   96.500000000  111.467478714
   97.000000000  111.467478714
   97.500000000  111.467478714
   98.000000000  111.467478714
   98.500000000  111.467478714
   99.000000000  111.467478714
   99.500000000  111.467478714
  100.000000000  111.467478714
