#! FIELDS dist1 projection
#! SET min_dist1 0
#! SET max_dist1 5
#! SET nbins_dist1  101
#! SET periodic_dist1 false
    0.000000000   50.699379855
    0.050000000   16.318542529
    0.100000000    8.673416078
    0.150000000    0.000000000
    0.200000000    3.432270076
    0.250000000    5.121785895
    0.300000000    6.011950862
    0.350000000    8.725660857
    0.400000000   11.267940708
    0.450000000   15.514664880
    0.500000000   16.387907069
    0.550000000   20.159449606
    0.600000000   19.722604545
    0.650000000   24.934518883
    0.700000000   30.567245784
    0.750000000   32.460703181
    0.800000000   31.703694760
    0.850000000   32.465641903
    0.900000000   21.180139330
    0.950000000   27.719766639
    1.000000000   21.306775575
    1.050000000   26.813981914
    1.100000000   28.562772694
    1.150000000   33.632533841
    1.200000000   33.464981807
    1.250000000   36.976073539
    1.300000000   35.906618110
    1.350000000   36.675819041
    1.400000000   35.697334420
    1.450000000   35.483838908
    1.500000000   33.617287468
    1.550000000   34.022128232
    1.600000000   33.214536637
    1.650000000   32.173084689
    1.700000000   33.705196093
    1.750000000   35.018466294
    1.800000000   36.231084250
    1.850000000   38.416132033
    1.900000000   41.353372308
    1.950000000   44.012681312
    2.000000000   45.301552358
    2.050000000   45.321877822
    2.100000000   44.127107065
    2.150000000   42.356193147
    2.200000000   40.943539322
    2.250000000   40.206404999
    2.300000000   40.886202344
    2.350000000   43.311971576
    2.400000000   44.751593752
    2.450000000   44.227160112
    2.500000000   43.723189180
    2.550000000   44.014151829
    2.600000000   44.308613489
    2.650000000   44.316241801
    2.700000000   44.151232658
    2.750000000   43.984486779
    2.800000000   44.030120061
    2.850000000   44.179336672
    2.900000000   44.129123328
    2.950000000   44.400659657
    3.000000000   44.287787316
    3.050000000   44.530210524
    3.100000000   44.587319603
    3.150000000   44.580339540
    3.200000000   44.828586254
    3.250000000   44.776751592
    3.300000000   44.897873034
    3.350000000   45.136269716
    3.400000000   45.312456910
    3.450000000   45.587667962
    3.500000000   45.821639942
    3.550000000   46.319082153
    3.600000000   46.822471024
    3.650000000   47.490198983
    3.700000000   48.007951830
    3.750000000   48.863384541
    3.800000000   50.076316693
    3.850000000   51.887229445
    3.900000000   53.646614292
    3.950000000   56.442728591
    4.000000000   60.502158520
    4.050000000   65.469844223
    4.100000000   71.800857810
    4.150000000   79.958375681
    4.200000000   90.609124187
    4.250000000  102.065659853
    4.300000000  118.597667694
    4.350000000  130.806263441
    4.400000000  131.289481807
    4.450000000  131.304608682
    4.500000000  131.305416583
    4.550000000  131.305426037
    4.600000000  131.305426037
    4.650000000  131.305426037
    4.700000000  131.305426037
    4.750000000  131.305426037
    4.800000000  131.305426037
    4.850000000  131.305426037
    4.900000000  131.305426037
    4.950000000  131.305426037
    5.000000000  131.305426037
