#! FIELDS dist1 projection
#! SET min_dist1 0
#! SET max_dist1 5
#! SET nbins_dist1  101
#! SET periodic_dist1 false
    0.000000000   49.728727704
    0.050000000   19.839114029
    0.100000000   11.361285012
    0.150000000    0.000000000
    0.200000000    1.058923099
    0.250000000    3.858571992
    0.300000000    4.339806554
    0.350000000    7.923736015
    0.400000000   10.443831239
    0.450000000   15.345499803
    0.500000000   15.798345126
    0.550000000   19.660637544
    0.600000000   18.870384441
    0.650000000   24.164371734
    0.700000000   29.619460335
    0.750000000   31.539752488
    0.800000000   30.933803980
    0.850000000   30.962835861
    0.900000000   20.541671991
    0.950000000   26.331972533
    1.000000000   19.855076038
    1.050000000   24.531584760
    1.100000000   26.308692832
    1.150000000   30.097874564
    1.200000000   31.279342117
    1.250000000   34.152363259
    1.300000000   33.965901836
    1.350000000   34.813670301
    1.400000000   34.158867784
    1.450000000   34.647499170
    1.500000000   33.368702621
    1.550000000   33.740452880
    1.600000000   33.079306065
    1.650000000   33.137913326
    1.700000000   34.512495565
    1.750000000   35.792287082
    1.800000000   37.014888155
    1.850000000   38.585420619
    1.900000000   40.361848903
    1.950000000   42.037470198
    2.000000000   42.814189298
    2.050000000   42.747340792
    2.100000000   42.005392365
    2.150000000   40.928724480
    2.200000000   40.423654042
    2.250000000   40.309982425
    2.300000000   40.977395497
    2.350000000   43.041867073
    2.400000000   42.987078913
    2.450000000   42.500818688
    2.500000000   42.828488543
    2.550000000   42.663500892
    2.600000000   42.794544058
    2.650000000   42.835002413
    2.700000000   42.889086935
    2.750000000   42.644757806
    2.800000000   42.445429529
    2.850000000   42.665956123
    2.900000000   42.705856268
    2.950000000   42.715333495
    3.000000000   42.667135616
    3.050000000   43.018934491
    3.100000000   43.103443674
    3.150000000   43.093538468
    3.200000000   43.490166067
    3.250000000   43.421320841
    3.300000000   43.370769726
    3.350000000   43.631051189
    3.400000000   43.926881377
    3.450000000   43.949527707
    3.500000000   44.384923211
    3.550000000   44.863931732
    3.600000000   45.103797887
    3.650000000   45.797136431
    3.700000000   46.162567994
    3.750000000   47.062025585
    3.800000000   48.335086152
    3.850000000   50.008064956
    3.900000000   52.032237914
    3.950000000   55.162216445
    4.000000000   58.485526482
    4.050000000   63.567060298
    4.100000000   70.014419390
    4.150000000   78.076869886
    4.200000000   88.119502612
    4.250000000  101.069925024
    4.300000000  106.798911724
    4.350000000  106.927441234
    4.400000000  106.933231405
    4.450000000  106.933437683
    4.500000000  106.933437683
    4.550000000  106.933437683
    4.600000000  106.933437683
    4.650000000  106.933437683
    4.700000000  106.933437683
    4.750000000  106.933437683
    4.800000000  106.933437683
    4.850000000  106.933437683
    4.900000000  106.933437683
    4.950000000  106.933437683
    5.000000000  106.933437683
