#! FIELDS dist1 projection
#! SET min_dist1 0
#! SET max_dist1 5
#! SET nbins_dist1  101
#! SET periodic_dist1 false
    0.000000000   50.889133535
    0.050000000   18.045507817
    0.100000000    9.947098869
    0.150000000    0.000000000
    0.200000000    2.838377194
    0.250000000    5.468054287
    0.300000000    6.167495998
    0.350000000    9.194403301
    0.400000000   11.858917771
    0.450000000   16.291129158
    0.500000000   16.950442262
    0.550000000   21.144385615
    0.600000000   21.105797325
    0.650000000   26.603374564
    0.700000000   32.464760533
    0.750000000   34.214082498
    0.800000000   33.864258813
    0.850000000   33.992697784
    0.900000000   24.305333787
    0.950000000   30.343280941
    1.000000000   23.758951468
    1.050000000   28.536235758
    1.100000000   30.173641826
    1.150000000   34.485125901
    1.200000000   35.056215678
    1.250000000   38.414446322
    1.300000000   37.908780317
    1.350000000   38.811334238
    1.400000000   38.092268455
    1.450000000   38.155799209
    1.500000000   36.775366372
    1.550000000   37.411496132
    1.600000000   36.548422211
    1.650000000   36.167958146
    1.700000000   37.805312833
    1.750000000   38.964059013
    1.800000000   40.072927006
    1.850000000   41.634383961
    1.900000000   43.859152251
    1.950000000   46.135790165
    2.000000000   46.985643358
    2.050000000   46.568673430
    2.100000000   45.372135863
    2.150000000   44.111239072
    2.200000000   43.292001023
    2.250000000   43.020079238
    2.300000000   43.910596896
    2.350000000   46.305584608
    2.400000000   46.973109048
    2.450000000   46.351705494
    2.500000000   46.443058870
    2.550000000   46.745839502
    2.600000000   46.808006989
    2.650000000   46.744085693
    2.700000000   46.837147564
    2.750000000   46.962116472
    2.800000000   47.033021115
    2.850000000   47.286457680
    2.900000000   47.427735475
    2.950000000   47.641793053
    3.000000000   47.512796638
    3.050000000   47.790355995
    3.100000000   47.792053880
    3.150000000   47.769365315
    3.200000000   48.150453928
    3.250000000   48.222199295
    3.300000000   48.630385908
    3.350000000   48.903010405
    3.400000000   48.906058634
    3.450000000   49.242951424
    3.500000000   49.847489083
    3.550000000   50.322869222
    3.600000000   50.471548418
    3.650000000   51.129282212
    3.700000000   51.644857765
    3.750000000   52.404378851
    3.800000000   53.750354523
    3.850000000   55.548257812
    3.900000000   57.366538667
    3.950000000   60.230520660
    4.000000000   63.988128879
    4.050000000   69.175571659
    4.100000000   75.541063681
    4.150000000   83.900868415
    4.200000000   94.561118592
    4.250000000  106.967469807
    4.300000000  120.670130452
    4.350000000  121.909411066
    4.400000000  121.934173969
    4.450000000  121.935587575
    4.500000000  121.935617506
    4.550000000  121.935617506
    4.600000000  121.935617506
    4.650000000  121.935617506
    4.700000000  121.935617506
    4.750000000  121.935617506
    4.800000000  121.935617506
    4.850000000  121.935617506
    4.900000000  121.935617506
    4.950000000  121.935617506
    5.000000000  121.935617506
