#! FIELDS dist1 projection
#! SET min_dist1 0
#! SET max_dist1 5
#! SET nbins_dist1  101
#! SET periodic_dist1 false
    0.000000000   49.055671916
    0.050000000   17.986466254
    0.100000000   10.839147384
    0.150000000    0.000000000
    0.200000000    1.762495797
    0.250000000    4.590712655
    0.300000000    5.147666025
    0.350000000    8.111762389
    0.400000000   10.557386668
    0.450000000   14.886232512
    0.500000000   15.194469510
    0.550000000   19.302249516
    0.600000000   19.078170429
    0.650000000   24.248092915
    0.700000000   29.927497216
    0.750000000   31.917858070
    0.800000000   31.698467373
    0.850000000   32.243201384
    0.900000000   22.450102649
    0.950000000   28.714904509
    1.000000000   22.205165509
    1.050000000   26.955122185
    1.100000000   28.519778590
    1.150000000   32.281274082
    1.200000000   33.000621760
    1.250000000   35.974960562
    1.300000000   35.589762150
    1.350000000   36.466623719
    1.400000000   35.671849512
    1.450000000   35.774609487
    1.500000000   34.394987318
    1.550000000   34.900300450
    1.600000000   34.055644053
    1.650000000   33.837096758
    1.700000000   35.464740619
    1.750000000   36.903882286
    1.800000000   38.103082377
    1.850000000   39.540636997
    1.900000000   41.378340357
    1.950000000   43.198325307
    2.000000000   43.937030027
    2.050000000   43.578825856
    2.100000000   42.377121490
    2.150000000   40.963446350
    2.200000000   40.054985718
    2.250000000   39.676356841
    2.300000000   40.437289815
    2.350000000   42.595462671
    2.400000000   42.857486216
    2.450000000   42.219013699
    2.500000000   42.346451514
    2.550000000   42.464698132
    2.600000000   42.421454996
    2.650000000   42.375166951
    2.700000000   42.561399127
    2.750000000   42.652321901
    2.800000000   42.584372244
    2.850000000   42.640364570
    2.900000000   42.708178941
    2.950000000   42.945751323
    3.000000000   42.837445444
    3.050000000   43.055004248
    3.100000000   43.056851149
    3.150000000   43.027435087
    3.200000000   43.311101646
    3.250000000   43.142970545
    3.300000000   43.294081700
    3.350000000   43.307559885
    3.400000000   43.175815973
    3.450000000   43.275221833
    3.500000000   43.639129864
    3.550000000   43.942839276
    3.600000000   43.950557702
    3.650000000   44.525146478
    3.700000000   44.976891523
    3.750000000   45.733477371
    3.800000000   47.039404635
    3.850000000   48.838632335
    3.900000000   50.713797644
    3.950000000   53.626559393
    4.000000000   57.400142545
    4.050000000   62.706353113
    4.100000000   69.198675070
    4.150000000   77.565434308
    4.200000000   88.057605752
    4.250000000  100.697145226
    4.300000000  113.534292962
    4.350000000  114.439102253
    4.400000000  114.459349124
    4.450000000  114.460475823
    4.500000000  114.460497307
    4.550000000  114.460497307
    4.600000000  114.460497307
    4.650000000  114.460497307
    4.700000000  114.460497307
    4.750000000  114.460497307
    4.800000000  114.460497307
    4.850000000  114.460497307
    4.900000000  114.460497307
    4.950000000  114.460497307
    5.000000000  114.460497307
