#! FIELDS dist1 projection
#! SET min_dist1 0
#! SET max_dist1 5
#! SET nbins_dist1  101
#! SET periodic_dist1 false
    0.000000000   49.589655184
    0.050000000   19.712919755
    0.100000000   11.317488173
    0.150000000    0.000000000
    0.200000000    1.040868467
    0.250000000    3.989895149
    0.300000000    4.452470447
    0.350000000    8.006620419
    0.400000000   10.703853684
    0.450000000   15.471025159
    0.500000000   15.936483525
    0.550000000   19.688243429
    0.600000000   18.897814767
    0.650000000   24.179508863
    0.700000000   29.610496835
    0.750000000   31.542441274
    0.800000000   30.997967516
    0.850000000   31.115743586
    0.900000000   20.901800163
    0.950000000   26.717704361
    1.000000000   20.363767031
    1.050000000   24.795871893
    1.100000000   26.671033694
    1.150000000   30.485727642
    1.200000000   31.693302851
    1.250000000   34.510633694
    1.300000000   34.424007474
    1.350000000   35.241988112
    1.400000000   34.687185218
    1.450000000   35.219353537
    1.500000000   34.004514495
    1.550000000   34.446661289
    1.600000000   33.852230699
    1.650000000   34.011351085
    1.700000000   35.513260386
    1.750000000   36.691189429
    1.800000000   37.672531238
    1.850000000   39.058442060
    1.900000000   40.757619093
    1.950000000   42.421427365
    2.000000000   43.217508626
    2.050000000   43.315953587
    2.100000000   42.745540824
    2.150000000   41.608619755
    2.200000000   40.891400396
    2.250000000   40.686951885
    2.300000000   41.350478078
    2.350000000   43.381448197
    2.400000000   43.239094313
    2.450000000   42.714362715
    2.500000000   43.002910934
    2.550000000   42.806829661
    2.600000000   42.970615487
    2.650000000   43.075211824
    2.700000000   43.254924265
    2.750000000   43.058078315
    2.800000000   42.787312832
    2.850000000   42.995698853
    2.900000000   43.178800828
    2.950000000   43.283688310
    3.000000000   43.195904551
    3.050000000   43.525636293
    3.100000000   43.636908269
    3.150000000   43.529683451
    3.200000000   43.845531335
    3.250000000   43.845480050
    3.300000000   43.802277334
    3.350000000   43.981090501
    3.400000000   44.164546652
    3.450000000   44.205746243
    3.500000000   44.837860731
    3.550000000   45.399883586
    3.600000000   45.532206853
    3.650000000   46.364431544
    3.700000000   46.788892898
    3.750000000   47.623918163
    3.800000000   48.871632433
    3.850000000   50.430641261
    3.900000000   52.312284559
    3.950000000   55.455093291
    4.000000000   58.917456191
    4.050000000   63.938560512
    4.100000000   70.269352984
    4.150000000   78.297830013
    4.200000000   88.231665613
    4.250000000  101.186244405
    4.300000000  106.667998609
    4.350000000  106.787250086
    4.400000000  106.792800578
    4.450000000  106.792999960
    4.500000000  106.792999960
    4.550000000  106.792999960
    4.600000000  106.792999960
    4.650000000  106.792999960
    4.700000000  106.792999960
    4.750000000  106.792999960
    4.800000000  106.792999960
    4.850000000  106.792999960
    4.900000000  106.792999960
    4.950000000  106.792999960
    5.000000000  106.792999960
