#! FIELDS dist1 projection
#! SET min_dist1 0
#! SET max_dist1 5
#! SET nbins_dist1  101
#! SET periodic_dist1 false
    0.000000000   50.494250975
    0.050000000   17.706301356
    0.100000000   10.016928431
    0.150000000    0.000000000
    0.200000000    2.542900366
    0.250000000    5.230386514
    0.300000000    5.952876391
    0.350000000    9.021216284
    0.400000000   11.788788323
    0.450000000   16.117465784
    0.500000000   16.527576546
    0.550000000   20.810903916
    0.600000000   20.965437552
    0.650000000   26.919825992
    0.700000000   33.015820687
    0.750000000   34.856490251
    0.800000000   34.273556489
    0.850000000   34.719223295
    0.900000000   24.214112935
    0.950000000   30.502981110
    1.000000000   23.715808495
    1.050000000   28.950313839
    1.100000000   30.448578619
    1.150000000   34.784063737
    1.200000000   35.412815638
    1.250000000   38.966046654
    1.300000000   38.419168501
    1.350000000   39.571692691
    1.400000000   38.800563609
    1.450000000   38.918879586
    1.500000000   37.399462118
    1.550000000   38.124488130
    1.600000000   37.626266231
    1.650000000   37.400951279
    1.700000000   38.939038111
    1.750000000   40.057174439
    1.800000000   41.137437678
    1.850000000   42.708250306
    1.900000000   44.781693006
    1.950000000   46.891189960
    2.000000000   47.777877502
    2.050000000   47.507567329
    2.100000000   46.294696113
    2.150000000   44.973236804
    2.200000000   44.198870380
    2.250000000   43.841002014
    2.300000000   44.597721026
    2.350000000   46.731534234
    2.400000000   46.966450883
    2.450000000   46.219803369
    2.500000000   46.286596349
    2.550000000   46.430426469
    2.600000000   46.387917546
    2.650000000   46.411999361
    2.700000000   46.651939169
    2.750000000   46.866676326
    2.800000000   46.972171505
    2.850000000   47.176626304
    2.900000000   47.328884014
    2.950000000   47.602181574
    3.000000000   47.432270792
    3.050000000   47.716517569
    3.100000000   47.872471495
    3.150000000   48.040340325
    3.200000000   48.414154877
    3.250000000   48.263489031
    3.300000000   48.470787736
    3.350000000   48.532272949
    3.400000000   48.398762941
    3.450000000   48.526946761
    3.500000000   48.951712908
    3.550000000   49.321398993
    3.600000000   49.383265475
    3.650000000   50.018776488
    3.700000000   50.551029144
    3.750000000   51.377489058
    3.800000000   52.759437930
    3.850000000   54.553053418
    3.900000000   56.405115320
    3.950000000   59.351795939
    4.000000000   63.174712970
    4.050000000   68.488728509
    4.100000000   75.071733232
    4.150000000   83.513820467
    4.200000000   94.017418264
    4.250000000  106.657325108
    4.300000000  119.494472843
    4.350000000  120.399282135
    4.400000000  120.419529006
    4.450000000  120.420655705
    4.500000000  120.420677188
    4.550000000  120.420677188
    4.600000000  120.420677188
    4.650000000  120.420677188
    4.700000000  120.420677188
    4.750000000  120.420677188
    4.800000000  120.420677188
    4.850000000  120.420677188
    4.900000000  120.420677188
    4.950000000  120.420677188
    5.000000000  120.420677188
