#! FIELDS dist1 projection
#! SET min_dist1 0
#! SET max_dist1 5
#! SET nbins_dist1  101
#! SET periodic_dist1 false
    0.000000000   43.970729601
    0.050000000   21.428261131
    0.100000000   13.798912124
    0.150000000    2.145665369
    0.200000000    0.000000000
    0.250000000    3.019964719
    0.300000000    3.251220874
    0.350000000    8.067887861
    0.400000000   12.032892862
    0.450000000   17.061289989
    0.500000000   17.210149894
    0.550000000   19.813456344
    0.600000000   20.525797781
    0.650000000   25.020586001
    0.700000000   29.931892457
    0.750000000   32.539001792
    0.800000000   32.606044412
    0.850000000   30.010244742
    0.900000000   22.850326775
    0.950000000   25.333319114
    1.000000000   23.213543977
    1.050000000   28.187649126
    1.100000000   29.386138149
    1.150000000   32.279795723
    1.200000000   34.302314963
    1.250000000   36.379432799
    1.300000000   37.287899328
    1.350000000   37.282666686
    1.400000000   37.110266672
    1.450000000   37.337329587
    1.500000000   37.316320034
    1.550000000   37.304907695
    1.600000000   37.035399013
    1.650000000   37.825911707
    1.700000000   38.336057052
    1.750000000   38.453814273
    1.800000000   39.655362263
    1.850000000   40.142114580
    1.900000000   40.461619169
    1.950000000   40.545951814
    2.000000000   40.393939359
    2.050000000   40.234776498
    2.100000000   40.633796767
    2.150000000   40.638586780
    2.200000000   40.303174313
    2.250000000   40.186701377
    2.300000000   40.938138472
    2.350000000   41.158003638
    2.400000000   40.706239941
    2.450000000   40.174769639
    2.500000000   40.130346985
    2.550000000   39.778185258
    2.600000000   40.531202819
    2.650000000   40.051909131
    2.700000000   40.034280440
    2.750000000   40.313338599
    2.800000000   40.144029735
    2.850000000   39.811314710
    2.900000000   39.652768030
    2.950000000   40.138252695
    3.000000000   40.981832005
    3.050000000   40.658686535
    3.100000000   40.597076930
    3.150000000   41.293614037
    3.200000000   41.242649021
    3.250000000   40.851766977
    3.300000000   41.521755858
    3.350000000   41.286679710
    3.400000000   40.807357248
    3.450000000   40.892864523
    3.500000000   41.214793818
    3.550000000   40.868450536
    3.600000000   39.916693013
    3.650000000   40.933889613
    3.700000000   42.007748999
    3.750000000   43.018567052
    3.800000000   43.601943262
    3.850000000   45.194792514
    3.900000000   46.775437835
    3.950000000   50.056502063
    4.000000000   53.682339062
    4.050000000   57.765324038
    4.100000000   62.261769554
    4.150000000   63.130114173
    4.200000000   63.169945909
    4.250000000   63.172615826
    4.300000000   63.172688812
    4.350000000   63.172688812
    4.400000000   63.172688812
    4.450000000   63.172688812
    4.500000000   63.172688812
    4.550000000   63.172688812
    4.600000000   63.172688812
    4.650000000   63.172688812
    4.700000000   63.172688812
    4.750000000   63.172688812
    4.800000000   63.172688812
    4.850000000   63.172688812
    4.900000000   63.172688812
    4.950000000   63.172688812
    5.000000000   63.172688812
