#! FIELDS dist1 projection
#! SET min_dist1 0
#! SET max_dist1 5
#! SET nbins_dist1  101
#! SET periodic_dist1 false
    0.000000000   51.409320483
    0.050000000   18.472819795
    0.100000000   10.029916091
    0.150000000    0.000000000
    0.200000000    2.877196928
    0.250000000    5.341107881
    0.300000000    6.085344235
    0.350000000    9.238048893
    0.400000000   11.703215520
    0.450000000   16.068242905
    0.500000000   16.410696311
    0.550000000   20.273265509
    0.600000000   19.533372709
    0.650000000   24.789441605
    0.700000000   30.194992262
    0.750000000   32.073160124
    0.800000000   31.720207498
    0.850000000   32.086001997
    0.900000000   21.500804599
    0.950000000   28.010721782
    1.000000000   21.258393533
    1.050000000   26.357158086
    1.100000000   27.700296678
    1.150000000   32.248171119
    1.200000000   32.403656407
    1.250000000   36.149369589
    1.300000000   35.378794215
    1.350000000   36.342902551
    1.400000000   35.393544225
    1.450000000   35.273525557
    1.500000000   33.619746273
    1.550000000   34.172546531
    1.600000000   33.542503230
    1.650000000   32.882689277
    1.700000000   34.642204690
    1.750000000   35.876923111
    1.800000000   36.742907243
    1.850000000   38.310649023
    1.900000000   40.898466287
    1.950000000   43.478813603
    2.000000000   44.511485597
    2.050000000   44.471446848
    2.100000000   43.507171948
    2.150000000   41.999104546
    2.200000000   40.910708975
    2.250000000   40.523782085
    2.300000000   41.488974492
    2.350000000   43.852401608
    2.400000000   44.709912798
    2.450000000   44.169745379
    2.500000000   44.150640879
    2.550000000   44.619700480
    2.600000000   44.892879884
    2.650000000   45.012243310
    2.700000000   45.126156593
    2.750000000   45.068456676
    2.800000000   45.122787877
    2.850000000   45.562037986
    2.900000000   45.804335048
    2.950000000   46.133574387
    3.000000000   46.020747436
    3.050000000   46.210674254
    3.100000000   46.278718582
    3.150000000   46.252528282
    3.200000000   46.462983150
    3.250000000   46.446370995
    3.300000000   46.691468497
    3.350000000   46.784869599
    3.400000000   46.867560627
    3.450000000   47.257570405
    3.500000000   47.452200998
    3.550000000   47.734680155
    3.600000000   48.207128180
    3.650000000   48.949089880
    3.700000000   49.396250805
    3.750000000   50.251151439
    3.800000000   51.528796295
    3.850000000   53.415376180
    3.900000000   55.322469106
    3.950000000   58.237390994
    4.000000000   61.852205908
    4.050000000   66.827211344
    4.100000000   73.266646225
    4.150000000   81.405055605
    4.200000000   91.771570066
    4.250000000  103.929628229
    4.300000000  119.863557656
    4.350000000  123.254424243
    4.400000000  123.310470612
    4.450000000  123.314110292
    4.500000000  123.314265330
    4.550000000  123.314265330
    4.600000000  123.314265330
    4.650000000  123.314265330
    4.700000000  123.314265330
    4.750000000  123.314265330
    4.800000000  123.314265330
    4.850000000  123.314265330
    4.900000000  123.314265330
    4.950000000  123.314265330
    5.000000000  123.314265330
