#! FIELDS dist1 projection
#! SET min_dist1 0
#! SET max_dist1 5
#! SET nbins_dist1  101
#! SET periodic_dist1 false
    0.000000000   44.958010118
    0.050000000   19.042702267
    0.100000000   11.247419304
    0.150000000    0.000000000
    0.200000000    0.239096950
    0.250000000    3.595551182
    0.300000000    3.934854259
    0.350000000    8.705288590
    0.400000000   12.780603173
    0.450000000   17.417502747
    0.500000000   17.588042159
    0.550000000   21.290610373
    0.600000000   20.427838692
    0.650000000   24.543238849
    0.700000000   29.661491376
    0.750000000   32.133405452
    0.800000000   31.081474653
    0.850000000   30.184405263
    0.900000000   21.962753208
    0.950000000   26.307841139
    1.000000000   22.418250253
    1.050000000   26.641650813
    1.100000000   27.764265186
    1.150000000   30.637431222
    1.200000000   32.345003205
    1.250000000   34.500233773
    1.300000000   35.386335733
    1.350000000   35.666962818
    1.400000000   35.785722328
    1.450000000   36.109474728
    1.500000000   35.497099682
    1.550000000   35.685226941
    1.600000000   35.282759246
    1.650000000   36.079774455
    1.700000000   37.386757236
    1.750000000   37.642549209
    1.800000000   38.602400698
    1.850000000   40.022074407
    1.900000000   40.847291002
    1.950000000   41.156294155
    2.000000000   41.414618114
    2.050000000   40.465543139
    2.100000000   40.369886430
    2.150000000   40.304777932
    2.200000000   39.743846623
    2.250000000   39.904902637
    2.300000000   40.533652129
    2.350000000   41.254129293
    2.400000000   40.922737586
    2.450000000   40.402278550
    2.500000000   40.249394963
    2.550000000   40.121633249
    2.600000000   40.363075759
    2.650000000   39.541543221
    2.700000000   39.892496432
    2.750000000   40.106319391
    2.800000000   39.923317195
    2.850000000   39.884088969
    2.900000000   39.570072936
    2.950000000   39.984990603
    3.000000000   39.996758264
    3.050000000   39.895768428
    3.100000000   39.692027164
    3.150000000   39.320498016
    3.200000000   39.230851823
    3.250000000   39.207368472
    3.300000000   39.594894385
    3.350000000   39.615427425
    3.400000000   39.477873855
    3.450000000   39.557166756
    3.500000000   39.753245413
    3.550000000   40.279536818
    3.600000000   40.153890845
    3.650000000   40.709569480
    3.700000000   41.099907634
    3.750000000   41.978679858
    3.800000000   42.897388491
    3.850000000   44.643032108
    3.900000000   46.980076452
    3.950000000   49.691724833
    4.000000000   52.878522268
    4.050000000   58.277969989
    4.100000000   64.318852779
    4.150000000   72.944082422
    4.200000000   81.162046127
    4.250000000   82.374558585
    4.300000000   82.423446792
    4.350000000   82.427309315
    4.400000000   82.427467154
    4.450000000   82.427467154
    4.500000000   82.427467154
    4.550000000   82.427467154
    4.600000000   82.427467154
    4.650000000   82.427467154
    4.700000000   82.427467154
    4.750000000   82.427467154
    4.800000000   82.427467154
    4.850000000   82.427467154
    4.900000000   82.427467154
    4.950000000   82.427467154
    5.000000000   82.427467154
