#! FIELDS dist1 projection
#! SET min_dist1 0
#! SET max_dist1 5
#! SET nbins_dist1  101
#! SET periodic_dist1 false
    0.000000000   50.598441570
    0.050000000   16.228219147
    0.100000000    8.614255026
    0.150000000    0.000000000
    0.200000000    3.540916544
    0.250000000    5.406824344
    0.300000000    6.289035629
    0.350000000    8.932617557
    0.400000000   11.513522103
    0.450000000   15.663687288
    0.500000000   16.576282524
    0.550000000   20.456072863
    0.600000000   20.126271355
    0.650000000   25.502253592
    0.700000000   31.168661261
    0.750000000   32.999125605
    0.800000000   32.136576989
    0.850000000   32.828991030
    0.900000000   21.383822143
    0.950000000   27.883925776
    1.000000000   21.492997311
    1.050000000   26.986602067
    1.100000000   28.758868541
    1.150000000   33.895479808
    1.200000000   33.783259156
    1.250000000   37.411871806
    1.300000000   36.286457154
    1.350000000   37.085956027
    1.400000000   36.077115371
    1.450000000   35.819649027
    1.500000000   33.936753494
    1.550000000   34.366791776
    1.600000000   33.632863732
    1.650000000   32.638661231
    1.700000000   34.203813726
    1.750000000   35.484169083
    1.800000000   36.643861851
    1.850000000   38.799210033
    1.900000000   41.792487271
    1.950000000   44.507189020
    2.000000000   45.746315279
    2.050000000   45.648401337
    2.100000000   44.463390685
    2.150000000   42.757368081
    2.200000000   41.357786653
    2.250000000   40.683188849
    2.300000000   41.467759905
    2.350000000   43.899984171
    2.400000000   45.217935831
    2.450000000   44.759617065
    2.500000000   44.398497437
    2.550000000   44.846855439
    2.600000000   45.253457933
    2.650000000   45.290820975
    2.700000000   45.111637355
    2.750000000   44.973532334
    2.800000000   45.017618894
    2.850000000   45.254932881
    2.900000000   45.253192437
    2.950000000   45.527776379
    3.000000000   45.569565807
    3.050000000   45.857488517
    3.100000000   45.844608505
    3.150000000   45.958197341
    3.200000000   46.366314505
    3.250000000   46.486400605
    3.300000000   46.605887072
    3.350000000   46.779532707
    3.400000000   47.032116391
    3.450000000   47.264831891
    3.500000000   47.456375850
    3.550000000   48.028332185
    3.600000000   48.489500225
    3.650000000   49.081602894
    3.700000000   49.534053218
    3.750000000   50.333408035
    3.800000000   51.461045747
    3.850000000   53.260886941
    3.900000000   55.033355938
    3.950000000   57.796341775
    4.000000000   61.774482477
    4.050000000   66.855526511
    4.100000000   73.304541021
    4.150000000   81.392382736
    4.200000000   91.990146106
    4.250000000  103.590713839
    4.300000000  120.118424502
    4.350000000  130.760531479
    4.400000000  131.138169133
    4.450000000  131.152354058
    4.500000000  131.153141442
    4.550000000  131.153150896
    4.600000000  131.153150896
    4.650000000  131.153150896
    4.700000000  131.153150896
    4.750000000  131.153150896
    4.800000000  131.153150896
    4.850000000  131.153150896
    4.900000000  131.153150896
    4.950000000  131.153150896
    5.000000000  131.153150896
