#! FIELDS dist1 projection
#! SET min_dist1 0
#! SET max_dist1 5
#! SET nbins_dist1  101
#! SET periodic_dist1 false
    0.000000000   50.775200482
    0.050000000   18.940844926
    0.100000000   10.830554585
    0.150000000    0.000000000
    0.200000000    1.863743517
    0.250000000    4.309314127
    0.300000000    4.545934792
    0.350000000    7.718277215
    0.400000000   10.409858758
    0.450000000   14.946649789
    0.500000000   15.507801661
    0.550000000   20.251828372
    0.600000000   20.537019938
    0.650000000   26.065245823
    0.700000000   31.793571344
    0.750000000   33.465892671
    0.800000000   33.310491156
    0.850000000   33.793491766
    0.900000000   24.093785841
    0.950000000   30.111305419
    1.000000000   23.460716388
    1.050000000   28.302744774
    1.100000000   29.684113685
    1.150000000   33.634846615
    1.200000000   34.413136593
    1.250000000   37.699237580
    1.300000000   37.304297158
    1.350000000   38.302477480
    1.400000000   37.512813471
    1.450000000   37.632182714
    1.500000000   36.088078377
    1.550000000   36.563331410
    1.600000000   35.784523935
    1.650000000   35.594732839
    1.700000000   37.262160651
    1.750000000   38.531241055
    1.800000000   39.514525771
    1.850000000   40.951761590
    1.900000000   42.970943789
    1.950000000   45.042109718
    2.000000000   45.934575243
    2.050000000   45.609136979
    2.100000000   44.388313544
    2.150000000   42.921861827
    2.200000000   42.035652010
    2.250000000   41.667076664
    2.300000000   42.443248428
    2.350000000   44.638635835
    2.400000000   44.917619669
    2.450000000   44.328068590
    2.500000000   44.550873367
    2.550000000   44.823602285
    2.600000000   44.843387385
    2.650000000   44.840194027
    2.700000000   45.038565597
    2.750000000   45.096956267
    2.800000000   45.040890717
    2.850000000   45.165270078
    2.900000000   45.252689373
    2.950000000   45.483001976
    3.000000000   45.371947102
    3.050000000   45.568137697
    3.100000000   45.604065838
    3.150000000   45.675903368
    3.200000000   45.982141194
    3.250000000   45.796727570
    3.300000000   45.975898068
    3.350000000   46.029755905
    3.400000000   45.888550801
    3.450000000   45.981279421
    3.500000000   46.358093210
    3.550000000   46.649336912
    3.600000000   46.667849731
    3.650000000   47.278186505
    3.700000000   47.729973794
    3.750000000   48.483220914
    3.800000000   49.801007550
    3.850000000   51.604495170
    3.900000000   53.479922084
    3.950000000   56.392683833
    4.000000000   60.166266985
    4.050000000   65.472477553
    4.100000000   71.964799510
    4.150000000   80.331558747
    4.200000000   90.823730192
    4.250000000  103.463269666
    4.300000000  116.300417402
    4.350000000  117.205226693
    4.400000000  117.225473564
    4.450000000  117.226600263
    4.500000000  117.226621747
    4.550000000  117.226621747
    4.600000000  117.226621747
    4.650000000  117.226621747
    4.700000000  117.226621747
    4.750000000  117.226621747
    4.800000000  117.226621747
    4.850000000  117.226621747
    4.900000000  117.226621747
    4.950000000  117.226621747
    5.000000000  117.226621747
