#! FIELDS dist1 projection
#! SET min_dist1 0
#! SET max_dist1 5
#! SET nbins_dist1  101
#! SET periodic_dist1 false
    0.000000000   51.123115777
    0.050000000   18.256889041
    0.100000000   10.064043471
    0.150000000    0.000000000
    0.200000000    2.614940075
    0.250000000    4.997887637
    0.300000000    5.584311647
    0.350000000    8.749165163
    0.400000000   11.359672991
    0.450000000   15.837962788
    0.500000000   16.396804486
    0.550000000   20.395428053
    0.600000000   20.105191430
    0.650000000   25.492632819
    0.700000000   31.358412032
    0.750000000   33.330231046
    0.800000000   32.739935347
    0.850000000   32.841622432
    0.900000000   22.618104584
    0.950000000   28.796123593
    1.000000000   22.217258699
    1.050000000   27.025180326
    1.100000000   28.483386771
    1.150000000   32.881457298
    1.200000000   33.190335614
    1.250000000   36.818978598
    1.300000000   36.160049928
    1.350000000   37.210025847
    1.400000000   36.479540477
    1.450000000   36.574423790
    1.500000000   35.142657957
    1.550000000   35.856907956
    1.600000000   35.097553297
    1.650000000   34.631101019
    1.700000000   36.300754802
    1.750000000   37.561878601
    1.800000000   38.582197226
    1.850000000   40.096408040
    1.900000000   42.447768027
    1.950000000   44.901833717
    2.000000000   45.861043082
    2.050000000   45.619853462
    2.100000000   44.592012943
    2.150000000   43.326910627
    2.200000000   42.492093432
    2.250000000   42.219560387
    2.300000000   43.108624124
    2.350000000   45.511424384
    2.400000000   46.284334881
    2.450000000   45.707144269
    2.500000000   45.708824841
    2.550000000   46.050288514
    2.600000000   46.205407980
    2.650000000   46.176018460
    2.700000000   46.106544070
    2.750000000   45.934687317
    2.800000000   45.808505239
    2.850000000   46.044915810
    2.900000000   46.309207765
    2.950000000   46.662101733
    3.000000000   46.454287075
    3.050000000   46.653582896
    3.100000000   46.698443807
    3.150000000   46.684975680
    3.200000000   47.016845235
    3.250000000   47.078030424
    3.300000000   47.422323413
    3.350000000   47.548368298
    3.400000000   47.582442843
    3.450000000   47.865677773
    3.500000000   48.285879223
    3.550000000   48.597427629
    3.600000000   48.808406417
    3.650000000   49.559407917
    3.700000000   49.978954370
    3.750000000   50.561126829
    3.800000000   51.880601394
    3.850000000   53.708085552
    3.900000000   55.352892228
    3.950000000   58.181829067
    4.000000000   61.969003363
    4.050000000   66.892343290
    4.100000000   73.177944744
    4.150000000   81.585412558
    4.200000000   92.153921028
    4.250000000  104.402535462
    4.300000000  119.457072736
    4.350000000  122.175334008
    4.400000000  122.220818169
    4.450000000  122.223351476
    4.500000000  122.223416102
    4.550000000  122.223416102
    4.600000000  122.223416102
    4.650000000  122.223416102
    4.700000000  122.223416102
    4.750000000  122.223416102
    4.800000000  122.223416102
    4.850000000  122.223416102
    4.900000000  122.223416102
    4.950000000  122.223416102
    5.000000000  122.223416102
