#! FIELDS dist1 projection
#! SET min_dist1 0
#! SET max_dist1 5
#! SET nbins_dist1  101
#! SET periodic_dist1 false
    0.000000000   50.556233884
    0.050000000   16.187814306
    0.100000000    8.584735934
    0.150000000    0.000000000
    0.200000000    3.610636006
    0.250000000    5.510967839
    0.300000000    6.438621366
    0.350000000    9.186965490
    0.400000000   11.912898026
    0.450000000   16.143969123
    0.500000000   17.043301038
    0.550000000   20.971911976
    0.600000000   20.781127583
    0.650000000   26.178883505
    0.700000000   31.913943335
    0.750000000   34.007209064
    0.800000000   33.075790651
    0.850000000   33.684314363
    0.900000000   22.523101577
    0.950000000   28.889678527
    1.000000000   22.612474920
    1.050000000   27.925441479
    1.100000000   29.710234797
    1.150000000   34.639205761
    1.200000000   34.598181690
    1.250000000   38.227738085
    1.300000000   37.174767032
    1.350000000   37.940027468
    1.400000000   36.886973884
    1.450000000   36.553392072
    1.500000000   34.698411271
    1.550000000   35.105779430
    1.600000000   34.289706884
    1.650000000   33.298075677
    1.700000000   34.865708609
    1.750000000   36.104602640
    1.800000000   37.221755862
    1.850000000   39.347493084
    1.900000000   42.251322317
    1.950000000   44.896159011
    2.000000000   46.110527149
    2.050000000   46.053476635
    2.100000000   44.829627238
    2.150000000   43.125784779
    2.200000000   41.811403794
    2.250000000   41.271181958
    2.300000000   42.232117004
    2.350000000   44.785697002
    2.400000000   45.996665071
    2.450000000   45.388474025
    2.500000000   44.950974551
    2.550000000   45.251912707
    2.600000000   45.552471574
    2.650000000   45.609086642
    2.700000000   45.382995559
    2.750000000   45.139636504
    2.800000000   45.133486698
    2.850000000   45.365155746
    2.900000000   45.356326565
    2.950000000   45.620157529
    3.000000000   45.668000287
    3.050000000   45.921180365
    3.100000000   45.885323456
    3.150000000   46.043295723
    3.200000000   46.461635666
    3.250000000   46.557495377
    3.300000000   46.718081476
    3.350000000   46.910935985
    3.400000000   47.104401206
    3.450000000   47.298635044
    3.500000000   47.511823134
    3.550000000   48.155802062
    3.600000000   48.637082239
    3.650000000   49.197823965
    3.700000000   49.623154370
    3.750000000   50.432777290
    3.800000000   51.528799233
    3.850000000   53.288963941
    3.900000000   55.071127018
    3.950000000   57.869432968
    4.000000000   61.867335624
    4.050000000   66.941554308
    4.100000000   73.354314780
    4.150000000   81.502121157
    4.200000000   92.067539815
    4.250000000  103.573208649
    4.300000000  120.077298384
    4.350000000  130.718242273
    4.400000000  131.095879927
    4.450000000  131.110064852
    4.500000000  131.110852236
    4.550000000  131.110861690
    4.600000000  131.110861690
    4.650000000  131.110861690
    4.700000000  131.110861690
    4.750000000  131.110861690
    4.800000000  131.110861690
    4.850000000  131.110861690
    4.900000000  131.110861690
    4.950000000  131.110861690
    5.000000000  131.110861690
