#! FIELDS dist1 projection
#! SET min_dist1 0
#! SET max_dist1 5
#! SET nbins_dist1  101
#! SET periodic_dist1 false
    0.000000000   46.537952297
    0.050000000   20.683804406
    0.100000000   11.893718545
    0.150000000    0.000000000
    0.200000000    0.038547746
    0.250000000    3.036122071
    0.300000000    3.656713939
    0.350000000    8.747131631
    0.400000000   12.538872073
    0.450000000   17.221179214
    0.500000000   18.115013648
    0.550000000   21.591594787
    0.600000000   21.791043305
    0.650000000   25.690091816
    0.700000000   30.386543831
    0.750000000   33.418279077
    0.800000000   30.085445803
    0.850000000   28.141234393
    0.900000000   19.066839026
    0.950000000   23.340516691
    1.000000000   19.768893927
    1.050000000   25.737093406
    1.100000000   26.537046106
    1.150000000   30.130625651
    1.200000000   31.587716366
    1.250000000   33.805326202
    1.300000000   34.771539574
    1.350000000   34.889370892
    1.400000000   34.488933327
    1.450000000   34.911308922
    1.500000000   34.417471800
    1.550000000   34.525541532
    1.600000000   33.951962760
    1.650000000   34.893962142
    1.700000000   36.525085674
    1.750000000   37.298111518
    1.800000000   38.495964541
    1.850000000   39.333100191
    1.900000000   39.933039460
    1.950000000   40.384956751
    2.000000000   40.778586391
    2.050000000   40.119221153
    2.100000000   39.779547961
    2.150000000   39.543132981
    2.200000000   39.200206620
    2.250000000   39.571837632
    2.300000000   40.605635892
    2.350000000   41.382575182
    2.400000000   41.191880758
    2.450000000   41.261721880
    2.500000000   41.638766413
    2.550000000   41.346657675
    2.600000000   42.092660659
    2.650000000   41.942766754
    2.700000000   41.713344811
    2.750000000   41.904024333
    2.800000000   42.035506855
    2.850000000   41.578627113
    2.900000000   40.895131905
    2.950000000   41.321902549
    3.000000000   41.628229605
    3.050000000   41.530672760
    3.100000000   41.442680759
    3.150000000   41.626135329
    3.200000000   42.090409215
    3.250000000   42.335398378
    3.300000000   42.434573897
    3.350000000   42.791086870
    3.400000000   42.740532731
    3.450000000   42.996472705
    3.500000000   43.690898248
    3.550000000   44.148426374
    3.600000000   43.992341012
    3.650000000   44.485385672
    3.700000000   45.236887658
    3.750000000   46.526150899
    3.800000000   47.724340214
    3.850000000   49.865764794
    3.900000000   51.832396847
    3.950000000   54.293361385
    4.000000000   58.213976995
    4.050000000   63.529769191
    4.100000000   69.150298091
    4.150000000   76.745981294
    4.200000000   78.326153683
    4.250000000   78.406658663
    4.300000000   78.415030225
    4.350000000   78.415767857
    4.400000000   78.415789266
    4.450000000   78.415789266
    4.500000000   78.415789266
    4.550000000   78.415789266
    4.600000000   78.415789266
    4.650000000   78.415789266
    4.700000000   78.415789266
    4.750000000   78.415789266
    4.800000000   78.415789266
    4.850000000   78.415789266
    4.900000000   78.415789266
    4.950000000   78.415789266
    5.000000000   78.415789266
