#! FIELDS dist1 projection
#! SET min_dist1 0
#! SET max_dist1 5
#! SET nbins_dist1  101
#! SET periodic_dist1 false
    0.000000000   51.560123609
    0.050000000   18.627834157
    0.100000000   10.191109389
    0.150000000    0.000000000
    0.200000000    2.719256923
    0.250000000    5.102184291
    0.300000000    5.832553272
    0.350000000    8.983506617
    0.400000000   11.547320525
    0.450000000   16.008611221
    0.500000000   16.566531784
    0.550000000   20.550424122
    0.600000000   20.310301462
    0.650000000   25.711764600
    0.700000000   31.545218513
    0.750000000   33.398310878
    0.800000000   32.780880325
    0.850000000   32.856492960
    0.900000000   22.781442630
    0.950000000   28.915962641
    1.000000000   22.317161055
    1.050000000   27.026650555
    1.100000000   28.518147101
    1.150000000   32.809227517
    1.200000000   33.106391221
    1.250000000   36.748551033
    1.300000000   36.091245243
    1.350000000   37.052821677
    1.400000000   36.281532151
    1.450000000   36.225700157
    1.500000000   34.839084025
    1.550000000   35.379898689
    1.600000000   34.348765418
    1.650000000   33.835957983
    1.700000000   35.725099459
    1.750000000   37.064968728
    1.800000000   37.961214357
    1.850000000   39.461795148
    1.900000000   41.969713514
    1.950000000   44.499417203
    2.000000000   45.409979022
    2.050000000   45.071695002
    2.100000000   44.029413524
    2.150000000   42.733890442
    2.200000000   41.970950677
    2.250000000   41.777028907
    2.300000000   42.673669841
    2.350000000   45.107282568
    2.400000000   45.981124901
    2.450000000   45.489704824
    2.500000000   45.440392454
    2.550000000   45.717096936
    2.600000000   45.792915855
    2.650000000   45.773872598
    2.700000000   45.839066045
    2.750000000   45.723683229
    2.800000000   45.628307849
    2.850000000   45.954379972
    2.900000000   46.248549721
    2.950000000   46.559663479
    3.000000000   46.401595882
    3.050000000   46.581495773
    3.100000000   46.502234653
    3.150000000   46.423481471
    3.200000000   46.678960443
    3.250000000   46.659715562
    3.300000000   46.938426503
    3.350000000   47.031165301
    3.400000000   47.109866387
    3.450000000   47.486351897
    3.500000000   47.885868226
    3.550000000   48.241382827
    3.600000000   48.520007669
    3.650000000   49.264596353
    3.700000000   49.756280952
    3.750000000   50.436689349
    3.800000000   51.775966076
    3.850000000   53.564407303
    3.900000000   55.239418150
    3.950000000   58.120559753
    4.000000000   61.975880233
    4.050000000   66.975723594
    4.100000000   73.268679566
    4.150000000   81.613842573
    4.200000000   92.187495789
    4.250000000  104.385248339
    4.300000000  119.564948800
    4.350000000  122.616970138
    4.400000000  122.671665188
    4.450000000  122.675294263
    4.500000000  122.675449301
    4.550000000  122.675449301
    4.600000000  122.675449301
    4.650000000  122.675449301
    4.700000000  122.675449301
    4.750000000  122.675449301
    4.800000000  122.675449301
    4.850000000  122.675449301
    4.900000000  122.675449301
    4.950000000  122.675449301
    5.000000000  122.675449301
