#! FIELDS dist1 projection
#! SET min_dist1 0
#! SET max_dist1 5
#! SET nbins_dist1  101
#! SET periodic_dist1 false
    0.000000000   44.579583289
    0.050000000   21.092732993
    0.100000000   13.516152673
    0.150000000    2.135211866
    0.200000000    0.000000000
    0.250000000    2.895631693
    0.300000000    2.760790425
    0.350000000    8.102650637
    0.400000000   12.491696687
    0.450000000   18.115688230
    0.500000000   18.454867447
    0.550000000   21.475009009
    0.600000000   22.812146900
    0.650000000   27.210050079
    0.700000000   32.154585052
    0.750000000   34.543104716
    0.800000000   32.324697255
    0.850000000   29.357375409
    0.900000000   22.029796645
    0.950000000   24.760453297
    1.000000000   22.000397976
    1.050000000   27.344345627
    1.100000000   28.115110116
    1.150000000   31.796084079
    1.200000000   33.003798749
    1.250000000   35.280595029
    1.300000000   36.422878910
    1.350000000   36.591120142
    1.400000000   36.738747012
    1.450000000   37.632526419
    1.500000000   37.507812128
    1.550000000   37.318191492
    1.600000000   37.489764304
    1.650000000   38.574238661
    1.700000000   39.264431398
    1.750000000   39.674343266
    1.800000000   40.944768452
    1.850000000   41.379129162
    1.900000000   41.734465063
    1.950000000   42.241726930
    2.000000000   42.037417668
    2.050000000   41.664097158
    2.100000000   41.843440734
    2.150000000   41.925742076
    2.200000000   41.974951877
    2.250000000   42.171896792
    2.300000000   42.766110331
    2.350000000   42.767421288
    2.400000000   42.226406722
    2.450000000   41.556447315
    2.500000000   41.748135450
    2.550000000   41.367504446
    2.600000000   41.968529889
    2.650000000   41.753489857
    2.700000000   41.851595506
    2.750000000   41.724156364
    2.800000000   41.090615033
    2.850000000   41.019150241
    2.900000000   41.228623533
    2.950000000   41.983687015
    3.000000000   42.809317496
    3.050000000   42.363912277
    3.100000000   41.815200402
    3.150000000   42.395821028
    3.200000000   42.586526520
    3.250000000   42.357667818
    3.300000000   42.799221833
    3.350000000   42.540282805
    3.400000000   42.645021709
    3.450000000   43.116432906
    3.500000000   43.676837708
    3.550000000   43.427035936
    3.600000000   42.502993961
    3.650000000   43.670021217
    3.700000000   44.667057163
    3.750000000   45.749191443
    3.800000000   46.376953530
    3.850000000   47.845250376
    3.900000000   49.508583664
    3.950000000   52.927151362
    4.000000000   56.581140713
    4.050000000   60.665274115
    4.100000000   65.161719631
    4.150000000   66.030064250
    4.200000000   66.069895986
    4.250000000   66.072565902
    4.300000000   66.072638889
    4.350000000   66.072638889
    4.400000000   66.072638889
    4.450000000   66.072638889
    4.500000000   66.072638889
    4.550000000   66.072638889
    4.600000000   66.072638889
    4.650000000   66.072638889
    4.700000000   66.072638889
    4.750000000   66.072638889
    4.800000000   66.072638889
    4.850000000   66.072638889
    4.900000000   66.072638889
    4.950000000   66.072638889
    5.000000000   66.072638889
