#! FIELDS dist1 projection
#! SET min_dist1 0
#! SET max_dist1 5
#! SET nbins_dist1  101
#! SET periodic_dist1 false
    0.000000000   49.308880722
    0.050000000   19.447124434
    0.100000000   11.135593951
    0.150000000    0.000000000
    0.200000000    1.336750904
    0.250000000    4.313592600
    0.300000000    5.003073508
    0.350000000    8.614650484
    0.400000000   11.334035385
    0.450000000   16.297449914
    0.500000000   16.645927261
    0.550000000   20.310925433
    0.600000000   19.500528355
    0.650000000   24.591499314
    0.700000000   29.896067703
    0.750000000   31.833487350
    0.800000000   31.593158644
    0.850000000   31.934185344
    0.900000000   22.791359186
    0.950000000   29.022732968
    1.000000000   23.105639080
    1.050000000   27.547362103
    1.100000000   29.235803981
    1.150000000   32.808660644
    1.200000000   33.980770079
    1.250000000   36.337944567
    1.300000000   36.284888398
    1.350000000   36.921586209
    1.400000000   36.346433234
    1.450000000   36.627762620
    1.500000000   35.613407029
    1.550000000   35.992694749
    1.600000000   35.264533597
    1.650000000   35.422516796
    1.700000000   36.812079926
    1.750000000   37.877263251
    1.800000000   38.988829449
    1.850000000   40.382270884
    1.900000000   42.113867503
    1.950000000   43.734078114
    2.000000000   44.371910331
    2.050000000   44.337670318
    2.100000000   43.779591022
    2.150000000   42.722605948
    2.200000000   42.126943541
    2.250000000   42.141548076
    2.300000000   42.750763196
    2.350000000   44.544933342
    2.400000000   44.475779925
    2.450000000   44.156254301
    2.500000000   44.330024073
    2.550000000   44.086243903
    2.600000000   44.308947299
    2.650000000   44.276806798
    2.700000000   44.565674090
    2.750000000   44.404181466
    2.800000000   44.003899245
    2.850000000   44.138033191
    2.900000000   44.259336406
    2.950000000   44.329392996
    3.000000000   44.139473587
    3.050000000   44.416310817
    3.100000000   44.529524790
    3.150000000   44.387131676
    3.200000000   44.603749056
    3.250000000   44.527309779
    3.300000000   44.562326172
    3.350000000   44.937568655
    3.400000000   45.005021099
    3.450000000   44.951188690
    3.500000000   45.846030160
    3.550000000   46.460850012
    3.600000000   46.493826967
    3.650000000   47.151003693
    3.700000000   47.529929541
    3.750000000   48.461323206
    3.800000000   49.698561541
    3.850000000   51.306651151
    3.900000000   53.002633621
    3.950000000   55.976567444
    4.000000000   59.546563587
    4.050000000   64.750434343
    4.100000000   71.119278920
    4.150000000   79.429063903
    4.200000000   90.503086622
    4.250000000  103.473275095
    4.300000000  106.439710346
    4.350000000  106.506642306
    4.400000000  106.510937820
    4.450000000  106.511109709
    4.500000000  106.511109709
    4.550000000  106.511109709
    4.600000000  106.511109709
    4.650000000  106.511109709
    4.700000000  106.511109709
    4.750000000  106.511109709
    4.800000000  106.511109709
    4.850000000  106.511109709
    4.900000000  106.511109709
    4.950000000  106.511109709
    5.000000000  106.511109709
