#! FIELDS dist1 projection
#! SET min_dist1 0
#! SET max_dist1 5
#! SET nbins_dist1  101
#! SET periodic_dist1 false
    0.000000000   50.612954486
    0.050000000   17.369804106
    0.100000000    9.223970094
    0.150000000    0.000000000
    0.200000000    3.210880207
    0.250000000    5.327030645
    0.300000000    5.788502571
    0.350000000    8.433318255
    0.400000000   11.020053890
    0.450000000   15.480355982
    0.500000000   16.547972695
    0.550000000   20.483569835
    0.600000000   19.819120743
    0.650000000   25.017505531
    0.700000000   30.405679543
    0.750000000   32.277461764
    0.800000000   31.983284060
    0.850000000   32.597357769
    0.900000000   22.087952716
    0.950000000   28.657503793
    1.000000000   22.038595087
    1.050000000   27.178856881
    1.100000000   28.623512967
    1.150000000   33.248797458
    1.200000000   33.415218097
    1.250000000   36.983119550
    1.300000000   36.162701562
    1.350000000   37.018119445
    1.400000000   36.143723409
    1.450000000   35.904205772
    1.500000000   34.320448974
    1.550000000   34.741332315
    1.600000000   33.812734315
    1.650000000   33.048587480
    1.700000000   34.686542200
    1.750000000   35.899164954
    1.800000000   36.993526742
    1.850000000   39.003001625
    1.900000000   41.604341073
    1.950000000   43.893620019
    2.000000000   44.813593167
    2.050000000   44.634715592
    2.100000000   43.434975648
    2.150000000   41.873279415
    2.200000000   40.686973323
    2.250000000   40.272470232
    2.300000000   41.381058770
    2.350000000   43.702218409
    2.400000000   44.732995546
    2.450000000   44.315390862
    2.500000000   44.150269309
    2.550000000   44.562511744
    2.600000000   44.827055795
    2.650000000   44.834410263
    2.700000000   44.733016432
    2.750000000   44.680889628
    2.800000000   44.777530966
    2.850000000   45.133518806
    2.900000000   45.109732221
    2.950000000   45.215447628
    3.000000000   45.249730114
    3.050000000   45.638139207
    3.100000000   45.659445494
    3.150000000   45.615376326
    3.200000000   45.993363408
    3.250000000   46.022361409
    3.300000000   46.161141776
    3.350000000   46.334964548
    3.400000000   46.450407400
    3.450000000   46.643561023
    3.500000000   46.717137550
    3.550000000   46.972754186
    3.600000000   47.515490098
    3.650000000   48.147118678
    3.700000000   48.432447336
    3.750000000   49.075801848
    3.800000000   50.040622478
    3.850000000   51.735513289
    3.900000000   53.788510480
    3.950000000   56.781037268
    4.000000000   60.504892853
    4.050000000   65.566758821
    4.100000000   71.961451314
    4.150000000   80.305217453
    4.200000000   91.028316278
    4.250000000  102.964748288
    4.300000000  119.756796304
    4.350000000  126.125828540
    4.400000000  126.250698782
    4.450000000  126.258016936
    4.500000000  126.258399226
    4.550000000  126.258401834
    4.600000000  126.258401834
    4.650000000  126.258401834
    4.700000000  126.258401834
    4.750000000  126.258401834
    4.800000000  126.258401834
    4.850000000  126.258401834
    4.900000000  126.258401834
    4.950000000  126.258401834
    5.000000000  126.258401834
