#! FIELDS dist1 projection
#! SET min_dist1 0
#! SET max_dist1 5
#! SET nbins_dist1  101
#! SET periodic_dist1 false
    0.000000000   50.680236072
    0.050000000   17.288216150
    0.100000000    9.316500493
    0.150000000    0.000000000
    0.200000000    3.042567357
    0.250000000    5.019689321
    0.300000000    5.586704858
    0.350000000    8.296561916
    0.400000000   10.921621237
    0.450000000   15.118559761
    0.500000000   15.854209243
    0.550000000   19.735526483
    0.600000000   19.314304759
    0.650000000   24.726709611
    0.700000000   30.392744688
    0.750000000   32.325694652
    0.800000000   31.693321726
    0.850000000   32.145691842
    0.900000000   21.500324124
    0.950000000   27.779574444
    1.000000000   21.237654352
    1.050000000   26.535651698
    1.100000000   28.206626846
    1.150000000   32.810229952
    1.200000000   32.903147147
    1.250000000   36.556946207
    1.300000000   35.711873462
    1.350000000   36.350919750
    1.400000000   35.432971328
    1.450000000   34.934263604
    1.500000000   33.221724462
    1.550000000   33.584104355
    1.600000000   32.590576553
    1.650000000   31.719830158
    1.700000000   33.322089248
    1.750000000   34.569438421
    1.800000000   35.772379935
    1.850000000   37.874645578
    1.900000000   40.706526309
    1.950000000   43.222237604
    2.000000000   44.326958058
    2.050000000   44.228739276
    2.100000000   42.983854691
    2.150000000   41.332612562
    2.200000000   40.066816405
    2.250000000   39.621213791
    2.300000000   40.697907063
    2.350000000   42.988976379
    2.400000000   43.983891424
    2.450000000   43.492680621
    2.500000000   43.290310137
    2.550000000   43.790733755
    2.600000000   44.173092326
    2.650000000   44.197945991
    2.700000000   43.997127764
    2.750000000   43.913631067
    2.800000000   44.033514681
    2.850000000   44.244115279
    2.900000000   44.190675868
    2.950000000   44.355731945
    3.000000000   44.330637051
    3.050000000   44.658961158
    3.100000000   44.636827398
    3.150000000   44.683041427
    3.200000000   45.034048959
    3.250000000   45.048388538
    3.300000000   45.242775744
    3.350000000   45.581665270
    3.400000000   45.800868342
    3.450000000   45.985926198
    3.500000000   46.066045467
    3.550000000   46.520405110
    3.600000000   47.131081231
    3.650000000   47.802557637
    3.700000000   48.109033675
    3.750000000   48.718267070
    3.800000000   49.806430888
    3.850000000   51.570005432
    3.900000000   53.564199889
    3.950000000   56.605851249
    4.000000000   60.407984153
    4.050000000   65.392257307
    4.100000000   71.742924259
    4.150000000   79.791417749
    4.200000000   90.603535112
    4.250000000  102.503742640
    4.300000000  119.050683057
    4.350000000  126.840664950
    4.400000000  127.033851137
    4.450000000  127.043760471
    4.500000000  127.044278733
    4.550000000  127.044281341
    4.600000000  127.044281341
    4.650000000  127.044281341
    4.700000000  127.044281341
    4.750000000  127.044281341
    4.800000000  127.044281341
    4.850000000  127.044281341
    4.900000000  127.044281341
    4.950000000  127.044281341
    5.000000000  127.044281341
