#! FIELDS dist1 projection
#! SET min_dist1 0
#! SET max_dist1 5
#! SET nbins_dist1  101
#! SET periodic_dist1 false
    0.000000000   45.611246514
    0.050000000   18.210015583
    0.100000000   11.910967040
    0.150000000    0.000000000
    0.200000000    0.470329860
    0.250000000    4.154933477
    0.300000000    4.657647947
    0.350000000    9.080044446
    0.400000000   13.010075742
    0.450000000   17.315481405
    0.500000000   18.243526527
    0.550000000   21.863392412
    0.600000000   21.390691344
    0.650000000   25.726635679
    0.700000000   31.039861708
    0.750000000   33.145949765
    0.800000000   31.479240145
    0.850000000   30.978194493
    0.900000000   21.210505034
    0.950000000   26.694341368
    1.000000000   21.035674570
    1.050000000   25.711605724
    1.100000000   26.482567246
    1.150000000   30.009737539
    1.200000000   31.532220645
    1.250000000   34.183422877
    1.300000000   34.287014494
    1.350000000   35.052549373
    1.400000000   34.613974848
    1.450000000   35.128432569
    1.500000000   34.311543042
    1.550000000   34.855748559
    1.600000000   34.268092106
    1.650000000   34.613213639
    1.700000000   36.175665060
    1.750000000   37.068602553
    1.800000000   37.747319426
    1.850000000   38.537851419
    1.900000000   40.107731953
    1.950000000   41.587845110
    2.000000000   42.134962468
    2.050000000   42.293284217
    2.100000000   42.006389266
    2.150000000   41.135621052
    2.200000000   40.503740051
    2.250000000   40.927237158
    2.300000000   41.952644313
    2.350000000   43.224506864
    2.400000000   43.163391642
    2.450000000   42.908758976
    2.500000000   42.996380676
    2.550000000   43.101747843
    2.600000000   43.631662517
    2.650000000   43.461705487
    2.700000000   43.663261171
    2.750000000   43.390943844
    2.800000000   43.309525311
    2.850000000   43.830071741
    2.900000000   43.882974131
    2.950000000   43.925745370
    3.000000000   43.810398223
    3.050000000   44.175555014
    3.100000000   44.382705320
    3.150000000   44.408233860
    3.200000000   44.831422949
    3.250000000   44.727143346
    3.300000000   45.198227214
    3.350000000   45.827445219
    3.400000000   45.977999092
    3.450000000   45.703912639
    3.500000000   46.130254595
    3.550000000   46.915729345
    3.600000000   46.734631855
    3.650000000   47.357275735
    3.700000000   47.664909782
    3.750000000   48.458225701
    3.800000000   49.464381538
    3.850000000   50.868933649
    3.900000000   52.927692866
    3.950000000   56.219634283
    4.000000000   59.356287315
    4.050000000   64.761182124
    4.100000000   71.061978841
    4.150000000   78.855039786
    4.200000000   88.842220649
    4.250000000   96.408056718
    4.300000000   96.834493920
    4.350000000   96.848506014
    4.400000000   96.849093569
    4.450000000   96.849093569
    4.500000000   96.849093569
    4.550000000   96.849093569
    4.600000000   96.849093569
    4.650000000   96.849093569
    4.700000000   96.849093569
    4.750000000   96.849093569
    4.800000000   96.849093569
    4.850000000   96.849093569
    4.900000000   96.849093569
    4.950000000   96.849093569
    5.000000000   96.849093569
