#! FIELDS dist1 projection
#! SET min_dist1 0
#! SET max_dist1 5
#! SET nbins_dist1  101
#! SET periodic_dist1 false
    0.000000000   51.665906649
    0.050000000   18.492807636
    0.100000000    9.993026915
    0.150000000    0.000000000
    0.200000000    2.662026480
    0.250000000    5.049562876
    0.300000000    5.750327708
    0.350000000    8.765372422
    0.400000000   11.103796184
    0.450000000   15.367197669
    0.500000000   16.100635094
    0.550000000   20.223688602
    0.600000000   19.703673105
    0.650000000   25.120005921
    0.700000000   30.603954194
    0.750000000   32.477539011
    0.800000000   31.825222742
    0.850000000   32.247444273
    0.900000000   21.660749671
    0.950000000   28.117579585
    1.000000000   21.431322879
    1.050000000   26.571867290
    1.100000000   27.861250968
    1.150000000   32.477757865
    1.200000000   32.609767728
    1.250000000   36.318697884
    1.300000000   35.435305908
    1.350000000   36.409650187
    1.400000000   35.416564523
    1.450000000   35.254704051
    1.500000000   33.536089306
    1.550000000   34.027299611
    1.600000000   33.201230891
    1.650000000   32.508218784
    1.700000000   34.170759512
    1.750000000   35.335636473
    1.800000000   36.318500332
    1.850000000   38.129063187
    1.900000000   40.862740281
    1.950000000   43.448951179
    2.000000000   44.395672533
    2.050000000   44.188492523
    2.100000000   43.135696039
    2.150000000   41.645740084
    2.200000000   40.443320167
    2.250000000   39.995101745
    2.300000000   40.972110242
    2.350000000   43.252651206
    2.400000000   44.149257532
    2.450000000   43.763740993
    2.500000000   43.714070469
    2.550000000   44.058068449
    2.600000000   44.186630812
    2.650000000   44.224556098
    2.700000000   44.357912304
    2.750000000   44.249681383
    2.800000000   44.140332940
    2.850000000   44.525912053
    2.900000000   44.571359413
    2.950000000   44.669899662
    3.000000000   44.678761796
    3.050000000   44.979852794
    3.100000000   45.033533106
    3.150000000   45.043509832
    3.200000000   45.224574999
    3.250000000   45.112327123
    3.300000000   45.394272429
    3.350000000   45.616485230
    3.400000000   45.766390529
    3.450000000   46.069002711
    3.500000000   46.222182690
    3.550000000   46.488388421
    3.600000000   46.948071198
    3.650000000   47.608488666
    3.700000000   47.819776807
    3.750000000   48.490917997
    3.800000000   49.521610189
    3.850000000   51.226996272
    3.900000000   53.180531347
    3.950000000   56.059919457
    4.000000000   59.719746416
    4.050000000   64.753287624
    4.100000000   71.329321929
    4.150000000   79.909932089
    4.200000000   90.843178052
    4.250000000  102.567114389
    4.300000000  118.505009678
    4.350000000  123.852480168
    4.400000000  123.947284071
    4.450000000  123.952774985
    4.500000000  123.953023178
    4.550000000  123.953023178
    4.600000000  123.953023178
    4.650000000  123.953023178
    4.700000000  123.953023178
    4.750000000  123.953023178
    4.800000000  123.953023178
    4.850000000  123.953023178
    4.900000000  123.953023178
    4.950000000  123.953023178
    5.000000000  123.953023178
