#! FIELDS dist1 projection
#! SET min_dist1 0
#! SET max_dist1 5
#! SET nbins_dist1  101
#! SET periodic_dist1 false
    0.000000000   49.890266882
    0.050000000   19.974386643
    0.100000000   11.414561050
    0.150000000    0.000000000
    0.200000000    1.085046585
    0.250000000    3.793002558
    0.300000000    4.149194428
    0.350000000    7.590430727
    0.400000000    9.954675139
    0.450000000   14.620959799
    0.500000000   14.629925004
    0.550000000   18.401525898
    0.600000000   17.821100162
    0.650000000   23.106332190
    0.700000000   28.358198138
    0.750000000   29.893075346
    0.800000000   29.331108096
    0.850000000   29.601925294
    0.900000000   19.403061364
    0.950000000   25.544788640
    1.000000000   19.113394469
    1.050000000   23.844213053
    1.100000000   25.487535468
    1.150000000   29.183597155
    1.200000000   30.023507272
    1.250000000   32.967390566
    1.300000000   32.768253354
    1.350000000   33.741530655
    1.400000000   33.046662533
    1.450000000   33.599103226
    1.500000000   32.343322205
    1.550000000   32.891752157
    1.600000000   32.386253077
    1.650000000   32.424280279
    1.700000000   33.528584844
    1.750000000   34.632717769
    1.800000000   35.884854436
    1.850000000   37.373720134
    1.900000000   39.164421993
    1.950000000   40.861627801
    2.000000000   41.498314765
    2.050000000   41.150318834
    2.100000000   40.310968501
    2.150000000   39.315564847
    2.200000000   38.752585626
    2.250000000   38.561680730
    2.300000000   39.179241095
    2.350000000   41.193494833
    2.400000000   40.935709476
    2.450000000   40.223483934
    2.500000000   40.437237124
    2.550000000   40.269197128
    2.600000000   40.118860811
    2.650000000   39.972738033
    2.700000000   40.276613389
    2.750000000   40.210258999
    2.800000000   39.925312683
    2.850000000   40.116121838
    2.900000000   40.223108704
    2.950000000   40.350221538
    3.000000000   40.325439202
    3.050000000   40.627620948
    3.100000000   40.788268788
    3.150000000   40.965633910
    3.200000000   41.546215162
    3.250000000   41.480681158
    3.300000000   41.468271894
    3.350000000   41.843791903
    3.400000000   42.271226576
    3.450000000   42.333408441
    3.500000000   42.744354727
    3.550000000   43.267681221
    3.600000000   43.522338364
    3.650000000   44.143661515
    3.700000000   44.609346227
    3.750000000   45.491120717
    3.800000000   46.517994990
    3.850000000   48.061070185
    3.900000000   49.877423294
    3.950000000   52.839755628
    4.000000000   56.661554471
    4.050000000   62.200987970
    4.100000000   68.779058363
    4.150000000   76.566654001
    4.200000000   86.520965790
    4.250000000  100.158883644
    4.300000000  106.921381176
    4.350000000  107.092551663
    4.400000000  107.100641478
    4.450000000  107.101054588
    4.500000000  107.101059692
    4.550000000  107.101059692
    4.600000000  107.101059692
    4.650000000  107.101059692
    4.700000000  107.101059692
    4.750000000  107.101059692
    4.800000000  107.101059692
    4.850000000  107.101059692
    4.900000000  107.101059692
    4.950000000  107.101059692
    5.000000000  107.101059692
