#! FIELDS dist1 projection
#! SET min_dist1 0
#! SET max_dist1 5
#! SET nbins_dist1  101
#! SET periodic_dist1 false
    0.000000000   48.320416423
    0.050000000   17.635221055
    0.100000000   10.662599148
    0.150000000    0.000000000
    0.200000000    2.238262901
    0.250000000    4.988482907
    0.300000000    5.456190816
    0.350000000    8.627099368
    0.400000000   11.133920878
    0.450000000   15.452969782
    0.500000000   15.499146741
    0.550000000   19.408154662
    0.600000000   19.238817800
    0.650000000   25.076926250
    0.700000000   30.668061724
    0.750000000   32.499776700
    0.800000000   31.780493773
    0.850000000   32.139884230
    0.900000000   21.815787810
    0.950000000   28.163321652
    1.000000000   21.773645454
    1.050000000   26.341196586
    1.100000000   27.899301775
    1.150000000   31.586249619
    1.200000000   32.258975796
    1.250000000   35.297613326
    1.300000000   34.907802572
    1.350000000   35.910086397
    1.400000000   35.081158451
    1.450000000   35.293414895
    1.500000000   33.942956529
    1.550000000   34.665018516
    1.600000000   34.207117187
    1.650000000   34.113613719
    1.700000000   35.505958270
    1.750000000   36.810836776
    1.800000000   38.097224439
    1.850000000   39.540968684
    1.900000000   41.237217965
    1.950000000   42.985854026
    2.000000000   43.571043053
    2.050000000   43.177196297
    2.100000000   42.111362158
    2.150000000   40.817478094
    2.200000000   40.051447682
    2.250000000   39.746463862
    2.300000000   40.509999797
    2.350000000   42.864773352
    2.400000000   42.868551063
    2.450000000   42.136906142
    2.500000000   42.469741267
    2.550000000   42.631865029
    2.600000000   42.614677940
    2.650000000   42.501098440
    2.700000000   42.579366856
    2.750000000   42.616262719
    2.800000000   42.711574197
    2.850000000   43.025898468
    2.900000000   43.179047889
    2.950000000   43.371484405
    3.000000000   43.132044518
    3.050000000   43.295641746
    3.100000000   43.342314836
    3.150000000   43.331337434
    3.200000000   43.792011169
    3.250000000   43.675648684
    3.300000000   43.751931085
    3.350000000   43.891322915
    3.400000000   43.949310917
    3.450000000   44.118573009
    3.500000000   44.621760254
    3.550000000   45.183318935
    3.600000000   45.357550949
    3.650000000   46.039634009
    3.700000000   46.737486744
    3.750000000   47.513355186
    3.800000000   48.622129222
    3.850000000   50.385136734
    3.900000000   52.289249944
    3.950000000   55.424369268
    4.000000000   59.224348410
    4.050000000   64.581012500
    4.100000000   70.762006115
    4.150000000   78.594324229
    4.200000000   88.816438553
    4.250000000  102.205150067
    4.300000000  112.309488650
    4.350000000  112.694235828
    4.400000000  112.707103890
    4.450000000  112.707823277
    4.500000000  112.707835673
    4.550000000  112.707835673
    4.600000000  112.707835673
    4.650000000  112.707835673
    4.700000000  112.707835673
    4.750000000  112.707835673
    4.800000000  112.707835673
    4.850000000  112.707835673
    4.900000000  112.707835673
    4.950000000  112.707835673
    5.000000000  112.707835673
