#! FIELDS dist1 projection
#! SET min_dist1 0
#! SET max_dist1 5
#! SET nbins_dist1  101
#! SET periodic_dist1 false
    0.000000000   45.671973335
    0.050000000   19.655991311
    0.100000000   12.111376280
    0.150000000    0.489746885
    0.200000000    0.000000000
    0.250000000    3.406642542
    0.300000000    3.742290900
    0.350000000    8.800096073
    0.400000000   12.739287457
    0.450000000   17.112839869
    0.500000000   17.683728778
    0.550000000   21.661951883
    0.600000000   21.032102927
    0.650000000   25.497459682
    0.700000000   30.739319469
    0.750000000   32.904723080
    0.800000000   30.947075517
    0.850000000   29.964757035
    0.900000000   21.426819217
    0.950000000   26.082415007
    1.000000000   22.054578942
    1.050000000   26.896142122
    1.100000000   28.000808471
    1.150000000   31.266181004
    1.200000000   32.861923719
    1.250000000   35.006424852
    1.300000000   35.905366332
    1.350000000   36.258410483
    1.400000000   36.093864564
    1.450000000   36.560607263
    1.500000000   36.024487183
    1.550000000   36.204287570
    1.600000000   35.730580050
    1.650000000   36.468775516
    1.700000000   37.735823023
    1.750000000   37.913235397
    1.800000000   38.899259463
    1.850000000   40.418027438
    1.900000000   41.403034278
    1.950000000   41.660724627
    2.000000000   41.688350968
    2.050000000   40.756649591
    2.100000000   40.408393619
    2.150000000   40.114637497
    2.200000000   39.809837224
    2.250000000   40.233638106
    2.300000000   40.815564077
    2.350000000   41.574895226
    2.400000000   41.175652644
    2.450000000   40.603966086
    2.500000000   40.515105650
    2.550000000   40.529175763
    2.600000000   40.947012050
    2.650000000   40.479620664
    2.700000000   41.116238826
    2.750000000   41.291620568
    2.800000000   41.027289180
    2.850000000   41.055851517
    2.900000000   40.826996549
    2.950000000   41.330390038
    3.000000000   41.418263696
    3.050000000   41.367263966
    3.100000000   41.182351011
    3.150000000   40.812402007
    3.200000000   40.722755814
    3.250000000   40.699272463
    3.300000000   41.086798376
    3.350000000   41.107331416
    3.400000000   40.969777846
    3.450000000   41.049070747
    3.500000000   41.245149404
    3.550000000   41.771440809
    3.600000000   41.645794836
    3.650000000   42.201473471
    3.700000000   42.591811625
    3.750000000   43.470583848
    3.800000000   44.389292482
    3.850000000   46.134936099
    3.900000000   48.471980443
    3.950000000   51.183628824
    4.000000000   54.370426259
    4.050000000   59.769873980
    4.100000000   65.810756770
    4.150000000   74.435986412
    4.200000000   82.653950118
    4.250000000   83.866462576
    4.300000000   83.915350783
    4.350000000   83.919213306
    4.400000000   83.919371145
    4.450000000   83.919371145
    4.500000000   83.919371145
    4.550000000   83.919371145
    4.600000000   83.919371145
    4.650000000   83.919371145
    4.700000000   83.919371145
    4.750000000   83.919371145
    4.800000000   83.919371145
    4.850000000   83.919371145
    4.900000000   83.919371145
    4.950000000   83.919371145
    5.000000000   83.919371145
