#! FIELDS dist1 projection
#! SET min_dist1 0
#! SET max_dist1 5
#! SET nbins_dist1  101
#! SET periodic_dist1 false
    0.000000000   51.012535392
    0.050000000   18.146997362
    0.100000000   10.024872039
    0.150000000    0.000000000
    0.200000000    2.585039126
    0.250000000    5.092133148
    0.300000000    5.675832003
    0.350000000    8.819557981
    0.400000000   11.459251153
    0.450000000   15.875788885
    0.500000000   16.503515965
    0.550000000   20.572523302
    0.600000000   20.264828982
    0.650000000   25.790633834
    0.700000000   31.509924947
    0.750000000   33.371761519
    0.800000000   32.974602358
    0.850000000   33.289372023
    0.900000000   23.157390330
    0.950000000   29.561423426
    1.000000000   22.790968202
    1.050000000   27.653991220
    1.100000000   29.060195552
    1.150000000   33.555443927
    1.200000000   33.881099344
    1.250000000   37.478738398
    1.300000000   36.842889181
    1.350000000   37.877653997
    1.400000000   37.059238680
    1.450000000   37.224851843
    1.500000000   35.772709235
    1.550000000   36.432664357
    1.600000000   35.695272395
    1.650000000   35.338374654
    1.700000000   37.009817667
    1.750000000   38.226849863
    1.800000000   39.336653110
    1.850000000   40.887011525
    1.900000000   43.180961557
    1.950000000   45.592272031
    2.000000000   46.474207028
    2.050000000   46.110500598
    2.100000000   45.028920656
    2.150000000   43.733921272
    2.200000000   42.838986887
    2.250000000   42.560478047
    2.300000000   43.445314126
    2.350000000   45.836327898
    2.400000000   46.554786842
    2.450000000   45.943700945
    2.500000000   45.907117816
    2.550000000   46.251176058
    2.600000000   46.421415915
    2.650000000   46.370859569
    2.700000000   46.382378198
    2.750000000   46.432598306
    2.800000000   46.452154518
    2.850000000   46.597531777
    2.900000000   46.724474862
    2.950000000   47.075838910
    3.000000000   46.956906445
    3.050000000   47.199229228
    3.100000000   47.179832321
    3.150000000   47.211163416
    3.200000000   47.659357819
    3.250000000   47.717535528
    3.300000000   48.008738233
    3.350000000   48.150458523
    3.400000000   48.123545812
    3.450000000   48.377862565
    3.500000000   48.934450272
    3.550000000   49.223424759
    3.600000000   49.340365490
    3.650000000   50.106655316
    3.700000000   50.636844107
    3.750000000   51.260892415
    3.800000000   52.450822240
    3.850000000   54.082949280
    3.900000000   55.747280924
    3.950000000   58.614308950
    4.000000000   62.214028570
    4.050000000   67.091701355
    4.100000000   73.528797404
    4.150000000   82.258568017
    4.200000000   92.912000475
    4.250000000  105.129288025
    4.300000000  119.825987284
    4.350000000  122.023249981
    4.400000000  122.062421646
    4.450000000  122.064720358
    4.500000000  122.064780699
    4.550000000  122.064780699
    4.600000000  122.064780699
    4.650000000  122.064780699
    4.700000000  122.064780699
    4.750000000  122.064780699
    4.800000000  122.064780699
    4.850000000  122.064780699
    4.900000000  122.064780699
    4.950000000  122.064780699
    5.000000000  122.064780699
