#! FIELDS dist1 projection
#! SET min_dist1 0
#! SET max_dist1 5
#! SET nbins_dist1  101
#! SET periodic_dist1 false
    0.000000000   47.345306366
    0.050000000   21.021681526
    0.100000000   11.854946958
    0.150000000    0.000000000
    0.200000000    0.381104636
    0.250000000    3.475229013
    0.300000000    4.078980577
    0.350000000    9.078960344
    0.400000000   12.705766115
    0.450000000   17.057242399
    0.500000000   17.819427994
    0.550000000   21.651252725
    0.600000000   21.644488039
    0.650000000   26.193366986
    0.700000000   31.401533641
    0.750000000   34.495045499
    0.800000000   30.845812814
    0.850000000   28.784937441
    0.900000000   19.746878562
    0.950000000   24.148284815
    1.000000000   20.346935330
    1.050000000   25.653857310
    1.100000000   26.537400447
    1.150000000   29.985583442
    1.200000000   31.624185174
    1.250000000   34.016857466
    1.300000000   34.823968485
    1.350000000   34.934767257
    1.400000000   34.663447273
    1.450000000   35.314462176
    1.500000000   34.722768564
    1.550000000   34.611833054
    1.600000000   34.076518366
    1.650000000   34.938902326
    1.700000000   36.370170821
    1.750000000   36.684102693
    1.800000000   37.662501160
    1.850000000   38.900224210
    1.900000000   39.851388560
    1.950000000   40.318332530
    2.000000000   40.570195211
    2.050000000   39.816230713
    2.100000000   39.509523457
    2.150000000   39.216472142
    2.200000000   38.899177864
    2.250000000   39.440343861
    2.300000000   40.304085414
    2.350000000   40.993055787
    2.400000000   40.825167429
    2.450000000   40.492784614
    2.500000000   40.309483824
    2.550000000   40.318213938
    2.600000000   41.374210290
    2.650000000   41.388435538
    2.700000000   41.343697294
    2.750000000   41.807517388
    2.800000000   42.093544097
    2.850000000   41.566285408
    2.900000000   41.030992791
    2.950000000   41.570306279
    3.000000000   41.568912310
    3.050000000   41.140643989
    3.100000000   40.903680675
    3.150000000   41.202546974
    3.200000000   41.666496128
    3.250000000   41.744126562
    3.300000000   41.770619993
    3.350000000   42.220633997
    3.400000000   42.202087108
    3.450000000   42.351220100
    3.500000000   43.074986797
    3.550000000   43.656298159
    3.600000000   43.340126253
    3.650000000   43.457006337
    3.700000000   43.678914795
    3.750000000   44.969401484
    3.800000000   45.850214347
    3.850000000   47.294164338
    3.900000000   49.197176123
    3.950000000   52.096174590
    4.000000000   56.008332090
    4.050000000   61.291651616
    4.100000000   66.602952515
    4.150000000   74.694659680
    4.200000000   79.413093021
    4.250000000   79.749491099
    4.300000000   79.772128548
    4.350000000   79.774467065
    4.400000000   79.774575047
    4.450000000   79.774575047
    4.500000000   79.774575047
    4.550000000   79.774575047
    4.600000000   79.774575047
    4.650000000   79.774575047
    4.700000000   79.774575047
    4.750000000   79.774575047
    4.800000000   79.774575047
    4.850000000   79.774575047
    4.900000000   79.774575047
    4.950000000   79.774575047
    5.000000000   79.774575047
