#! FIELDS dist1 projection
#! SET min_dist1 0
#! SET max_dist1 5
#! SET nbins_dist1  101
#! SET periodic_dist1 false
    0.000000000   50.558191114
    0.050000000   16.983028765
    0.100000000    9.206732698
    0.150000000    0.000000000
    0.200000000    3.217289846
    0.250000000    5.144137575
    0.300000000    5.893794528
    0.350000000    8.644772901
    0.400000000   11.246920468
    0.450000000   15.397503178
    0.500000000   15.952601569
    0.550000000   19.872575375
    0.600000000   19.583290202
    0.650000000   24.908804358
    0.700000000   30.583050050
    0.750000000   32.632503318
    0.800000000   31.820566638
    0.850000000   32.317511239
    0.900000000   20.977461569
    0.950000000   27.490102385
    1.000000000   21.032695593
    1.050000000   26.380425659
    1.100000000   28.095316783
    1.150000000   32.948198831
    1.200000000   32.856481763
    1.250000000   36.545911066
    1.300000000   35.519549270
    1.350000000   36.277292971
    1.400000000   35.175794103
    1.450000000   34.757008752
    1.500000000   32.880686014
    1.550000000   33.240405422
    1.600000000   32.441079434
    1.650000000   31.444167497
    1.700000000   33.144299912
    1.750000000   34.475863862
    1.800000000   35.573838987
    1.850000000   37.603887188
    1.900000000   40.437968123
    1.950000000   43.090679910
    2.000000000   44.387882742
    2.050000000   44.406900907
    2.100000000   43.261777566
    2.150000000   41.585085285
    2.200000000   40.314167193
    2.250000000   39.899109027
    2.300000000   40.988760811
    2.350000000   43.456490453
    2.400000000   44.552541608
    2.450000000   44.046746066
    2.500000000   43.901295984
    2.550000000   44.349365533
    2.600000000   44.743706787
    2.650000000   44.888668153
    2.700000000   44.710142670
    2.750000000   44.549393246
    2.800000000   44.666575174
    2.850000000   44.894229956
    2.900000000   44.902996741
    2.950000000   45.216951104
    3.000000000   45.260983183
    3.050000000   45.459141904
    3.100000000   45.333190859
    3.150000000   45.418939883
    3.200000000   45.870256735
    3.250000000   46.007071543
    3.300000000   46.133071511
    3.350000000   46.327943288
    3.400000000   46.560401579
    3.450000000   46.798070279
    3.500000000   46.973442629
    3.550000000   47.571907930
    3.600000000   48.068785498
    3.650000000   48.652619483
    3.700000000   49.000274699
    3.750000000   49.622650345
    3.800000000   50.631530885
    3.850000000   52.301238353
    3.900000000   54.201794937
    3.950000000   57.104697416
    4.000000000   60.861121312
    4.050000000   65.822083150
    4.100000000   72.251870272
    4.150000000   80.398849988
    4.200000000   90.933826734
    4.250000000  102.342473572
    4.300000000  118.617168499
    4.350000000  128.419092861
    4.400000000  128.719876819
    4.450000000  128.731552199
    4.500000000  128.732116562
    4.550000000  128.732119171
    4.600000000  128.732119171
    4.650000000  128.732119171
    4.700000000  128.732119171
    4.750000000  128.732119171
    4.800000000  128.732119171
    4.850000000  128.732119171
    4.900000000  128.732119171
    4.950000000  128.732119171
    5.000000000  128.732119171
