#! FIELDS dist1 projection
#! SET min_dist1 0
#! SET max_dist1 5
#! SET nbins_dist1  101
#! SET periodic_dist1 false
    0.000000000   47.728539818
    0.050000000   17.846192203
    0.100000000   10.946872910
    0.150000000    0.000000000
    0.200000000    1.881220467
    0.250000000    4.580328593
    0.300000000    5.297153692
    0.350000000    8.932266132
    0.400000000   11.275372957
    0.450000000   15.823102628
    0.500000000   15.313675513
    0.550000000   19.189210397
    0.600000000   18.927256452
    0.650000000   24.178777407
    0.700000000   29.290076747
    0.750000000   30.921346555
    0.800000000   30.598129200
    0.850000000   31.069785800
    0.900000000   21.220474694
    0.950000000   27.006221655
    1.000000000   20.664710204
    1.050000000   25.167701864
    1.100000000   26.896053327
    1.150000000   30.462644765
    1.200000000   31.375586237
    1.250000000   34.234087979
    1.300000000   34.060047083
    1.350000000   34.829970581
    1.400000000   34.146244442
    1.450000000   34.397575486
    1.500000000   33.133971972
    1.550000000   33.809030891
    1.600000000   33.420864113
    1.650000000   33.432266261
    1.700000000   34.703741585
    1.750000000   35.848294842
    1.800000000   37.061811646
    1.850000000   38.474390407
    1.900000000   40.181867021
    1.950000000   41.950032965
    2.000000000   42.489932739
    2.050000000   41.992181221
    2.100000000   40.857523903
    2.150000000   39.562956725
    2.200000000   38.878305018
    2.250000000   38.641147058
    2.300000000   39.384787917
    2.350000000   41.437771517
    2.400000000   41.198694917
    2.450000000   40.442818838
    2.500000000   40.878883561
    2.550000000   41.136079995
    2.600000000   41.018235890
    2.650000000   40.795482930
    2.700000000   40.948403270
    2.750000000   41.015655016
    2.800000000   41.020155319
    2.850000000   41.269874924
    2.900000000   41.339701953
    2.950000000   41.370537413
    3.000000000   41.127954006
    3.050000000   41.304229974
    3.100000000   41.389146547
    3.150000000   41.554034549
    3.200000000   42.042405743
    3.250000000   41.894225815
    3.300000000   41.917668911
    3.350000000   42.131789748
    3.400000000   42.444172281
    3.450000000   42.702525514
    3.500000000   43.157973637
    3.550000000   43.681818849
    3.600000000   43.874327982
    3.650000000   44.547507097
    3.700000000   45.221969561
    3.750000000   46.062157638
    3.800000000   47.149377413
    3.850000000   48.799111890
    3.900000000   50.716853658
    3.950000000   53.779943159
    4.000000000   57.421712032
    4.050000000   62.807553282
    4.100000000   68.978749609
    4.150000000   76.831724744
    4.200000000   87.150545120
    4.250000000  100.756397762
    4.300000000  109.953043236
    4.350000000  110.257176266
    4.400000000  110.268834757
    4.450000000  110.269515363
    4.500000000  110.269527758
    4.550000000  110.269527758
    4.600000000  110.269527758
    4.650000000  110.269527758
    4.700000000  110.269527758
    4.750000000  110.269527758
    4.800000000  110.269527758
    4.850000000  110.269527758
    4.900000000  110.269527758
    4.950000000  110.269527758
    5.000000000  110.269527758
