#! FIELDS dist1 projection
#! SET min_dist1 0
#! SET max_dist1 5
#! SET nbins_dist1  101
#! SET periodic_dist1 false
    0.000000000   45.801439310
    0.050000000   18.383655836
    0.100000000   11.986587298
    0.150000000    0.000000000
    0.200000000    0.427359692
    0.250000000    3.987969697
    0.300000000    4.278301293
    0.350000000    8.800526878
    0.400000000   12.711574620
    0.450000000   17.329813354
    0.500000000   18.080807046
    0.550000000   21.509536986
    0.600000000   21.077144848
    0.650000000   25.379770862
    0.700000000   30.734375309
    0.750000000   32.683753539
    0.800000000   31.256067545
    0.850000000   30.828984203
    0.900000000   21.283727126
    0.950000000   26.654794878
    1.000000000   21.073498231
    1.050000000   25.729137803
    1.100000000   26.528074867
    1.150000000   30.023872617
    1.200000000   31.482180314
    1.250000000   34.246783666
    1.300000000   34.367726706
    1.350000000   35.190926059
    1.400000000   34.665306178
    1.450000000   35.066406604
    1.500000000   34.031783597
    1.550000000   34.708037637
    1.600000000   34.274059617
    1.650000000   34.471096019
    1.700000000   35.892842026
    1.750000000   36.860643978
    1.800000000   37.593007397
    1.850000000   38.442396717
    1.900000000   40.033006536
    1.950000000   41.590215183
    2.000000000   42.189532665
    2.050000000   42.363904155
    2.100000000   42.005543974
    2.150000000   40.978082943
    2.200000000   40.321347878
    2.250000000   40.720521420
    2.300000000   41.646603932
    2.350000000   42.940022526
    2.400000000   42.862331399
    2.450000000   42.651425562
    2.500000000   42.775672453
    2.550000000   42.826952086
    2.600000000   43.262156272
    2.650000000   43.127157544
    2.700000000   43.355529819
    2.750000000   43.233878461
    2.800000000   43.262552656
    2.850000000   43.850921650
    2.900000000   43.887990905
    2.950000000   43.972342114
    3.000000000   43.949430558
    3.050000000   44.318035336
    3.100000000   44.518259465
    3.150000000   44.584247982
    3.200000000   45.036795022
    3.250000000   44.936454506
    3.300000000   45.407644945
    3.350000000   46.036862950
    3.400000000   46.187416823
    3.450000000   45.913330371
    3.500000000   46.339672326
    3.550000000   47.125147076
    3.600000000   46.944049586
    3.650000000   47.566693466
    3.700000000   47.874327513
    3.750000000   48.667643432
    3.800000000   49.673799269
    3.850000000   51.078351380
    3.900000000   53.137110597
    3.950000000   56.429052014
    4.000000000   59.565705046
    4.050000000   64.970599856
    4.100000000   71.271396572
    4.150000000   79.064457517
    4.200000000   89.051638380
    4.250000000   96.617474449
    4.300000000   97.043911651
    4.350000000   97.057923745
    4.400000000   97.058511300
    4.450000000   97.058511300
    4.500000000   97.058511300
    4.550000000   97.058511300
    4.600000000   97.058511300
    4.650000000   97.058511300
    4.700000000   97.058511300
    4.750000000   97.058511300
    4.800000000   97.058511300
    4.850000000   97.058511300
    4.900000000   97.058511300
    4.950000000   97.058511300
    5.000000000   97.058511300
