#! FIELDS dist1 projection
#! SET min_dist1 0
#! SET max_dist1 5
#! SET nbins_dist1  101
#! SET periodic_dist1 false
    0.000000000   43.813746299
    0.050000000   18.273170552
    0.100000000   10.923033573
    0.150000000    0.000000000
    0.200000000    0.615010553
    0.250000000    4.015787676
    0.300000000    4.466703888
    0.350000000    9.403891412
    0.400000000   13.552813185
    0.450000000   17.991014421
    0.500000000   18.842527470
    0.550000000   22.612086998
    0.600000000   22.026501471
    0.650000000   26.365697628
    0.700000000   31.566860596
    0.750000000   34.358182080
    0.800000000   31.755237207
    0.850000000   29.960053291
    0.900000000   21.007019860
    0.950000000   25.296347458
    1.000000000   21.385299101
    1.050000000   25.845987994
    1.100000000   27.211673633
    1.150000000   30.546907508
    1.200000000   32.395888852
    1.250000000   34.514377850
    1.300000000   35.354213995
    1.350000000   35.483875064
    1.400000000   35.328218669
    1.450000000   35.826884805
    1.500000000   35.285530932
    1.550000000   35.379642670
    1.600000000   34.943321411
    1.650000000   35.687654902
    1.700000000   36.848600300
    1.750000000   37.252623261
    1.800000000   38.334125026
    1.850000000   39.632825630
    1.900000000   40.421523238
    1.950000000   40.709915233
    2.000000000   41.034145670
    2.050000000   40.295377773
    2.100000000   40.135173085
    2.150000000   39.798246078
    2.200000000   39.285661541
    2.250000000   39.739950107
    2.300000000   40.603917512
    2.350000000   41.506831009
    2.400000000   41.455485401
    2.450000000   41.134163276
    2.500000000   40.908459332
    2.550000000   40.491264821
    2.600000000   40.793435868
    2.650000000   40.206698041
    2.700000000   40.323661241
    2.750000000   40.549249662
    2.800000000   40.740174537
    2.850000000   40.562345379
    2.900000000   40.198606058
    2.950000000   40.638361195
    3.000000000   40.483533574
    3.050000000   40.357664523
    3.100000000   40.218318108
    3.150000000   40.272799992
    3.200000000   40.622354426
    3.250000000   40.622933399
    3.300000000   40.667513552
    3.350000000   40.732411984
    3.400000000   40.642054352
    3.450000000   40.879175653
    3.500000000   41.339104645
    3.550000000   41.841436216
    3.600000000   41.831915834
    3.650000000   42.519380636
    3.700000000   43.069685188
    3.750000000   44.593506955
    3.800000000   45.896954775
    3.850000000   47.440786344
    3.900000000   49.520421189
    3.950000000   52.607184458
    4.000000000   56.491648364
    4.050000000   61.929012523
    4.100000000   67.152087783
    4.150000000   75.185421110
    4.200000000   80.719212409
    4.250000000   81.125626204
    4.300000000   81.149247289
    4.350000000   81.151601422
    4.400000000   81.151709404
    4.450000000   81.151709404
    4.500000000   81.151709404
    4.550000000   81.151709404
    4.600000000   81.151709404
    4.650000000   81.151709404
    4.700000000   81.151709404
    4.750000000   81.151709404
    4.800000000   81.151709404
    4.850000000   81.151709404
    4.900000000   81.151709404
    4.950000000   81.151709404
    5.000000000   81.151709404
