#! FIELDS dist1 projection
#! SET min_dist1 0
#! SET max_dist1 5
#! SET nbins_dist1  101
#! SET periodic_dist1 false
    0.000000000   50.512770185
    0.050000000   17.219474917
    0.100000000    9.293561028
    0.150000000    0.000000000
    0.200000000    3.027025913
    0.250000000    5.103636459
    0.300000000    5.595807068
    0.350000000    8.364454645
    0.400000000   11.004075379
    0.450000000   15.358741062
    0.500000000   16.422967106
    0.550000000   20.450033300
    0.600000000   19.920233252
    0.650000000   25.196552912
    0.700000000   30.610750650
    0.750000000   32.511187806
    0.800000000   31.831514710
    0.850000000   32.524830333
    0.900000000   21.535898661
    0.950000000   28.264993349
    1.000000000   21.429453988
    1.050000000   26.819526485
    1.100000000   28.180589295
    1.150000000   32.944167069
    1.200000000   32.893812963
    1.250000000   36.791622046
    1.300000000   35.948549061
    1.350000000   36.829412459
    1.400000000   35.870593635
    1.450000000   35.636655778
    1.500000000   33.977050322
    1.550000000   34.441463140
    1.600000000   33.545266410
    1.650000000   32.710138607
    1.700000000   34.419441931
    1.750000000   35.674328270
    1.800000000   36.698035813
    1.850000000   38.727683473
    1.900000000   41.419496997
    1.950000000   43.840503766
    2.000000000   44.922835254
    2.050000000   44.805271610
    2.100000000   43.600878786
    2.150000000   42.019473535
    2.200000000   40.807394384
    2.250000000   40.331840600
    2.300000000   41.459278249
    2.350000000   43.799394461
    2.400000000   44.705025564
    2.450000000   44.188228041
    2.500000000   43.970493593
    2.550000000   44.392201600
    2.600000000   44.739349302
    2.650000000   44.764892248
    2.700000000   44.597252260
    2.750000000   44.495925956
    2.800000000   44.536706396
    2.850000000   44.762568479
    2.900000000   44.706437177
    2.950000000   44.879533811
    3.000000000   44.887526995
    3.050000000   45.222109498
    3.100000000   45.305545647
    3.150000000   45.388973472
    3.200000000   45.756715083
    3.250000000   45.692072763
    3.300000000   45.776178699
    3.350000000   46.030200276
    3.400000000   46.249931510
    3.450000000   46.396116947
    3.500000000   46.419884581
    3.550000000   46.736122146
    3.600000000   47.323175672
    3.650000000   48.004490130
    3.700000000   48.303994092
    3.750000000   48.937711548
    3.800000000   49.946095995
    3.850000000   51.686889792
    3.900000000   53.709027288
    3.950000000   56.727053585
    4.000000000   60.479209120
    4.050000000   65.484821437
    4.100000000   71.925218056
    4.150000000   80.247651506
    4.200000000   91.014865616
    4.250000000  102.884854133
    4.300000000  119.514438979
    4.350000000  126.419978323
    4.400000000  126.569353464
    4.450000000  126.577702752
    4.500000000  126.578140075
    4.550000000  126.578142683
    4.600000000  126.578142683
    4.650000000  126.578142683
    4.700000000  126.578142683
    4.750000000  126.578142683
    4.800000000  126.578142683
    4.850000000  126.578142683
    4.900000000  126.578142683
    4.950000000  126.578142683
    5.000000000  126.578142683
