#! FIELDS dist1 projection
#! SET min_dist1 0
#! SET max_dist1 5
#! SET nbins_dist1  101
#! SET periodic_dist1 false
    0.000000000   50.825794307
    0.050000000   17.859695821
    0.100000000    9.622314490
    0.150000000    0.000000000
    0.200000000    2.830829420
    0.250000000    4.975269395
    0.300000000    5.492027293
    0.350000000    8.369956829
    0.400000000   10.814222867
    0.450000000   15.157347893
    0.500000000   15.957594349
    0.550000000   19.970339471
    0.600000000   19.440144722
    0.650000000   24.816163124
    0.700000000   30.287968974
    0.750000000   32.063997633
    0.800000000   31.598905430
    0.850000000   32.123603049
    0.900000000   21.666124206
    0.950000000   28.297611546
    1.000000000   21.562358757
    1.050000000   26.718709364
    1.100000000   28.116204021
    1.150000000   32.695832206
    1.200000000   32.823860775
    1.250000000   36.486110157
    1.300000000   35.680033469
    1.350000000   36.607640061
    1.400000000   35.667476561
    1.450000000   35.457362313
    1.500000000   33.764768516
    1.550000000   34.240412862
    1.600000000   33.324589795
    1.650000000   32.569358414
    1.700000000   34.245289487
    1.750000000   35.458462736
    1.800000000   36.525735450
    1.850000000   38.498397854
    1.900000000   41.257787928
    1.950000000   43.813109763
    2.000000000   44.789762999
    2.050000000   44.605746047
    2.100000000   43.561634650
    2.150000000   42.094659090
    2.200000000   40.880166338
    2.250000000   40.372809390
    2.300000000   41.374615099
    2.350000000   43.713687700
    2.400000000   44.603978706
    2.450000000   44.159883553
    2.500000000   44.017409134
    2.550000000   44.298459880
    2.600000000   44.462376105
    2.650000000   44.417170044
    2.700000000   44.420209496
    2.750000000   44.330007602
    2.800000000   44.300414687
    2.850000000   44.606107692
    2.900000000   44.603797493
    2.950000000   44.695913295
    3.000000000   44.624886624
    3.050000000   44.978342172
    3.100000000   45.064426968
    3.150000000   45.037453525
    3.200000000   45.329726724
    3.250000000   45.266939817
    3.300000000   45.454744787
    3.350000000   45.585585273
    3.400000000   45.688560343
    3.450000000   45.951044106
    3.500000000   46.055897016
    3.550000000   46.320885445
    3.600000000   46.899144089
    3.650000000   47.583125794
    3.700000000   47.831904128
    3.750000000   48.463161132
    3.800000000   49.335187697
    3.850000000   50.860651223
    3.900000000   52.834581933
    3.950000000   55.877406824
    4.000000000   59.675538213
    4.050000000   64.670818175
    4.100000000   71.160212912
    4.150000000   79.720696757
    4.200000000   90.463701828
    4.250000000  102.157281164
    4.300000000  118.477036440
    4.350000000  124.569951097
    4.400000000  124.692964056
    4.450000000  124.700272616
    4.500000000  124.700654906
    4.550000000  124.700657514
    4.600000000  124.700657514
    4.650000000  124.700657514
    4.700000000  124.700657514
    4.750000000  124.700657514
    4.800000000  124.700657514
    4.850000000  124.700657514
    4.900000000  124.700657514
    4.950000000  124.700657514
    5.000000000  124.700657514
