#! FIELDS dist1 projection
#! SET min_dist1 0
#! SET max_dist1 5
#! SET nbins_dist1  101
#! SET periodic_dist1 false
    0.000000000   51.122471589
    0.050000000   16.578083018
    0.100000000    8.623848824
    0.150000000    0.000000000
    0.200000000    3.489246831
    0.250000000    4.999731047
    0.300000000    5.651839237
    0.350000000    8.198241517
    0.400000000   10.774190219
    0.450000000   14.817333259
    0.500000000   15.871243085
    0.550000000   19.835850905
    0.600000000   19.522414628
    0.650000000   24.860905572
    0.700000000   30.443163551
    0.750000000   32.387002002
    0.800000000   31.452243384
    0.850000000   32.340220732
    0.900000000   21.197302327
    0.950000000   27.458858149
    1.000000000   21.138352774
    1.050000000   26.410986875
    1.100000000   28.349385322
    1.150000000   33.389235489
    1.200000000   33.283625358
    1.250000000   36.747115590
    1.300000000   35.737604484
    1.350000000   36.362063947
    1.400000000   35.450085464
    1.450000000   35.211324563
    1.500000000   33.305433762
    1.550000000   33.762116218
    1.600000000   33.174290202
    1.650000000   32.253130385
    1.700000000   33.702294134
    1.750000000   34.921451138
    1.800000000   36.196531850
    1.850000000   38.382049226
    1.900000000   41.318697844
    1.950000000   44.024558552
    2.000000000   45.263092788
    2.050000000   45.222090450
    2.100000000   44.064387175
    2.150000000   42.218487495
    2.200000000   40.789846425
    2.250000000   40.094886529
    2.300000000   40.833308800
    2.350000000   43.350534239
    2.400000000   44.882620497
    2.450000000   44.379346177
    2.500000000   43.884949069
    2.550000000   44.188338973
    2.600000000   44.475459959
    2.650000000   44.441983174
    2.700000000   44.281060353
    2.750000000   44.211124493
    2.800000000   44.323081544
    2.850000000   44.538221244
    2.900000000   44.524452481
    2.950000000   44.769700568
    3.000000000   44.632638498
    3.050000000   44.836365934
    3.100000000   44.862033025
    3.150000000   44.841492493
    3.200000000   45.111262200
    3.250000000   45.017831024
    3.300000000   45.009745139
    3.350000000   45.213254324
    3.400000000   45.434325360
    3.450000000   45.682630478
    3.500000000   45.811865438
    3.550000000   46.263223541
    3.600000000   46.734194323
    3.650000000   47.383205842
    3.700000000   47.802494261
    3.750000000   48.659373825
    3.800000000   49.849759201
    3.850000000   51.595525542
    3.900000000   53.593485481
    3.950000000   56.389051379
    4.000000000   60.267903846
    4.050000000   65.372967785
    4.100000000   71.830681046
    4.150000000   79.934727577
    4.200000000   90.531850975
    4.250000000  102.237042889
    4.300000000  118.762944653
    4.350000000  131.701772430
    4.400000000  132.308141405
    4.450000000  132.325209458
    4.500000000  132.326110569
    4.550000000  132.326121745
    4.600000000  132.326121745
    4.650000000  132.326121745
    4.700000000  132.326121745
    4.750000000  132.326121745
    4.800000000  132.326121745
    4.850000000  132.326121745
    4.900000000  132.326121745
    4.950000000  132.326121745
    5.000000000  132.326121745
