#! FIELDS dist1 projection
#! SET min_dist1 0
#! SET max_dist1 5
#! SET nbins_dist1  101
#! SET periodic_dist1 false
    0.000000000   47.015340908
    0.050000000   20.928551163
    0.100000000   11.780643993
    0.150000000    0.000000000
    0.200000000    0.168773612
    0.250000000    3.145929013
    0.300000000    3.584999064
    0.350000000    8.633700083
    0.400000000   12.337758985
    0.450000000   17.061762144
    0.500000000   18.082501579
    0.550000000   21.769479561
    0.600000000   21.887800317
    0.650000000   26.066641341
    0.700000000   30.956061112
    0.750000000   33.996759108
    0.800000000   30.444248719
    0.850000000   28.503281692
    0.900000000   19.394763336
    0.950000000   23.678917986
    1.000000000   19.904703686
    1.050000000   25.345903087
    1.100000000   26.322717261
    1.150000000   29.908394387
    1.200000000   31.548311655
    1.250000000   33.743943367
    1.300000000   34.612269781
    1.350000000   34.714670186
    1.400000000   34.384323404
    1.450000000   34.924483051
    1.500000000   34.363096050
    1.550000000   34.499368224
    1.600000000   34.102238142
    1.650000000   35.119072851
    1.700000000   36.795025190
    1.750000000   37.086852238
    1.800000000   37.922945915
    1.850000000   39.138859451
    1.900000000   40.007268415
    1.950000000   40.295356215
    2.000000000   40.521803776
    2.050000000   39.902814233
    2.100000000   39.637490957
    2.150000000   39.337534203
    2.200000000   38.939228203
    2.250000000   39.493634499
    2.300000000   40.596632238
    2.350000000   41.422831504
    2.400000000   41.096506322
    2.450000000   40.755135758
    2.500000000   40.906653264
    2.550000000   40.786327400
    2.600000000   41.546491604
    2.650000000   41.588739009
    2.700000000   41.603896002
    2.750000000   41.987709340
    2.800000000   41.940898846
    2.850000000   41.327364144
    2.900000000   40.854881282
    2.950000000   41.450061142
    3.000000000   41.647426957
    3.050000000   41.467865405
    3.100000000   41.327350638
    3.150000000   41.467378287
    3.200000000   41.975947233
    3.250000000   42.390313275
    3.300000000   42.516050028
    3.350000000   42.819328569
    3.400000000   42.767106586
    3.450000000   43.134980742
    3.500000000   43.821312757
    3.550000000   43.891255029
    3.600000000   43.365329231
    3.650000000   43.634748760
    3.700000000   44.133463813
    3.750000000   45.439278533
    3.800000000   46.095367557
    3.850000000   47.828716518
    3.900000000   49.540357002
    3.950000000   51.994506411
    4.000000000   55.932579292
    4.050000000   61.118993404
    4.100000000   66.574728667
    4.150000000   74.692180649
    4.200000000   78.765067539
    4.250000000   79.032280843
    4.300000000   79.051002432
    4.350000000   79.052961289
    4.400000000   79.053054958
    4.450000000   79.053054958
    4.500000000   79.053054958
    4.550000000   79.053054958
    4.600000000   79.053054958
    4.650000000   79.053054958
    4.700000000   79.053054958
    4.750000000   79.053054958
    4.800000000   79.053054958
    4.850000000   79.053054958
    4.900000000   79.053054958
    4.950000000   79.053054958
    5.000000000   79.053054958
