#! FIELDS dist1 projection
#! SET min_dist1 0
#! SET max_dist1 5
#! SET nbins_dist1  101
#! SET periodic_dist1 false
    0.000000000   49.704473986
    0.050000000   18.331889866
    0.100000000   10.814682329
    0.150000000    0.000000000
    0.200000000    1.831461618
    0.250000000    4.572257568
    0.300000000    5.048038020
    0.350000000    8.002051112
    0.400000000   10.409176776
    0.450000000   14.622197759
    0.500000000   14.865854499
    0.550000000   19.239374966
    0.600000000   19.322446474
    0.650000000   24.634494784
    0.700000000   30.456059186
    0.750000000   32.362517868
    0.800000000   32.076486249
    0.850000000   32.549928439
    0.900000000   22.990964983
    0.950000000   29.335114932
    1.000000000   22.920309816
    1.050000000   27.518673050
    1.100000000   29.061917613
    1.150000000   32.751614512
    1.200000000   33.540857113
    1.250000000   36.469319210
    1.300000000   36.114931571
    1.350000000   37.017884261
    1.400000000   36.262453915
    1.450000000   36.322106540
    1.500000000   34.841794101
    1.550000000   35.393632624
    1.600000000   34.615606056
    1.650000000   34.386056693
    1.700000000   36.063909505
    1.750000000   37.436954299
    1.800000000   38.511152930
    1.850000000   40.014599794
    1.900000000   41.964070647
    1.950000000   43.860787813
    2.000000000   44.631645113
    2.050000000   44.306056340
    2.100000000   43.126900432
    2.150000000   41.695176028
    2.200000000   40.794675387
    2.250000000   40.449953778
    2.300000000   41.214988268
    2.350000000   43.334946035
    2.400000000   43.613335410
    2.450000000   43.008386768
    2.500000000   43.101861317
    2.550000000   43.174463387
    2.600000000   43.174413349
    2.650000000   43.160867248
    2.700000000   43.305529653
    2.750000000   43.365396218
    2.800000000   43.348023042
    2.850000000   43.446293772
    2.900000000   43.532984187
    2.950000000   43.779740942
    3.000000000   43.678958844
    3.050000000   43.864851375
    3.100000000   43.855087371
    3.150000000   43.869226905
    3.200000000   44.150762944
    3.250000000   43.942218308
    3.300000000   44.102900280
    3.350000000   44.153511037
    3.400000000   44.012193498
    3.450000000   44.104922117
    3.500000000   44.481735907
    3.550000000   44.772979609
    3.600000000   44.791492427
    3.650000000   45.401829202
    3.700000000   45.853616491
    3.750000000   46.606863611
    3.800000000   47.924650246
    3.850000000   49.728137867
    3.900000000   51.603564780
    3.950000000   54.516326530
    4.000000000   58.289909681
    4.050000000   63.596120250
    4.100000000   70.088442207
    4.150000000   78.455201444
    4.200000000   88.947372889
    4.250000000  101.586912363
    4.300000000  114.424060098
    4.350000000  115.328869389
    4.400000000  115.349116260
    4.450000000  115.350242960
    4.500000000  115.350264443
    4.550000000  115.350264443
    4.600000000  115.350264443
    4.650000000  115.350264443
    4.700000000  115.350264443
    4.750000000  115.350264443
    4.800000000  115.350264443
    4.850000000  115.350264443
    4.900000000  115.350264443
    4.950000000  115.350264443
    5.000000000  115.350264443
