#! FIELDS dist1 projection
#! SET min_dist1 0
#! SET max_dist1 5
#! SET nbins_dist1  101
#! SET periodic_dist1 false
    0.000000000   51.560153075
    0.050000000   18.627863623
    0.100000000   10.191138609
    0.150000000    0.000000000
    0.200000000    2.718598833
    0.250000000    5.090311206
    0.300000000    5.805209070
    0.350000000    8.935525265
    0.400000000   11.435732736
    0.450000000   15.916548145
    0.500000000   16.392063716
    0.550000000   20.349363608
    0.600000000   19.996202166
    0.650000000   25.376703272
    0.700000000   31.048602975
    0.750000000   32.832470142
    0.800000000   32.368530106
    0.850000000   32.538263231
    0.900000000   22.260840831
    0.950000000   28.612647403
    1.000000000   21.953282803
    1.050000000   26.803492484
    1.100000000   28.211026371
    1.150000000   32.558120253
    1.200000000   32.816645368
    1.250000000   36.560036918
    1.300000000   35.867472033
    1.350000000   36.873973140
    1.400000000   36.044345606
    1.450000000   35.909155413
    1.500000000   34.452690928
    1.550000000   34.985577098
    1.600000000   33.943558308
    1.650000000   33.230739240
    1.700000000   35.077749203
    1.750000000   36.352471014
    1.800000000   37.110690284
    1.850000000   38.701543137
    1.900000000   41.411917726
    1.950000000   43.997279957
    2.000000000   44.970808484
    2.050000000   44.818308723
    2.100000000   43.828641752
    2.150000000   42.450930706
    2.200000000   41.641292453
    2.250000000   41.530775212
    2.300000000   42.452841651
    2.350000000   44.783432145
    2.400000000   45.626578801
    2.450000000   45.200874212
    2.500000000   45.168924567
    2.550000000   45.379191689
    2.600000000   45.397359830
    2.650000000   45.364009069
    2.700000000   45.430229595
    2.750000000   45.314456268
    2.800000000   45.302456702
    2.850000000   45.681733484
    2.900000000   45.957743093
    2.950000000   46.249370353
    3.000000000   46.132818887
    3.050000000   46.362424176
    3.100000000   46.283577719
    3.150000000   46.133386476
    3.200000000   46.359547123
    3.250000000   46.342954967
    3.300000000   46.608620464
    3.350000000   46.657492736
    3.400000000   46.734979305
    3.450000000   47.163454921
    3.500000000   47.425885191
    3.550000000   47.660352130
    3.600000000   47.993146296
    3.650000000   48.726436204
    3.700000000   49.193459101
    3.750000000   49.926184074
    3.800000000   51.176846419
    3.850000000   53.012087689
    3.900000000   54.848454973
    3.950000000   57.719829996
    4.000000000   61.315473458
    4.050000000   66.244184213
    4.100000000   72.644266739
    4.150000000   80.767770638
    4.200000000   91.132815042
    4.250000000  103.290841666
    4.300000000  119.224771093
    4.350000000  122.615637680
    4.400000000  122.671684049
    4.450000000  122.675323729
    4.500000000  122.675478767
    4.550000000  122.675478767
    4.600000000  122.675478767
    4.650000000  122.675478767
    4.700000000  122.675478767
    4.750000000  122.675478767
    4.800000000  122.675478767
    4.850000000  122.675478767
    4.900000000  122.675478767
    4.950000000  122.675478767
    5.000000000  122.675478767
