#! FIELDS dist1 projection
#! SET min_dist1 0
#! SET max_dist1 5
#! SET nbins_dist1  101
#! SET periodic_dist1 false
    0.000000000   49.396906253
    0.050000000   20.191980604
    0.100000000   11.718938005
    0.150000000    0.000000000
    0.200000000    0.743238758
    0.250000000    2.983709973
    0.300000000    3.412066722
    0.350000000    7.759880514
    0.400000000   10.739576693
    0.450000000   15.889893289
    0.500000000   16.487747294
    0.550000000   20.685801445
    0.600000000   19.922376431
    0.650000000   24.604198340
    0.700000000   30.304078370
    0.750000000   32.270944957
    0.800000000   32.109034660
    0.850000000   32.135767677
    0.900000000   23.631630328
    0.950000000   29.111361886
    1.000000000   23.351844309
    1.050000000   27.549655587
    1.100000000   29.209054668
    1.150000000   32.371654772
    1.200000000   33.938592594
    1.250000000   36.237268553
    1.300000000   36.450269537
    1.350000000   37.084979168
    1.400000000   36.537374616
    1.450000000   36.556365343
    1.500000000   35.560847608
    1.550000000   35.998662543
    1.600000000   35.421254058
    1.650000000   35.735611726
    1.700000000   37.040846961
    1.750000000   37.657238631
    1.800000000   38.132469056
    1.850000000   39.180324035
    1.900000000   41.054941482
    1.950000000   42.622028415
    2.000000000   42.809919907
    2.050000000   42.348054791
    2.100000000   41.620395863
    2.150000000   40.442625370
    2.200000000   40.108130711
    2.250000000   40.607682474
    2.300000000   41.228188647
    2.350000000   42.670149225
    2.400000000   42.538345393
    2.450000000   42.217509839
    2.500000000   42.081967772
    2.550000000   41.676810743
    2.600000000   41.880311310
    2.650000000   41.744096791
    2.700000000   42.262278097
    2.750000000   42.237626868
    2.800000000   41.878338528
    2.850000000   41.919631627
    2.900000000   41.880246771
    2.950000000   41.864014032
    3.000000000   41.774298397
    3.050000000   42.125971182
    3.100000000   42.296528656
    3.150000000   42.228018956
    3.200000000   42.516304189
    3.250000000   42.547935316
    3.300000000   42.602628413
    3.350000000   42.789886194
    3.400000000   42.947025402
    3.450000000   43.048911695
    3.500000000   43.708724092
    3.550000000   44.289447208
    3.600000000   44.349146668
    3.650000000   45.006182371
    3.700000000   45.388220907
    3.750000000   46.269760244
    3.800000000   47.458917928
    3.850000000   49.076074767
    3.900000000   50.906470261
    3.950000000   53.893716884
    4.000000000   57.293903271
    4.050000000   62.595228075
    4.100000000   69.221126842
    4.150000000   77.326221687
    4.200000000   87.815712719
    4.250000000   99.961291617
    4.300000000  102.285869580
    4.350000000  102.337959688
    4.400000000  102.341421558
    4.450000000  102.341559985
    4.500000000  102.341559985
    4.550000000  102.341559985
    4.600000000  102.341559985
    4.650000000  102.341559985
    4.700000000  102.341559985
    4.750000000  102.341559985
    4.800000000  102.341559985
    4.850000000  102.341559985
    4.900000000  102.341559985
    4.950000000  102.341559985
    5.000000000  102.341559985
