#! FIELDS dist1 projection
#! SET min_dist1 0
#! SET max_dist1 5
#! SET nbins_dist1  101
#! SET periodic_dist1 false
    0.000000000   47.891199887
    0.050000000   17.848253200
    0.100000000   10.924652779
    0.150000000    0.000000000
    0.200000000    1.941428549
    0.250000000    4.685184060
    0.300000000    5.289102840
    0.350000000    8.584077227
    0.400000000   11.133003385
    0.450000000   15.543112264
    0.500000000   15.309927243
    0.550000000   19.233520798
    0.600000000   19.075592471
    0.650000000   24.715180075
    0.700000000   30.044498266
    0.750000000   31.685220520
    0.800000000   31.262946218
    0.850000000   31.650813551
    0.900000000   21.642276962
    0.950000000   27.690435592
    1.000000000   21.289683835
    1.050000000   25.901294242
    1.100000000   27.543838298
    1.150000000   31.159049879
    1.200000000   32.007141139
    1.250000000   35.040629633
    1.300000000   34.810971548
    1.350000000   35.545200561
    1.400000000   34.798126975
    1.450000000   35.057806813
    1.500000000   33.800114361
    1.550000000   34.488908119
    1.600000000   33.980380914
    1.650000000   33.851113030
    1.700000000   35.140665073
    1.750000000   36.378546858
    1.800000000   37.658236961
    1.850000000   39.010011021
    1.900000000   40.557085759
    1.950000000   42.264051269
    2.000000000   42.830686496
    2.050000000   42.337999635
    2.100000000   41.198947643
    2.150000000   39.843531705
    2.200000000   39.030782789
    2.250000000   38.684422540
    2.300000000   39.467963865
    2.350000000   41.798979824
    2.400000000   41.758010109
    2.450000000   41.007254462
    2.500000000   41.452235249
    2.550000000   41.800560200
    2.600000000   41.796291430
    2.650000000   41.572059709
    2.700000000   41.685163690
    2.750000000   41.794023901
    2.800000000   41.888837375
    2.850000000   42.093200467
    2.900000000   42.120554538
    2.950000000   42.216032999
    3.000000000   41.981534048
    3.050000000   42.171800935
    3.100000000   42.277222696
    3.150000000   42.321258559
    3.200000000   42.727401527
    3.250000000   42.655503471
    3.300000000   42.747763403
    3.350000000   42.906720718
    3.400000000   43.113352691
    3.450000000   43.360227469
    3.500000000   43.769221254
    3.550000000   44.283760547
    3.600000000   44.548177257
    3.650000000   45.277891977
    3.700000000   45.907651815
    3.750000000   46.633000904
    3.800000000   47.706211293
    3.850000000   49.408531370
    3.900000000   51.318348158
    3.950000000   54.377252467
    4.000000000   58.074500436
    4.050000000   63.402014502
    4.100000000   69.596782719
    4.150000000   77.564883832
    4.200000000   88.031601443
    4.250000000  101.593793095
    4.300000000  110.979570802
    4.350000000  111.314632104
    4.400000000  111.326988163
    4.450000000  111.327696746
    4.500000000  111.327709141
    4.550000000  111.327709141
    4.600000000  111.327709141
    4.650000000  111.327709141
    4.700000000  111.327709141
    4.750000000  111.327709141
    4.800000000  111.327709141
    4.850000000  111.327709141
    4.900000000  111.327709141
    4.950000000  111.327709141
    5.000000000  111.327709141
