#! FIELDS dist1 projection
#! SET min_dist1 0
#! SET max_dist1 5
#! SET nbins_dist1  101
#! SET periodic_dist1 false
    0.000000000   49.133794753
    0.050000000   20.152000784
    0.100000000   11.799755446
    0.150000000    0.000000000
    0.200000000    0.723808739
    0.250000000    3.168463879
    0.300000000    3.601016736
    0.350000000    7.846972882
    0.400000000   10.709543481
    0.450000000   15.762594562
    0.500000000   16.343393859
    0.550000000   20.671566136
    0.600000000   20.050348885
    0.650000000   24.954400693
    0.700000000   30.481976898
    0.750000000   32.473732183
    0.800000000   32.317991010
    0.850000000   32.206885891
    0.900000000   23.280000880
    0.950000000   28.767023156
    1.000000000   23.005530126
    1.050000000   27.251109177
    1.100000000   28.890584048
    1.150000000   32.041897216
    1.200000000   33.605754242
    1.250000000   35.929223908
    1.300000000   36.131768650
    1.350000000   36.769329577
    1.400000000   36.225095214
    1.450000000   36.261210879
    1.500000000   35.283518774
    1.550000000   35.776506179
    1.600000000   35.210971766
    1.650000000   35.495963523
    1.700000000   36.848790698
    1.750000000   37.569704905
    1.800000000   38.123224020
    1.850000000   39.174091539
    1.900000000   41.034520205
    1.950000000   42.567804669
    2.000000000   42.747442884
    2.050000000   42.232385643
    2.100000000   41.466035973
    2.150000000   40.309209394
    2.200000000   40.010865471
    2.250000000   40.568307428
    2.300000000   41.238066516
    2.350000000   42.669182704
    2.400000000   42.404854014
    2.450000000   41.981705627
    2.500000000   41.795009550
    2.550000000   41.374379137
    2.600000000   41.570434264
    2.650000000   41.401292880
    2.700000000   41.916239093
    2.750000000   41.907632687
    2.800000000   41.541395415
    2.850000000   41.584698436
    2.900000000   41.595671250
    2.950000000   41.660560192
    3.000000000   41.624213394
    3.050000000   41.953442496
    3.100000000   42.157665636
    3.150000000   42.190841708
    3.200000000   42.599577044
    3.250000000   42.599270147
    3.300000000   42.641728124
    3.350000000   42.954855269
    3.400000000   43.308405168
    3.450000000   43.488785981
    3.500000000   44.113128245
    3.550000000   44.824027474
    3.600000000   44.894755387
    3.650000000   45.458159301
    3.700000000   45.860474286
    3.750000000   46.863160866
    3.800000000   48.078162551
    3.850000000   49.493086292
    3.900000000   51.238128202
    3.950000000   54.323907149
    4.000000000   57.731258277
    4.050000000   63.061493107
    4.100000000   69.937304379
    4.150000000   78.354077767
    4.200000000   88.495263727
    4.250000000  100.026947357
    4.300000000  101.946022988
    4.350000000  101.985101288
    4.400000000  101.987200896
    4.450000000  101.987245281
    4.500000000  101.987245281
    4.550000000  101.987245281
    4.600000000  101.987245281
    4.650000000  101.987245281
    4.700000000  101.987245281
    4.750000000  101.987245281
    4.800000000  101.987245281
    4.850000000  101.987245281
    4.900000000  101.987245281
    4.950000000  101.987245281
    5.000000000  101.987245281
