#! FIELDS time d
 0.000000 1.266735
 1.000000 1.270819
 2.000000 1.273192
 3.000000 1.273596
 4.000000 1.271853
 5.000000 1.267834
 6.000000 1.261578
 7.000000 1.253243
 8.000000 1.243305
 9.000000 1.232338
 10.000000 1.221323
 11.000000 1.211492
 12.000000 1.203949
 13.000000 1.199755
 14.000000 1.199526
 15.000000 1.203363
 16.000000 1.210834
 17.000000 1.221087
 18.000000 1.232936
 19.000000 1.245340
 20.000000 1.256898
 21.000000 1.266488
 22.000000 1.273470
 23.000000 1.277203
 24.000000 1.277313
 25.000000 1.273696
 26.000000 1.266586
 27.000000 1.256481
 28.000000 1.244318
 29.000000 1.231161
 30.000000 1.218551
 31.000000 1.207764
 32.000000 1.200276
 33.000000 1.197277
 34.000000 1.199241
 35.000000 1.206083
 36.000000 1.217153
 37.000000 1.231249
 38.000000 1.247207
 39.000000 1.263438
 40.000000 1.278467
 41.000000 1.291325
 42.000000 1.300978
 43.000000 1.306794
 44.000000 1.308408
 45.000000 1.305772
 46.000000 1.299108
 47.000000 1.288839
 48.000000 1.275660
 49.000000 1.260336
 50.000000 1.243885
 51.000000 1.227524
 52.000000 1.212744
 53.000000 1.200987
 54.000000 1.193388
 55.000000 1.190600
 56.000000 1.192839
 57.000000 1.199682
 58.000000 1.210073
 59.000000 1.222424
 60.000000 1.235270
 61.000000 1.247415
 62.000000 1.257601
 63.000000 1.264952
 64.000000 1.269013
 65.000000 1.269651
 66.000000 1.267034
 67.000000 1.261710
 68.000000 1.254476
 69.000000 1.246323
 70.000000 1.238208
 71.000000 1.230982
 72.000000 1.225353
 73.000000 1.221813
 74.000000 1.220493
 75.000000 1.221261
 76.000000 1.223759
 77.000000 1.227522
 78.000000 1.231988
 79.000000 1.236704
 80.000000 1.241401
 81.000000 1.245818
 82.000000 1.249844
 83.000000 1.253364
 84.000000 1.256247
 85.000000 1.258335
 86.000000 1.259365
 87.000000 1.259087
 88.000000 1.257245
 89.000000 1.253678
 90.000000 1.248405
 91.000000 1.241567
 92.000000 1.233419
 93.000000 1.224595
 94.000000 1.215706
 95.000000 1.207470
 96.000000 1.200666
 97.000000 1.196162
 98.000000 1.194655
 99.000000 1.196612
 100.000000 1.202084
 101.000000 1.210721
 102.000000 1.221714
 103.000000 1.234275
 104.000000 1.247382
 105.000000 1.259886
 106.000000 1.271155
 107.000000 1.280694
 108.000000 1.288075
 109.000000 1.292828
 110.000000 1.294625
 111.000000 1.293282
 112.000000 1.288675
 113.000000 1.280752
 114.000000 1.269723
 115.000000 1.256102
 116.000000 1.240943
 117.000000 1.225850
 118.000000 1.212592
 119.000000 1.202805
 120.000000 1.197683
 121.000000 1.197740
 122.000000 1.202655
 123.000000 1.211382
 124.000000 1.222418
 125.000000 1.234405
 126.000000 1.246071
 127.000000 1.256346
 128.000000 1.264481
 129.000000 1.269788
 130.000000 1.271804
 131.000000 1.270417
 132.000000 1.265777
 133.000000 1.258175
 134.000000 1.248282
 135.000000 1.236986
 136.000000 1.225373
 137.000000 1.214582
 138.000000 1.205713
 139.000000 1.199844
 140.000000 1.197578
 141.000000 1.199210
 142.000000 1.204492
 143.000000 1.212699
 144.000000 1.222862
 145.000000 1.233847
 146.000000 1.244393
 147.000000 1.253583
 148.000000 1.260659
 149.000000 1.264992
 150.000000 1.266405
 151.000000 1.264966
 152.000000 1.260990
 153.000000 1.255019
 154.000000 1.247860
 155.000000 1.240343
 156.000000 1.233295
 157.000000 1.227473
 158.000000 1.223493
 159.000000 1.221815
 160.000000 1.222477
 161.000000 1.225188
 162.000000 1.229401
 163.000000 1.234551
 164.000000 1.239951
 165.000000 1.244970
 166.000000 1.249068
 167.000000 1.251884
 168.000000 1.253258
 169.000000 1.253204
 170.000000 1.251833
 171.000000 1.249347
 172.000000 1.245951
 173.000000 1.241896
 174.000000 1.237447
 175.000000 1.232936
 176.000000 1.228696
 177.000000 1.225031
 178.000000 1.222163
 179.000000 1.220202
 180.000000 1.219182
 181.000000 1.218977
 182.000000 1.219369
 183.000000 1.220077
 184.000000 1.220846
 185.000000 1.221517
 186.000000 1.222056
 187.000000 1.222523
 188.000000 1.223077
 189.000000 1.223897
 190.000000 1.225123
 191.000000 1.226861
 192.000000 1.229118
 193.000000 1.231794
 194.000000 1.234713
 195.000000 1.237599
 196.000000 1.240160
 197.000000 1.242050
 198.000000 1.242973
 199.000000 1.242712
 200.000000 1.241181
 201.000000 1.238473
 202.000000 1.234900
 203.000000 1.230887
 204.000000 1.227046
 205.000000 1.223829
 206.000000 1.221710
 207.000000 1.220941
 208.000000 1.221533
 209.000000 1.223270
 210.000000 1.225805
 211.000000 1.228724
 212.000000 1.231694
 213.000000 1.234444
 214.000000 1.236728
 215.000000 1.238461
 216.000000 1.239596
 217.000000 1.240106
 218.000000 1.240016
 219.000000 1.239394
 220.000000 1.238397
 221.000000 1.237235
 222.000000 1.236184
 223.000000 1.235532
 224.000000 1.235564
 225.000000 1.236496
 226.000000 1.238411
 227.000000 1.241250
 228.000000 1.244827
 229.000000 1.248763
 230.000000 1.252695
 231.000000 1.256142
 232.000000 1.258647
 233.000000 1.259856
 234.000000 1.259531
 235.000000 1.257627
 236.000000 1.254348
 237.000000 1.249969
 238.000000 1.244934
 239.000000 1.239855
 240.000000 1.235308
 241.000000 1.231795
 242.000000 1.229625
 243.000000 1.228869
 244.000000 1.229447
 245.000000 1.231102
 246.000000 1.233456
 247.000000 1.236066
 248.000000 1.238498
 249.000000 1.240398
 250.000000 1.241462
 251.000000 1.241512
 252.000000 1.240518
 253.000000 1.238563
 254.000000 1.235865
 255.000000 1.232768
 256.000000 1.229722
 257.000000 1.227163
 258.000000 1.225485
 259.000000 1.225072
 260.000000 1.226155
 261.000000 1.228777
 262.000000 1.232767
 263.000000 1.237767
 264.000000 1.243227
 265.000000 1.248496
 266.000000 1.252875
 267.000000 1.255768
 268.000000 1.256696
 269.000000 1.255433
 270.000000 1.252021
 271.000000 1.246778
 272.000000 1.240275
 273.000000 1.233240
 274.000000 1.226613
 275.000000 1.221223
 276.000000 1.217739
 277.000000 1.216718
 278.000000 1.218414
 279.000000 1.222719
 280.000000 1.229237
 281.000000 1.237225
 282.000000 1.245847
 283.000000 1.254112
 284.000000 1.261037
 285.000000 1.265717
 286.000000 1.267525
 287.000000 1.266076
 288.000000 1.261316
 289.000000 1.253499
 290.000000 1.243298
 291.000000 1.231573
 292.000000 1.219470
 293.000000 1.208285
 294.000000 1.199305
 295.000000 1.193566
 296.000000 1.191778
 297.000000 1.194163
 298.000000 1.200464
 299.000000 1.209871
 300.000000 1.221369
 301.000000 1.233673
 302.000000 1.245439
 303.000000 1.255641
 304.000000 1.263611
 305.000000 1.268858
 306.000000 1.271256
 307.000000 1.270974
 308.000000 1.268429
 309.000000 1.264202
 310.000000 1.258876
 311.000000 1.253002
 312.000000 1.247264
 313.000000 1.242164
 314.000000 1.238005
 315.000000 1.234946
 316.000000 1.232984
 317.000000 1.231910
 318.000000 1.231413
 319.000000 1.231151
 320.000000 1.230836
 321.000000 1.230323
 322.000000 1.229658
 323.000000 1.229046
 324.000000 1.228737
 325.000000 1.228978
 326.000000 1.229912
 327.000000 1.231532
 328.000000 1.233674
 329.000000 1.236071
 330.000000 1.238414
 331.000000 1.240394
 332.000000 1.241759
 333.000000 1.242382
 334.000000 1.242193
 335.000000 1.241184
 336.000000 1.239402
 337.000000 1.236939
 338.000000 1.233959
 339.000000 1.230714
 340.000000 1.227545
 341.000000 1.224866
 342.000000 1.223180
 343.000000 1.222904
 344.000000 1.224328
 345.000000 1.227574
 346.000000 1.232554
 347.000000 1.238930
 348.000000 1.246281
 349.000000 1.254022
 350.000000 1.261367
 351.000000 1.267636
 352.000000 1.272226
 353.000000 1.274595
 354.000000 1.274364
 355.000000 1.271375
 356.000000 1.265759
 357.000000 1.257989
 358.000000 1.248879
 359.000000 1.239382
 360.000000 1.230487
 361.000000 1.223324
 362.000000 1.218712
 363.000000 1.217154
 364.000000 1.218792
 365.000000 1.223348
 366.000000 1.230176
 367.000000 1.238519
 368.000000 1.247434
 369.000000 1.255972
 370.000000 1.263287
 371.000000 1.268544
 372.000000 1.271215
 373.000000 1.270979
 374.000000 1.267718
 375.000000 1.261621
 376.000000 1.253354
 377.000000 1.243651
 378.000000 1.233408
 379.000000 1.223721
 380.000000 1.215857
 381.000000 1.210940
 382.000000 1.209670
 383.000000 1.212358
 384.000000 1.218879
 385.000000 1.228758
 386.000000 1.241083
 387.000000 1.254775
 388.000000 1.268543
 389.000000 1.281396
 390.000000 1.292298
 391.000000 1.300514
 392.000000 1.305478
 393.000000 1.306868
 394.000000 1.304596
 395.000000 1.298847
 396.000000 1.290033
 397.000000 1.278937
 398.000000 1.266354
 399.000000 1.253263
 400.000000 1.240523
 401.000000 1.229204
 402.000000 1.220177
 403.000000 1.214335
 404.000000 1.212067
 405.000000 1.213359
 406.000000 1.217833
 407.000000 1.224750
 408.000000 1.233267
 409.000000 1.242482
 410.000000 1.251744
 411.000000 1.260428
 412.000000 1.268049
 413.000000 1.274296
 414.000000 1.278834
 415.000000 1.281393
 416.000000 1.281796
 417.000000 1.279873
 418.000000 1.275499
 419.000000 1.268769
 420.000000 1.259766
 421.000000 1.248735
 422.000000 1.236460
 423.000000 1.223603
 424.000000 1.211232
 425.000000 1.200499
 426.000000 1.192821
 427.000000 1.189004
 428.000000 1.189663
 429.000000 1.194889
 430.000000 1.204147
 431.000000 1.216330
 432.000000 1.230376
 433.000000 1.245065
 434.000000 1.259284
 435.000000 1.271874
 436.000000 1.282101
 437.000000 1.289204
 438.000000 1.292761
 439.000000 1.292509
 440.000000 1.288436
 441.000000 1.280651
 442.000000 1.269538
 443.000000 1.255552
 444.000000 1.239448
 445.000000 1.222430
 446.000000 1.205879
 447.000000 1.191527
 448.000000 1.181206
 449.000000 1.176254
 450.000000 1.177393
 451.000000 1.184449
 452.000000 1.196486
 453.000000 1.211979
 454.000000 1.229111
 455.000000 1.246040
 456.000000 1.261358
 457.000000 1.273861
 458.000000 1.282669
 459.000000 1.287485
 460.000000 1.288091
 461.000000 1.284598
 462.000000 1.277438
 463.000000 1.267318
 464.000000 1.255117
 465.000000 1.241833
 466.000000 1.228675
 467.000000 1.216878
 468.000000 1.207635
 469.000000 1.201803
 470.000000 1.199970
 471.000000 1.202182
 472.000000 1.207929
 473.000000 1.216360
 474.000000 1.226399
 475.000000 1.237019
 476.000000 1.247349
 477.000000 1.256584
 478.000000 1.264182
 479.000000 1.269896
 480.000000 1.273576
 481.000000 1.275141
 482.000000 1.274581
 483.000000 1.271960
 484.000000 1.267461
 485.000000 1.261381
 486.000000 1.254086
 487.000000 1.245965
 488.000000 1.237541
 489.000000 1.229306
 490.000000 1.221768
 491.000000 1.215332
 492.000000 1.210346
 493.000000 1.207066
 494.000000 1.205707
 495.000000 1.206296
 496.000000 1.208756
 497.000000 1.212889
 498.000000 1.218393
 499.000000 1.224904
 500.000000 1.231990
 501.000000 1.239160
 502.000000 1.245811
 503.000000 1.251627
 504.000000 1.256254
 505.000000 1.259351
 506.000000 1.260713
 507.000000 1.260230
 508.000000 1.257884
 509.000000 1.253788
 510.000000 1.248180
 511.000000 1.241387
 512.000000 1.234056
 513.000000 1.226883
 514.000000 1.220659
 515.000000 1.216167
 516.000000 1.213965
 517.000000 1.214399
 518.000000 1.217412
 519.000000 1.222576
 520.000000 1.229204
 521.000000 1.236513
 522.000000 1.243625
 523.000000 1.249670
 524.000000 1.254055
 525.000000 1.256292
 526.000000 1.256100
 527.000000 1.253468
 528.000000 1.248653
 529.000000 1.242068
 530.000000 1.234168
 531.000000 1.225832
 532.000000 1.217871
 533.000000 1.210972
 534.000000 1.205986
 535.000000 1.203578
 536.000000 1.204042
 537.000000 1.207335
 538.000000 1.213064
 539.000000 1.220699
 540.000000 1.229525
 541.000000 1.238580
 542.000000 1.247073
 543.000000 1.254393
 544.000000 1.259880
 545.000000 1.263192
 546.000000 1.264094
 547.000000 1.262556
 548.000000 1.258709
 549.000000 1.252866
 550.000000 1.245565
 551.000000 1.237548
 552.000000 1.229568
 553.000000 1.222494
 554.000000 1.217139
 555.000000 1.213999
 556.000000 1.213442
 557.000000 1.215455
 558.000000 1.219719
 559.000000 1.225640
 560.000000 1.232436
 561.000000 1.239271
 562.000000 1.245377
 563.000000 1.250133
 564.000000 1.253043
 565.000000 1.253999
 566.000000 1.253193
 567.000000 1.250962
 568.000000 1.247730
 569.000000 1.243902
 570.000000 1.239909
 571.000000 1.236097
 572.000000 1.232674
 573.000000 1.229760
 574.000000 1.227363
 575.000000 1.225646
 576.000000 1.224691
 577.000000 1.224514
 578.000000 1.225068
 579.000000 1.226289
 580.000000 1.228087
 581.000000 1.230371
 582.000000 1.233043
 583.000000 1.236022
 584.000000 1.239220
 585.000000 1.242511
 586.000000 1.245713
 587.000000 1.248716
 588.000000 1.251337
 589.000000 1.253451
 590.000000 1.254965
 591.000000 1.255776
 592.000000 1.255847
 593.000000 1.255177
 594.000000 1.253800
 595.000000 1.251775
 596.000000 1.249180
 597.000000 1.246126
 598.000000 1.242777
 599.000000 1.239260
 600.000000 1.235762
 601.000000 1.232504
 602.000000 1.229725
 603.000000 1.227711
 604.000000 1.226807
 605.000000 1.227268
 606.000000 1.229206
 607.000000 1.232560
 608.000000 1.237067
 609.000000 1.242352
 610.000000 1.247918
 611.000000 1.253186
 612.000000 1.257652
 613.000000 1.260894
 614.000000 1.262707
 615.000000 1.263051
 616.000000 1.262003
 617.000000 1.259729
 618.000000 1.256473
 619.000000 1.252558
 620.000000 1.248347
 621.000000 1.244227
 622.000000 1.240521
 623.000000 1.237453
 624.000000 1.235113
 625.000000 1.233516
 626.000000 1.232681
 627.000000 1.232584
 628.000000 1.233164
 629.000000 1.234343
 630.000000 1.236046
 631.000000 1.238165
 632.000000 1.240613
 633.000000 1.243300
 634.000000 1.246116
 635.000000 1.249006
 636.000000 1.251863
 637.000000 1.254525
 638.000000 1.256843
 639.000000 1.258647
 640.000000 1.259769
 641.000000 1.260040
 642.000000 1.259352
 643.000000 1.257663
 644.000000 1.255016
 645.000000 1.251487
 646.000000 1.247278
 647.000000 1.242665
 648.000000 1.237984
 649.000000 1.233595
 650.000000 1.229867
 651.000000 1.227157
 652.000000 1.225789
 653.000000 1.225966
 654.000000 1.227743
 655.000000 1.231011
 656.000000 1.235475
 657.000000 1.240716
 658.000000 1.246246
 659.000000 1.251387
 660.000000 1.255562
 661.000000 1.258313
 662.000000 1.259264
 663.000000 1.258266
 664.000000 1.255366
 665.000000 1.250755
 666.000000 1.244868
 667.000000 1.238206
 668.000000 1.231494
 669.000000 1.225425
 670.000000 1.220612
 671.000000 1.217568
 672.000000 1.216659
 673.000000 1.218086
 674.000000 1.221746
 675.000000 1.227346
 676.000000 1.234324
 677.000000 1.241932
 678.000000 1.249410
 679.000000 1.256055
 680.000000 1.261277
 681.000000 1.264713
 682.000000 1.266203
 683.000000 1.265817
 684.000000 1.263753
 685.000000 1.260361
 686.000000 1.256057
 687.000000 1.251198
 688.000000 1.246226
 689.000000 1.241533
 690.000000 1.237519
 691.000000 1.234444
 692.000000 1.232474
 693.000000 1.231661
 694.000000 1.231914
 695.000000 1.233035
 696.000000 1.234744
 697.000000 1.236737
 698.000000 1.238725
 699.000000 1.240458
 700.000000 1.241768
 701.000000 1.242578
 702.000000 1.242870
 703.000000 1.242681
 704.000000 1.242086
 705.000000 1.241192
 706.000000 1.240118
 707.000000 1.239034
 708.000000 1.238148
 709.000000 1.237660
 710.000000 1.237752
 711.000000 1.238559
 712.000000 1.240091
 713.000000 1.242276
 714.000000 1.244969
 715.000000 1.247942
 716.000000 1.250930
 717.000000 1.253735
 718.000000 1.256250
 719.000000 1.258403
 720.000000 1.260119
 721.000000 1.261359
 722.000000 1.262091
 723.000000 1.262254
 724.000000 1.261741
 725.000000 1.260383
 726.000000 1.257969
 727.000000 1.254305
 728.000000 1.249251
 729.000000 1.242818
 730.000000 1.235267
 731.000000 1.227072
 732.000000 1.218885
 733.000000 1.211463
 734.000000 1.205581
 735.000000 1.202051
 736.000000 1.201387
 737.000000 1.203809
 738.000000 1.209178
 739.000000 1.217109
 740.000000 1.226967
 741.000000 1.238074
 742.000000 1.249587
 743.000000 1.260691
 744.000000 1.270789
 745.000000 1.279319
 746.000000 1.285962
 747.000000 1.290415
 748.000000 1.292456
 749.000000 1.291962
 750.000000 1.288857
 751.000000 1.283203
 752.000000 1.275130
 753.000000 1.264950
 754.000000 1.253244
 755.000000 1.240607
 756.000000 1.227971
 757.000000 1.216444
 758.000000 1.207043
 759.000000 1.200967
 760.000000 1.198897
 761.000000 1.201114
 762.000000 1.207342
 763.000000 1.216806
 764.000000 1.228502
 765.000000 1.241290
 766.000000 1.253917
 767.000000 1.265249
 768.000000 1.274479
 769.000000 1.280879
 770.000000 1.284029
 771.000000 1.283745
 772.000000 1.280074
 773.000000 1.273326
 774.000000 1.264029
 775.000000 1.252965
 776.000000 1.241255
 777.000000 1.229911
 778.000000 1.220031
 779.000000 1.212483
 780.000000 1.208154
 781.000000 1.207554
 782.000000 1.210743
 783.000000 1.217376
 784.000000 1.226767
 785.000000 1.238171
 786.000000 1.250647
 787.000000 1.263111
 788.000000 1.274833
 789.000000 1.285098
 790.000000 1.293413
 791.000000 1.299361
 792.000000 1.302633
 793.000000 1.303091
 794.000000 1.300758
 795.000000 1.295777
 796.000000 1.288471
 797.000000 1.279060
 798.000000 1.268127
 799.000000 1.256407
 800.000000 1.244860
 801.000000 1.234135
 802.000000 1.225186
 803.000000 1.218905
 804.000000 1.215969
 805.000000 1.216678
 806.000000 1.220994
 807.000000 1.228516
 808.000000 1.238526
 809.000000 1.250113
 810.000000 1.262511
 811.000000 1.274840
 812.000000 1.286517
 813.000000 1.296906
 814.000000 1.305496
 815.000000 1.312121
 816.000000 1.316563
 817.000000 1.318761
 818.000000 1.318768
 819.000000 1.316750
 820.000000 1.312938
 821.000000 1.307747
 822.000000 1.301559
 823.000000 1.294767
 824.000000 1.287851
 825.000000 1.281293
 826.000000 1.275381
 827.000000 1.270475
 828.000000 1.266677
 829.000000 1.264014
 830.000000 1.262415
 831.000000 1.261764
 832.000000 1.261929
 833.000000 1.262769
 834.000000 1.264150
 835.000000 1.265979
 836.000000 1.268193
 837.000000 1.270737
 838.000000 1.273501
 839.000000 1.276414
 840.000000 1.279383
 841.000000 1.282240
 842.000000 1.284789
 843.000000 1.286877
 844.000000 1.288401
 845.000000 1.289316
 846.000000 1.289640
 847.000000 1.289458
 848.000000 1.288882
 849.000000 1.288019
 850.000000 1.286901
 851.000000 1.285515
 852.000000 1.283784
 853.000000 1.281634
 854.000000 1.279008
 855.000000 1.275893
 856.000000 1.272334
 857.000000 1.268478
 858.000000 1.264582
 859.000000 1.260939
 860.000000 1.257923
 861.000000 1.255885
 862.000000 1.255075
 863.000000 1.255660
 864.000000 1.257690
 865.000000 1.261058
 866.000000 1.265498
 867.000000 1.270708
 868.000000 1.276291
 869.000000 1.281893
 870.000000 1.287238
 871.000000 1.292045
 872.000000 1.296191
 873.000000 1.299642
 874.000000 1.302340
 875.000000 1.304297
 876.000000 1.305513
 877.000000 1.306020
 878.000000 1.305818
 879.000000 1.304903
 880.000000 1.303299
 881.000000 1.301076
 882.000000 1.298382
 883.000000 1.295399
 884.000000 1.292321
 885.000000 1.289236
 886.000000 1.286228
 887.000000 1.283425
 888.000000 1.280934
 889.000000 1.278838
 890.000000 1.277232
 891.000000 1.276166
 892.000000 1.275629
 893.000000 1.275604
 894.000000 1.276044
 895.000000 1.276896
 896.000000 1.278097
 897.000000 1.279584
 898.000000 1.281292
 899.000000 1.283140
 900.000000 1.285015
 901.000000 1.286796
 902.000000 1.288315
 903.000000 1.289401
 904.000000 1.289880
 905.000000 1.289597
 906.000000 1.288436
 907.000000 1.286336
 908.000000 1.283352
 909.000000 1.279648
 910.000000 1.275525
 911.000000 1.271385
 912.000000 1.267681
 913.000000 1.264992
 914.000000 1.263873
 915.000000 1.264778
 916.000000 1.267963
 917.000000 1.273504
 918.000000 1.281201
 919.000000 1.290727
 920.000000 1.301599
 921.000000 1.313276
 922.000000 1.325069
 923.000000 1.336388
 924.000000 1.346671
 925.000000 1.355425
 926.000000 1.362317
 927.000000 1.367037
 928.000000 1.369431
 929.000000 1.369321
 930.000000 1.366612
 931.000000 1.361265
 932.000000 1.353421
 933.000000 1.343237
 934.000000 1.330962
 935.000000 1.316890
 936.000000 1.301787
 937.000000 1.286274
 938.000000 1.271149
 939.000000 1.257317
 940.000000 1.245921
 941.000000 1.237939
 942.000000 1.234024
 943.000000 1.234508
 944.000000 1.239204
 945.000000 1.247570
 946.000000 1.258858
 947.000000 1.272152
 948.000000 1.286528
 949.000000 1.301132
 950.000000 1.315653
 951.000000 1.329560
 952.000000 1.342601
 953.000000 1.354385
 954.000000 1.364884
 955.000000 1.374004
 956.000000 1.381448
 957.000000 1.386936
 958.000000 1.390164
 959.000000 1.390900
 960.000000 1.388941
 961.000000 1.384175
 962.000000 1.376618
 963.000000 1.366332
 964.000000 1.353630
 965.000000 1.339204
 966.000000 1.323595
 967.000000 1.307778
 968.000000 1.292629
 969.000000 1.279135
 970.000000 1.268136
 971.000000 1.260284
 972.000000 1.256062
 973.000000 1.255696
 974.000000 1.259109
 975.000000 1.265904
 976.000000 1.275504
 977.000000 1.287011
 978.000000 1.299612
 979.000000 1.312438
 980.000000 1.324662
 981.000000 1.335562
 982.000000 1.344462
 983.000000 1.350868
 984.000000 1.354520
 985.000000 1.355261
 986.000000 1.353181
 987.000000 1.348567
 988.000000 1.341914
 989.000000 1.333784
 990.000000 1.324759
 991.000000 1.315449
 992.000000 1.306478
 993.000000 1.298597
 994.000000 1.292208
 995.000000 1.287718
 996.000000 1.285276
 997.000000 1.284796
 998.000000 1.286018
 999.000000 1.288538
 1000.000000 1.291920
 1001.000000 1.295582
 1002.000000 1.299046
 1003.000000 1.302036
 1004.000000 1.304329
 1005.000000 1.305902
 1006.000000 1.306870
 1007.000000 1.307463
 1008.000000 1.307946
 1009.000000 1.308516
 1010.000000 1.309224
 1011.000000 1.309971
 1012.000000 1.310562
 1013.000000 1.310796
 1014.000000 1.310504
 1015.000000 1.309586
 1016.000000 1.308010
 1017.000000 1.305754
 1018.000000 1.302805
 1019.000000 1.299193
 1020.000000 1.294968
 1021.000000 1.290178
 1022.000000 1.284936
 1023.000000 1.279512
 1024.000000 1.274262
 1025.000000 1.269646
 1026.000000 1.266178
 1027.000000 1.264260
 1028.000000 1.264153
 1029.000000 1.265894
 1030.000000 1.269282
 1031.000000 1.273980
 1032.000000 1.279488
 1033.000000 1.285362
 1034.000000 1.291097
 1035.000000 1.296248
 1036.000000 1.300489
 1037.000000 1.303487
 1038.000000 1.305023
 1039.000000 1.304998
 1040.000000 1.303390
 1041.000000 1.300294
 1042.000000 1.295917
 1043.000000 1.290591
 1044.000000 1.284696
 1045.000000 1.278691
 1046.000000 1.272933
 1047.000000 1.267791
 1048.000000 1.263590
 1049.000000 1.260594
 1050.000000 1.258991
 1051.000000 1.258801
 1052.000000 1.259886
 1053.000000 1.261957
 1054.000000 1.264550
 1055.000000 1.267199
 1056.000000 1.269485
 1057.000000 1.271118
 1058.000000 1.272010
 1059.000000 1.272137
 1060.000000 1.271548
 1061.000000 1.270297
 1062.000000 1.268402
 1063.000000 1.265860
 1064.000000 1.262719
 1065.000000 1.259157
 1066.000000 1.255378
 1067.000000 1.251646
 1068.000000 1.248256
 1069.000000 1.245459
 1070.000000 1.243479
 1071.000000 1.242505
 1072.000000 1.242692
 1073.000000 1.244101
 1074.000000 1.246698
 1075.000000 1.250353
 1076.000000 1.254783
 1077.000000 1.259626
 1078.000000 1.264539
 1079.000000 1.269135
 1080.000000 1.273156
 1081.000000 1.276291
 1082.000000 1.278443
 1083.000000 1.279557
 1084.000000 1.279624
 1085.000000 1.278636
 1086.000000 1.276603
 1087.000000 1.273557
 1088.000000 1.269591
 1089.000000 1.264850
 1090.000000 1.259629
 1091.000000 1.254318
 1092.000000 1.249335
 1093.000000 1.245067
 1094.000000 1.241890
 1095.000000 1.240071
 1096.000000 1.239789
 1097.000000 1.241038
 1098.000000 1.243664
 1099.000000 1.247405
 1100.000000 1.251853
 1101.000000 1.256539
 1102.000000 1.261023
 1103.000000 1.264968
 1104.000000 1.267995
 1105.000000 1.269774
 1106.000000 1.270130
 1107.000000 1.268999
 1108.000000 1.266442
 1109.000000 1.262628
 1110.000000 1.257829
 1111.000000 1.252488
 1112.000000 1.246990
 1113.000000 1.241825
 1114.000000 1.237454
 1115.000000 1.234236
 1116.000000 1.232410
 1117.000000 1.232103
 1118.000000 1.233382
 1119.000000 1.236205
 1120.000000 1.240502
 1121.000000 1.246112
 1122.000000 1.252826
 1123.000000 1.260474
 1124.000000 1.268677
 1125.000000 1.276989
 1126.000000 1.285004
 1127.000000 1.292194
 1128.000000 1.298078
 1129.000000 1.302269
 1130.000000 1.304606
 1131.000000 1.305175
 1132.000000 1.304052
 1133.000000 1.301288
 1134.000000 1.297136
 1135.000000 1.292159
 1136.000000 1.286771
 1137.000000 1.280865
 1138.000000 1.274331
 1139.000000 1.267277
 1140.000000 1.260012
 1141.000000 1.253079
 1142.000000 1.247028
 1143.000000 1.242465
 1144.000000 1.239860
 1145.000000 1.239548
 1146.000000 1.241680
 1147.000000 1.246200
 1148.000000 1.252894
 1149.000000 1.261347
 1150.000000 1.270915
 1151.000000 1.281062
 1152.000000 1.291157
 1153.000000 1.300580
 1154.000000 1.308800
 1155.000000 1.315322
 1156.000000 1.319774
 1157.000000 1.321861
 1158.000000 1.321508
 1159.000000 1.318757
 1160.000000 1.313775
 1161.000000 1.306927
 1162.000000 1.298584
 1163.000000 1.289148
 1164.000000 1.279272
 1165.000000 1.269638
 1166.000000 1.260875
 1167.000000 1.253557
 1168.000000 1.248153
 1169.000000 1.245027
 1170.000000 1.244297
 1171.000000 1.245928
 1172.000000 1.249742
 1173.000000 1.255373
 1174.000000 1.262318
 1175.000000 1.269997
 1176.000000 1.277960
 1177.000000 1.285527
 1178.000000 1.292163
 1179.000000 1.297401
 1180.000000 1.301017
 1181.000000 1.302864
 1182.000000 1.302923
 1183.000000 1.301287
 1184.000000 1.298117
 1185.000000 1.293700
 1186.000000 1.288399
 1187.000000 1.282624
 1188.000000 1.276856
 1189.000000 1.271489
 1190.000000 1.266911
 1191.000000 1.263451
 1192.000000 1.261258
 1193.000000 1.260356
 1194.000000 1.260646
 1195.000000 1.261949
 1196.000000 1.264040
 1197.000000 1.266676
 1198.000000 1.269626
 1199.000000 1.272664
 1200.000000 1.275657
 1201.000000 1.278509
 1202.000000 1.281115
 1203.000000 1.283338
 1204.000000 1.285103
 1205.000000 1.286325
 1206.000000 1.286889
 1207.000000 1.286666
 1208.000000 1.285564
 1209.000000 1.283573
 1210.000000 1.280799
 1211.000000 1.277402
 1212.000000 1.273652
 1213.000000 1.269756
 1214.000000 1.265934
 1215.000000 1.262303
 1216.000000 1.258884
 1217.000000 1.255605
 1218.000000 1.252336
 1219.000000 1.248920
 1220.000000 1.245276
 1221.000000 1.241354
 1222.000000 1.237160
 1223.000000 1.232928
 1224.000000 1.228921
 1225.000000 1.225568
 1226.000000 1.223373
 1227.000000 1.222798
 1228.000000 1.224171
 1229.000000 1.227645
 1230.000000 1.233102
 1231.000000 1.240256
 1232.000000 1.248732
 1233.000000 1.258029
 1234.000000 1.267503
 1235.000000 1.276542
 1236.000000 1.284815
 1237.000000 1.291809
 1238.000000 1.297224
 1239.000000 1.300806
 1240.000000 1.302359
 1241.000000 1.301751
 1242.000000 1.298850
 1243.000000 1.293621
 1244.000000 1.286213
 1245.000000 1.276847
 1246.000000 1.265887
 1247.000000 1.253971
 1248.000000 1.241826
 1249.000000 1.230159
 1250.000000 1.219903
 1251.000000 1.211735
 1252.000000 1.206398
 1253.000000 1.204375
 1254.000000 1.205763
 1255.000000 1.210279
 1256.000000 1.217379
 1257.000000 1.226173
 1258.000000 1.235732
 1259.000000 1.245401
 1260.000000 1.254384
 1261.000000 1.262150
 1262.000000 1.268419
 1263.000000 1.272909
 1264.000000 1.275513
 1265.000000 1.276238
 1266.000000 1.275173
 1267.000000 1.272545
 1268.000000 1.268712
 1269.000000 1.264129
 1270.000000 1.259237
 1271.000000 1.254444
 1272.000000 1.250087
 1273.000000 1.246413
 1274.000000 1.243613
 1275.000000 1.241893
 1276.000000 1.241444
 1277.000000 1.242350
 1278.000000 1.244589
 1279.000000 1.247986
 1280.000000 1.252297
 1281.000000 1.257116
 1282.000000 1.262109
 1283.000000 1.266897
 1284.000000 1.271149
 1285.000000 1.274506
 1286.000000 1.276706
 1287.000000 1.277676
 1288.000000 1.277498
 1289.000000 1.276334
 1290.000000 1.274399
 1291.000000 1.271922
 1292.000000 1.269123
 1293.000000 1.266203
 1294.000000 1.263344
 1295.000000 1.260749
 1296.000000 1.258687
 1297.000000 1.257390
 1298.000000 1.257078
 1299.000000 1.257942
 1300.000000 1.260054
 1301.000000 1.263282
 1302.000000 1.267340
 1303.000000 1.271753
 1304.000000 1.275974
 1305.000000 1.279468
 1306.000000 1.281779
 1307.000000 1.282571
 1308.000000 1.281722
 1309.000000 1.279226
 1310.000000 1.275253
 1311.000000 1.270096
 1312.000000 1.264072
 1313.000000 1.257683
 1314.000000 1.251624
 1315.000000 1.246554
 1316.000000 1.243017
 1317.000000 1.241495
 1318.000000 1.242206
 1319.000000 1.245139
 1320.000000 1.249980
 1321.000000 1.256304
 1322.000000 1.263692
 1323.000000 1.271603
 1324.000000 1.279444
 1325.000000 1.286529
 1326.000000 1.292403
 1327.000000 1.296795
 1328.000000 1.299642
 1329.000000 1.300997
 1330.000000 1.300993
 1331.000000 1.299731
 1332.000000 1.297281
 1333.000000 1.293783
 1334.000000 1.289396
 1335.000000 1.284357
 1336.000000 1.279038
 1337.000000 1.273839
 1338.000000 1.269129
 1339.000000 1.265297
 1340.000000 1.262726
 1341.000000 1.261727
 1342.000000 1.262512
 1343.000000 1.265078
 1344.000000 1.269139
 1345.000000 1.274205
 1346.000000 1.279627
 1347.000000 1.284756
 1348.000000 1.289176
 1349.000000 1.292683
 1350.000000 1.295263
 1351.000000 1.296951
 1352.000000 1.297724
 1353.000000 1.297530
 1354.000000 1.296375
 1355.000000 1.294330
 1356.000000 1.291563
 1357.000000 1.288212
 1358.000000 1.284372
 1359.000000 1.280084
 1360.000000 1.275282
 1361.000000 1.269920
 1362.000000 1.263915
 1363.000000 1.257356
 1364.000000 1.250309
 1365.000000 1.243224
 1366.000000 1.236705
 1367.000000 1.231345
 1368.000000 1.227782
 1369.000000 1.226505
 1370.000000 1.227769
 1371.000000 1.231550
 1372.000000 1.237546
 1373.000000 1.245221
 1374.000000 1.253786
 1375.000000 1.262405
 1376.000000 1.270318
 1377.000000 1.276936
 1378.000000 1.281740
 1379.000000 1.284436
 1380.000000 1.284851
 1381.000000 1.283018
 1382.000000 1.279121
 1383.000000 1.273480
 1384.000000 1.266634
 1385.000000 1.259182
 1386.000000 1.251732
 1387.000000 1.245002
 1388.000000 1.239672
 1389.000000 1.236241
 1390.000000 1.234939
 1391.000000 1.235828
 1392.000000 1.238717
 1393.000000 1.243165
 1394.000000 1.248535
 1395.000000 1.254137
 1396.000000 1.259275
 1397.000000 1.263286
 1398.000000 1.265717
 1399.000000 1.266296
 1400.000000 1.264991
 1401.000000 1.262055
 1402.000000 1.257979
 1403.000000 1.253392
 1404.000000 1.249018
 1405.000000 1.245646
 1406.000000 1.243897
 1407.000000 1.244276
 1408.000000 1.246978
 1409.000000 1.251865
 1410.000000 1.258510
 1411.000000 1.266242
 1412.000000 1.274159
 1413.000000 1.281472
 1414.000000 1.287421
 1415.000000 1.291345
 1416.000000 1.292805
 1417.000000 1.291501
 1418.000000 1.287369
 1419.000000 1.280578
 1420.000000 1.271544
 1421.000000 1.260787
 1422.000000 1.248961
 1423.000000 1.236928
 1424.000000 1.225805
 1425.000000 1.216677
 1426.000000 1.210422
 1427.000000 1.207691
 1428.000000 1.208853
 1429.000000 1.213857
 1430.000000 1.222287
 1431.000000 1.233405
 1432.000000 1.246364
 1433.000000 1.260240
 1434.000000 1.274124
 1435.000000 1.287110
 1436.000000 1.298633
 1437.000000 1.308217
 1438.000000 1.315407
 1439.000000 1.319791
 1440.000000 1.321190
 1441.000000 1.319521
 1442.000000 1.314789
 1443.000000 1.307191
 1444.000000 1.296965
 1445.000000 1.284699
 1446.000000 1.271043
 1447.000000 1.256775
 1448.000000 1.242800
 1449.000000 1.229981
 1450.000000 1.219139
 1451.000000 1.211125
 1452.000000 1.206564
 1453.000000 1.205691
 1454.000000 1.208399
 1455.000000 1.214279
 1456.000000 1.222687
 1457.000000 1.232741
 1458.000000 1.243582
 1459.000000 1.254399
 1460.000000 1.264354
 1461.000000 1.273049
 1462.000000 1.280245
 1463.000000 1.285874
 1464.000000 1.289868
 1465.000000 1.292161
 1466.000000 1.292756
 1467.000000 1.291644
 1468.000000 1.288851
 1469.000000 1.284472
 1470.000000 1.278748
 1471.000000 1.271955
 1472.000000 1.264555
 1473.000000 1.257096
 1474.000000 1.250076
 1475.000000 1.243991
 1476.000000 1.239226
 1477.000000 1.236193
 1478.000000 1.235100
 1479.000000 1.236011
 1480.000000 1.238796
 1481.000000 1.243131
 1482.000000 1.248407
 1483.000000 1.253976
 1484.000000 1.259114
 1485.000000 1.263286
 1486.000000 1.266039
 1487.000000 1.267124
 1488.000000 1.266493
 1489.000000 1.264256
 1490.000000 1.260648
 1491.000000 1.256026
 1492.000000 1.250818
 1493.000000 1.245468
 1494.000000 1.240448
 1495.000000 1.236309
 1496.000000 1.233509
 1497.000000 1.232349
 1498.000000 1.232959
 1499.000000 1.235289
 1500.000000 1.239141
 1501.000000 1.244253
 1502.000000 1.250197
 1503.000000 1.256473
 1504.000000 1.262715
 1505.000000 1.268608
 1506.000000 1.273944
 1507.000000 1.278517
 1508.000000 1.282262
 1509.000000 1.285122
 1510.000000 1.286998
 1511.000000 1.287843
 1512.000000 1.287625
 1513.000000 1.286345
 1514.000000 1.284044
 1515.000000 1.280821
 1516.000000 1.276916
 1517.000000 1.272546
 1518.000000 1.268022
 1519.000000 1.263534
 1520.000000 1.259334
 1521.000000 1.255689
 1522.000000 1.252784
 1523.000000 1.250759
 1524.000000 1.249637
 1525.000000 1.249375
 1526.000000 1.249838
 1527.000000 1.250828
 1528.000000 1.252138
 1529.000000 1.253604
 1530.000000 1.255056
 1531.000000 1.256419
 1532.000000 1.257681
 1533.000000 1.258900
 1534.000000 1.260158
 1535.000000 1.261577
 1536.000000 1.263283
 1537.000000 1.265356
 1538.000000 1.267743
 1539.000000 1.270227
 1540.000000 1.272494
 1541.000000 1.274190
 1542.000000 1.275023
 1543.000000 1.274803
 1544.000000 1.273450
 1545.000000 1.270991
 1546.000000 1.267507
 1547.000000 1.263202
 1548.000000 1.258314
 1549.000000 1.253085
 1550.000000 1.247934
 1551.000000 1.243251
 1552.000000 1.239520
 1553.000000 1.237130
 1554.000000 1.236355
 1555.000000 1.237235
 1556.000000 1.239625
 1557.000000 1.243182
 1558.000000 1.247449
 1559.000000 1.251908
 1560.000000 1.256054
 1561.000000 1.259445
 1562.000000 1.261835
 1563.000000 1.263074
 1564.000000 1.263193
 1565.000000 1.262315
 1566.000000 1.260604
 1567.000000 1.258239
 1568.000000 1.255419
 1569.000000 1.252468
 1570.000000 1.249692
 1571.000000 1.247356
 1572.000000 1.245677
 1573.000000 1.244782
 1574.000000 1.244687
 1575.000000 1.245312
 1576.000000 1.246517
 1577.000000 1.248117
 1578.000000 1.249903
 1579.000000 1.251727
 1580.000000 1.253488
 1581.000000 1.255239
 1582.000000 1.257100
 1583.000000 1.259269
 1584.000000 1.261938
 1585.000000 1.265214
 1586.000000 1.269141
 1587.000000 1.273620
 1588.000000 1.278454
 1589.000000 1.283460
 1590.000000 1.288393
 1591.000000 1.293013
 1592.000000 1.297049
 1593.000000 1.300273
 1594.000000 1.302490
 1595.000000 1.303533
 1596.000000 1.303272
 1597.000000 1.301627
 1598.000000 1.298587
 1599.000000 1.294211
 1600.000000 1.288645
 1601.000000 1.282087
 1602.000000 1.274816
 1603.000000 1.267122
 1604.000000 1.259401
 1605.000000 1.252018
 1606.000000 1.245371
 1607.000000 1.239940
 1608.000000 1.236170
 1609.000000 1.234356
 1610.000000 1.234664
 1611.000000 1.237113
 1612.000000 1.241471
 1613.000000 1.247301
 1614.000000 1.254048
 1615.000000 1.260993
 1616.000000 1.267590
 1617.000000 1.273296
 1618.000000 1.277669
 1619.000000 1.280491
 1620.000000 1.281730
 1621.000000 1.281546
 1622.000000 1.280243
 1623.000000 1.278199
 1624.000000 1.275727
 1625.000000 1.273073
 1626.000000 1.270285
 1627.000000 1.267378
 1628.000000 1.264349
 1629.000000 1.261306
 1630.000000 1.258362
 1631.000000 1.255695
 1632.000000 1.253501
 1633.000000 1.252022
 1634.000000 1.251526
 1635.000000 1.252294
 1636.000000 1.254551
 1637.000000 1.258427
 1638.000000 1.263936
 1639.000000 1.270901
 1640.000000 1.279059
 1641.000000 1.288012
 1642.000000 1.297132
 1643.000000 1.305756
 1644.000000 1.313287
 1645.000000 1.319167
 1646.000000 1.322862
 1647.000000 1.323953
 1648.000000 1.322176
 1649.000000 1.317451
 1650.000000 1.309920
 1651.000000 1.299952
 1652.000000 1.288080
 1653.000000 1.275190
 1654.000000 1.262127
 1655.000000 1.249878
 1656.000000 1.239384
 1657.000000 1.231445
 1658.000000 1.226716
 1659.000000 1.225612
 1660.000000 1.228237
 1661.000000 1.234368
 1662.000000 1.243414
 1663.000000 1.254621
 1664.000000 1.267016
 1665.000000 1.279474
 1666.000000 1.290942
 1667.000000 1.300478
 1668.000000 1.307393
 1669.000000 1.311164
 1670.000000 1.311628
 1671.000000 1.308832
 1672.000000 1.303082
 1673.000000 1.294977
 1674.000000 1.285266
 1675.000000 1.274922
 1676.000000 1.264895
 1677.000000 1.256039
 1678.000000 1.249198
 1679.000000 1.244921
 1680.000000 1.243448
 1681.000000 1.244709
 1682.000000 1.248337
 1683.000000 1.253724
 1684.000000 1.260234
 1685.000000 1.267321
 1686.000000 1.274402
 1687.000000 1.281059
 1688.000000 1.286939
 1689.000000 1.291845
 1690.000000 1.295521
 1691.000000 1.297812
 1692.000000 1.298553
 1693.000000 1.297598
 1694.000000 1.294851
 1695.000000 1.290248
 1696.000000 1.283919
 1697.000000 1.276086
 1698.000000 1.267036
 1699.000000 1.257193
 1700.000000 1.247109
 1701.000000 1.237643
 1702.000000 1.229800
 1703.000000 1.224558
 1704.000000 1.222741
 1705.000000 1.224796
 1706.000000 1.230748
 1707.000000 1.240152
 1708.000000 1.252295
 1709.000000 1.266269
 1710.000000 1.281108
 1711.000000 1.295663
 1712.000000 1.309124
 1713.000000 1.320573
 1714.000000 1.329411
 1715.000000 1.335128
 1716.000000 1.337351
 1717.000000 1.335943
 1718.000000 1.330933
 1719.000000 1.322566
 1720.000000 1.311378
 1721.000000 1.297942
 1722.000000 1.283104
 1723.000000 1.267874
 1724.000000 1.253343
 1725.000000 1.240792
 1726.000000 1.231424
 1727.000000 1.226309
 1728.000000 1.226029
 1729.000000 1.230742
 1730.000000 1.240133
 1731.000000 1.253080
 1732.000000 1.268236
 1733.000000 1.284096
 1734.000000 1.299486
 1735.000000 1.313645
 1736.000000 1.326029
 1737.000000 1.336090
 1738.000000 1.343565
 1739.000000 1.348294
 1740.000000 1.350299
 1741.000000 1.349898
 1742.000000 1.347587
 1743.000000 1.343989
 1744.000000 1.339689
 1745.000000 1.335249
 1746.000000 1.331215
 1747.000000 1.327964
 1748.000000 1.325780
 1749.000000 1.324817
 1750.000000 1.325115
 1751.000000 1.326606
 1752.000000 1.329088
 1753.000000 1.332390
 1754.000000 1.336388
 1755.000000 1.340908
 1756.000000 1.345773
 1757.000000 1.350902
 1758.000000 1.356143
 1759.000000 1.361381
 1760.000000 1.366544
 1761.000000 1.371447
 1762.000000 1.375914
 1763.000000 1.379786
 1764.000000 1.382935
 1765.000000 1.385147
 1766.000000 1.386323
 1767.000000 1.386412
 1768.000000 1.385406
 1769.000000 1.383384
 1770.000000 1.380490
 1771.000000 1.376936
 1772.000000 1.373021
 1773.000000 1.369089
 1774.000000 1.365486
 1775.000000 1.362509
 1776.000000 1.360423
 1777.000000 1.359454
 1778.000000 1.359712
 1779.000000 1.361250
 1780.000000 1.364071
 1781.000000 1.368098
 1782.000000 1.373235
 1783.000000 1.379375
 1784.000000 1.386313
 1785.000000 1.393774
 1786.000000 1.401435
 1787.000000 1.408902
 1788.000000 1.415790
 1789.000000 1.421676
 1790.000000 1.426263
 1791.000000 1.429338
 1792.000000 1.430783
 1793.000000 1.430626
 1794.000000 1.429036
 1795.000000 1.426244
 1796.000000 1.422565
 1797.000000 1.418334
 1798.000000 1.413747
 1799.000000 1.409038
 1800.000000 1.404414
 1801.000000 1.399981
 1802.000000 1.395698
 1803.000000 1.391487
 1804.000000 1.387164
 1805.000000 1.382639
 1806.000000 1.377826
 1807.000000 1.372750
 1808.000000 1.367638
 1809.000000 1.362835
 1810.000000 1.358866
 1811.000000 1.356244
 1812.000000 1.355443
 1813.000000 1.356771
 1814.000000 1.360321
 1815.000000 1.365983
 1816.000000 1.373543
 1817.000000 1.382546
 1818.000000 1.392569
 1819.000000 1.403017
 1820.000000 1.413247
 1821.000000 1.422750
 1822.000000 1.431132
 1823.000000 1.438010
 1824.000000 1.443154
 1825.000000 1.446359
 1826.000000 1.447460
 1827.000000 1.446415
 1828.000000 1.443270
 1829.000000 1.438143
 1830.000000 1.431326
 1831.000000 1.423253
 1832.000000 1.414299
 1833.000000 1.404855
 1834.000000 1.395417
 1835.000000 1.386451
 1836.000000 1.378256
 1837.000000 1.371064
 1838.000000 1.364933
 1839.000000 1.359936
 1840.000000 1.355952
 1841.000000 1.352791
 1842.000000 1.350157
 1843.000000 1.347796
 1844.000000 1.345485
 1845.000000 1.343199
 1846.000000 1.341007
 1847.000000 1.339054
 1848.000000 1.337441
 1849.000000 1.336280
 1850.000000 1.335625
 1851.000000 1.335484
 1852.000000 1.335843
 1853.000000 1.336672
 1854.000000 1.337911
 1855.000000 1.339475
 1856.000000 1.341207
 1857.000000 1.342900
 1858.000000 1.344300
 1859.000000 1.345108
 1860.000000 1.345048
 1861.000000 1.343904
 1862.000000 1.341581
 1863.000000 1.338133
 1864.000000 1.333801
 1865.000000 1.328978
 1866.000000 1.324107
 1867.000000 1.319724
 1868.000000 1.316270
 1869.000000 1.314220
 1870.000000 1.313854
 1871.000000 1.315266
 1872.000000 1.318382
 1873.000000 1.322999
 1874.000000 1.328758
 1875.000000 1.335057
 1876.000000 1.341393
 1877.000000 1.347272
 1878.000000 1.352153
 1879.000000 1.355558
 1880.000000 1.357249
 1881.000000 1.357150
 1882.000000 1.355325
 1883.000000 1.351925
 1884.000000 1.347168
 1885.000000 1.341196
 1886.000000 1.334203
 1887.000000 1.326380
 1888.000000 1.317938
 1889.000000 1.309056
 1890.000000 1.300280
 1891.000000 1.292103
 1892.000000 1.284920
 1893.000000 1.279079
 1894.000000 1.274923
 1895.000000 1.272590
 1896.000000 1.272124
 1897.000000 1.273485
 1898.000000 1.276472
 1899.000000 1.280735
 1900.000000 1.285883
 1901.000000 1.291508
 1902.000000 1.297136
 1903.000000 1.302347
 1904.000000 1.306794
 1905.000000 1.310156
 1906.000000 1.312240
 1907.000000 1.312872
 1908.000000 1.311937
 1909.000000 1.309411
 1910.000000 1.305401
 1911.000000 1.300088
 1912.000000 1.293850
 1913.000000 1.287171
 1914.000000 1.280317
 1915.000000 1.273728
 1916.000000 1.267934
 1917.000000 1.263523
 1918.000000 1.260952
 1919.000000 1.260609
 1920.000000 1.262767
 1921.000000 1.267462
 1922.000000 1.274513
 1923.000000 1.283464
 1924.000000 1.293758
 1925.000000 1.304567
 1926.000000 1.315188
 1927.000000 1.324871
 1928.000000 1.332943
 1929.000000 1.338986
 1930.000000 1.342638
 1931.000000 1.343546
 1932.000000 1.341378
 1933.000000 1.335824
 1934.000000 1.326804
 1935.000000 1.314491
 1936.000000 1.299428
 1937.000000 1.282549
 1938.000000 1.265013
 1939.000000 1.248396
 1940.000000 1.234319
 1941.000000 1.224160
 1942.000000 1.219147
 1943.000000 1.220009
 1944.000000 1.226826
 1945.000000 1.239060
 1946.000000 1.255598
 1947.000000 1.274849
 1948.000000 1.294906
 1949.000000 1.313692
 1950.000000 1.329891
 1951.000000 1.343002
 1952.000000 1.352740
 1953.000000 1.358775
 1954.000000 1.361141
 1955.000000 1.359981
 1956.000000 1.355520
 1957.000000 1.348134
 1958.000000 1.338342
 1959.000000 1.326803
 1960.000000 1.314215
 1961.000000 1.301292
 1962.000000 1.289037
 1963.000000 1.278276
 1964.000000 1.269692
 1965.000000 1.264024
 1966.000000 1.261591
 1967.000000 1.262410
 1968.000000 1.266269
 1969.000000 1.272695
 1970.000000 1.281009
 1971.000000 1.290555
 1972.000000 1.300543
 1973.000000 1.310443
 1974.000000 1.319589
 1975.000000 1.327444
 1976.000000 1.333735
 1977.000000 1.338258
 1978.000000 1.340938
 1979.000000 1.341804
 1980.000000 1.340928
 1981.000000 1.338357
 1982.000000 1.334131
 1983.000000 1.328242
 1984.000000 1.320884
 1985.000000 1.312343
 1986.000000 1.303188
 1987.000000 1.294196
 1988.000000 1.286248
 1989.000000 1.280262
 1990.000000 1.277122
 1991.000000 1.277489
 1992.000000 1.281711
 1993.000000 1.289839
 1994.000000 1.301446
 1995.000000 1.315839
 1996.000000 1.332281
 1997.000000 1.350068
 1998.000000 1.368393
 1999.000000 1.386417
 2000.000000 1.403422
 2001.000000 1.418988
 2002.000000 1.432825
 2003.000000 1.444628
 2004.000000 1.454081
 2005.000000 1.461033
 2006.000000 1.465507
 2007.000000 1.467552
 2008.000000 1.467281
 2009.000000 1.464870
 2010.000000 1.460515
 2011.000000 1.454368
 2012.000000 1.446731
 2013.000000 1.437803
 2014.000000 1.427965
 2015.000000 1.417419
 2016.000000 1.406508
 2017.000000 1.395514
 2018.000000 1.384773
 2019.000000 1.374471
 2020.000000 1.365053
 2021.000000 1.356699
 2022.000000 1.349562
 2023.000000 1.343689
 2024.000000 1.339124
 2025.000000 1.335888
 2026.000000 1.333966
 2027.000000 1.333362
 2028.000000 1.334060
 2029.000000 1.336035
 2030.000000 1.339253
 2031.000000 1.343682
 2032.000000 1.349245
 2033.000000 1.355776
 2034.000000 1.362994
 2035.000000 1.370616
 2036.000000 1.378350
 2037.000000 1.385782
 2038.000000 1.392463
 2039.000000 1.398057
 2040.000000 1.402291
 2041.000000 1.405006
 2042.000000 1.406030
 2043.000000 1.405230
 2044.000000 1.402541
 2045.000000 1.397960
 2046.000000 1.391557
 2047.000000 1.383481
 2048.000000 1.374177
 2049.000000 1.364086
 2050.000000 1.353841
 2051.000000 1.344036
 2052.000000 1.335038
 2053.000000 1.327227
 2054.000000 1.320431
 2055.000000 1.314525
 2056.000000 1.309355
 2057.000000 1.304842
 2058.000000 1.301008
 2059.000000 1.297910
 2060.000000 1.295655
 2061.000000 1.294401
 2062.000000 1.294253
 2063.000000 1.295255
 2064.000000 1.297378
 2065.000000 1.300461
 2066.000000 1.304312
 2067.000000 1.308740
 2068.000000 1.313479
 2069.000000 1.318281
 2070.000000 1.322914
 2071.000000 1.327217
 2072.000000 1.330938
 2073.000000 1.333968
 2074.000000 1.336279
 2075.000000 1.337945
 2076.000000 1.339088
 2077.000000 1.339877
 2078.000000 1.340509
 2079.000000 1.341161
 2080.000000 1.341941
 2081.000000 1.342850
 2082.000000 1.343774
 2083.000000 1.344493
 2084.000000 1.344714
 2085.000000 1.344129
 2086.000000 1.342456
 2087.000000 1.339519
 2088.000000 1.335288
 2089.000000 1.329894
 2090.000000 1.323582
 2091.000000 1.316592
 2092.000000 1.309446
 2093.000000 1.302659
 2094.000000 1.296750
 2095.000000 1.292057
 2096.000000 1.288855
 2097.000000 1.287351
 2098.000000 1.287541
 2099.000000 1.289265
 2100.000000 1.292228
 2101.000000 1.296096
 2102.000000 1.300551
 2103.000000 1.305227
 2104.000000 1.309873
 2105.000000 1.314193
 2106.000000 1.317896
 2107.000000 1.320845
 2108.000000 1.322873
 2109.000000 1.323907
 2110.000000 1.323917
 2111.000000 1.322933
 2112.000000 1.321031
 2113.000000 1.318358
 2114.000000 1.315114
 2115.000000 1.311621
 2116.000000 1.308158
 2117.000000 1.305096
 2118.000000 1.302784
 2119.000000 1.301543
 2120.000000 1.301644
 2121.000000 1.303237
 2122.000000 1.306368
 2123.000000 1.310908
 2124.000000 1.316682
 2125.000000 1.323480
 2126.000000 1.330894
 2127.000000 1.338502
 2128.000000 1.345740
 2129.000000 1.351989
 2130.000000 1.356907
 2131.000000 1.360247
 2132.000000 1.361971
 2133.000000 1.362181
 2134.000000 1.361047
 2135.000000 1.358757
 2136.000000 1.355456
 2137.000000 1.351253
 2138.000000 1.346216
 2139.000000 1.340385
 2140.000000 1.333748
 2141.000000 1.326297
 2142.000000 1.318129
 2143.000000 1.309660
 2144.000000 1.301443
 2145.000000 1.294207
 2146.000000 1.288699
 2147.000000 1.285492
 2148.000000 1.285086
 2149.000000 1.287830
 2150.000000 1.293869
 2151.000000 1.303054
 2152.000000 1.314972
 2153.000000 1.328834
 2154.000000 1.343981
 2155.000000 1.359560
 2156.000000 1.374752
 2157.000000 1.389298
 2158.000000 1.402591
 2159.000000 1.414263
 2160.000000 1.424179
 2161.000000 1.432214
 2162.000000 1.438337
 2163.000000 1.442610
 2164.000000 1.445045
 2165.000000 1.445748
 2166.000000 1.444827
 2167.000000 1.442344
 2168.000000 1.438310
 2169.000000 1.432675
 2170.000000 1.425401
 2171.000000 1.416361
 2172.000000 1.405767
 2173.000000 1.393769
 2174.000000 1.380848
 2175.000000 1.367561
 2176.000000 1.354568
 2177.000000 1.342545
 2178.000000 1.332211
 2179.000000 1.324133
 2180.000000 1.318875
 2181.000000 1.316704
 2182.000000 1.317597
 2183.000000 1.321323
 2184.000000 1.327566
 2185.000000 1.335996
 2186.000000 1.346033
 2187.000000 1.357247
 2188.000000 1.368989
 2189.000000 1.380746
 2190.000000 1.392115
 2191.000000 1.403064
 2192.000000 1.413227
 2193.000000 1.422509
 2194.000000 1.430808
 2195.000000 1.437978
 2196.000000 1.443745
 2197.000000 1.447900
 2198.000000 1.450175
 2199.000000 1.450398
 2200.000000 1.448438
 2201.000000 1.444264
 2202.000000 1.437966
 2203.000000 1.429808
 2204.000000 1.420019
 2205.000000 1.408946
 2206.000000 1.396891
 2207.000000 1.384452
 2208.000000 1.371907
 2209.000000 1.359568
 2210.000000 1.347894
 2211.000000 1.337469
 2212.000000 1.328564
 2213.000000 1.321384
 2214.000000 1.316176
 2215.000000 1.313144
 2216.000000 1.312358
 2217.000000 1.313758
 2218.000000 1.317163
 2219.000000 1.322308
 2220.000000 1.328856
 2221.000000 1.336281
 2222.000000 1.344005
 2223.000000 1.351466
 2224.000000 1.358305
 2225.000000 1.364184
 2226.000000 1.368844
 2227.000000 1.372167
 2228.000000 1.374210
 2229.000000 1.375055
 2230.000000 1.374824
 2231.000000 1.373653
 2232.000000 1.371717
 2233.000000 1.369210
 2234.000000 1.366402
 2235.000000 1.363606
 2236.000000 1.361175
 2237.000000 1.359435
 2238.000000 1.358630
 2239.000000 1.358868
 2240.000000 1.360119
 2241.000000 1.362182
 2242.000000 1.364771
 2243.000000 1.367508
 2244.000000 1.369929
 2245.000000 1.371603
 2246.000000 1.372115
 2247.000000 1.371171
 2248.000000 1.368600
 2249.000000 1.364340
 2250.000000 1.358556
 2251.000000 1.351534
 2252.000000 1.343648
 2253.000000 1.335449
 2254.000000 1.327425
 2255.000000 1.320166
 2256.000000 1.314197
 2257.000000 1.309912
 2258.000000 1.307579
 2259.000000 1.307286
 2260.000000 1.308988
 2261.000000 1.312526
 2262.000000 1.317617
 2263.000000 1.323856
 2264.000000 1.330752
 2265.000000 1.337748
 2266.000000 1.344415
 2267.000000 1.350287
 2268.000000 1.354974
 2269.000000 1.358249
 2270.000000 1.360062
 2271.000000 1.360438
 2272.000000 1.359526
 2273.000000 1.357551
 2274.000000 1.354808
 2275.000000 1.351656
 2276.000000 1.348552
 2277.000000 1.345929
 2278.000000 1.344254
 2279.000000 1.343888
 2280.000000 1.345041
 2281.000000 1.347665
 2282.000000 1.351504
 2283.000000 1.356215
 2284.000000 1.361340
 2285.000000 1.366372
 2286.000000 1.370917
 2287.000000 1.374700
 2288.000000 1.377602
 2289.000000 1.379648
 2290.000000 1.381047
 2291.000000 1.382002
 2292.000000 1.382723
 2293.000000 1.383375
 2294.000000 1.384042
 2295.000000 1.384726
 2296.000000 1.385362
 2297.000000 1.385856
 2298.000000 1.386095
 2299.000000 1.385982
 2300.000000 1.385487
 2301.000000 1.384657
 2302.000000 1.383611
 2303.000000 1.382556
 2304.000000 1.381710
 2305.000000 1.381299
 2306.000000 1.381492
 2307.000000 1.382399
 2308.000000 1.384047
 2309.000000 1.386413
 2310.000000 1.389360
 2311.000000 1.392729
 2312.000000 1.396327
 2313.000000 1.399922
 2314.000000 1.403372
 2315.000000 1.406553
 2316.000000 1.409329
 2317.000000 1.411617
 2318.000000 1.413293
 2319.000000 1.414289
 2320.000000 1.414524
 2321.000000 1.413914
 2322.000000 1.412372
 2323.000000 1.409823
 2324.000000 1.406284
 2325.000000 1.401763
 2326.000000 1.396298
 2327.000000 1.390028
 2328.000000 1.383144
 2329.000000 1.375866
 2330.000000 1.368500
 2331.000000 1.361305
 2332.000000 1.354667
 2333.000000 1.348838
 2334.000000 1.343954
 2335.000000 1.340115
 2336.000000 1.337332
 2337.000000 1.335468
 2338.000000 1.334312
 2339.000000 1.333605
 2340.000000 1.333075
 2341.000000 1.332522
 2342.000000 1.331844
 2343.000000 1.331069
 2344.000000 1.330349
 2345.000000 1.329939
 2346.000000 1.330126
 2347.000000 1.331175
 2348.000000 1.333287
 2349.000000 1.336564
 2350.000000 1.340985
 2351.000000 1.346415
 2352.000000 1.352608
 2353.000000 1.359210
 2354.000000 1.365889
 2355.000000 1.372224
 2356.000000 1.377864
 2357.000000 1.382451
 2358.000000 1.385750
 2359.000000 1.387590
 2360.000000 1.387866
 2361.000000 1.386613
 2362.000000 1.383983
 2363.000000 1.380182
 2364.000000 1.375500
 2365.000000 1.370209
 2366.000000 1.364656
 2367.000000 1.359158
 2368.000000 1.354125
 2369.000000 1.349977
 2370.000000 1.347116
 2371.000000 1.345860
 2372.000000 1.346458
 2373.000000 1.349053
 2374.000000 1.353681
 2375.000000 1.360289
 2376.000000 1.368758
 2377.000000 1.378808
 2378.000000 1.389966
 2379.000000 1.401652
 2380.000000 1.413363
 2381.000000 1.424669
 2382.000000 1.435113
 2383.000000 1.444336
 2384.000000 1.452222
 2385.000000 1.458709
 2386.000000 1.463926
 2387.000000 1.467942
 2388.000000 1.470941
 2389.000000 1.473102
 2390.000000 1.474533
 2391.000000 1.475324
 2392.000000 1.475515
 2393.000000 1.475091
 2394.000000 1.473970
 2395.000000 1.472028
 2396.000000 1.469125
 2397.000000 1.465169
 2398.000000 1.460028
 2399.000000 1.453727
 2400.000000 1.446310
 2401.000000 1.437939
 2402.000000 1.428881
 2403.000000 1.419364
 2404.000000 1.409727
 2405.000000 1.400357
 2406.000000 1.391837
 2407.000000 1.384466
 2408.000000 1.378437
 2409.000000 1.373893
 2410.000000 1.370950
 2411.000000 1.369645
 2412.000000 1.369938
 2413.000000 1.371694
 2414.000000 1.374726
 2415.000000 1.378844
 2416.000000 1.383819
 2417.000000 1.389474
 2418.000000 1.395582
 2419.000000 1.401930
 2420.000000 1.408254
 2421.000000 1.414431
 2422.000000 1.420318
 2423.000000 1.425739
 2424.000000 1.430597
 2425.000000 1.434811
 2426.000000 1.438333
 2427.000000 1.441253
 2428.000000 1.443675
 2429.000000 1.445689
 2430.000000 1.447448
 2431.000000 1.449057
 2432.000000 1.450642
 2433.000000 1.452236
 2434.000000 1.453828
 2435.000000 1.455299
 2436.000000 1.456466
 2437.000000 1.457109
 2438.000000 1.456985
 2439.000000 1.455849
 2440.000000 1.453510
 2441.000000 1.449861
 2442.000000 1.444935
 2443.000000 1.438814
 2444.000000 1.431711
 2445.000000 1.423956
 2446.000000 1.415905
 2447.000000 1.408059
 2448.000000 1.400867
 2449.000000 1.394678
 2450.000000 1.389744
 2451.000000 1.386223
 2452.000000 1.384187
 2453.000000 1.383517
 2454.000000 1.384028
 2455.000000 1.385467
 2456.000000 1.387552
 2457.000000 1.389999
 2458.000000 1.392555
 2459.000000 1.395052
 2460.000000 1.397400
 2461.000000 1.399529
 2462.000000 1.401439
 2463.000000 1.403183
 2464.000000 1.404853
 2465.000000 1.406540
 2466.000000 1.408341
 2467.000000 1.410359
 2468.000000 1.412696
 2469.000000 1.415416
 2470.000000 1.418479
 2471.000000 1.421747
 2472.000000 1.425053
 2473.000000 1.428182
 2474.000000 1.430840
 2475.000000 1.432754
 2476.000000 1.433617
 2477.000000 1.433133
 2478.000000 1.431043
 2479.000000 1.427188
 2480.000000 1.421528
 2481.000000 1.414008
 2482.000000 1.404822
 2483.000000 1.394232
 2484.000000 1.382478
 2485.000000 1.370043
 2486.000000 1.357637
 2487.000000 1.345931
 2488.000000 1.335729
 2489.000000 1.327736
 2490.000000 1.322634
 2491.000000 1.320842
 2492.000000 1.322641
 2493.000000 1.328004
 2494.000000 1.336633
 2495.000000 1.348001
 2496.000000 1.361426
 2497.000000 1.376240
 2498.000000 1.391678
 2499.000000 1.407028
 2500.000000 1.421640
 2501.000000 1.434913
 2502.000000 1.446452
 2503.000000 1.456051
 2504.000000 1.463748
 2505.000000 1.469642
 2506.000000 1.473752
 2507.000000 1.476126
 2508.000000 1.476848
 2509.000000 1.475968
 2510.000000 1.473532
 2511.000000 1.469583
 2512.000000 1.464117
 2513.000000 1.457156
 2514.000000 1.448833
 2515.000000 1.439253
 2516.000000 1.428529
 2517.000000 1.416863
 2518.000000 1.404780
 2519.000000 1.392484
 2520.000000 1.380419
 2521.000000 1.368910
 2522.000000 1.358427
 2523.000000 1.349429
 2524.000000 1.342211
 2525.000000 1.337066
 2526.000000 1.334169
 2527.000000 1.333575
 2528.000000 1.335190
 2529.000000 1.338828
 2530.000000 1.344188
 2531.000000 1.350768
 2532.000000 1.358092
 2533.000000 1.365606
 2534.000000 1.372709
 2535.000000 1.379060
 2536.000000 1.384399
 2537.000000 1.388609
 2538.000000 1.391664
 2539.000000 1.393570
 2540.000000 1.394356
 2541.000000 1.394071
 2542.000000 1.392779
 2543.000000 1.390596
 2544.000000 1.387635
 2545.000000 1.384053
 2546.000000 1.380015
 2547.000000 1.375679
 2548.000000 1.371161
 2549.000000 1.366456
 2550.000000 1.361590
 2551.000000 1.356720
 2552.000000 1.351901
 2553.000000 1.347269
 2554.000000 1.342960
 2555.000000 1.339175
 2556.000000 1.336150
 2557.000000 1.334150
 2558.000000 1.333318
 2559.000000 1.333737
 2560.000000 1.335374
 2561.000000 1.338167
 2562.000000 1.342095
 2563.000000 1.347187
 2564.000000 1.353251
 2565.000000 1.360052
 2566.000000 1.367397
 2567.000000 1.374948
 2568.000000 1.382460
 2569.000000 1.389480
 2570.000000 1.395510
 2571.000000 1.400153
 2572.000000 1.403047
 2573.000000 1.403877
 2574.000000 1.402433
 2575.000000 1.398642
 2576.000000 1.392558
 2577.000000 1.384510
 2578.000000 1.374993
 2579.000000 1.364581
 2580.000000 1.353894
 2581.000000 1.343596
 2582.000000 1.334404
 2583.000000 1.326855
 2584.000000 1.321166
 2585.000000 1.317439
 2586.000000 1.315580
 2587.000000 1.315359
 2588.000000 1.316484
 2589.000000 1.318688
 2590.000000 1.321748
 2591.000000 1.325525
 2592.000000 1.329912
 2593.000000 1.334834
 2594.000000 1.340096
 2595.000000 1.345501
 2596.000000 1.350749
 2597.000000 1.355559
 2598.000000 1.359652
 2599.000000 1.362725
 2600.000000 1.364536
 2601.000000 1.364933
 2602.000000 1.363854
 2603.000000 1.361287
 2604.000000 1.357296
 2605.000000 1.351974
 2606.000000 1.345394
 2607.000000 1.337791
 2608.000000 1.329348
 2609.000000 1.320551
 2610.000000 1.311754
 2611.000000 1.303472
 2612.000000 1.296114
 2613.000000 1.290349
 2614.000000 1.286609
 2615.000000 1.285239
 2616.000000 1.286380
 2617.000000 1.289988
 2618.000000 1.295874
 2619.000000 1.303594
 2620.000000 1.312585
 2621.000000 1.322208
 2622.000000 1.331836
 2623.000000 1.340785
 2624.000000 1.348437
 2625.000000 1.354264
 2626.000000 1.357669
 2627.000000 1.358214
 2628.000000 1.355706
 2629.000000 1.350237
 2630.000000 1.342131
 2631.000000 1.331791
 2632.000000 1.319757
 2633.000000 1.306880
 2634.000000 1.293884
 2635.000000 1.281521
 2636.000000 1.270715
 2637.000000 1.262393
 2638.000000 1.257166
 2639.000000 1.255301
 2640.000000 1.256824
 2641.000000 1.261394
 2642.000000 1.268585
 2643.000000 1.277649
 2644.000000 1.287690
 2645.000000 1.297834
 2646.000000 1.307383
 2647.000000 1.315907
 2648.000000 1.323076
 2649.000000 1.328726
 2650.000000 1.332914
 2651.000000 1.335717
 2652.000000 1.337262
 2653.000000 1.337693
 2654.000000 1.337164
 2655.000000 1.335819
 2656.000000 1.333792
 2657.000000 1.331173
 2658.000000 1.328041
 2659.000000 1.324398
 2660.000000 1.320257
 2661.000000 1.315661
 2662.000000 1.310705
 2663.000000 1.305570
 2664.000000 1.300736
 2665.000000 1.296674
 2666.000000 1.293925
 2667.000000 1.292889
 2668.000000 1.293696
 2669.000000 1.296294
 2670.000000 1.300484
 2671.000000 1.305953
 2672.000000 1.312336
 2673.000000 1.319155
 2674.000000 1.325914
 2675.000000 1.332010
 2676.000000 1.336794
 2677.000000 1.339757
 2678.000000 1.340660
 2679.000000 1.339431
 2680.000000 1.336268
 2681.000000 1.331542
 2682.000000 1.325877
 2683.000000 1.319916
 2684.000000 1.314258
 2685.000000 1.309361
 2686.000000 1.305523
 2687.000000 1.302801
 2688.000000 1.301237
 2689.000000 1.301023
 2690.000000 1.302474
 2691.000000 1.305766
 2692.000000 1.310832
 2693.000000 1.317324
 2694.000000 1.324664
 2695.000000 1.332015
 2696.000000 1.338700
 2697.000000 1.344195
 2698.000000 1.348084
 2699.000000 1.350298
 2700.000000 1.350975
 2701.000000 1.350460
 2702.000000 1.349252
 2703.000000 1.347912
 2704.000000 1.346991
 2705.000000 1.346923
 2706.000000 1.348026
 2707.000000 1.350464
 2708.000000 1.354197
 2709.000000 1.359083
 2710.000000 1.364906
 2711.000000 1.371379
 2712.000000 1.378227
 2713.000000 1.384990
 2714.000000 1.391331
 2715.000000 1.396814
 2716.000000 1.401081
 2717.000000 1.403728
 2718.000000 1.404486
 2719.000000 1.403186
 2720.000000 1.399776
 2721.000000 1.394304
 2722.000000 1.386869
 2723.000000 1.377955
 2724.000000 1.368008
 2725.000000 1.357386
 2726.000000 1.346590
 2727.000000 1.336009
 2728.000000 1.326232
 2729.000000 1.317481
 2730.000000 1.310140
 2731.000000 1.304542
 2732.000000 1.301021
 2733.000000 1.299850
 2734.000000 1.301093
 2735.000000 1.304696
 2736.000000 1.310465
 2737.000000 1.318109
 2738.000000 1.327243
 2739.000000 1.337374
 2740.000000 1.348175
 2741.000000 1.359143
 2742.000000 1.369932
 2743.000000 1.380412
 2744.000000 1.390220
 2745.000000 1.399220
 2746.000000 1.407435
 2747.000000 1.414711
 2748.000000 1.420978
 2749.000000 1.426150
 2750.000000 1.430159
 2751.000000 1.432932
 2752.000000 1.434380
 2753.000000 1.434310
 2754.000000 1.432511
 2755.000000 1.428831
 2756.000000 1.423112
 2757.000000 1.415346
 2758.000000 1.405626
 2759.000000 1.394178
 2760.000000 1.381213
 2761.000000 1.367117
 2762.000000 1.352606
 2763.000000 1.338481
 2764.000000 1.325209
 2765.000000 1.313322
 2766.000000 1.303520
 2767.000000 1.296070
 2768.000000 1.291142
 2769.000000 1.288642
 2770.000000 1.288344
 2771.000000 1.289894
 2772.000000 1.292920
 2773.000000 1.296976
 2774.000000 1.301777
 2775.000000 1.307026
 2776.000000 1.312573
 2777.000000 1.318231
 2778.000000 1.323803
 2779.000000 1.329303
 2780.000000 1.334628
 2781.000000 1.339656
 2782.000000 1.344282
 2783.000000 1.348377
 2784.000000 1.351829
 2785.000000 1.354492
 2786.000000 1.356276
 2787.000000 1.357147
 2788.000000 1.357161
 2789.000000 1.356454
 2790.000000 1.355263
 2791.000000 1.353858
 2792.000000 1.352485
 2793.000000 1.351278
 2794.000000 1.350231
 2795.000000 1.349202
 2796.000000 1.347916
 2797.000000 1.346033
 2798.000000 1.343193
 2799.000000 1.339097
 2800.000000 1.333514
 2801.000000 1.326505
 2802.000000 1.318332
 2803.000000 1.309498
 2804.000000 1.300439
 2805.000000 1.291762
 2806.000000 1.283944
 2807.000000 1.277379
 2808.000000 1.272430
 2809.000000 1.269263
 2810.000000 1.267963
 2811.000000 1.268488
 2812.000000 1.270657
 2813.000000 1.274158
 2814.000000 1.278724
 2815.000000 1.284085
 2816.000000 1.289948
 2817.000000 1.296179
 2818.000000 1.302697
 2819.000000 1.309346
 2820.000000 1.315964
 2821.000000 1.322418
 2822.000000 1.328440
 2823.000000 1.333702
 2824.000000 1.337891
 2825.000000 1.340723
 2826.000000 1.341958
 2827.000000 1.341407
 2828.000000 1.338976
 2829.000000 1.334754
 2830.000000 1.328830
