#! FIELDS time d
 0.000000 2.650447
 1.000000 2.642606
 2.000000 2.634678
 3.000000 2.626888
 4.000000 2.619488
 5.000000 2.612788
 6.000000 2.607265
 7.000000 2.603300
 8.000000 2.601192
 9.000000 2.601017
 10.000000 2.602648
 11.000000 2.605775
 12.000000 2.610055
 13.000000 2.615114
 14.000000 2.620738
 15.000000 2.626839
 16.000000 2.633484
 17.000000 2.640861
 18.000000 2.649133
 19.000000 2.658615
 20.000000 2.669275
 21.000000 2.681067
 22.000000 2.694114
 23.000000 2.708150
 24.000000 2.722947
 25.000000 2.738314
 26.000000 2.753829
 27.000000 2.769172
 28.000000 2.783863
 29.000000 2.797634
 30.000000 2.809903
 31.000000 2.820483
 32.000000 2.828976
 33.000000 2.835052
 34.000000 2.838813
 35.000000 2.840262
 36.000000 2.839566
 37.000000 2.836984
 38.000000 2.832787
 39.000000 2.827345
 40.000000 2.821035
 41.000000 2.814074
 42.000000 2.806664
 43.000000 2.798902
 44.000000 2.790899
 45.000000 2.782717
 46.000000 2.774569
 47.000000 2.766573
 48.000000 2.758783
 49.000000 2.751075
 50.000000 2.743238
 51.000000 2.734990
 52.000000 2.726116
 53.000000 2.716456
 54.000000 2.705920
 55.000000 2.694491
 56.000000 2.682613
 57.000000 2.670615
 58.000000 2.659123
 59.000000 2.648889
 60.000000 2.640274
 61.000000 2.633373
 62.000000 2.628306
 63.000000 2.625063
 64.000000 2.623584
 65.000000 2.623856
 66.000000 2.625924
 67.000000 2.629833
 68.000000 2.635631
 69.000000 2.643307
 70.000000 2.652852
 71.000000 2.664214
 72.000000 2.677186
 73.000000 2.691314
 74.000000 2.706060
 75.000000 2.720865
 76.000000 2.735227
 77.000000 2.748716
 78.000000 2.760827
 79.000000 2.771434
 80.000000 2.780777
 81.000000 2.789047
 82.000000 2.796821
 83.000000 2.804685
 84.000000 2.813205
 85.000000 2.822913
 86.000000 2.834008
 87.000000 2.846686
 88.000000 2.861015
 89.000000 2.876759
 90.000000 2.893336
 91.000000 2.910264
 92.000000 2.927262
 93.000000 2.943699
 94.000000 2.959408
 95.000000 2.974362
 96.000000 2.988651
 97.000000 3.002222
 98.000000 3.014629
 99.000000 3.024086
 100.000000 3.029251
 101.000000 3.029463
 102.000000 3.024907
 103.000000 3.016487
 104.000000 3.005858
 105.000000 2.995138
 106.000000 2.985511
 107.000000 2.977376
 108.000000 2.971084
 109.000000 2.967010
 110.000000 2.965354
 111.000000 2.966081
 112.000000 2.968974
 113.000000 2.973649
 114.000000 2.979512
 115.000000 2.985842
 116.000000 2.991881
 117.000000 2.996949
 118.000000 3.000447
 119.000000 3.001873
 120.000000 3.000909
 121.000000 2.997802
 122.000000 2.993098
 123.000000 2.987344
 124.000000 2.981154
 125.000000 2.975087
 126.000000 2.969725
 127.000000 2.965494
 128.000000 2.962638
 129.000000 2.961325
 130.000000 2.961582
 131.000000 2.963291
 132.000000 2.966224
 133.000000 2.970190
 134.000000 2.974922
 135.000000 2.980171
 136.000000 2.985678
 137.000000 2.991188
 138.000000 2.996443
 139.000000 3.001143
 140.000000 3.005015
 141.000000 3.007544
 142.000000 3.008653
 143.000000 3.008598
 144.000000 3.007895
 145.000000 3.007113
 146.000000 3.006742
 147.000000 3.007060
 148.000000 3.008101
 149.000000 3.009623
 150.000000 3.011214
 151.000000 3.012337
 152.000000 3.012441
 153.000000 3.011113
 154.000000 3.008169
 155.000000 3.003660
 156.000000 2.997867
 157.000000 2.990898
 158.000000 2.982537
 159.000000 2.972798
 160.000000 2.961822
 161.000000 2.949925
 162.000000 2.937554
 163.000000 2.924858
 164.000000 2.912378
 165.000000 2.900670
 166.000000 2.890342
 167.000000 2.881883
 168.000000 2.875545
 169.000000 2.871423
 170.000000 2.869576
 171.000000 2.869973
 172.000000 2.872562
 173.000000 2.877269
 174.000000 2.883961
 175.000000 2.892299
 176.000000 2.901727
 177.000000 2.911480
 178.000000 2.920780
 179.000000 2.928988
 180.000000 2.935499
 181.000000 2.940092
 182.000000 2.942644
 183.000000 2.943257
 184.000000 2.942205
 185.000000 2.939788
 186.000000 2.936260
 187.000000 2.931914
 188.000000 2.926816
 189.000000 2.920990
 190.000000 2.914489
 191.000000 2.907245
 192.000000 2.899328
 193.000000 2.891017
 194.000000 2.882656
 195.000000 2.874725
 196.000000 2.867603
 197.000000 2.861705
 198.000000 2.857258
 199.000000 2.854317
 200.000000 2.852779
 201.000000 2.852450
 202.000000 2.852978
 203.000000 2.853932
 204.000000 2.854838
 205.000000 2.855330
 206.000000 2.855134
 207.000000 2.854122
 208.000000 2.852317
 209.000000 2.849891
 210.000000 2.847060
 211.000000 2.844184
 212.000000 2.841768
 213.000000 2.840486
 214.000000 2.841045
 215.000000 2.844044
 216.000000 2.849949
 217.000000 2.859026
 218.000000 2.871311
 219.000000 2.886422
 220.000000 2.903185
 221.000000 2.920396
 222.000000 2.936607
 223.000000 2.950979
 224.000000 2.962783
 225.000000 2.971676
 226.000000 2.977753
 227.000000 2.981250
 228.000000 2.982488
 229.000000 2.981700
 230.000000 2.979059
 231.000000 2.974734
 232.000000 2.968872
 233.000000 2.961656
 234.000000 2.953276
 235.000000 2.944039
 236.000000 2.934620
 237.000000 2.925395
 238.000000 2.916868
 239.000000 2.909633
 240.000000 2.904034
 241.000000 2.900143
 242.000000 2.897664
 243.000000 2.896044
 244.000000 2.894659
 245.000000 2.892899
 246.000000 2.890331
 247.000000 2.886812
 248.000000 2.882522
 249.000000 2.877867
 250.000000 2.873502
 251.000000 2.870084
 252.000000 2.868202
 253.000000 2.868372
 254.000000 2.871012
 255.000000 2.876389
 256.000000 2.884558
 257.000000 2.895509
 258.000000 2.909227
 259.000000 2.925206
 260.000000 2.943133
 261.000000 2.962395
 262.000000 2.982665
 263.000000 3.004025
 264.000000 3.025741
 265.000000 3.045057
 266.000000 3.058987
 267.000000 3.065410
 268.000000 3.063390
 269.000000 3.053493
 270.000000 3.037680
 271.000000 3.018815
 272.000000 2.999974
 273.000000 2.983370
 274.000000 2.969351
 275.000000 2.957499
 276.000000 2.947236
 277.000000 2.938165
 278.000000 2.929901
 279.000000 2.922077
 280.000000 2.914291
 281.000000 2.906241
 282.000000 2.897414
 283.000000 2.887413
 284.000000 2.875962
 285.000000 2.862992
 286.000000 2.848406
 287.000000 2.832205
 288.000000 2.814568
 289.000000 2.795517
 290.000000 2.775270
 291.000000 2.753989
 292.000000 2.732230
 293.000000 2.710840
 294.000000 2.690711
 295.000000 2.672362
 296.000000 2.656030
 297.000000 2.641621
 298.000000 2.628694
 299.000000 2.617060
 300.000000 2.606248
 301.000000 2.596024
 302.000000 2.586283
 303.000000 2.576894
 304.000000 2.567725
 305.000000 2.558810
 306.000000 2.550182
 307.000000 2.541848
 308.000000 2.533807
 309.000000 2.526064
 310.000000 2.518509
 311.000000 2.511074
 312.000000 2.504018
 313.000000 2.497586
 314.000000 2.492027
 315.000000 2.487665
 316.000000 2.484858
 317.000000 2.483868
 318.000000 2.484891
 319.000000 2.488014
 320.000000 2.493217
 321.000000 2.500318
 322.000000 2.509201
 323.000000 2.519584
 324.000000 2.531486
 325.000000 2.544698
 326.000000 2.558661
 327.000000 2.572851
 328.000000 2.586612
 329.000000 2.599349
 330.000000 2.610599
 331.000000 2.619966
 332.000000 2.627182
 333.000000 2.632308
 334.000000 2.635402
 335.000000 2.636594
 336.000000 2.635908
 337.000000 2.633604
 338.000000 2.630370
 339.000000 2.626882
 340.000000 2.623592
 341.000000 2.620824
 342.000000 2.618888
 343.000000 2.617978
 344.000000 2.618188
 345.000000 2.619505
 346.000000 2.621763
 347.000000 2.624610
 348.000000 2.627602
 349.000000 2.630229
 350.000000 2.632008
 351.000000 2.632648
 352.000000 2.632029
 353.000000 2.630167
 354.000000 2.627250
 355.000000 2.623611
 356.000000 2.619621
 357.000000 2.615715
 358.000000 2.612325
 359.000000 2.609767
 360.000000 2.608236
 361.000000 2.607844
 362.000000 2.608604
 363.000000 2.610496
 364.000000 2.613522
 365.000000 2.617684
 366.000000 2.622932
 367.000000 2.629324
 368.000000 2.636874
 369.000000 2.645607
 370.000000 2.655530
 371.000000 2.666377
 372.000000 2.677882
 373.000000 2.689655
 374.000000 2.701225
 375.000000 2.711927
 376.000000 2.721001
 377.000000 2.728187
 378.000000 2.733398
 379.000000 2.736632
 380.000000 2.737946
 381.000000 2.737557
 382.000000 2.735732
 383.000000 2.732736
 384.000000 2.728773
 385.000000 2.723917
 386.000000 2.718197
 387.000000 2.711569
 388.000000 2.704074
 389.000000 2.695701
 390.000000 2.686655
 391.000000 2.677134
 392.000000 2.667441
 393.000000 2.657940
 394.000000 2.648984
 395.000000 2.640870
 396.000000 2.633833
 397.000000 2.628140
 398.000000 2.623824
 399.000000 2.620866
 400.000000 2.619175
 401.000000 2.618723
 402.000000 2.619529
 403.000000 2.621701
 404.000000 2.625482
 405.000000 2.631200
 406.000000 2.639364
 407.000000 2.650411
 408.000000 2.664764
 409.000000 2.682438
 410.000000 2.703133
 411.000000 2.725689
 412.000000 2.748656
 413.000000 2.771048
 414.000000 2.791999
 415.000000 2.811273
 416.000000 2.829324
 417.000000 2.846271
 418.000000 2.862629
 419.000000 2.878446
 420.000000 2.894280
 421.000000 2.910698
 422.000000 2.927762
 423.000000 2.946029
 424.000000 2.965723
 425.000000 2.987033
 426.000000 3.009494
 427.000000 3.032055
 428.000000 3.051112
 429.000000 3.063446
 430.000000 3.066779
 431.000000 3.060525
 432.000000 3.045795
 433.000000 3.025159
 434.000000 3.001966
 435.000000 2.979543
 436.000000 2.958458
 437.000000 2.938898
 438.000000 2.920795
 439.000000 2.904204
 440.000000 2.888835
 441.000000 2.874589
 442.000000 2.861262
 443.000000 2.848476
 444.000000 2.835999
 445.000000 2.823719
 446.000000 2.811402
 447.000000 2.798842
 448.000000 2.785857
 449.000000 2.772090
 450.000000 2.757324
 451.000000 2.741456
 452.000000 2.724641
 453.000000 2.707479
 454.000000 2.690923
 455.000000 2.676103
 456.000000 2.663817
 457.000000 2.654678
 458.000000 2.649033
 459.000000 2.646893
 460.000000 2.648305
 461.000000 2.653158
 462.000000 2.661187
 463.000000 2.671897
 464.000000 2.684586
 465.000000 2.698355
 466.000000 2.712040
 467.000000 2.724475
 468.000000 2.734633
 469.000000 2.741934
 470.000000 2.746026
 471.000000 2.746900
 472.000000 2.744769
 473.000000 2.739942
 474.000000 2.732840
 475.000000 2.723897
 476.000000 2.713584
 477.000000 2.702548
 478.000000 2.691423
 479.000000 2.680636
 480.000000 2.670552
 481.000000 2.661355
 482.000000 2.652880
 483.000000 2.644863
 484.000000 2.637003
 485.000000 2.628932
 486.000000 2.620204
 487.000000 2.610256
 488.000000 2.598590
 489.000000 2.584715
 490.000000 2.568428
 491.000000 2.549960
 492.000000 2.530025
 493.000000 2.509587
 494.000000 2.489765
 495.000000 2.470909
 496.000000 2.453281
 497.000000 2.437100
 498.000000 2.422672
 499.000000 2.410227
 500.000000 2.399838
 501.000000 2.391461
 502.000000 2.384988
 503.000000 2.379926
 504.000000 2.375819
 505.000000 2.372243
 506.000000 2.368751
 507.000000 2.364953
 508.000000 2.360515
 509.000000 2.355277
 510.000000 2.349198
 511.000000 2.342294
 512.000000 2.334871
 513.000000 2.327234
 514.000000 2.319767
 515.000000 2.312928
 516.000000 2.307080
 517.000000 2.302646
 518.000000 2.299993
 519.000000 2.299292
 520.000000 2.300504
 521.000000 2.303436
 522.000000 2.307788
 523.000000 2.313148
 524.000000 2.319153
 525.000000 2.325340
 526.000000 2.331262
 527.000000 2.336586
 528.000000 2.341070
 529.000000 2.344648
 530.000000 2.347400
 531.000000 2.349321
 532.000000 2.350478
 533.000000 2.350953
 534.000000 2.350808
 535.000000 2.350110
 536.000000 2.348928
 537.000000 2.347334
 538.000000 2.345413
 539.000000 2.343239
 540.000000 2.340951
 541.000000 2.338785
 542.000000 2.336977
 543.000000 2.335749
 544.000000 2.335349
 545.000000 2.335943
 546.000000 2.337609
 547.000000 2.340323
 548.000000 2.343959
 549.000000 2.348307
 550.000000 2.353068
 551.000000 2.357920
 552.000000 2.362657
 553.000000 2.367110
 554.000000 2.371202
 555.000000 2.375052
 556.000000 2.378753
 557.000000 2.382491
 558.000000 2.386451
 559.000000 2.390756
 560.000000 2.395415
 561.000000 2.400352
 562.000000 2.405522
 563.000000 2.410906
 564.000000 2.416393
 565.000000 2.422008
 566.000000 2.428023
 567.000000 2.434732
 568.000000 2.442439
 569.000000 2.451459
 570.000000 2.461829
 571.000000 2.473452
 572.000000 2.486094
 573.000000 2.499244
 574.000000 2.512525
 575.000000 2.525278
 576.000000 2.536956
 577.000000 2.546985
 578.000000 2.555148
 579.000000 2.561435
 580.000000 2.565932
 581.000000 2.568827
 582.000000 2.570316
 583.000000 2.570600
 584.000000 2.569853
 585.000000 2.568221
 586.000000 2.565859
 587.000000 2.562883
 588.000000 2.559491
 589.000000 2.555871
 590.000000 2.552200
 591.000000 2.548705
 592.000000 2.545485
 593.000000 2.542564
 594.000000 2.539833
 595.000000 2.537113
 596.000000 2.534199
 597.000000 2.530940
 598.000000 2.527290
 599.000000 2.523221
 600.000000 2.518806
 601.000000 2.514138
 602.000000 2.509266
 603.000000 2.504136
 604.000000 2.498655
 605.000000 2.492615
 606.000000 2.485664
 607.000000 2.477532
 608.000000 2.468034
 609.000000 2.457040
 610.000000 2.444624
 611.000000 2.431130
 612.000000 2.416888
 613.000000 2.402279
 614.000000 2.387617
 615.000000 2.373213
 616.000000 2.359000
 617.000000 2.345002
 618.000000 2.331039
 619.000000 2.316876
 620.000000 2.302171
 621.000000 2.286625
 622.000000 2.269961
 623.000000 2.252031
 624.000000 2.232747
 625.000000 2.212120
 626.000000 2.190838
 627.000000 2.169507
 628.000000 2.148396
 629.000000 2.128065
 630.000000 2.108515
 631.000000 2.090185
 632.000000 2.073184
 633.000000 2.057712
 634.000000 2.043970
 635.000000 2.031837
 636.000000 2.021379
 637.000000 2.012752
 638.000000 2.005917
 639.000000 2.000792
 640.000000 1.997243
 641.000000 1.995206
 642.000000 1.994583
 643.000000 1.995390
 644.000000 1.997746
 645.000000 2.001898
 646.000000 2.008119
 647.000000 2.016698
 648.000000 2.027925
 649.000000 2.042064
 650.000000 2.059260
 651.000000 2.079405
 652.000000 2.102071
 653.000000 2.126573
 654.000000 2.152208
 655.000000 2.178445
 656.000000 2.204625
 657.000000 2.230073
 658.000000 2.254314
 659.000000 2.276434
 660.000000 2.296198
 661.000000 2.313743
 662.000000 2.328990
 663.000000 2.342107
 664.000000 2.352773
 665.000000 2.361173
 666.000000 2.367291
 667.000000 2.371232
 668.000000 2.373067
 669.000000 2.372991
 670.000000 2.371249
 671.000000 2.368110
 672.000000 2.363785
 673.000000 2.358555
 674.000000 2.352657
 675.000000 2.346141
 676.000000 2.339064
 677.000000 2.331432
 678.000000 2.323120
 679.000000 2.313930
 680.000000 2.303635
 681.000000 2.291941
 682.000000 2.278434
 683.000000 2.262567
 684.000000 2.244225
 685.000000 2.224045
 686.000000 2.203001
 687.000000 2.181796
 688.000000 2.161479
 689.000000 2.142796
 690.000000 2.126548
 691.000000 2.113140
 692.000000 2.102914
 693.000000 2.096136
 694.000000 2.092909
 695.000000 2.093177
 696.000000 2.096797
 697.000000 2.103550
 698.000000 2.113139
 699.000000 2.125142
 700.000000 2.139153
 701.000000 2.154858
 702.000000 2.171769
 703.000000 2.189325
 704.000000 2.206813
 705.000000 2.223512
 706.000000 2.238884
 707.000000 2.252334
 708.000000 2.263345
 709.000000 2.271951
 710.000000 2.278283
 711.000000 2.282461
 712.000000 2.284551
 713.000000 2.284636
 714.000000 2.282744
 715.000000 2.278836
 716.000000 2.272866
 717.000000 2.264699
 718.000000 2.254096
 719.000000 2.240936
 720.000000 2.225526
 721.000000 2.208182
 722.000000 2.189109
 723.000000 2.168535
 724.000000 2.146911
 725.000000 2.124611
 726.000000 2.102232
 727.000000 2.080620
 728.000000 2.060327
 729.000000 2.041866
 730.000000 2.025627
 731.000000 2.011697
 732.000000 1.999946
 733.000000 1.990096
 734.000000 1.981807
 735.000000 1.974902
 736.000000 1.969122
 737.000000 1.964263
 738.000000 1.960213
 739.000000 1.956912
 740.000000 1.954443
 741.000000 1.953005
 742.000000 1.952930
 743.000000 1.954606
 744.000000 1.958426
 745.000000 1.964684
 746.000000 1.973686
 747.000000 1.985587
 748.000000 2.000438
 749.000000 2.018259
 750.000000 2.039364
 751.000000 2.063352
 752.000000 2.089513
 753.000000 2.116742
 754.000000 2.143657
 755.000000 2.169392
 756.000000 2.192958
 757.000000 2.213647
 758.000000 2.231381
 759.000000 2.245869
 760.000000 2.257418
 761.000000 2.266301
 762.000000 2.273048
 763.000000 2.278143
 764.000000 2.281998
 765.000000 2.284920
 766.000000 2.287119
 767.000000 2.288772
 768.000000 2.290061
 769.000000 2.291134
 770.000000 2.292138
 771.000000 2.293221
 772.000000 2.294487
 773.000000 2.296038
 774.000000 2.297958
 775.000000 2.300298
 776.000000 2.303072
 777.000000 2.306355
 778.000000 2.310235
 779.000000 2.314901
 780.000000 2.320436
 781.000000 2.327017
 782.000000 2.334818
 783.000000 2.343909
 784.000000 2.354322
 785.000000 2.366167
 786.000000 2.379320
 787.000000 2.393398
 788.000000 2.408227
 789.000000 2.423437
 790.000000 2.438683
 791.000000 2.453496
 792.000000 2.467341
 793.000000 2.479995
 794.000000 2.491472
 795.000000 2.501840
 796.000000 2.511249
 797.000000 2.520161
 798.000000 2.528666
 799.000000 2.536777
 800.000000 2.544370
 801.000000 2.551598
 802.000000 2.558586
 803.000000 2.565499
 804.000000 2.572505
 805.000000 2.579779
 806.000000 2.587533
 807.000000 2.595901
 808.000000 2.604948
 809.000000 2.614715
 810.000000 2.625415
 811.000000 2.637161
 812.000000 2.650263
 813.000000 2.664806
 814.000000 2.680691
 815.000000 2.697860
 816.000000 2.715608
 817.000000 2.733014
 818.000000 2.749107
 819.000000 2.762964
 820.000000 2.774322
 821.000000 2.782847
 822.000000 2.788645
 823.000000 2.791959
 824.000000 2.793069
 825.000000 2.792322
 826.000000 2.790084
 827.000000 2.786756
 828.000000 2.782628
 829.000000 2.777955
 830.000000 2.772873
 831.000000 2.767493
 832.000000 2.761908
 833.000000 2.756071
 834.000000 2.750068
 835.000000 2.743915
 836.000000 2.737661
 837.000000 2.731438
 838.000000 2.725531
 839.000000 2.720117
 840.000000 2.715382
 841.000000 2.711579
 842.000000 2.708881
 843.000000 2.707407
 844.000000 2.707295
 845.000000 2.708692
 846.000000 2.711730
 847.000000 2.716457
 848.000000 2.722896
 849.000000 2.730833
 850.000000 2.740105
 851.000000 2.750214
 852.000000 2.760662
 853.000000 2.770792
 854.000000 2.780022
 855.000000 2.787942
 856.000000 2.794339
 857.000000 2.799090
 858.000000 2.802160
 859.000000 2.803614
 860.000000 2.803531
 861.000000 2.802013
 862.000000 2.799095
 863.000000 2.794839
 864.000000 2.789231
 865.000000 2.782299
 866.000000 2.774173
 867.000000 2.764921
 868.000000 2.754788
 869.000000 2.744035
 870.000000 2.732939
 871.000000 2.721927
 872.000000 2.711228
 873.000000 2.700948
 874.000000 2.691311
 875.000000 2.682338
 876.000000 2.674083
 877.000000 2.666348
 878.000000 2.659121
 879.000000 2.652397
 880.000000 2.646225
 881.000000 2.640685
 882.000000 2.635754
 883.000000 2.631436
 884.000000 2.627796
 885.000000 2.624809
 886.000000 2.622498
 887.000000 2.620922
 888.000000 2.620111
 889.000000 2.620075
 890.000000 2.620811
 891.000000 2.622293
 892.000000 2.624496
 893.000000 2.627354
 894.000000 2.630788
 895.000000 2.634727
 896.000000 2.639118
 897.000000 2.643959
 898.000000 2.649325
 899.000000 2.655328
 900.000000 2.662033
 901.000000 2.669393
 902.000000 2.676892
 903.000000 2.684074
 904.000000 2.691088
 905.000000 2.698089
 906.000000 2.704810
 907.000000 2.711211
 908.000000 2.717257
 909.000000 2.723020
 910.000000 2.728609
 911.000000 2.734146
 912.000000 2.739751
 913.000000 2.745352
 914.000000 2.750714
 915.000000 2.755349
 916.000000 2.758709
 917.000000 2.760666
 918.000000 2.761248
 919.000000 2.760354
 920.000000 2.757875
 921.000000 2.753761
 922.000000 2.748112
 923.000000 2.741131
 924.000000 2.733202
 925.000000 2.724830
 926.000000 2.716524
 927.000000 2.708797
 928.000000 2.701941
 929.000000 2.696293
 930.000000 2.692132
 931.000000 2.689622
 932.000000 2.688942
 933.000000 2.690216
 934.000000 2.693559
 935.000000 2.699101
 936.000000 2.706825
 937.000000 2.716774
 938.000000 2.728864
 939.000000 2.742884
 940.000000 2.758294
 941.000000 2.774525
 942.000000 2.791102
 943.000000 2.807591
 944.000000 2.823455
 945.000000 2.838466
 946.000000 2.852642
 947.000000 2.866048
 948.000000 2.878912
 949.000000 2.891563
 950.000000 2.904722
 951.000000 2.918737
 952.000000 2.933952
 953.000000 2.950229
 954.000000 2.967617
 955.000000 2.986007
 956.000000 3.004993
 957.000000 3.023461
 958.000000 3.038811
 959.000000 3.048917
 960.000000 3.052466
 961.000000 3.049446
 962.000000 3.040835
 963.000000 3.028253
 964.000000 3.013818
 965.000000 2.999967
 966.000000 2.988291
 967.000000 2.979162
 968.000000 2.972368
 969.000000 2.967651
 970.000000 2.964622
 971.000000 2.962858
 972.000000 2.961967
 973.000000 2.961657
 974.000000 2.961809
 975.000000 2.962543
 976.000000 2.964252
 977.000000 2.967488
 978.000000 2.972911
 979.000000 2.981124
 980.000000 2.992615
 981.000000 3.007740
 982.000000 3.025632
 983.000000 3.044181
 984.000000 3.061212
 985.000000 3.074235
 986.000000 3.081411
 987.000000 3.081637
 988.000000 3.075027
 989.000000 3.062666
 990.000000 3.046274
 991.000000 3.027844
 992.000000 3.009430
 993.000000 2.993310
 994.000000 2.980127
 995.000000 2.969696
 996.000000 2.961725
 997.000000 2.955925
 998.000000 2.952208
 999.000000 2.950517
 1000.000000 2.950878
 1001.000000 2.953363
 1002.000000 2.958115
 1003.000000 2.965244
 1004.000000 2.974629
 1005.000000 2.986125
 1006.000000 2.999268
 1007.000000 3.013356
 1008.000000 3.026506
 1009.000000 3.036781
 1010.000000 3.042748
 1011.000000 3.043833
 1012.000000 3.040321
 1013.000000 3.033194
 1014.000000 3.024042
 1015.000000 3.014564
 1016.000000 3.006340
 1017.000000 3.000227
 1018.000000 2.996444
 1019.000000 2.994547
 1020.000000 2.993906
 1021.000000 2.993910
 1022.000000 2.994085
 1023.000000 2.994134
 1024.000000 2.993968
 1025.000000 2.993693
 1026.000000 2.993597
 1027.000000 2.994098
 1028.000000 2.995598
 1029.000000 2.998300
 1030.000000 3.002065
 1031.000000 3.006341
 1032.000000 3.010305
 1033.000000 3.013415
 1034.000000 3.015322
 1035.000000 3.015865
 1036.000000 3.015121
 1037.000000 3.013462
 1038.000000 3.011482
 1039.000000 3.009917
 1040.000000 3.009441
 1041.000000 3.010302
 1042.000000 3.011767
 1043.000000 3.012482
 1044.000000 3.012202
 1045.000000 3.011517
 1046.000000 3.010630
 1047.000000 3.009456
 1048.000000 3.007948
 1049.000000 3.006253
 1050.000000 3.004698
 1051.000000 3.003667
 1052.000000 3.003563
 1053.000000 3.004680
 1054.000000 3.007028
 1055.000000 3.010255
 1056.000000 3.013605
 1057.000000 3.016110
 1058.000000 3.016978
 1059.000000 3.015683
 1060.000000 3.012183
 1061.000000 3.006992
 1062.000000 3.001146
 1063.000000 2.995900
 1064.000000 2.992123
 1065.000000 2.990571
 1066.000000 2.991893
 1067.000000 2.996628
 1068.000000 3.004922
 1069.000000 3.015995
 1070.000000 3.028068
 1071.000000 3.039167
 1072.000000 3.047223
 1073.000000 3.050599
 1074.000000 3.048339
 1075.000000 3.040334
 1076.000000 3.027488
 1077.000000 3.011524
 1078.000000 2.994493
 1079.000000 2.978041
 1080.000000 2.962215
 1081.000000 2.947333
 1082.000000 2.932939
 1083.000000 2.918646
 1084.000000 2.904256
 1085.000000 2.889783
 1086.000000 2.875358
 1087.000000 2.861404
 1088.000000 2.848508
 1089.000000 2.837139
 1090.000000 2.827834
 1091.000000 2.821030
 1092.000000 2.816872
 1093.000000 2.815164
 1094.000000 2.815371
 1095.000000 2.816696
 1096.000000 2.818218
 1097.000000 2.819159
 1098.000000 2.818979
 1099.000000 2.817459
 1100.000000 2.814744
 1101.000000 2.811290
 1102.000000 2.807716
 1103.000000 2.804679
 1104.000000 2.802911
 1105.000000 2.802986
 1106.000000 2.805099
 1107.000000 2.809059
 1108.000000 2.814369
 1109.000000 2.820388
 1110.000000 2.826458
 1111.000000 2.831883
 1112.000000 2.836197
 1113.000000 2.839022
 1114.000000 2.840171
 1115.000000 2.839671
 1116.000000 2.837732
 1117.000000 2.834662
 1118.000000 2.830709
 1119.000000 2.825961
 1120.000000 2.820275
 1121.000000 2.813465
 1122.000000 2.805302
 1123.000000 2.795492
 1124.000000 2.783992
 1125.000000 2.770841
 1126.000000 2.756060
 1127.000000 2.740048
 1128.000000 2.723454
 1129.000000 2.707260
 1130.000000 2.692373
 1131.000000 2.679266
 1132.000000 2.668114
 1133.000000 2.658765
 1134.000000 2.650750
 1135.000000 2.643692
 1136.000000 2.637170
 1137.000000 2.630628
 1138.000000 2.623801
 1139.000000 2.616606
 1140.000000 2.608998
 1141.000000 2.601087
 1142.000000 2.593017
 1143.000000 2.585118
 1144.000000 2.577652
 1145.000000 2.570834
 1146.000000 2.564883
 1147.000000 2.559882
 1148.000000 2.555837
 1149.000000 2.552749
 1150.000000 2.550625
 1151.000000 2.549398
 1152.000000 2.548996
 1153.000000 2.549326
 1154.000000 2.550278
 1155.000000 2.551696
 1156.000000 2.553328
 1157.000000 2.554754
 1158.000000 2.555453
 1159.000000 2.554789
 1160.000000 2.552147
 1161.000000 2.547054
 1162.000000 2.539078
 1163.000000 2.527851
 1164.000000 2.513313
 1165.000000 2.495553
 1166.000000 2.474858
 1167.000000 2.452092
 1168.000000 2.428683
 1169.000000 2.406402
 1170.000000 2.386174
 1171.000000 2.368889
 1172.000000 2.354857
 1173.000000 2.344270
 1174.000000 2.337115
 1175.000000 2.333093
 1176.000000 2.331719
 1177.000000 2.332501
 1178.000000 2.334902
 1179.000000 2.338379
 1180.000000 2.342507
 1181.000000 2.346943
 1182.000000 2.351500
 1183.000000 2.356191
 1184.000000 2.361245
 1185.000000 2.366965
 1186.000000 2.373734
 1187.000000 2.381935
 1188.000000 2.391810
 1189.000000 2.403602
 1190.000000 2.417285
 1191.000000 2.432471
 1192.000000 2.448516
 1193.000000 2.464435
 1194.000000 2.479481
 1195.000000 2.493168
 1196.000000 2.505094
 1197.000000 2.515108
 1198.000000 2.523143
 1199.000000 2.529117
 1200.000000 2.533074
 1201.000000 2.535078
 1202.000000 2.535225
 1203.000000 2.533590
 1204.000000 2.530241
 1205.000000 2.525206
 1206.000000 2.518489
 1207.000000 2.509892
 1208.000000 2.499182
 1209.000000 2.486072
 1210.000000 2.470452
 1211.000000 2.452405
 1212.000000 2.432868
 1213.000000 2.412733
 1214.000000 2.393086
 1215.000000 2.374680
 1216.000000 2.358112
 1217.000000 2.343827
 1218.000000 2.332146
 1219.000000 2.323179
 1220.000000 2.317029
 1221.000000 2.313571
 1222.000000 2.312448
 1223.000000 2.313277
 1224.000000 2.315629
 1225.000000 2.319127
 1226.000000 2.323449
 1227.000000 2.328357
 1228.000000 2.333735
 1229.000000 2.339600
 1230.000000 2.346023
 1231.000000 2.353219
 1232.000000 2.361510
 1233.000000 2.371139
 1234.000000 2.382089
 1235.000000 2.394179
 1236.000000 2.407362
 1237.000000 2.421101
 1238.000000 2.434896
 1239.000000 2.448033
 1240.000000 2.459681
 1241.000000 2.469192
 1242.000000 2.476280
 1243.000000 2.480818
 1244.000000 2.482650
 1245.000000 2.481649
 1246.000000 2.477627
 1247.000000 2.470398
 1248.000000 2.459843
 1249.000000 2.445895
 1250.000000 2.428955
 1251.000000 2.409361
 1252.000000 2.388027
 1253.000000 2.366103
 1254.000000 2.344540
 1255.000000 2.324348
 1256.000000 2.305672
 1257.000000 2.288477
 1258.000000 2.272156
 1259.000000 2.255607
 1260.000000 2.238345
 1261.000000 2.220054
 1262.000000 2.200598
 1263.000000 2.180616
 1264.000000 2.160826
 1265.000000 2.142014
 1266.000000 2.125175
 1267.000000 2.110584
 1268.000000 2.098475
 1269.000000 2.088749
 1270.000000 2.081055
 1271.000000 2.074989
 1272.000000 2.070239
 1273.000000 2.066607
 1274.000000 2.064006
 1275.000000 2.062447
 1276.000000 2.061988
 1277.000000 2.062646
 1278.000000 2.064404
 1279.000000 2.067162
 1280.000000 2.070818
 1281.000000 2.075200
 1282.000000 2.080278
 1283.000000 2.086038
 1284.000000 2.092570
 1285.000000 2.099851
 1286.000000 2.107753
 1287.000000 2.116059
 1288.000000 2.124617
 1289.000000 2.133140
 1290.000000 2.141155
 1291.000000 2.148194
 1292.000000 2.153863
 1293.000000 2.157859
 1294.000000 2.160023
 1295.000000 2.160311
 1296.000000 2.158792
 1297.000000 2.155620
 1298.000000 2.150930
 1299.000000 2.144882
 1300.000000 2.137685
 1301.000000 2.129644
 1302.000000 2.121034
 1303.000000 2.112275
 1304.000000 2.103779
 1305.000000 2.095934
 1306.000000 2.089115
 1307.000000 2.083654
 1308.000000 2.079610
 1309.000000 2.076978
 1310.000000 2.075696
 1311.000000 2.075601
 1312.000000 2.076502
 1313.000000 2.078289
 1314.000000 2.080888
 1315.000000 2.084285
 1316.000000 2.088504
 1317.000000 2.093531
 1318.000000 2.099413
 1319.000000 2.106056
 1320.000000 2.113257
 1321.000000 2.121002
 1322.000000 2.129523
 1323.000000 2.138947
 1324.000000 2.149331
 1325.000000 2.160563
 1326.000000 2.172632
 1327.000000 2.185337
 1328.000000 2.198304
 1329.000000 2.210991
 1330.000000 2.223136
 1331.000000 2.234652
 1332.000000 2.245586
 1333.000000 2.255888
 1334.000000 2.265775
 1335.000000 2.275552
 1336.000000 2.285505
 1337.000000 2.295953
 1338.000000 2.307274
 1339.000000 2.319708
 1340.000000 2.333230
 1341.000000 2.347627
 1342.000000 2.362215
 1343.000000 2.376487
 1344.000000 2.389900
 1345.000000 2.402175
 1346.000000 2.413197
 1347.000000 2.422936
 1348.000000 2.431556
 1349.000000 2.439126
 1350.000000 2.445624
 1351.000000 2.450932
 1352.000000 2.454864
 1353.000000 2.457140
 1354.000000 2.457446
 1355.000000 2.455486
 1356.000000 2.451055
 1357.000000 2.443974
 1358.000000 2.434179
 1359.000000 2.421842
 1360.000000 2.407303
 1361.000000 2.391185
 1362.000000 2.373765
 1363.000000 2.355642
 1364.000000 2.337163
 1365.000000 2.319302
 1366.000000 2.302789
 1367.000000 2.287707
 1368.000000 2.274000
 1369.000000 2.261332
 1370.000000 2.249454
 1371.000000 2.237934
 1372.000000 2.226257
 1373.000000 2.213942
 1374.000000 2.200747
 1375.000000 2.186632
 1376.000000 2.171835
 1377.000000 2.156835
 1378.000000 2.142390
 1379.000000 2.129061
 1380.000000 2.117400
 1381.000000 2.107551
 1382.000000 2.099411
 1383.000000 2.092768
 1384.000000 2.087431
 1385.000000 2.083051
 1386.000000 2.079225
 1387.000000 2.075643
 1388.000000 2.072134
 1389.000000 2.068699
 1390.000000 2.065459
 1391.000000 2.062717
 1392.000000 2.060691
 1393.000000 2.059627
 1394.000000 2.059693
 1395.000000 2.060949
 1396.000000 2.063362
 1397.000000 2.066780
 1398.000000 2.071023
 1399.000000 2.075840
 1400.000000 2.080981
 1401.000000 2.086191
 1402.000000 2.091484
 1403.000000 2.097090
 1404.000000 2.103316
 1405.000000 2.110397
 1406.000000 2.118600
 1407.000000 2.127865
 1408.000000 2.137942
 1409.000000 2.148213
 1410.000000 2.158001
 1411.000000 2.166601
 1412.000000 2.173340
 1413.000000 2.177930
 1414.000000 2.180339
 1415.000000 2.180770
 1416.000000 2.179641
 1417.000000 2.177443
 1418.000000 2.174730
 1419.000000 2.171989
 1420.000000 2.169577
 1421.000000 2.167639
 1422.000000 2.166158
 1423.000000 2.164989
 1424.000000 2.163901
 1425.000000 2.162623
 1426.000000 2.160898
 1427.000000 2.158567
 1428.000000 2.155613
 1429.000000 2.152092
 1430.000000 2.148169
 1431.000000 2.144062
 1432.000000 2.140016
 1433.000000 2.136344
 1434.000000 2.133426
 1435.000000 2.131662
 1436.000000 2.131373
 1437.000000 2.132800
 1438.000000 2.136050
 1439.000000 2.141077
 1440.000000 2.147790
 1441.000000 2.156122
 1442.000000 2.165960
 1443.000000 2.176979
 1444.000000 2.188854
 1445.000000 2.200878
 1446.000000 2.212417
 1447.000000 2.222962
 1448.000000 2.232099
 1449.000000 2.239628
 1450.000000 2.245468
 1451.000000 2.249533
 1452.000000 2.251805
 1453.000000 2.252355
 1454.000000 2.251298
 1455.000000 2.248779
 1456.000000 2.244978
 1457.000000 2.240152
 1458.000000 2.234568
 1459.000000 2.228529
 1460.000000 2.222442
 1461.000000 2.216540
 1462.000000 2.211020
 1463.000000 2.205981
 1464.000000 2.201503
 1465.000000 2.197597
 1466.000000 2.194116
 1467.000000 2.190944
 1468.000000 2.187919
 1469.000000 2.184909
 1470.000000 2.181865
 1471.000000 2.178720
 1472.000000 2.175481
 1473.000000 2.172186
 1474.000000 2.168843
 1475.000000 2.165464
 1476.000000 2.162012
 1477.000000 2.158539
 1478.000000 2.155068
 1479.000000 2.151779
 1480.000000 2.149071
 1481.000000 2.147363
 1482.000000 2.147143
 1483.000000 2.148803
 1484.000000 2.152654
 1485.000000 2.158896
 1486.000000 2.167434
 1487.000000 2.177870
 1488.000000 2.189583
 1489.000000 2.201476
 1490.000000 2.212405
 1491.000000 2.221349
 1492.000000 2.227709
 1493.000000 2.231302
 1494.000000 2.232209
 1495.000000 2.230581
 1496.000000 2.226633
 1497.000000 2.220604
 1498.000000 2.212708
 1499.000000 2.203268
 1500.000000 2.192626
 1501.000000 2.181050
 1502.000000 2.169040
 1503.000000 2.157102
 1504.000000 2.145446
 1505.000000 2.134289
 1506.000000 2.123788
 1507.000000 2.114177
 1508.000000 2.105425
 1509.000000 2.097460
 1510.000000 2.090238
 1511.000000 2.083505
 1512.000000 2.076900
 1513.000000 2.070025
 1514.000000 2.062355
 1515.000000 2.053324
 1516.000000 2.042656
 1517.000000 2.030043
 1518.000000 2.015604
 1519.000000 1.999250
 1520.000000 1.981220
 1521.000000 1.961866
 1522.000000 1.941199
 1523.000000 1.919574
 1524.000000 1.897510
 1525.000000 1.875991
 1526.000000 1.855782
 1527.000000 1.837287
 1528.000000 1.820518
 1529.000000 1.805112
 1530.000000 1.791305
 1531.000000 1.779099
 1532.000000 1.768614
 1533.000000 1.759900
 1534.000000 1.753185
 1535.000000 1.748480
 1536.000000 1.745653
 1537.000000 1.744422
 1538.000000 1.744370
 1539.000000 1.744955
 1540.000000 1.745540
 1541.000000 1.745468
 1542.000000 1.744191
 1543.000000 1.741381
 1544.000000 1.737014
 1545.000000 1.731298
 1546.000000 1.724498
 1547.000000 1.717065
 1548.000000 1.709407
 1549.000000 1.701781
 1550.000000 1.694502
 1551.000000 1.687616
 1552.000000 1.681146
 1553.000000 1.674963
 1554.000000 1.668964
 1555.000000 1.662963
 1556.000000 1.656891
 1557.000000 1.650850
 1558.000000 1.644966
 1559.000000 1.639401
 1560.000000 1.634312
 1561.000000 1.629830
 1562.000000 1.625872
 1563.000000 1.622373
 1564.000000 1.619131
 1565.000000 1.615905
 1566.000000 1.612368
 1567.000000 1.608259
 1568.000000 1.603488
 1569.000000 1.598359
 1570.000000 1.593298
 1571.000000 1.588760
 1572.000000 1.585189
 1573.000000 1.582951
 1574.000000 1.582239
 1575.000000 1.583041
 1576.000000 1.585152
 1577.000000 1.588159
 1578.000000 1.591464
 1579.000000 1.594498
 1580.000000 1.596837
 1581.000000 1.598455
 1582.000000 1.599544
 1583.000000 1.600380
 1584.000000 1.601186
 1585.000000 1.602120
 1586.000000 1.603306
 1587.000000 1.604814
 1588.000000 1.606664
 1589.000000 1.608846
 1590.000000 1.611275
 1591.000000 1.613787
 1592.000000 1.616176
 1593.000000 1.618301
 1594.000000 1.620104
 1595.000000 1.621546
 1596.000000 1.622553
 1597.000000 1.623006
 1598.000000 1.622769
 1599.000000 1.621699
 1600.000000 1.619628
 1601.000000 1.616342
 1602.000000 1.611530
 1603.000000 1.604774
 1604.000000 1.595638
 1605.000000 1.583712
 1606.000000 1.568784
 1607.000000 1.551360
 1608.000000 1.532486
 1609.000000 1.513158
 1610.000000 1.494096
 1611.000000 1.476051
 1612.000000 1.459767
 1613.000000 1.445725
 1614.000000 1.434030
 1615.000000 1.424829
 1616.000000 1.417867
 1617.000000 1.413020
 1618.000000 1.410427
 1619.000000 1.410453
 1620.000000 1.413579
 1621.000000 1.420126
 1622.000000 1.430186
 1623.000000 1.443540
 1624.000000 1.459969
 1625.000000 1.478698
 1626.000000 1.499120
 1627.000000 1.520261
 1628.000000 1.541260
 1629.000000 1.560947
 1630.000000 1.578665
 1631.000000 1.594085
 1632.000000 1.607534
 1633.000000 1.619594
 1634.000000 1.630958
 1635.000000 1.642227
 1636.000000 1.653973
 1637.000000 1.666635
 1638.000000 1.680444
 1639.000000 1.695275
 1640.000000 1.710825
 1641.000000 1.726706
 1642.000000 1.742602
 1643.000000 1.758421
 1644.000000 1.774329
 1645.000000 1.790461
 1646.000000 1.806783
 1647.000000 1.823180
 1648.000000 1.839442
 1649.000000 1.855251
 1650.000000 1.870163
 1651.000000 1.883606
 1652.000000 1.895044
 1653.000000 1.903787
 1654.000000 1.909412
 1655.000000 1.911714
 1656.000000 1.910861
 1657.000000 1.907316
 1658.000000 1.901674
 1659.000000 1.894625
 1660.000000 1.886794
 1661.000000 1.878791
 1662.000000 1.871175
 1663.000000 1.864260
 1664.000000 1.858290
 1665.000000 1.853448
 1666.000000 1.849812
 1667.000000 1.847450
 1668.000000 1.846473
 1669.000000 1.847066
 1670.000000 1.849358
 1671.000000 1.853364
 1672.000000 1.858917
 1673.000000 1.865617
 1674.000000 1.872987
 1675.000000 1.880420
 1676.000000 1.887374
 1677.000000 1.893400
 1678.000000 1.898068
 1679.000000 1.901144
 1680.000000 1.902599
 1681.000000 1.902623
 1682.000000 1.901613
 1683.000000 1.900050
 1684.000000 1.898387
 1685.000000 1.896997
 1686.000000 1.896204
 1687.000000 1.896209
 1688.000000 1.897092
 1689.000000 1.898816
 1690.000000 1.901198
 1691.000000 1.903981
 1692.000000 1.906826
 1693.000000 1.909486
 1694.000000 1.911912
 1695.000000 1.914175
 1696.000000 1.916302
 1697.000000 1.918233
 1698.000000 1.919838
 1699.000000 1.920898
 1700.000000 1.921133
 1701.000000 1.920234
 1702.000000 1.917954
 1703.000000 1.914166
 1704.000000 1.908920
 1705.000000 1.902373
 1706.000000 1.894974
 1707.000000 1.887394
 1708.000000 1.880312
 1709.000000 1.874301
 1710.000000 1.869762
 1711.000000 1.866953
 1712.000000 1.865880
 1713.000000 1.866402
 1714.000000 1.868235
 1715.000000 1.871031
 1716.000000 1.874384
 1717.000000 1.877954
 1718.000000 1.881495
 1719.000000 1.884828
 1720.000000 1.887815
 1721.000000 1.890392
 1722.000000 1.892493
 1723.000000 1.893993
 1724.000000 1.894726
 1725.000000 1.894494
 1726.000000 1.893123
 1727.000000 1.890520
 1728.000000 1.886666
 1729.000000 1.881586
 1730.000000 1.875408
 1731.000000 1.868486
 1732.000000 1.861099
 1733.000000 1.853610
 1734.000000 1.846323
 1735.000000 1.839421
 1736.000000 1.832988
 1737.000000 1.827047
 1738.000000 1.821393
 1739.000000 1.815741
 1740.000000 1.809806
 1741.000000 1.803296
 1742.000000 1.795878
 1743.000000 1.787544
 1744.000000 1.778412
 1745.000000 1.768911
 1746.000000 1.759752
 1747.000000 1.751524
 1748.000000 1.744722
 1749.000000 1.739689
 1750.000000 1.736607
 1751.000000 1.735368
 1752.000000 1.735830
 1753.000000 1.737708
 1754.000000 1.740688
 1755.000000 1.744410
 1756.000000 1.748562
 1757.000000 1.753065
 1758.000000 1.757965
 1759.000000 1.763449
 1760.000000 1.769762
 1761.000000 1.776963
 1762.000000 1.785142
 1763.000000 1.794313
 1764.000000 1.804365
 1765.000000 1.814681
 1766.000000 1.824672
 1767.000000 1.833774
 1768.000000 1.841620
 1769.000000 1.847661
 1770.000000 1.851658
 1771.000000 1.853607
 1772.000000 1.853544
 1773.000000 1.851557
 1774.000000 1.847758
 1775.000000 1.842276
 1776.000000 1.835289
 1777.000000 1.827126
 1778.000000 1.818036
 1779.000000 1.808178
 1780.000000 1.797820
 1781.000000 1.787270
 1782.000000 1.776790
 1783.000000 1.766584
 1784.000000 1.757011
 1785.000000 1.748425
 1786.000000 1.741106
 1787.000000 1.735312
 1788.000000 1.731170
 1789.000000 1.728725
 1790.000000 1.727843
 1791.000000 1.728253
 1792.000000 1.729552
 1793.000000 1.731277
 1794.000000 1.733085
 1795.000000 1.734813
 1796.000000 1.736492
 1797.000000 1.738284
 1798.000000 1.740439
 1799.000000 1.743154
 1800.000000 1.746574
 1801.000000 1.750814
 1802.000000 1.756041
 1803.000000 1.762384
 1804.000000 1.770029
 1805.000000 1.778947
 1806.000000 1.789172
 1807.000000 1.800683
 1808.000000 1.813232
 1809.000000 1.826491
 1810.000000 1.839828
 1811.000000 1.852749
 1812.000000 1.864750
 1813.000000 1.875593
 1814.000000 1.885275
 1815.000000 1.893836
 1816.000000 1.901461
 1817.000000 1.908196
 1818.000000 1.914150
 1819.000000 1.919342
 1820.000000 1.923809
 1821.000000 1.927704
 1822.000000 1.931276
 1823.000000 1.934811
 1824.000000 1.938658
 1825.000000 1.943150
 1826.000000 1.948481
 1827.000000 1.954776
 1828.000000 1.962075
 1829.000000 1.970310
 1830.000000 1.979120
 1831.000000 1.987937
 1832.000000 1.996299
 1833.000000 2.003807
 1834.000000 2.010123
 1835.000000 2.015096
 1836.000000 2.018787
 1837.000000 2.021372
 1838.000000 2.023141
 1839.000000 2.024405
 1840.000000 2.025505
 1841.000000 2.026741
 1842.000000 2.028361
 1843.000000 2.030494
 1844.000000 2.033230
 1845.000000 2.036525
 1846.000000 2.040362
 1847.000000 2.044734
 1848.000000 2.049751
 1849.000000 2.055421
 1850.000000 2.061727
 1851.000000 2.068653
 1852.000000 2.076185
 1853.000000 2.084309
 1854.000000 2.092982
 1855.000000 2.102209
 1856.000000 2.111920
 1857.000000 2.122100
 1858.000000 2.132812
 1859.000000 2.143930
 1860.000000 2.155455
 1861.000000 2.167308
 1862.000000 2.179174
 1863.000000 2.190713
 1864.000000 2.201499
 1865.000000 2.211155
 1866.000000 2.219521
 1867.000000 2.226460
 1868.000000 2.232075
 1869.000000 2.236361
 1870.000000 2.239451
 1871.000000 2.241549
 1872.000000 2.242942
 1873.000000 2.243949
 1874.000000 2.244844
 1875.000000 2.245822
 1876.000000 2.247029
 1877.000000 2.248529
 1878.000000 2.250285
 1879.000000 2.252192
 1880.000000 2.254156
 1881.000000 2.256082
 1882.000000 2.257936
 1883.000000 2.259753
 1884.000000 2.261624
 1885.000000 2.263771
 1886.000000 2.266463
 1887.000000 2.269990
 1888.000000 2.274634
 1889.000000 2.280711
 1890.000000 2.288331
 1891.000000 2.297573
 1892.000000 2.308543
 1893.000000 2.321168
 1894.000000 2.335027
 1895.000000 2.349626
 1896.000000 2.364344
 1897.000000 2.378727
 1898.000000 2.392309
 1899.000000 2.404862
 1900.000000 2.416543
 1901.000000 2.427607
 1902.000000 2.438204
 1903.000000 2.448437
 1904.000000 2.458360
 1905.000000 2.467865
 1906.000000 2.477030
 1907.000000 2.485851
 1908.000000 2.494390
 1909.000000 2.502685
 1910.000000 2.510708
 1911.000000 2.518420
 1912.000000 2.525598
 1913.000000 2.531950
 1914.000000 2.537481
 1915.000000 2.542128
 1916.000000 2.545855
 1917.000000 2.548670
 1918.000000 2.550722
 1919.000000 2.552258
 1920.000000 2.553627
 1921.000000 2.555287
 1922.000000 2.557733
 1923.000000 2.561360
 1924.000000 2.566486
 1925.000000 2.573305
 1926.000000 2.582098
 1927.000000 2.593078
 1928.000000 2.606281
 1929.000000 2.621826
 1930.000000 2.639584
 1931.000000 2.659407
 1932.000000 2.681031
 1933.000000 2.704329
 1934.000000 2.728375
 1935.000000 2.752152
 1936.000000 2.774615
 1937.000000 2.794973
 1938.000000 2.812880
 1939.000000 2.827982
 1940.000000 2.840051
 1941.000000 2.849013
 1942.000000 2.854745
 1943.000000 2.857263
 1944.000000 2.856786
 1945.000000 2.853750
 1946.000000 2.848721
 1947.000000 2.842294
 1948.000000 2.834957
 1949.000000 2.827095
 1950.000000 2.818797
 1951.000000 2.809846
 1952.000000 2.799989
 1953.000000 2.789106
 1954.000000 2.776848
 1955.000000 2.762863
 1956.000000 2.747160
 1957.000000 2.729891
 1958.000000 2.711601
 1959.000000 2.693025
 1960.000000 2.674840
 1961.000000 2.657323
 1962.000000 2.640524
 1963.000000 2.624179
 1964.000000 2.608196
 1965.000000 2.593200
 1966.000000 2.579708
 1967.000000 2.568181
 1968.000000 2.558806
 1969.000000 2.551671
 1970.000000 2.546748
 1971.000000 2.543825
 1972.000000 2.542707
 1973.000000 2.543174
 1974.000000 2.545056
 1975.000000 2.548245
 1976.000000 2.552719
 1977.000000 2.558466
 1978.000000 2.565500
 1979.000000 2.573756
 1980.000000 2.583036
 1981.000000 2.593112
 1982.000000 2.603766
 1983.000000 2.614916
 1984.000000 2.626392
 1985.000000 2.638287
 1986.000000 2.650687
 1987.000000 2.663709
 1988.000000 2.677442
 1989.000000 2.691837
 1990.000000 2.706519
 1991.000000 2.720998
 1992.000000 2.734146
 1993.000000 2.745420
 1994.000000 2.754181
 1995.000000 2.760104
 1996.000000 2.763225
 1997.000000 2.763856
 1998.000000 2.762506
 1999.000000 2.759754
 2000.000000 2.756039
 2001.000000 2.751538
 2002.000000 2.746158
 2003.000000 2.739767
 2004.000000 2.732274
 2005.000000 2.723618
 2006.000000 2.713776
 2007.000000 2.703046
 2008.000000 2.691980
 2009.000000 2.681312
 2010.000000 2.671882
 2011.000000 2.664357
 2012.000000 2.659418
 2013.000000 2.657151
 2014.000000 2.657232
 2015.000000 2.659131
 2016.000000 2.662348
 2017.000000 2.666528
 2018.000000 2.671481
 2019.000000 2.677330
 2020.000000 2.684301
 2021.000000 2.692893
 2022.000000 2.703661
 2023.000000 2.717240
 2024.000000 2.734010
 2025.000000 2.753864
 2026.000000 2.776385
 2027.000000 2.800539
 2028.000000 2.825825
 2029.000000 2.851290
 2030.000000 2.875662
 2031.000000 2.898387
 2032.000000 2.919533
 2033.000000 2.939691
 2034.000000 2.960021
 2035.000000 2.982244
 2036.000000 3.008280
 2037.000000 3.037896
 2038.000000 3.067115
 2039.000000 3.090775
 2040.000000 3.104053
 2041.000000 3.104117
 2042.000000 3.090553
 2043.000000 3.065588
 2044.000000 3.033101
 2045.000000 2.998438
 2046.000000 2.965793
 2047.000000 2.935222
 2048.000000 2.906578
 2049.000000 2.879551
 2050.000000 2.854386
 2051.000000 2.831281
 2052.000000 2.810048
 2053.000000 2.790966
 2054.000000 2.773450
 2055.000000 2.757317
 2056.000000 2.742480
 2057.000000 2.729148
 2058.000000 2.717829
 2059.000000 2.709051
 2060.000000 2.703325
 2061.000000 2.701125
 2062.000000 2.702618
 2063.000000 2.707646
 2064.000000 2.715734
 2065.000000 2.725901
 2066.000000 2.737135
 2067.000000 2.748548
 2068.000000 2.759246
 2069.000000 2.768639
 2070.000000 2.776428
 2071.000000 2.782685
 2072.000000 2.787509
 2073.000000 2.791289
 2074.000000 2.794455
 2075.000000 2.797402
 2076.000000 2.800329
 2077.000000 2.803297
 2078.000000 2.806296
 2079.000000 2.809243
 2080.000000 2.812085
 2081.000000 2.814794
 2082.000000 2.817398
 2083.000000 2.819973
 2084.000000 2.822640
 2085.000000 2.825544
 2086.000000 2.828821
 2087.000000 2.832538
 2088.000000 2.836622
 2089.000000 2.840842
 2090.000000 2.844926
 2091.000000 2.848690
 2092.000000 2.851895
 2093.000000 2.854442
 2094.000000 2.856366
 2095.000000 2.857885
 2096.000000 2.859346
 2097.000000 2.861172
 2098.000000 2.863873
 2099.000000 2.867907
 2100.000000 2.873541
 2101.000000 2.880869
 2102.000000 2.889777
 2103.000000 2.899873
 2104.000000 2.910956
 2105.000000 2.922720
 2106.000000 2.934955
 2107.000000 2.948017
 2108.000000 2.962246
 2109.000000 2.978224
 2110.000000 2.996494
 2111.000000 3.017561
 2112.000000 3.039711
 2113.000000 3.059755
 2114.000000 3.074631
 2115.000000 3.081811
 2116.000000 3.080219
 2117.000000 3.070085
 2118.000000 3.052983
 2119.000000 3.031514
 2120.000000 3.009255
 2121.000000 2.989257
 2122.000000 2.972144
 2123.000000 2.957525
 2124.000000 2.944757
 2125.000000 2.933197
 2126.000000 2.922492
 2127.000000 2.912168
 2128.000000 2.901831
 2129.000000 2.891210
 2130.000000 2.879957
 2131.000000 2.868078
 2132.000000 2.855784
 2133.000000 2.843249
 2134.000000 2.830627
 2135.000000 2.818155
 2136.000000 2.805809
 2137.000000 2.793620
 2138.000000 2.781730
 2139.000000 2.770363
 2140.000000 2.759757
 2141.000000 2.750110
 2142.000000 2.741541
 2143.000000 2.734137
 2144.000000 2.727741
 2145.000000 2.722120
 2146.000000 2.717029
 2147.000000 2.712198
 2148.000000 2.707491
 2149.000000 2.702992
 2150.000000 2.698833
 2151.000000 2.695218
 2152.000000 2.692311
 2153.000000 2.690231
 2154.000000 2.688955
 2155.000000 2.688408
 2156.000000 2.688459
 2157.000000 2.688944
 2158.000000 2.689684
 2159.000000 2.690525
 2160.000000 2.691348
 2161.000000 2.692071
 2162.000000 2.692666
 2163.000000 2.693154
 2164.000000 2.693590
 2165.000000 2.694071
 2166.000000 2.694701
 2167.000000 2.695568
 2168.000000 2.696685
 2169.000000 2.697982
 2170.000000 2.699297
 2171.000000 2.700431
 2172.000000 2.701112
 2173.000000 2.701090
 2174.000000 2.700141
 2175.000000 2.698110
 2176.000000 2.694916
 2177.000000 2.690536
 2178.000000 2.685004
 2179.000000 2.678342
 2180.000000 2.670723
 2181.000000 2.662317
 2182.000000 2.653282
 2183.000000 2.643957
 2184.000000 2.634700
 2185.000000 2.625895
 2186.000000 2.618244
 2187.000000 2.612280
 2188.000000 2.608545
 2189.000000 2.607305
 2190.000000 2.608568
 2191.000000 2.612149
 2192.000000 2.617598
 2193.000000 2.624436
 2194.000000 2.632155
 2195.000000 2.640324
 2196.000000 2.648517
 2197.000000 2.656490
 2198.000000 2.663980
 2199.000000 2.671030
 2200.000000 2.677866
 2201.000000 2.684793
 2202.000000 2.692386
 2203.000000 2.701173
 2204.000000 2.711712
 2205.000000 2.724284
 2206.000000 2.738945
 2207.000000 2.755125
 2208.000000 2.772519
 2209.000000 2.790886
 2210.000000 2.810004
 2211.000000 2.829562
 2212.000000 2.849621
 2213.000000 2.870009
 2214.000000 2.889962
 2215.000000 2.908547
 2216.000000 2.925031
 2217.000000 2.938779
 2218.000000 2.949780
 2219.000000 2.958214
 2220.000000 2.964337
 2221.000000 2.968379
 2222.000000 2.970616
 2223.000000 2.971364
 2224.000000 2.970969
 2225.000000 2.969801
 2226.000000 2.968262
 2227.000000 2.966776
 2228.000000 2.965720
 2229.000000 2.965438
 2230.000000 2.966187
 2231.000000 2.968133
 2232.000000 2.971296
 2233.000000 2.975651
 2234.000000 2.981087
 2235.000000 2.987508
 2236.000000 2.994845
 2237.000000 3.003107
 2238.000000 3.011952
 2239.000000 3.020496
 2240.000000 3.027944
 2241.000000 3.033528
 2242.000000 3.037012
 2243.000000 3.038440
 2244.000000 3.038099
 2245.000000 3.036498
 2246.000000 3.034284
 2247.000000 3.032100
 2248.000000 3.030452
 2249.000000 3.029634
 2250.000000 3.029747
 2251.000000 3.030688
 2252.000000 3.032206
 2253.000000 3.033946
 2254.000000 3.035534
 2255.000000 3.036572
 2256.000000 3.036703
 2257.000000 3.035661
 2258.000000 3.033317
 2259.000000 3.029730
 2260.000000 3.025202
 2261.000000 3.020169
 2262.000000 3.015235
 2263.000000 3.011079
 2264.000000 3.008362
 2265.000000 3.007579
 2266.000000 3.008991
 2267.000000 3.012577
 2268.000000 3.018021
 2269.000000 3.024743
 2270.000000 3.031978
 2271.000000 3.038647
 2272.000000 3.043630
 2273.000000 3.045816
 2274.000000 3.044465
 2275.000000 3.039251
 2276.000000 3.030389
 2277.000000 3.018397
 2278.000000 3.004150
 2279.000000 2.988476
 2280.000000 2.971275
 2281.000000 2.952266
 2282.000000 2.931443
 2283.000000 2.908930
 2284.000000 2.885789
 2285.000000 2.863631
 2286.000000 2.843706
 2287.000000 2.826701
 2288.000000 2.812650
 2289.000000 2.801204
 2290.000000 2.791478
 2291.000000 2.782871
 2292.000000 2.774782
 2293.000000 2.766659
 2294.000000 2.758239
 2295.000000 2.749533
 2296.000000 2.740800
 2297.000000 2.732281
 2298.000000 2.724463
 2299.000000 2.718023
 2300.000000 2.713469
 2301.000000 2.711239
 2302.000000 2.711637
 2303.000000 2.714941
 2304.000000 2.721345
 2305.000000 2.730790
 2306.000000 2.743029
 2307.000000 2.757681
 2308.000000 2.773800
 2309.000000 2.790768
 2310.000000 2.807903
 2311.000000 2.824930
 2312.000000 2.841601
 2313.000000 2.857405
 2314.000000 2.872027
 2315.000000 2.885048
 2316.000000 2.895965
 2317.000000 2.904578
 2318.000000 2.910708
 2319.000000 2.914531
 2320.000000 2.916305
 2321.000000 2.916304
 2322.000000 2.914753
 2323.000000 2.911717
 2324.000000 2.907186
 2325.000000 2.900996
 2326.000000 2.892956
 2327.000000 2.883052
 2328.000000 2.871436
 2329.000000 2.858416
 2330.000000 2.844518
 2331.000000 2.830154
 2332.000000 2.815891
 2333.000000 2.801991
 2334.000000 2.788521
 2335.000000 2.775707
 2336.000000 2.763964
 2337.000000 2.753655
 2338.000000 2.745243
 2339.000000 2.739078
 2340.000000 2.735199
 2341.000000 2.733516
 2342.000000 2.733722
 2343.000000 2.735436
 2344.000000 2.738285
 2345.000000 2.741899
 2346.000000 2.745972
 2347.000000 2.750271
 2348.000000 2.754699
 2349.000000 2.759213
 2350.000000 2.763857
 2351.000000 2.768761
 2352.000000 2.774138
 2353.000000 2.780257
 2354.000000 2.787517
 2355.000000 2.796282
 2356.000000 2.806981
 2357.000000 2.819823
 2358.000000 2.835009
 2359.000000 2.852329
 2360.000000 2.870920
 2361.000000 2.889662
 2362.000000 2.907526
 2363.000000 2.923698
 2364.000000 2.937418
 2365.000000 2.948430
 2366.000000 2.956665
 2367.000000 2.962427
 2368.000000 2.966051
 2369.000000 2.967973
 2370.000000 2.968625
 2371.000000 2.968400
 2372.000000 2.967600
 2373.000000 2.966411
 2374.000000 2.964900
 2375.000000 2.963008
 2376.000000 2.960567
 2377.000000 2.957340
 2378.000000 2.953063
 2379.000000 2.947471
 2380.000000 2.940254
 2381.000000 2.931106
 2382.000000 2.919860
 2383.000000 2.906576
 2384.000000 2.891358
 2385.000000 2.874657
 2386.000000 2.856857
 2387.000000 2.838753
 2388.000000 2.820713
 2389.000000 2.802900
 2390.000000 2.785743
 2391.000000 2.769530
 2392.000000 2.754735
 2393.000000 2.741446
 2394.000000 2.730105
 2395.000000 2.721073
 2396.000000 2.714486
 2397.000000 2.710388
 2398.000000 2.708662
 2399.000000 2.709230
 2400.000000 2.712033
 2401.000000 2.717009
 2402.000000 2.724163
 2403.000000 2.733578
 2404.000000 2.745251
 2405.000000 2.759043
 2406.000000 2.774346
 2407.000000 2.790826
 2408.000000 2.808297
 2409.000000 2.826595
 2410.000000 2.845373
 2411.000000 2.864154
 2412.000000 2.882143
 2413.000000 2.898784
 2414.000000 2.913478
 2415.000000 2.926008
 2416.000000 2.936145
 2417.000000 2.943950
 2418.000000 2.949503
 2419.000000 2.953017
 2420.000000 2.954751
 2421.000000 2.955042
 2422.000000 2.954225
 2423.000000 2.952600
 2424.000000 2.950395
 2425.000000 2.947731
 2426.000000 2.944604
 2427.000000 2.940787
 2428.000000 2.935944
 2429.000000 2.929740
 2430.000000 2.921757
 2431.000000 2.911764
 2432.000000 2.899406
 2433.000000 2.884726
 2434.000000 2.867804
 2435.000000 2.849326
 2436.000000 2.830150
 2437.000000 2.810895
 2438.000000 2.792282
 2439.000000 2.775244
 2440.000000 2.760730
 2441.000000 2.749430
 2442.000000 2.741661
 2443.000000 2.737349
 2444.000000 2.736347
 2445.000000 2.738369
 2446.000000 2.743067
 2447.000000 2.750002
 2448.000000 2.758692
 2449.000000 2.768735
 2450.000000 2.779804
 2451.000000 2.791594
 2452.000000 2.803742
 2453.000000 2.816172
 2454.000000 2.828671
 2455.000000 2.841139
 2456.000000 2.853501
 2457.000000 2.865557
 2458.000000 2.877123
 2459.000000 2.888263
 2460.000000 2.899204
 2461.000000 2.910043
 2462.000000 2.920891
 2463.000000 2.931875
 2464.000000 2.943150
 2465.000000 2.954667
 2466.000000 2.966371
 2467.000000 2.978333
 2468.000000 2.990867
 2469.000000 3.004457
 2470.000000 3.018787
 2471.000000 3.032267
 2472.000000 3.043288
 2473.000000 3.050435
 2474.000000 3.052644
 2475.000000 3.049583
 2476.000000 3.041678
 2477.000000 3.029995
 2478.000000 3.015956
 2479.000000 3.001228
 2480.000000 2.987163
 2481.000000 2.973306
 2482.000000 2.958936
 2483.000000 2.943382
 2484.000000 2.926024
 2485.000000 2.906776
 2486.000000 2.886134
 2487.000000 2.864774
 2488.000000 2.843754
 2489.000000 2.823989
 2490.000000 2.806266
 2491.000000 2.790779
 2492.000000 2.777748
 2493.000000 2.767058
 2494.000000 2.758553
 2495.000000 2.752049
 2496.000000 2.747305
 2497.000000 2.744136
 2498.000000 2.742418
 2499.000000 2.742122
 2500.000000 2.743235
 2501.000000 2.745773
 2502.000000 2.749730
 2503.000000 2.755106
 2504.000000 2.761950
 2505.000000 2.770348
 2506.000000 2.780233
 2507.000000 2.791500
 2508.000000 2.804137
 2509.000000 2.817918
 2510.000000 2.832654
 2511.000000 2.847921
 2512.000000 2.863374
 2513.000000 2.878449
 2514.000000 2.892388
 2515.000000 2.904683
 2516.000000 2.914967
 2517.000000 2.922967
 2518.000000 2.928273
 2519.000000 2.930796
 2520.000000 2.930359
 2521.000000 2.926828
 2522.000000 2.920050
 2523.000000 2.909851
 2524.000000 2.896063
 2525.000000 2.878780
 2526.000000 2.858440
 2527.000000 2.836099
 2528.000000 2.812944
 2529.000000 2.789509
 2530.000000 2.766228
 2531.000000 2.743775
 2532.000000 2.722375
 2533.000000 2.702301
 2534.000000 2.683781
 2535.000000 2.666404
 2536.000000 2.649881
 2537.000000 2.634141
 2538.000000 2.619435
 2539.000000 2.606433
 2540.000000 2.595902
 2541.000000 2.588390
 2542.000000 2.583977
 2543.000000 2.582560
 2544.000000 2.583698
 2545.000000 2.586826
 2546.000000 2.591323
 2547.000000 2.596564
 2548.000000 2.602009
 2549.000000 2.607365
 2550.000000 2.612435
 2551.000000 2.617042
 2552.000000 2.621256
 2553.000000 2.625177
 2554.000000 2.628938
 2555.000000 2.632601
 2556.000000 2.636134
 2557.000000 2.639385
 2558.000000 2.642241
 2559.000000 2.644499
 2560.000000 2.645982
 2561.000000 2.646544
 2562.000000 2.646052
 2563.000000 2.644351
 2564.000000 2.641348
 2565.000000 2.636994
 2566.000000 2.631196
 2567.000000 2.623942
 2568.000000 2.615093
 2569.000000 2.604771
 2570.000000 2.593271
 2571.000000 2.580858
 2572.000000 2.567806
 2573.000000 2.554188
 2574.000000 2.539855
 2575.000000 2.524490
 2576.000000 2.507332
 2577.000000 2.488013
 2578.000000 2.466543
 2579.000000 2.443411
 2580.000000 2.419383
 2581.000000 2.395156
 2582.000000 2.371522
 2583.000000 2.349398
 2584.000000 2.329542
 2585.000000 2.312735
 2586.000000 2.299335
 2587.000000 2.289356
 2588.000000 2.282511
 2589.000000 2.278424
 2590.000000 2.276949
 2591.000000 2.278019
 2592.000000 2.281670
 2593.000000 2.288110
 2594.000000 2.297550
 2595.000000 2.310307
 2596.000000 2.326436
 2597.000000 2.345802
 2598.000000 2.367743
 2599.000000 2.391090
 2600.000000 2.414907
 2601.000000 2.438704
 2602.000000 2.462380
 2603.000000 2.485652
 2604.000000 2.507759
 2605.000000 2.528583
 2606.000000 2.548830
 2607.000000 2.568778
 2608.000000 2.588531
 2609.000000 2.607021
 2610.000000 2.623418
 2611.000000 2.636931
 2612.000000 2.647403
 2613.000000 2.654555
 2614.000000 2.658409
 2615.000000 2.658951
 2616.000000 2.656212
 2617.000000 2.650233
 2618.000000 2.641017
 2619.000000 2.628820
 2620.000000 2.614088
 2621.000000 2.597586
 2622.000000 2.580283
 2623.000000 2.563206
 2624.000000 2.546809
 2625.000000 2.530735
 2626.000000 2.514429
 2627.000000 2.497242
 2628.000000 2.478765
 2629.000000 2.459320
 2630.000000 2.439404
 2631.000000 2.419203
 2632.000000 2.398629
 2633.000000 2.377833
 2634.000000 2.357004
 2635.000000 2.336893
 2636.000000 2.318807
 2637.000000 2.303859
 2638.000000 2.292408
 2639.000000 2.284319
 2640.000000 2.279523
 2641.000000 2.278036
 2642.000000 2.279797
 2643.000000 2.284877
 2644.000000 2.293410
 2645.000000 2.305547
 2646.000000 2.321320
 2647.000000 2.340426
 2648.000000 2.361640
 2649.000000 2.383271
 2650.000000 2.404338
 2651.000000 2.424354
 2652.000000 2.443345
 2653.000000 2.461131
 2654.000000 2.477364
 2655.000000 2.491816
 2656.000000 2.504400
 2657.000000 2.515358
 2658.000000 2.524978
 2659.000000 2.533706
 2660.000000 2.541867
 2661.000000 2.549687
 2662.000000 2.557353
 2663.000000 2.565045
 2664.000000 2.572666
 2665.000000 2.580259
 2666.000000 2.587654
 2667.000000 2.594585
 2668.000000 2.600782
 2669.000000 2.605874
 2670.000000 2.609558
 2671.000000 2.611499
 2672.000000 2.611468
 2673.000000 2.609368
 2674.000000 2.605267
 2675.000000 2.599424
 2676.000000 2.592360
 2677.000000 2.584692
 2678.000000 2.576917
 2679.000000 2.569667
 2680.000000 2.563445
 2681.000000 2.558447
 2682.000000 2.554645
 2683.000000 2.551803
 2684.000000 2.549602
 2685.000000 2.547704
 2686.000000 2.545840
 2687.000000 2.543786
 2688.000000 2.541341
 2689.000000 2.538304
 2690.000000 2.534549
 2691.000000 2.529983
 2692.000000 2.524469
 2693.000000 2.517810
 2694.000000 2.509775
 2695.000000 2.500352
 2696.000000 2.489556
 2697.000000 2.477634
 2698.000000 2.465315
 2699.000000 2.453136
 2700.000000 2.441739
 2701.000000 2.431529
 2702.000000 2.422595
 2703.000000 2.414716
 2704.000000 2.407497
 2705.000000 2.400251
 2706.000000 2.392428
 2707.000000 2.383469
 2708.000000 2.373142
 2709.000000 2.361472
 2710.000000 2.348854
 2711.000000 2.336069
 2712.000000 2.323915
 2713.000000 2.313271
 2714.000000 2.304403
 2715.000000 2.297392
 2716.000000 2.292037
 2717.000000 2.288135
 2718.000000 2.285365
 2719.000000 2.283439
 2720.000000 2.282182
 2721.000000 2.281551
 2722.000000 2.281639
 2723.000000 2.282669
 2724.000000 2.284917
 2725.000000 2.288700
 2726.000000 2.294302
 2727.000000 2.302009
 2728.000000 2.311819
 2729.000000 2.323785
 2730.000000 2.337427
 2731.000000 2.351904
 2732.000000 2.366084
 2733.000000 2.378820
 2734.000000 2.389525
 2735.000000 2.398046
 2736.000000 2.404447
 2737.000000 2.408897
 2738.000000 2.411592
 2739.000000 2.412713
 2740.000000 2.412480
 2741.000000 2.411098
 2742.000000 2.408822
 2743.000000 2.405896
 2744.000000 2.402663
 2745.000000 2.399414
 2746.000000 2.396376
 2747.000000 2.393791
 2748.000000 2.391783
 2749.000000 2.390382
 2750.000000 2.389527
 2751.000000 2.389096
 2752.000000 2.388955
 2753.000000 2.388988
 2754.000000 2.389101
 2755.000000 2.389247
 2756.000000 2.389437
 2757.000000 2.389737
 2758.000000 2.390248
 2759.000000 2.391071
 2760.000000 2.392286
 2761.000000 2.393955
 2762.000000 2.396129
 2763.000000 2.398883
 2764.000000 2.402398
 2765.000000 2.406915
 2766.000000 2.412635
 2767.000000 2.419906
 2768.000000 2.428998
 2769.000000 2.440113
 2770.000000 2.453220
 2771.000000 2.467777
 2772.000000 2.483118
 2773.000000 2.497955
 2774.000000 2.511734
 2775.000000 2.524015
 2776.000000 2.534875
 2777.000000 2.544377
 2778.000000 2.552586
 2779.000000 2.559860
 2780.000000 2.566377
 2781.000000 2.572321
 2782.000000 2.577909
 2783.000000 2.583293
 2784.000000 2.588552
 2785.000000 2.593553
 2786.000000 2.598094
 2787.000000 2.601919
 2788.000000 2.604866
 2789.000000 2.606851
 2790.000000 2.607849
 2791.000000 2.607940
 2792.000000 2.607262
 2793.000000 2.605958
 2794.000000 2.604156
 2795.000000 2.601972
 2796.000000 2.599421
 2797.000000 2.596445
 2798.000000 2.592942
 2799.000000 2.588852
 2800.000000 2.584095
 2801.000000 2.578701
 2802.000000 2.572648
 2803.000000 2.565944
 2804.000000 2.558487
 2805.000000 2.550295
 2806.000000 2.541231
 2807.000000 2.531016
 2808.000000 2.519376
 2809.000000 2.505933
 2810.000000 2.490739
 2811.000000 2.474438
 2812.000000 2.457918
 2813.000000 2.442663
 2814.000000 2.429341
