#! FIELDS time d
 0.000000 2.650447
 1.000000 2.649467
 2.000000 2.648565
 3.000000 2.648019
 4.000000 2.648151
 5.000000 2.649306
 6.000000 2.651763
 7.000000 2.655716
 8.000000 2.661177
 9.000000 2.668104
 10.000000 2.676237
 11.000000 2.685182
 12.000000 2.694667
 13.000000 2.704322
 14.000000 2.713951
 15.000000 2.723409
 16.000000 2.732654
 17.000000 2.741742
 18.000000 2.750660
 19.000000 2.759595
 20.000000 2.768425
 21.000000 2.777082
 22.000000 2.785690
 23.000000 2.794143
 24.000000 2.802383
 25.000000 2.810365
 26.000000 2.817894
 27.000000 2.824792
 28.000000 2.830789
 29.000000 2.835710
 30.000000 2.839278
 31.000000 2.841401
 32.000000 2.841999
 33.000000 2.841110
 34.000000 2.838865
 35.000000 2.835548
 36.000000 2.831477
 37.000000 2.827029
 38.000000 2.822481
 39.000000 2.818191
 40.000000 2.814463
 41.000000 2.811468
 42.000000 2.809361
 43.000000 2.808233
 44.000000 2.808158
 45.000000 2.809166
 46.000000 2.811211
 47.000000 2.814165
 48.000000 2.817790
 49.000000 2.821807
 50.000000 2.825891
 51.000000 2.829738
 52.000000 2.833100
 53.000000 2.835878
 54.000000 2.838184
 55.000000 2.840343
 56.000000 2.842789
 57.000000 2.846115
 58.000000 2.850871
 59.000000 2.857418
 60.000000 2.866007
 61.000000 2.876738
 62.000000 2.889208
 63.000000 2.902860
 64.000000 2.917109
 65.000000 2.931492
 66.000000 2.945422
 67.000000 2.958368
 68.000000 2.970064
 69.000000 2.980429
 70.000000 2.989595
 71.000000 2.997774
 72.000000 3.005041
 73.000000 3.010764
 74.000000 3.014162
 75.000000 3.014746
 76.000000 3.012482
 77.000000 3.007765
 78.000000 3.001504
 79.000000 2.994763
 80.000000 2.988039
 81.000000 2.981705
 82.000000 2.975894
 83.000000 2.970723
 84.000000 2.966235
 85.000000 2.962345
 86.000000 2.958973
 87.000000 2.955942
 88.000000 2.953096
 89.000000 2.950360
 90.000000 2.947795
 91.000000 2.945509
 92.000000 2.943650
 93.000000 2.942464
 94.000000 2.942165
 95.000000 2.942934
 96.000000 2.944897
 97.000000 2.948073
 98.000000 2.952410
 99.000000 2.957716
 100.000000 2.963865
 101.000000 2.970777
 102.000000 2.978363
 103.000000 2.986800
 104.000000 2.996242
 105.000000 3.006722
 106.000000 3.017741
 107.000000 3.028171
 108.000000 3.036820
 109.000000 3.042494
 110.000000 3.044412
 111.000000 3.042362
 112.000000 3.036650
 113.000000 3.028013
 114.000000 3.017634
 115.000000 3.006863
 116.000000 2.996930
 117.000000 2.988299
 118.000000 2.980566
 119.000000 2.973246
 120.000000 2.965866
 121.000000 2.957965
 122.000000 2.949119
 123.000000 2.938875
 124.000000 2.927008
 125.000000 2.913542
 126.000000 2.899048
 127.000000 2.884269
 128.000000 2.869823
 129.000000 2.856435
 130.000000 2.844652
 131.000000 2.834499
 132.000000 2.826050
 133.000000 2.819059
 134.000000 2.813415
 135.000000 2.809026
 136.000000 2.805810
 137.000000 2.803691
 138.000000 2.802564
 139.000000 2.802322
 140.000000 2.802820
 141.000000 2.803910
 142.000000 2.805479
 143.000000 2.807454
 144.000000 2.809851
 145.000000 2.812741
 146.000000 2.816196
 147.000000 2.820335
 148.000000 2.825199
 149.000000 2.830629
 150.000000 2.836461
 151.000000 2.842424
 152.000000 2.848098
 153.000000 2.853103
 154.000000 2.857074
 155.000000 2.859879
 156.000000 2.861602
 157.000000 2.862505
 158.000000 2.863036
 159.000000 2.863758
 160.000000 2.865279
 161.000000 2.868158
 162.000000 2.872816
 163.000000 2.879596
 164.000000 2.888506
 165.000000 2.899235
 166.000000 2.911104
 167.000000 2.923144
 168.000000 2.934440
 169.000000 2.944185
 170.000000 2.951722
 171.000000 2.956715
 172.000000 2.959138
 173.000000 2.959077
 174.000000 2.956730
 175.000000 2.952367
 176.000000 2.946333
 177.000000 2.939062
 178.000000 2.931023
 179.000000 2.922726
 180.000000 2.914889
 181.000000 2.908033
 182.000000 2.902740
 183.000000 2.899383
 184.000000 2.897984
 185.000000 2.898291
 186.000000 2.899836
 187.000000 2.901929
 188.000000 2.903843
 189.000000 2.904874
 190.000000 2.904501
 191.000000 2.902500
 192.000000 2.898997
 193.000000 2.894459
 194.000000 2.889567
 195.000000 2.885133
 196.000000 2.881887
 197.000000 2.880461
 198.000000 2.881277
 199.000000 2.884548
 200.000000 2.890281
 201.000000 2.898210
 202.000000 2.907958
 203.000000 2.919132
 204.000000 2.930923
 205.000000 2.942909
 206.000000 2.954325
 207.000000 2.964695
 208.000000 2.973777
 209.000000 2.981539
 210.000000 2.988415
 211.000000 2.994992
 212.000000 3.002129
 213.000000 3.010341
 214.000000 3.019165
 215.000000 3.028067
 216.000000 3.036209
 217.000000 3.042563
 218.000000 3.046267
 219.000000 3.046713
 220.000000 3.043830
 221.000000 3.038083
 222.000000 3.030453
 223.000000 3.022039
 224.000000 3.014197
 225.000000 3.008095
 226.000000 3.004381
 227.000000 3.003179
 228.000000 3.004086
 229.000000 3.006314
 230.000000 3.008933
 231.000000 3.011002
 232.000000 3.011853
 233.000000 3.011281
 234.000000 3.009520
 235.000000 3.007201
 236.000000 3.005185
 237.000000 3.004179
 238.000000 3.004672
 239.000000 3.006817
 240.000000 3.010388
 241.000000 3.014846
 242.000000 3.019590
 243.000000 3.024087
 244.000000 3.027820
 245.000000 3.030466
 246.000000 3.031927
 247.000000 3.032349
 248.000000 3.032086
 249.000000 3.031564
 250.000000 3.031146
 251.000000 3.030973
 252.000000 3.030881
 253.000000 3.030432
 254.000000 3.029047
 255.000000 3.026221
 256.000000 3.021750
 257.000000 3.015774
 258.000000 3.008745
 259.000000 3.001579
 260.000000 2.995134
 261.000000 2.989865
 262.000000 2.985944
 263.000000 2.983502
 264.000000 2.982677
 265.000000 2.983570
 266.000000 2.986285
 267.000000 2.990964
 268.000000 2.997752
 269.000000 3.006846
 270.000000 3.017596
 271.000000 3.028668
 272.000000 3.038479
 273.000000 3.045467
 274.000000 3.048347
 275.000000 3.046541
 276.000000 3.040321
 277.000000 3.030683
 278.000000 3.019150
 279.000000 3.007390
 280.000000 2.996812
 281.000000 2.988218
 282.000000 2.981305
 283.000000 2.975870
 284.000000 2.971847
 285.000000 2.969260
 286.000000 2.968124
 287.000000 2.968466
 288.000000 2.970285
 289.000000 2.973540
 290.000000 2.978085
 291.000000 2.983758
 292.000000 2.990339
 293.000000 2.997609
 294.000000 3.005342
 295.000000 3.012842
 296.000000 3.019158
 297.000000 3.023623
 298.000000 3.026000
 299.000000 3.026380
 300.000000 3.025292
 301.000000 3.023485
 302.000000 3.021795
 303.000000 3.020922
 304.000000 3.021334
 305.000000 3.023250
 306.000000 3.026603
 307.000000 3.031079
 308.000000 3.036100
 309.000000 3.040898
 310.000000 3.044733
 311.000000 3.046953
 312.000000 3.047032
 313.000000 3.044815
 314.000000 3.040502
 315.000000 3.034531
 316.000000 3.027469
 317.000000 3.019657
 318.000000 3.011422
 319.000000 3.003071
 320.000000 2.994688
 321.000000 2.985869
 322.000000 2.975652
 323.000000 2.963346
 324.000000 2.948121
 325.000000 2.929858
 326.000000 2.909529
 327.000000 2.888413
 328.000000 2.867661
 329.000000 2.847693
 330.000000 2.828329
 331.000000 2.809335
 332.000000 2.790597
 333.000000 2.771809
 334.000000 2.753154
 335.000000 2.734734
 336.000000 2.717036
 337.000000 2.700440
 338.000000 2.685311
 339.000000 2.671963
 340.000000 2.660560
 341.000000 2.651109
 342.000000 2.643635
 343.000000 2.637860
 344.000000 2.633346
 345.000000 2.629620
 346.000000 2.626217
 347.000000 2.622790
 348.000000 2.619043
 349.000000 2.614844
 350.000000 2.610296
 351.000000 2.605590
 352.000000 2.601023
 353.000000 2.596947
 354.000000 2.593675
 355.000000 2.591393
 356.000000 2.590015
 357.000000 2.589301
 358.000000 2.588916
 359.000000 2.588521
 360.000000 2.587853
 361.000000 2.586810
 362.000000 2.585449
 363.000000 2.584020
 364.000000 2.582931
 365.000000 2.582668
 366.000000 2.583687
 367.000000 2.586286
 368.000000 2.590500
 369.000000 2.596144
 370.000000 2.602926
 371.000000 2.610434
 372.000000 2.618435
 373.000000 2.626826
 374.000000 2.635635
 375.000000 2.644839
 376.000000 2.654299
 377.000000 2.664193
 378.000000 2.674695
 379.000000 2.685770
 380.000000 2.697055
 381.000000 2.707932
 382.000000 2.717982
 383.000000 2.726825
 384.000000 2.734166
 385.000000 2.739912
 386.000000 2.744042
 387.000000 2.746685
 388.000000 2.747998
 389.000000 2.748214
 390.000000 2.747566
 391.000000 2.746267
 392.000000 2.744467
 393.000000 2.742218
 394.000000 2.739453
 395.000000 2.736034
 396.000000 2.731832
 397.000000 2.726851
 398.000000 2.721104
 399.000000 2.714732
 400.000000 2.707867
 401.000000 2.700819
 402.000000 2.693785
 403.000000 2.687178
 404.000000 2.681280
 405.000000 2.676334
 406.000000 2.672386
 407.000000 2.669400
 408.000000 2.667223
 409.000000 2.665688
 410.000000 2.664614
 411.000000 2.663867
 412.000000 2.663351
 413.000000 2.663021
 414.000000 2.662898
 415.000000 2.663060
 416.000000 2.663625
 417.000000 2.664688
 418.000000 2.666280
 419.000000 2.668264
 420.000000 2.670444
 421.000000 2.672576
 422.000000 2.674382
 423.000000 2.675751
 424.000000 2.676632
 425.000000 2.677100
 426.000000 2.677303
 427.000000 2.677471
 428.000000 2.677865
 429.000000 2.678721
 430.000000 2.680167
 431.000000 2.682160
 432.000000 2.684530
 433.000000 2.686975
 434.000000 2.689192
 435.000000 2.690926
 436.000000 2.692060
 437.000000 2.692587
 438.000000 2.692659
 439.000000 2.692549
 440.000000 2.692600
 441.000000 2.693173
 442.000000 2.694572
 443.000000 2.696981
 444.000000 2.700383
 445.000000 2.704544
 446.000000 2.709170
 447.000000 2.713939
 448.000000 2.718586
 449.000000 2.723048
 450.000000 2.727395
 451.000000 2.731864
 452.000000 2.736809
 453.000000 2.742613
 454.000000 2.749619
 455.000000 2.758016
 456.000000 2.767851
 457.000000 2.778852
 458.000000 2.790463
 459.000000 2.802367
 460.000000 2.813883
 461.000000 2.824292
 462.000000 2.833210
 463.000000 2.840371
 464.000000 2.845655
 465.000000 2.849109
 466.000000 2.850831
 467.000000 2.851038
 468.000000 2.850011
 469.000000 2.848057
 470.000000 2.845480
 471.000000 2.842523
 472.000000 2.839401
 473.000000 2.836249
 474.000000 2.833139
 475.000000 2.830066
 476.000000 2.826940
 477.000000 2.823635
 478.000000 2.819956
 479.000000 2.815628
 480.000000 2.810382
 481.000000 2.803953
 482.000000 2.796015
 483.000000 2.786376
 484.000000 2.775118
 485.000000 2.762633
 486.000000 2.749550
 487.000000 2.736538
 488.000000 2.724352
 489.000000 2.713484
 490.000000 2.704325
 491.000000 2.697084
 492.000000 2.691924
 493.000000 2.688928
 494.000000 2.688131
 495.000000 2.689349
 496.000000 2.692234
 497.000000 2.696271
 498.000000 2.700852
 499.000000 2.705373
 500.000000 2.709305
 501.000000 2.712215
 502.000000 2.713801
 503.000000 2.714044
 504.000000 2.713070
 505.000000 2.711173
 506.000000 2.708736
 507.000000 2.706174
 508.000000 2.703830
 509.000000 2.701965
 510.000000 2.700689
 511.000000 2.699973
 512.000000 2.699731
 513.000000 2.699836
 514.000000 2.700176
 515.000000 2.700681
 516.000000 2.701355
 517.000000 2.702284
 518.000000 2.703627
 519.000000 2.705626
 520.000000 2.708526
 521.000000 2.712499
 522.000000 2.717623
 523.000000 2.723841
 524.000000 2.731126
 525.000000 2.739277
 526.000000 2.747993
 527.000000 2.756908
 528.000000 2.765573
 529.000000 2.773694
 530.000000 2.781239
 531.000000 2.787995
 532.000000 2.794020
 533.000000 2.799553
 534.000000 2.804677
 535.000000 2.809444
 536.000000 2.813978
 537.000000 2.818383
 538.000000 2.822776
 539.000000 2.827377
 540.000000 2.832410
 541.000000 2.838022
 542.000000 2.844465
 543.000000 2.852027
 544.000000 2.860794
 545.000000 2.870892
 546.000000 2.882129
 547.000000 2.894165
 548.000000 2.906356
 549.000000 2.917814
 550.000000 2.927538
 551.000000 2.934736
 552.000000 2.939099
 553.000000 2.940634
 554.000000 2.939662
 555.000000 2.936732
 556.000000 2.932638
 557.000000 2.928275
 558.000000 2.924543
 559.000000 2.922227
 560.000000 2.921878
 561.000000 2.923729
 562.000000 2.927716
 563.000000 2.933536
 564.000000 2.940541
 565.000000 2.948004
 566.000000 2.955382
 567.000000 2.962183
 568.000000 2.968139
 569.000000 2.973218
 570.000000 2.977487
 571.000000 2.981183
 572.000000 2.984717
 573.000000 2.988608
 574.000000 2.993587
 575.000000 3.000468
 576.000000 3.010036
 577.000000 3.022167
 578.000000 3.036218
 579.000000 3.050834
 580.000000 3.063733
 581.000000 3.072518
 582.000000 3.075373
 583.000000 3.071694
 584.000000 3.062181
 585.000000 3.048694
 586.000000 3.033782
 587.000000 3.019355
 588.000000 3.006957
 589.000000 2.997225
 590.000000 2.989931
 591.000000 2.984270
 592.000000 2.979341
 593.000000 2.974362
 594.000000 2.968573
 595.000000 2.961294
 596.000000 2.951990
 597.000000 2.940414
 598.000000 2.926794
 599.000000 2.911524
 600.000000 2.895373
 601.000000 2.879113
 602.000000 2.863214
 603.000000 2.847859
 604.000000 2.833261
 605.000000 2.819574
 606.000000 2.806786
 607.000000 2.795150
 608.000000 2.784978
 609.000000 2.776481
 610.000000 2.769820
 611.000000 2.765054
 612.000000 2.762028
 613.000000 2.760446
 614.000000 2.759901
 615.000000 2.759933
 616.000000 2.760094
 617.000000 2.760022
 618.000000 2.759503
 619.000000 2.758494
 620.000000 2.757121
 621.000000 2.755641
 622.000000 2.754374
 623.000000 2.753637
 624.000000 2.753681
 625.000000 2.754668
 626.000000 2.756606
 627.000000 2.759361
 628.000000 2.762690
 629.000000 2.766199
 630.000000 2.769502
 631.000000 2.772124
 632.000000 2.773704
 633.000000 2.773993
 634.000000 2.772927
 635.000000 2.770584
 636.000000 2.767194
 637.000000 2.763076
 638.000000 2.758472
 639.000000 2.753543
 640.000000 2.748337
 641.000000 2.742936
 642.000000 2.737221
 643.000000 2.731146
 644.000000 2.724714
 645.000000 2.717868
 646.000000 2.710714
 647.000000 2.703379
 648.000000 2.695980
 649.000000 2.688553
 650.000000 2.681013
 651.000000 2.673140
 652.000000 2.664654
 653.000000 2.655305
 654.000000 2.644946
 655.000000 2.633525
 656.000000 2.621180
 657.000000 2.608087
 658.000000 2.594296
 659.000000 2.580099
 660.000000 2.565508
 661.000000 2.550445
 662.000000 2.535121
 663.000000 2.519647
 664.000000 2.504787
 665.000000 2.490797
 666.000000 2.478298
 667.000000 2.467710
 668.000000 2.459594
 669.000000 2.454263
 670.000000 2.451848
 671.000000 2.452313
 672.000000 2.455533
 673.000000 2.461191
 674.000000 2.468797
 675.000000 2.477914
 676.000000 2.487933
 677.000000 2.498168
 678.000000 2.508026
 679.000000 2.516995
 680.000000 2.524635
 681.000000 2.530679
 682.000000 2.535041
 683.000000 2.537797
 684.000000 2.539001
 685.000000 2.538712
 686.000000 2.537024
 687.000000 2.534025
 688.000000 2.529861
 689.000000 2.524683
 690.000000 2.518696
 691.000000 2.511944
 692.000000 2.504410
 693.000000 2.495983
 694.000000 2.486516
 695.000000 2.475696
 696.000000 2.463362
 697.000000 2.449347
 698.000000 2.433609
 699.000000 2.416278
 700.000000 2.397485
 701.000000 2.377264
 702.000000 2.355878
 703.000000 2.333591
 704.000000 2.310715
 705.000000 2.287457
 706.000000 2.263750
 707.000000 2.239865
 708.000000 2.216348
 709.000000 2.193193
 710.000000 2.170488
 711.000000 2.148472
 712.000000 2.127754
 713.000000 2.108539
 714.000000 2.090852
 715.000000 2.074963
 716.000000 2.061171
 717.000000 2.049469
 718.000000 2.039603
 719.000000 2.031303
 720.000000 2.024379
 721.000000 2.018496
 722.000000 2.013194
 723.000000 2.008022
 724.000000 2.002609
 725.000000 1.996628
 726.000000 1.989909
 727.000000 1.982485
 728.000000 1.974442
 729.000000 1.965992
 730.000000 1.957457
 731.000000 1.949158
 732.000000 1.941375
 733.000000 1.934300
 734.000000 1.928026
 735.000000 1.922677
 736.000000 1.918219
 737.000000 1.914566
 738.000000 1.911603
 739.000000 1.909169
 740.000000 1.907128
 741.000000 1.905357
 742.000000 1.903782
 743.000000 1.902356
 744.000000 1.901045
 745.000000 1.899859
 746.000000 1.898819
 747.000000 1.897986
 748.000000 1.897447
 749.000000 1.897294
 750.000000 1.897617
 751.000000 1.898488
 752.000000 1.899958
 753.000000 1.902041
 754.000000 1.904700
 755.000000 1.907901
 756.000000 1.911567
 757.000000 1.915593
 758.000000 1.919933
 759.000000 1.924453
 760.000000 1.929138
 761.000000 1.933944
 762.000000 1.938949
 763.000000 1.944246
 764.000000 1.949967
 765.000000 1.956236
 766.000000 1.963106
 767.000000 1.970616
 768.000000 1.978854
 769.000000 1.987777
 770.000000 1.997398
 771.000000 2.007751
 772.000000 2.018633
 773.000000 2.029977
 774.000000 2.041749
 775.000000 2.053791
 776.000000 2.065738
 777.000000 2.077417
 778.000000 2.088579
 779.000000 2.099176
 780.000000 2.108905
 781.000000 2.117646
 782.000000 2.125342
 783.000000 2.131871
 784.000000 2.137161
 785.000000 2.141249
 786.000000 2.144113
 787.000000 2.145717
 788.000000 2.146091
 789.000000 2.145258
 790.000000 2.143261
 791.000000 2.140189
 792.000000 2.136244
 793.000000 2.131651
 794.000000 2.126681
 795.000000 2.121671
 796.000000 2.116980
 797.000000 2.112799
 798.000000 2.109443
 799.000000 2.107132
 800.000000 2.106012
 801.000000 2.106093
 802.000000 2.107378
 803.000000 2.109896
 804.000000 2.113732
 805.000000 2.119020
 806.000000 2.125987
 807.000000 2.134815
 808.000000 2.145585
 809.000000 2.158239
 810.000000 2.172782
 811.000000 2.188881
 812.000000 2.206338
 813.000000 2.224667
 814.000000 2.243376
 815.000000 2.262445
 816.000000 2.281558
 817.000000 2.300549
 818.000000 2.319292
 819.000000 2.337483
 820.000000 2.355233
 821.000000 2.372116
 822.000000 2.388088
 823.000000 2.403164
 824.000000 2.417206
 825.000000 2.430024
 826.000000 2.441665
 827.000000 2.451818
 828.000000 2.460449
 829.000000 2.467463
 830.000000 2.472811
 831.000000 2.476399
 832.000000 2.478091
 833.000000 2.477837
 834.000000 2.475606
 835.000000 2.471417
 836.000000 2.465346
 837.000000 2.457545
 838.000000 2.448402
 839.000000 2.438181
 840.000000 2.427135
 841.000000 2.415611
 842.000000 2.403716
 843.000000 2.391397
 844.000000 2.378539
 845.000000 2.365167
 846.000000 2.351437
 847.000000 2.337673
 848.000000 2.324056
 849.000000 2.310987
 850.000000 2.298469
 851.000000 2.286786
 852.000000 2.276076
 853.000000 2.266576
 854.000000 2.258465
 855.000000 2.251831
 856.000000 2.246696
 857.000000 2.243095
 858.000000 2.241051
 859.000000 2.240528
 860.000000 2.241443
 861.000000 2.243629
 862.000000 2.246911
 863.000000 2.250994
 864.000000 2.255609
 865.000000 2.260437
 866.000000 2.265118
 867.000000 2.269402
 868.000000 2.273047
 869.000000 2.275913
 870.000000 2.277960
 871.000000 2.279155
 872.000000 2.279523
 873.000000 2.279090
 874.000000 2.277864
 875.000000 2.275817
 876.000000 2.272909
 877.000000 2.268981
 878.000000 2.263910
 879.000000 2.257543
 880.000000 2.249769
 881.000000 2.240498
 882.000000 2.229471
 883.000000 2.216459
 884.000000 2.201504
 885.000000 2.184562
 886.000000 2.165951
 887.000000 2.146429
 888.000000 2.126498
 889.000000 2.106193
 890.000000 2.085628
 891.000000 2.064731
 892.000000 2.043201
 893.000000 2.021288
 894.000000 1.999310
 895.000000 1.977701
 896.000000 1.956935
 897.000000 1.937331
 898.000000 1.918862
 899.000000 1.901422
 900.000000 1.884999
 901.000000 1.869536
 902.000000 1.855296
 903.000000 1.842575
 904.000000 1.831696
 905.000000 1.822895
 906.000000 1.816579
 907.000000 1.812795
 908.000000 1.811591
 909.000000 1.812913
 910.000000 1.816578
 911.000000 1.822334
 912.000000 1.829914
 913.000000 1.838909
 914.000000 1.848909
 915.000000 1.859467
 916.000000 1.870060
 917.000000 1.880418
 918.000000 1.890309
 919.000000 1.899696
 920.000000 1.908691
 921.000000 1.917560
 922.000000 1.926720
 923.000000 1.936674
 924.000000 1.947802
 925.000000 1.960312
 926.000000 1.974245
 927.000000 1.989314
 928.000000 2.005283
 929.000000 2.021578
 930.000000 2.037634
 931.000000 2.053191
 932.000000 2.067809
 933.000000 2.081390
 934.000000 2.093971
 935.000000 2.105731
 936.000000 2.116589
 937.000000 2.126682
 938.000000 2.136097
 939.000000 2.144889
 940.000000 2.152979
 941.000000 2.160336
 942.000000 2.167010
 943.000000 2.173082
 944.000000 2.178624
 945.000000 2.183798
 946.000000 2.188789
 947.000000 2.193685
 948.000000 2.198501
 949.000000 2.203167
 950.000000 2.207700
 951.000000 2.211990
 952.000000 2.216013
 953.000000 2.219736
 954.000000 2.223289
 955.000000 2.226820
 956.000000 2.230416
 957.000000 2.234144
 958.000000 2.238030
 959.000000 2.242120
 960.000000 2.246458
 961.000000 2.251237
 962.000000 2.256766
 963.000000 2.263538
 964.000000 2.272044
 965.000000 2.282644
 966.000000 2.295816
 967.000000 2.311559
 968.000000 2.329606
 969.000000 2.349214
 970.000000 2.369510
 971.000000 2.389840
 972.000000 2.409775
 973.000000 2.429138
 974.000000 2.447765
 975.000000 2.465609
 976.000000 2.482453
 977.000000 2.497748
 978.000000 2.511257
 979.000000 2.522846
 980.000000 2.532537
 981.000000 2.540481
 982.000000 2.546852
 983.000000 2.551905
 984.000000 2.555989
 985.000000 2.559378
 986.000000 2.562380
 987.000000 2.565221
 988.000000 2.568013
 989.000000 2.570761
 990.000000 2.573363
 991.000000 2.575607
 992.000000 2.577201
 993.000000 2.577776
 994.000000 2.577026
 995.000000 2.574715
 996.000000 2.570752
 997.000000 2.565165
 998.000000 2.558199
 999.000000 2.550105
 1000.000000 2.541033
 1001.000000 2.531458
 1002.000000 2.521468
 1003.000000 2.510889
 1004.000000 2.499809
 1005.000000 2.488219
 1006.000000 2.476468
 1007.000000 2.464915
 1008.000000 2.453882
 1009.000000 2.443577
 1010.000000 2.434168
 1011.000000 2.425605
 1012.000000 2.417791
 1013.000000 2.410429
 1014.000000 2.403329
 1015.000000 2.396266
 1016.000000 2.389171
 1017.000000 2.381889
 1018.000000 2.374372
 1019.000000 2.366775
 1020.000000 2.359334
 1021.000000 2.352224
 1022.000000 2.345634
 1023.000000 2.339794
 1024.000000 2.334858
 1025.000000 2.330953
 1026.000000 2.328176
 1027.000000 2.326530
 1028.000000 2.325988
 1029.000000 2.326468
 1030.000000 2.327865
 1031.000000 2.330075
 1032.000000 2.332964
 1033.000000 2.336434
 1034.000000 2.340304
 1035.000000 2.344334
 1036.000000 2.348259
 1037.000000 2.351692
 1038.000000 2.354277
 1039.000000 2.355718
 1040.000000 2.355774
 1041.000000 2.354259
 1042.000000 2.351057
 1043.000000 2.346118
 1044.000000 2.339452
 1045.000000 2.331198
 1046.000000 2.321463
 1047.000000 2.310502
 1048.000000 2.298638
 1049.000000 2.286201
 1050.000000 2.273461
 1051.000000 2.260258
 1052.000000 2.246424
 1053.000000 2.231237
 1054.000000 2.214248
 1055.000000 2.194952
 1056.000000 2.173614
 1057.000000 2.151214
 1058.000000 2.128166
 1059.000000 2.105231
 1060.000000 2.082656
 1061.000000 2.060611
 1062.000000 2.039448
 1063.000000 2.019526
 1064.000000 2.001259
 1065.000000 1.985337
 1066.000000 1.971995
 1067.000000 1.961453
 1068.000000 1.953796
 1069.000000 1.948842
 1070.000000 1.946219
 1071.000000 1.945432
 1072.000000 1.946011
 1073.000000 1.947568
 1074.000000 1.949919
 1075.000000 1.953117
 1076.000000 1.957356
 1077.000000 1.962913
 1078.000000 1.970113
 1079.000000 1.979110
 1080.000000 1.990055
 1081.000000 2.002666
 1082.000000 2.017130
 1083.000000 2.033558
 1084.000000 2.051868
 1085.000000 2.071774
 1086.000000 2.092924
 1087.000000 2.114797
 1088.000000 2.136784
 1089.000000 2.158324
 1090.000000 2.178352
 1091.000000 2.195738
 1092.000000 2.209848
 1093.000000 2.220624
 1094.000000 2.228274
 1095.000000 2.233179
 1096.000000 2.235582
 1097.000000 2.235707
 1098.000000 2.233654
 1099.000000 2.229416
 1100.000000 2.222996
 1101.000000 2.214437
 1102.000000 2.203802
 1103.000000 2.191162
 1104.000000 2.177037
 1105.000000 2.162273
 1106.000000 2.147588
 1107.000000 2.133515
 1108.000000 2.120395
 1109.000000 2.108459
 1110.000000 2.097817
 1111.000000 2.088686
 1112.000000 2.081086
 1113.000000 2.075150
 1114.000000 2.071018
 1115.000000 2.068775
 1116.000000 2.068480
 1117.000000 2.070168
 1118.000000 2.073884
 1119.000000 2.079593
 1120.000000 2.087280
 1121.000000 2.096850
 1122.000000 2.108301
 1123.000000 2.121738
 1124.000000 2.136864
 1125.000000 2.153155
 1126.000000 2.170009
 1127.000000 2.186410
 1128.000000 2.201404
 1129.000000 2.214270
 1130.000000 2.224743
 1131.000000 2.232924
 1132.000000 2.238879
 1133.000000 2.242625
 1134.000000 2.244191
 1135.000000 2.243544
 1136.000000 2.240690
 1137.000000 2.235545
 1138.000000 2.228152
 1139.000000 2.218739
 1140.000000 2.207590
 1141.000000 2.195222
 1142.000000 2.182208
 1143.000000 2.169440
 1144.000000 2.157703
 1145.000000 2.147649
 1146.000000 2.139786
 1147.000000 2.134223
 1148.000000 2.130809
 1149.000000 2.129310
 1150.000000 2.129490
 1151.000000 2.131168
 1152.000000 2.134254
 1153.000000 2.138710
 1154.000000 2.144525
 1155.000000 2.151619
 1156.000000 2.159818
 1157.000000 2.168732
 1158.000000 2.178169
 1159.000000 2.187670
 1160.000000 2.196866
 1161.000000 2.205444
 1162.000000 2.213557
 1163.000000 2.221540
 1164.000000 2.229603
 1165.000000 2.237944
 1166.000000 2.246746
 1167.000000 2.256138
 1168.000000 2.266216
 1169.000000 2.276923
 1170.000000 2.288321
 1171.000000 2.300101
 1172.000000 2.311993
 1173.000000 2.323491
 1174.000000 2.334015
 1175.000000 2.343096
 1176.000000 2.350542
 1177.000000 2.356052
 1178.000000 2.359556
 1179.000000 2.361105
 1180.000000 2.360901
 1181.000000 2.359191
 1182.000000 2.356242
 1183.000000 2.352305
 1184.000000 2.347575
 1185.000000 2.342305
 1186.000000 2.336745
 1187.000000 2.331144
 1188.000000 2.325807
 1189.000000 2.320967
 1190.000000 2.316875
 1191.000000 2.313774
 1192.000000 2.311800
 1193.000000 2.311022
 1194.000000 2.311431
 1195.000000 2.312999
 1196.000000 2.315729
 1197.000000 2.319646
 1198.000000 2.324780
 1199.000000 2.331079
 1200.000000 2.338511
 1201.000000 2.347047
 1202.000000 2.356795
 1203.000000 2.367759
 1204.000000 2.380085
 1205.000000 2.393889
 1206.000000 2.409166
 1207.000000 2.426039
 1208.000000 2.444313
 1209.000000 2.463568
 1210.000000 2.483170
 1211.000000 2.502791
 1212.000000 2.522010
 1213.000000 2.541238
 1214.000000 2.560983
 1215.000000 2.581871
 1216.000000 2.604029
 1217.000000 2.626780
 1218.000000 2.648643
 1219.000000 2.668085
 1220.000000 2.683907
 1221.000000 2.695840
 1222.000000 2.704237
 1223.000000 2.709272
 1224.000000 2.711294
 1225.000000 2.710505
 1226.000000 2.707013
 1227.000000 2.700843
 1228.000000 2.691911
 1229.000000 2.680044
 1230.000000 2.665322
 1231.000000 2.648099
 1232.000000 2.629186
 1233.000000 2.609982
 1234.000000 2.592061
 1235.000000 2.576414
 1236.000000 2.563004
 1237.000000 2.551809
 1238.000000 2.542387
 1239.000000 2.534279
 1240.000000 2.527040
 1241.000000 2.520168
 1242.000000 2.513008
 1243.000000 2.504898
 1244.000000 2.495344
 1245.000000 2.483936
 1246.000000 2.470600
 1247.000000 2.455874
 1248.000000 2.440649
 1249.000000 2.425855
 1250.000000 2.412612
 1251.000000 2.401546
 1252.000000 2.393289
 1253.000000 2.388236
 1254.000000 2.386516
 1255.000000 2.388146
 1256.000000 2.393047
 1257.000000 2.400966
 1258.000000 2.411549
 1259.000000 2.424543
 1260.000000 2.439173
 1261.000000 2.454575
 1262.000000 2.469926
 1263.000000 2.484177
 1264.000000 2.496758
 1265.000000 2.507520
 1266.000000 2.516414
 1267.000000 2.523798
 1268.000000 2.529931
 1269.000000 2.535083
 1270.000000 2.539521
 1271.000000 2.543469
 1272.000000 2.547109
 1273.000000 2.550623
 1274.000000 2.554245
 1275.000000 2.558215
 1276.000000 2.562707
 1277.000000 2.567902
 1278.000000 2.573992
 1279.000000 2.580990
 1280.000000 2.588932
 1281.000000 2.597610
 1282.000000 2.606925
 1283.000000 2.616540
 1284.000000 2.626012
 1285.000000 2.634550
 1286.000000 2.641298
 1287.000000 2.645606
 1288.000000 2.647153
 1289.000000 2.645854
 1290.000000 2.641926
 1291.000000 2.635901
 1292.000000 2.628583
 1293.000000 2.620936
 1294.000000 2.613859
 1295.000000 2.608122
 1296.000000 2.604357
 1297.000000 2.602842
 1298.000000 2.603618
 1299.000000 2.606537
 1300.000000 2.611217
 1301.000000 2.617001
 1302.000000 2.623285
 1303.000000 2.629635
 1304.000000 2.635792
 1305.000000 2.641452
 1306.000000 2.646231
 1307.000000 2.649766
 1308.000000 2.651931
 1309.000000 2.652689
 1310.000000 2.652101
 1311.000000 2.650330
 1312.000000 2.647578
 1313.000000 2.644097
 1314.000000 2.640203
 1315.000000 2.636165
 1316.000000 2.632198
 1317.000000 2.628570
 1318.000000 2.625492
 1319.000000 2.623269
 1320.000000 2.622210
 1321.000000 2.622496
 1322.000000 2.624213
 1323.000000 2.627316
 1324.000000 2.631605
 1325.000000 2.636728
 1326.000000 2.642374
 1327.000000 2.648221
 1328.000000 2.653935
 1329.000000 2.659116
 1330.000000 2.663429
 1331.000000 2.666543
 1332.000000 2.668146
 1333.000000 2.667966
 1334.000000 2.665876
 1335.000000 2.661862
 1336.000000 2.656035
 1337.000000 2.648660
 1338.000000 2.640108
 1339.000000 2.630890
 1340.000000 2.621582
 1341.000000 2.612607
 1342.000000 2.604390
 1343.000000 2.597035
 1344.000000 2.590608
 1345.000000 2.585081
 1346.000000 2.580418
 1347.000000 2.576597
 1348.000000 2.573544
 1349.000000 2.571225
 1350.000000 2.569628
 1351.000000 2.568750
 1352.000000 2.568611
 1353.000000 2.569280
 1354.000000 2.570865
 1355.000000 2.573521
 1356.000000 2.577368
 1357.000000 2.582603
 1358.000000 2.589428
 1359.000000 2.597966
 1360.000000 2.608275
 1361.000000 2.620189
 1362.000000 2.633671
 1363.000000 2.648320
 1364.000000 2.663893
 1365.000000 2.679658
 1366.000000 2.695131
 1367.000000 2.710486
 1368.000000 2.726086
 1369.000000 2.742533
 1370.000000 2.760040
 1371.000000 2.778586
 1372.000000 2.797776
 1373.000000 2.816976
 1374.000000 2.835363
 1375.000000 2.852402
 1376.000000 2.867822
 1377.000000 2.881593
 1378.000000 2.893614
 1379.000000 2.903936
 1380.000000 2.912469
 1381.000000 2.919313
 1382.000000 2.924667
 1383.000000 2.928711
 1384.000000 2.931482
 1385.000000 2.932973
 1386.000000 2.933095
 1387.000000 2.931683
 1388.000000 2.928572
 1389.000000 2.923623
 1390.000000 2.916704
 1391.000000 2.908000
 1392.000000 2.897632
 1393.000000 2.886064
 1394.000000 2.873833
 1395.000000 2.861288
 1396.000000 2.848637
 1397.000000 2.836049
 1398.000000 2.823417
 1399.000000 2.810726
 1400.000000 2.798037
 1401.000000 2.785722
 1402.000000 2.773973
 1403.000000 2.762934
 1404.000000 2.752871
 1405.000000 2.744205
 1406.000000 2.737095
 1407.000000 2.731733
 1408.000000 2.727990
 1409.000000 2.725486
 1410.000000 2.723599
 1411.000000 2.721725
 1412.000000 2.719516
 1413.000000 2.716936
 1414.000000 2.714241
 1415.000000 2.711838
 1416.000000 2.710084
 1417.000000 2.709264
 1418.000000 2.709604
 1419.000000 2.711275
 1420.000000 2.714398
 1421.000000 2.719090
 1422.000000 2.725424
 1423.000000 2.733331
 1424.000000 2.742499
 1425.000000 2.752492
 1426.000000 2.762867
 1427.000000 2.773102
 1428.000000 2.782585
 1429.000000 2.790948
 1430.000000 2.797843
 1431.000000 2.803167
 1432.000000 2.807125
 1433.000000 2.810149
 1434.000000 2.812750
 1435.000000 2.815334
 1436.000000 2.818153
 1437.000000 2.821299
 1438.000000 2.824756
 1439.000000 2.828455
 1440.000000 2.832383
 1441.000000 2.836590
 1442.000000 2.841170
 1443.000000 2.846234
 1444.000000 2.852031
 1445.000000 2.858741
 1446.000000 2.866584
 1447.000000 2.875656
 1448.000000 2.885829
 1449.000000 2.896773
 1450.000000 2.907962
 1451.000000 2.918617
 1452.000000 2.927923
 1453.000000 2.935427
 1454.000000 2.940903
 1455.000000 2.944378
 1456.000000 2.946247
 1457.000000 2.947144
 1458.000000 2.947858
 1459.000000 2.949187
 1460.000000 2.951750
 1461.000000 2.955960
 1462.000000 2.961995
 1463.000000 2.970013
 1464.000000 2.980139
 1465.000000 2.992611
 1466.000000 3.008092
 1467.000000 3.026065
 1468.000000 3.044760
 1469.000000 3.061480
 1470.000000 3.072934
 1471.000000 3.076859
 1472.000000 3.072414
 1473.000000 3.060568
 1474.000000 3.043683
 1475.000000 3.024671
 1476.000000 3.005840
 1477.000000 2.989029
 1478.000000 2.974034
 1479.000000 2.960262
 1480.000000 2.947852
 1481.000000 2.936961
 1482.000000 2.928132
 1483.000000 2.921636
 1484.000000 2.917666
 1485.000000 2.916042
 1486.000000 2.916418
 1487.000000 2.918260
 1488.000000 2.920884
 1489.000000 2.923483
 1490.000000 2.925338
 1491.000000 2.925910
 1492.000000 2.924885
 1493.000000 2.922107
 1494.000000 2.917569
 1495.000000 2.911471
 1496.000000 2.904185
 1497.000000 2.896248
 1498.000000 2.888284
 1499.000000 2.880979
 1500.000000 2.874795
 1501.000000 2.869870
 1502.000000 2.866256
 1503.000000 2.863881
 1504.000000 2.862548
 1505.000000 2.862049
 1506.000000 2.862218
 1507.000000 2.862973
 1508.000000 2.864332
 1509.000000 2.866395
 1510.000000 2.869259
 1511.000000 2.872973
 1512.000000 2.877393
 1513.000000 2.882062
 1514.000000 2.886348
 1515.000000 2.889552
 1516.000000 2.890951
 1517.000000 2.890109
 1518.000000 2.886857
 1519.000000 2.881209
 1520.000000 2.873420
 1521.000000 2.863900
 1522.000000 2.852960
 1523.000000 2.840967
 1524.000000 2.828147
 1525.000000 2.814813
 1526.000000 2.801188
 1527.000000 2.787494
 1528.000000 2.773992
 1529.000000 2.760860
 1530.000000 2.748776
 1531.000000 2.738010
 1532.000000 2.728689
 1533.000000 2.720721
 1534.000000 2.714169
 1535.000000 2.709015
 1536.000000 2.705186
 1537.000000 2.702426
 1538.000000 2.700229
 1539.000000 2.697907
 1540.000000 2.694799
 1541.000000 2.690489
 1542.000000 2.684914
 1543.000000 2.678361
 1544.000000 2.671524
 1545.000000 2.665384
 1546.000000 2.660905
 1547.000000 2.659024
 1548.000000 2.660410
 1549.000000 2.665359
 1550.000000 2.673694
 1551.000000 2.685032
 1552.000000 2.698622
 1553.000000 2.713817
 1554.000000 2.729782
 1555.000000 2.745856
 1556.000000 2.761114
 1557.000000 2.774357
 1558.000000 2.784661
 1559.000000 2.791412
 1560.000000 2.794424
 1561.000000 2.793833
 1562.000000 2.789967
 1563.000000 2.783271
 1564.000000 2.774091
 1565.000000 2.762874
 1566.000000 2.750056
 1567.000000 2.736220
 1568.000000 2.721813
 1569.000000 2.707498
 1570.000000 2.693585
 1571.000000 2.680279
 1572.000000 2.667922
 1573.000000 2.657024
 1574.000000 2.647914
 1575.000000 2.640870
 1576.000000 2.635865
 1577.000000 2.632767
 1578.000000 2.631294
 1579.000000 2.631060
 1580.000000 2.631731
 1581.000000 2.633061
 1582.000000 2.634883
 1583.000000 2.637161
 1584.000000 2.639965
 1585.000000 2.643438
 1586.000000 2.647805
 1587.000000 2.653244
 1588.000000 2.659813
 1589.000000 2.667458
 1590.000000 2.675852
 1591.000000 2.684523
 1592.000000 2.692936
 1593.000000 2.700760
 1594.000000 2.707908
 1595.000000 2.714477
 1596.000000 2.720678
 1597.000000 2.726735
 1598.000000 2.732842
 1599.000000 2.739229
 1600.000000 2.745992
 1601.000000 2.753094
 1602.000000 2.760298
 1603.000000 2.767157
 1604.000000 2.772954
 1605.000000 2.776994
 1606.000000 2.778612
 1607.000000 2.777280
 1608.000000 2.772686
 1609.000000 2.764707
 1610.000000 2.753327
 1611.000000 2.738815
 1612.000000 2.721796
 1613.000000 2.702946
 1614.000000 2.682923
 1615.000000 2.662997
 1616.000000 2.644271
 1617.000000 2.627987
 1618.000000 2.614976
 1619.000000 2.605391
 1620.000000 2.599030
 1621.000000 2.595557
 1622.000000 2.594596
 1623.000000 2.595781
 1624.000000 2.598740
 1625.000000 2.603044
 1626.000000 2.608327
 1627.000000 2.614178
 1628.000000 2.620286
 1629.000000 2.626322
 1630.000000 2.632141
 1631.000000 2.637636
 1632.000000 2.642794
 1633.000000 2.647610
 1634.000000 2.652101
 1635.000000 2.656255
 1636.000000 2.660104
 1637.000000 2.663722
 1638.000000 2.667204
 1639.000000 2.670630
 1640.000000 2.674035
 1641.000000 2.677364
 1642.000000 2.680427
 1643.000000 2.682935
 1644.000000 2.684540
 1645.000000 2.684853
 1646.000000 2.683472
 1647.000000 2.680046
 1648.000000 2.674339
 1649.000000 2.666287
 1650.000000 2.656049
 1651.000000 2.644056
 1652.000000 2.630870
 1653.000000 2.617283
 1654.000000 2.603723
 1655.000000 2.590413
 1656.000000 2.577259
 1657.000000 2.563946
 1658.000000 2.550071
 1659.000000 2.535279
 1660.000000 2.519179
 1661.000000 2.501701
 1662.000000 2.483349
 1663.000000 2.464948
 1664.000000 2.447822
 1665.000000 2.433394
 1666.000000 2.422656
 1667.000000 2.416064
 1668.000000 2.413548
 1669.000000 2.414749
 1670.000000 2.419112
 1671.000000 2.426075
 1672.000000 2.435067
 1673.000000 2.445464
 1674.000000 2.456784
 1675.000000 2.468516
 1676.000000 2.480302
 1677.000000 2.491902
 1678.000000 2.502921
 1679.000000 2.513026
 1680.000000 2.521886
 1681.000000 2.529238
 1682.000000 2.535107
 1683.000000 2.539518
 1684.000000 2.542573
 1685.000000 2.544330
 1686.000000 2.544729
 1687.000000 2.543664
 1688.000000 2.540976
 1689.000000 2.536418
 1690.000000 2.529749
 1691.000000 2.520505
 1692.000000 2.508237
 1693.000000 2.492459
 1694.000000 2.472880
 1695.000000 2.449882
 1696.000000 2.424971
 1697.000000 2.399626
 1698.000000 2.374487
 1699.000000 2.349617
 1700.000000 2.324646
 1701.000000 2.299753
 1702.000000 2.275590
 1703.000000 2.252734
 1704.000000 2.231324
 1705.000000 2.210660
 1706.000000 2.190257
 1707.000000 2.170132
 1708.000000 2.150690
 1709.000000 2.132550
 1710.000000 2.116185
 1711.000000 2.101943
 1712.000000 2.089654
 1713.000000 2.079263
 1714.000000 2.070558
 1715.000000 2.063432
 1716.000000 2.057902
 1717.000000 2.053965
 1718.000000 2.051656
 1719.000000 2.051056
 1720.000000 2.052208
 1721.000000 2.055108
 1722.000000 2.059728
 1723.000000 2.066028
 1724.000000 2.073969
 1725.000000 2.083452
 1726.000000 2.094368
 1727.000000 2.106457
 1728.000000 2.119491
 1729.000000 2.133221
 1730.000000 2.147107
 1731.000000 2.160152
 1732.000000 2.171679
 1733.000000 2.181106
 1734.000000 2.188127
 1735.000000 2.192659
 1736.000000 2.194653
 1737.000000 2.194030
 1738.000000 2.190683
 1739.000000 2.184492
 1740.000000 2.175461
 1741.000000 2.163775
 1742.000000 2.149701
 1743.000000 2.134109
 1744.000000 2.117767
 1745.000000 2.101340
 1746.000000 2.085284
 1747.000000 2.069448
 1748.000000 2.053542
 1749.000000 2.037218
 1750.000000 2.020217
 1751.000000 2.001980
 1752.000000 1.983135
 1753.000000 1.963903
 1754.000000 1.944352
 1755.000000 1.924778
 1756.000000 1.905323
 1757.000000 1.885678
 1758.000000 1.865936
 1759.000000 1.846333
 1760.000000 1.827161
 1761.000000 1.809107
 1762.000000 1.792459
 1763.000000 1.777341
 1764.000000 1.763797
 1765.000000 1.752264
 1766.000000 1.742729
 1767.000000 1.734958
 1768.000000 1.728536
 1769.000000 1.723353
 1770.000000 1.719314
 1771.000000 1.716387
 1772.000000 1.714656
 1773.000000 1.714205
 1774.000000 1.715064
 1775.000000 1.717170
 1776.000000 1.720353
 1777.000000 1.724285
 1778.000000 1.728617
 1779.000000 1.733001
 1780.000000 1.737030
 1781.000000 1.740330
 1782.000000 1.742637
 1783.000000 1.743814
 1784.000000 1.743769
 1785.000000 1.742457
 1786.000000 1.739865
 1787.000000 1.736002
 1788.000000 1.730876
 1789.000000 1.724537
 1790.000000 1.716991
 1791.000000 1.708260
 1792.000000 1.698463
 1793.000000 1.687718
 1794.000000 1.675886
 1795.000000 1.663014
 1796.000000 1.649384
 1797.000000 1.635307
 1798.000000 1.620699
 1799.000000 1.605731
 1800.000000 1.590661
 1801.000000 1.575587
 1802.000000 1.560198
 1803.000000 1.544393
 1804.000000 1.527985
 1805.000000 1.511324
 1806.000000 1.494786
 1807.000000 1.478995
 1808.000000 1.464910
 1809.000000 1.453458
 1810.000000 1.445676
 1811.000000 1.442363
 1812.000000 1.444085
 1813.000000 1.451062
 1814.000000 1.463076
 1815.000000 1.479531
 1816.000000 1.499713
 1817.000000 1.522400
 1818.000000 1.546627
 1819.000000 1.571385
 1820.000000 1.596114
 1821.000000 1.621045
 1822.000000 1.646583
 1823.000000 1.672538
 1824.000000 1.698558
 1825.000000 1.724068
 1826.000000 1.748145
 1827.000000 1.770162
 1828.000000 1.789855
 1829.000000 1.807281
 1830.000000 1.822384
 1831.000000 1.835100
 1832.000000 1.845696
 1833.000000 1.854434
 1834.000000 1.861488
 1835.000000 1.867023
 1836.000000 1.871219
 1837.000000 1.874169
 1838.000000 1.875907
 1839.000000 1.876329
 1840.000000 1.875268
 1841.000000 1.872493
 1842.000000 1.867696
 1843.000000 1.860612
 1844.000000 1.850829
 1845.000000 1.838265
 1846.000000 1.822899
 1847.000000 1.804958
 1848.000000 1.784510
 1849.000000 1.762330
 1850.000000 1.739503
 1851.000000 1.717111
 1852.000000 1.696129
 1853.000000 1.677362
 1854.000000 1.661442
 1855.000000 1.648627
 1856.000000 1.638998
 1857.000000 1.632450
 1858.000000 1.628875
 1859.000000 1.628351
 1860.000000 1.630956
 1861.000000 1.636771
 1862.000000 1.645746
 1863.000000 1.657732
 1864.000000 1.672334
 1865.000000 1.688933
 1866.000000 1.706898
 1867.000000 1.725355
 1868.000000 1.743773
 1869.000000 1.761181
 1870.000000 1.776933
 1871.000000 1.790511
 1872.000000 1.801670
 1873.000000 1.810369
 1874.000000 1.816492
 1875.000000 1.819903
 1876.000000 1.820643
 1877.000000 1.818711
 1878.000000 1.814100
 1879.000000 1.806872
 1880.000000 1.797043
 1881.000000 1.784732
 1882.000000 1.769926
 1883.000000 1.752607
 1884.000000 1.733211
 1885.000000 1.712127
 1886.000000 1.690144
 1887.000000 1.667954
 1888.000000 1.646035
 1889.000000 1.624286
 1890.000000 1.602927
 1891.000000 1.581527
 1892.000000 1.559244
 1893.000000 1.535584
 1894.000000 1.510859
 1895.000000 1.485652
 1896.000000 1.460949
 1897.000000 1.437713
 1898.000000 1.417312
 1899.000000 1.401055
 1900.000000 1.389769
 1901.000000 1.383995
 1902.000000 1.383980
 1903.000000 1.389599
 1904.000000 1.400438
 1905.000000 1.415780
 1906.000000 1.435201
 1907.000000 1.458129
 1908.000000 1.484032
 1909.000000 1.512164
 1910.000000 1.541549
 1911.000000 1.571608
 1912.000000 1.601798
 1913.000000 1.631863
 1914.000000 1.662547
 1915.000000 1.693373
 1916.000000 1.723096
 1917.000000 1.750096
 1918.000000 1.773588
 1919.000000 1.793340
 1920.000000 1.809333
 1921.000000 1.822087
 1922.000000 1.832387
 1923.000000 1.840826
 1924.000000 1.847945
 1925.000000 1.854005
 1926.000000 1.859243
 1927.000000 1.863747
 1928.000000 1.867512
 1929.000000 1.870513
 1930.000000 1.872670
 1931.000000 1.873905
 1932.000000 1.874183
 1933.000000 1.873511
 1934.000000 1.871928
 1935.000000 1.869519
 1936.000000 1.866455
 1937.000000 1.863011
 1938.000000 1.859501
 1939.000000 1.856277
 1940.000000 1.853624
 1941.000000 1.851716
 1942.000000 1.850677
 1943.000000 1.850616
 1944.000000 1.851752
 1945.000000 1.854489
 1946.000000 1.859375
 1947.000000 1.866983
 1948.000000 1.877767
 1949.000000 1.891839
 1950.000000 1.909154
 1951.000000 1.929747
 1952.000000 1.953230
 1953.000000 1.978307
 1954.000000 2.003776
 1955.000000 2.028630
 1956.000000 2.051985
 1957.000000 2.073905
 1958.000000 2.094780
 1959.000000 2.115188
 1960.000000 2.135475
 1961.000000 2.155649
 1962.000000 2.175194
 1963.000000 2.193628
 1964.000000 2.210573
 1965.000000 2.225494
 1966.000000 2.238454
 1967.000000 2.249673
 1968.000000 2.259517
 1969.000000 2.268297
 1970.000000 2.276296
 1971.000000 2.283895
 1972.000000 2.291249
 1973.000000 2.298522
 1974.000000 2.305568
 1975.000000 2.312143
 1976.000000 2.318053
 1977.000000 2.323056
 1978.000000 2.326972
 1979.000000 2.329712
 1980.000000 2.331265
 1981.000000 2.331681
 1982.000000 2.331038
 1983.000000 2.329359
 1984.000000 2.326707
 1985.000000 2.323231
 1986.000000 2.319266
 1987.000000 2.315312
 1988.000000 2.311974
 1989.000000 2.309916
 1990.000000 2.309808
 1991.000000 2.312261
 1992.000000 2.317718
 1993.000000 2.326606
 1994.000000 2.339003
 1995.000000 2.354775
 1996.000000 2.373732
 1997.000000 2.395588
 1998.000000 2.419583
 1999.000000 2.444319
 2000.000000 2.467977
 2001.000000 2.489113
 2002.000000 2.507320
 2003.000000 2.522891
 2004.000000 2.536517
 2005.000000 2.549237
 2006.000000 2.562288
 2007.000000 2.576622
 2008.000000 2.592842
 2009.000000 2.611131
 2010.000000 2.631231
 2011.000000 2.652712
 2012.000000 2.674257
 2013.000000 2.695131
 2014.000000 2.714817
 2015.000000 2.733578
 2016.000000 2.751460
 2017.000000 2.768497
 2018.000000 2.784609
 2019.000000 2.799992
 2020.000000 2.814429
 2021.000000 2.827917
 2022.000000 2.840240
 2023.000000 2.851160
 2024.000000 2.860354
 2025.000000 2.867503
 2026.000000 2.872420
 2027.000000 2.875007
 2028.000000 2.875465
 2029.000000 2.874241
 2030.000000 2.872017
 2031.000000 2.869613
 2032.000000 2.867845
 2033.000000 2.867356
 2034.000000 2.868417
 2035.000000 2.870990
 2036.000000 2.874878
 2037.000000 2.879777
 2038.000000 2.885356
 2039.000000 2.891334
 2040.000000 2.897529
 2041.000000 2.903945
 2042.000000 2.910710
 2043.000000 2.917946
 2044.000000 2.925954
 2045.000000 2.934822
 2046.000000 2.944359
 2047.000000 2.954127
 2048.000000 2.963422
 2049.000000 2.971898
 2050.000000 2.979472
 2051.000000 2.986422
 2052.000000 2.993376
 2053.000000 3.001022
 2054.000000 3.010294
 2055.000000 3.021271
 2056.000000 3.033726
 2057.000000 3.046851
 2058.000000 3.059053
 2059.000000 3.068350
 2060.000000 3.072904
 2061.000000 3.071509
 2062.000000 3.064087
 2063.000000 3.051711
 2064.000000 3.036273
 2065.000000 3.020338
 2066.000000 3.005832
 2067.000000 2.993904
 2068.000000 2.984772
 2069.000000 2.977942
 2070.000000 2.973116
 2071.000000 2.970086
 2072.000000 2.968860
 2073.000000 2.969411
 2074.000000 2.971793
 2075.000000 2.976177
 2076.000000 2.982832
 2077.000000 2.992255
 2078.000000 3.005235
 2079.000000 3.021777
 2080.000000 3.040517
 2081.000000 3.059059
 2082.000000 3.074496
 2083.000000 3.084118
 2084.000000 3.086198
 2085.000000 3.080509
 2086.000000 3.068215
 2087.000000 3.051683
 2088.000000 3.033854
 2089.000000 3.017371
 2090.000000 3.003842
 2091.000000 2.993865
 2092.000000 2.987384
 2093.000000 2.983854
 2094.000000 2.982948
 2095.000000 2.984491
 2096.000000 2.988533
 2097.000000 2.995252
 2098.000000 3.005075
 2099.000000 3.017832
 2100.000000 3.032255
 2101.000000 3.046716
 2102.000000 3.059201
 2103.000000 3.067460
 2104.000000 3.070039
 2105.000000 3.066508
 2106.000000 3.057738
 2107.000000 3.045448
 2108.000000 3.031960
 2109.000000 3.019369
 2110.000000 3.009307
 2111.000000 3.002614
 2112.000000 2.999621
 2113.000000 3.000212
 2114.000000 3.003940
 2115.000000 3.009972
 2116.000000 3.017436
 2117.000000 3.025258
 2118.000000 3.032396
 2119.000000 3.037939
 2120.000000 3.041119
 2121.000000 3.041630
 2122.000000 3.039657
 2123.000000 3.035751
 2124.000000 3.030564
 2125.000000 3.024679
 2126.000000 3.018659
 2127.000000 3.012875
 2128.000000 3.007662
 2129.000000 3.003360
 2130.000000 3.000216
 2131.000000 2.998535
 2132.000000 2.998466
 2133.000000 3.000246
 2134.000000 3.004188
 2135.000000 3.010337
 2136.000000 3.018570
 2137.000000 3.028427
 2138.000000 3.038958
 2139.000000 3.048697
 2140.000000 3.055698
 2141.000000 3.058133
 2142.000000 3.055845
 2143.000000 3.049455
 2144.000000 3.039898
 2145.000000 3.028682
 2146.000000 3.017574
 2147.000000 3.008105
 2148.000000 3.001640
 2149.000000 2.999308
 2150.000000 3.001602
 2151.000000 3.008460
 2152.000000 3.019210
 2153.000000 3.032644
 2154.000000 3.047453
 2155.000000 3.061680
 2156.000000 3.072930
 2157.000000 3.079305
 2158.000000 3.079527
 2159.000000 3.073707
 2160.000000 3.063257
 2161.000000 3.050333
 2162.000000 3.036852
 2163.000000 3.024129
 2164.000000 3.013136
 2165.000000 3.004319
 2166.000000 2.998016
 2167.000000 2.994147
 2168.000000 2.992383
 2169.000000 2.992526
 2170.000000 2.994564
 2171.000000 2.998665
 2172.000000 3.005021
 2173.000000 3.013490
 2174.000000 3.023446
 2175.000000 3.034084
 2176.000000 3.044329
 2177.000000 3.052927
 2178.000000 3.058591
 2179.000000 3.060371
 2180.000000 3.057822
 2181.000000 3.051213
 2182.000000 3.041390
 2183.000000 3.029631
 2184.000000 3.017156
 2185.000000 3.005012
 2186.000000 2.994478
 2187.000000 2.985846
 2188.000000 2.978972
 2189.000000 2.973552
 2190.000000 2.969163
 2191.000000 2.965230
 2192.000000 2.961369
 2193.000000 2.957177
 2194.000000 2.952369
 2195.000000 2.946801
 2196.000000 2.940565
 2197.000000 2.933888
 2198.000000 2.927287
 2199.000000 2.921248
 2200.000000 2.916215
 2201.000000 2.912502
 2202.000000 2.910040
 2203.000000 2.908585
 2204.000000 2.907814
 2205.000000 2.907464
 2206.000000 2.907334
 2207.000000 2.907289
 2208.000000 2.907297
 2209.000000 2.907479
 2210.000000 2.908120
 2211.000000 2.909637
 2212.000000 2.912547
 2213.000000 2.917370
 2214.000000 2.924346
 2215.000000 2.933386
 2216.000000 2.944046
 2217.000000 2.955619
 2218.000000 2.967704
 2219.000000 2.980157
 2220.000000 2.993225
 2221.000000 3.007312
 2222.000000 3.022174
 2223.000000 3.036751
 2224.000000 3.050174
 2225.000000 3.061355
 2226.000000 3.069162
 2227.000000 3.072735
 2228.000000 3.071641
 2229.000000 3.065790
 2230.000000 3.055595
 2231.000000 3.041839
 2232.000000 3.025860
 2233.000000 3.008777
 2234.000000 2.991959
 2235.000000 2.975943
 2236.000000 2.960737
 2237.000000 2.946772
 2238.000000 2.934755
 2239.000000 2.925331
 2240.000000 2.918930
 2241.000000 2.915785
 2242.000000 2.915553
 2243.000000 2.917646
 2244.000000 2.921389
 2245.000000 2.926215
 2246.000000 2.931610
 2247.000000 2.937240
 2248.000000 2.943014
 2249.000000 2.949141
 2250.000000 2.955902
 2251.000000 2.963796
 2252.000000 2.973481
 2253.000000 2.985511
 2254.000000 3.000436
 2255.000000 3.018110
 2256.000000 3.036735
 2257.000000 3.054122
 2258.000000 3.068041
 2259.000000 3.076659
 2260.000000 3.078590
 2261.000000 3.073276
 2262.000000 3.061754
 2263.000000 3.046792
 2264.000000 3.031230
 2265.000000 3.017227
 2266.000000 3.005964
 2267.000000 2.998054
 2268.000000 2.993228
 2269.000000 2.990422
 2270.000000 2.988605
 2271.000000 2.986959
 2272.000000 2.984863
 2273.000000 2.981950
 2274.000000 2.978088
 2275.000000 2.973369
 2276.000000 2.968094
 2277.000000 2.962563
 2278.000000 2.957171
 2279.000000 2.952223
 2280.000000 2.947994
 2281.000000 2.944726
 2282.000000 2.942565
 2283.000000 2.941557
 2284.000000 2.941786
 2285.000000 2.943308
 2286.000000 2.946218
 2287.000000 2.950606
 2288.000000 2.956561
 2289.000000 2.964177
 2290.000000 2.973751
 2291.000000 2.985375
 2292.000000 2.999211
 2293.000000 3.015344
 2294.000000 3.032267
 2295.000000 3.047882
 2296.000000 3.060048
 2297.000000 3.067213
 2298.000000 3.068329
 2299.000000 3.063395
 2300.000000 3.053619
 2301.000000 3.040996
 2302.000000 3.027567
 2303.000000 3.015569
 2304.000000 3.006599
 2305.000000 3.001795
 2306.000000 3.001470
 2307.000000 3.005262
 2308.000000 3.012276
 2309.000000 3.021422
 2310.000000 3.031314
 2311.000000 3.040708
 2312.000000 3.048530
 2313.000000 3.053983
 2314.000000 3.056888
 2315.000000 3.057599
 2316.000000 3.056853
 2317.000000 3.055408
 2318.000000 3.053654
 2319.000000 3.051460
 2320.000000 3.048493
 2321.000000 3.044506
 2322.000000 3.039383
 2323.000000 3.033212
 2324.000000 3.026443
 2325.000000 3.019638
 2326.000000 3.013504
 2327.000000 3.008894
 2328.000000 3.006617
 2329.000000 3.007213
 2330.000000 3.010726
 2331.000000 3.016633
 2332.000000 3.023881
 2333.000000 3.031372
 2334.000000 3.038169
 2335.000000 3.043456
 2336.000000 3.046631
 2337.000000 3.047497
 2338.000000 3.046242
 2339.000000 3.043410
 2340.000000 3.039748
 2341.000000 3.036130
 2342.000000 3.033217
 2343.000000 3.031355
 2344.000000 3.030496
 2345.000000 3.030347
 2346.000000 3.030531
 2347.000000 3.030707
 2348.000000 3.030621
 2349.000000 3.030131
 2350.000000 3.029237
 2351.000000 3.028052
 2352.000000 3.026750
 2353.000000 3.025550
 2354.000000 3.024650
 2355.000000 3.024164
 2356.000000 3.023991
 2357.000000 3.023837
 2358.000000 3.023403
 2359.000000 3.022570
 2360.000000 3.021454
 2361.000000 3.020341
 2362.000000 3.019627
 2363.000000 3.019800
 2364.000000 3.021360
 2365.000000 3.024755
 2366.000000 3.030324
 2367.000000 3.038319
 2368.000000 3.048607
 2369.000000 3.060393
 2370.000000 3.072111
 2371.000000 3.081676
 2372.000000 3.086962
 2373.000000 3.086562
 2374.000000 3.080235
 2375.000000 3.068903
 2376.000000 3.054198
 2377.000000 3.037971
 2378.000000 3.021948
 2379.000000 3.007560
 2380.000000 2.995875
 2381.000000 2.987043
 2382.000000 2.980347
 2383.000000 2.974959
 2384.000000 2.970079
 2385.000000 2.965154
 2386.000000 2.959820
 2387.000000 2.954073
 2388.000000 2.948031
 2389.000000 2.941979
 2390.000000 2.936452
 2391.000000 2.931971
 2392.000000 2.929043
 2393.000000 2.927937
 2394.000000 2.928746
 2395.000000 2.931263
 2396.000000 2.935029
 2397.000000 2.939432
 2398.000000 2.943934
 2399.000000 2.947944
 2400.000000 2.950988
 2401.000000 2.952735
 2402.000000 2.953034
 2403.000000 2.951932
 2404.000000 2.949660
 2405.000000 2.946602
 2406.000000 2.943247
 2407.000000 2.939871
 2408.000000 2.936506
 2409.000000 2.932998
 2410.000000 2.929117
 2411.000000 2.924582
 2412.000000 2.919109
 2413.000000 2.912305
 2414.000000 2.903773
 2415.000000 2.893025
 2416.000000 2.879774
 2417.000000 2.863797
 2418.000000 2.845279
 2419.000000 2.824592
 2420.000000 2.802221
 2421.000000 2.777978
 2422.000000 2.751818
 2423.000000 2.724076
 2424.000000 2.694790
 2425.000000 2.664086
 2426.000000 2.633143
 2427.000000 2.603284
 2428.000000 2.575721
 2429.000000 2.551159
 2430.000000 2.529096
 2431.000000 2.509211
 2432.000000 2.490611
 2433.000000 2.473010
 2434.000000 2.456082
 2435.000000 2.440002
 2436.000000 2.425019
 2437.000000 2.411166
 2438.000000 2.398546
 2439.000000 2.387341
 2440.000000 2.377650
 2441.000000 2.369410
 2442.000000 2.362432
 2443.000000 2.356442
 2444.000000 2.351290
 2445.000000 2.346821
 2446.000000 2.342800
 2447.000000 2.339028
 2448.000000 2.335322
 2449.000000 2.331579
 2450.000000 2.327793
 2451.000000 2.324076
 2452.000000 2.320663
 2453.000000 2.317765
 2454.000000 2.315654
 2455.000000 2.314546
 2456.000000 2.314587
 2457.000000 2.315819
 2458.000000 2.318067
 2459.000000 2.321001
 2460.000000 2.324179
 2461.000000 2.327079
 2462.000000 2.329212
 2463.000000 2.330150
 2464.000000 2.329539
 2465.000000 2.327105
 2466.000000 2.322740
 2467.000000 2.316492
 2468.000000 2.308564
 2469.000000 2.299325
 2470.000000 2.289451
 2471.000000 2.279696
 2472.000000 2.270570
 2473.000000 2.262331
 2474.000000 2.255155
 2475.000000 2.248977
 2476.000000 2.243713
 2477.000000 2.239168
 2478.000000 2.235046
 2479.000000 2.231149
 2480.000000 2.227495
 2481.000000 2.224111
 2482.000000 2.221019
 2483.000000 2.218157
 2484.000000 2.215344
 2485.000000 2.212346
 2486.000000 2.208892
 2487.000000 2.204688
 2488.000000 2.199482
 2489.000000 2.192953
 2490.000000 2.184840
 2491.000000 2.175300
 2492.000000 2.165178
 2493.000000 2.155228
 2494.000000 2.146028
 2495.000000 2.138005
 2496.000000 2.131389
 2497.000000 2.126293
 2498.000000 2.122756
 2499.000000 2.120834
 2500.000000 2.120561
 2501.000000 2.121993
 2502.000000 2.125138
 2503.000000 2.129968
 2504.000000 2.136421
 2505.000000 2.144366
 2506.000000 2.153390
 2507.000000 2.162926
 2508.000000 2.172431
 2509.000000 2.181263
 2510.000000 2.189014
 2511.000000 2.195380
 2512.000000 2.200312
 2513.000000 2.203776
 2514.000000 2.205751
 2515.000000 2.206298
 2516.000000 2.205499
 2517.000000 2.203483
 2518.000000 2.200474
 2519.000000 2.196706
 2520.000000 2.192566
 2521.000000 2.188450
 2522.000000 2.184753
 2523.000000 2.181802
 2524.000000 2.179733
 2525.000000 2.178518
 2526.000000 2.177963
 2527.000000 2.177770
 2528.000000 2.177604
 2529.000000 2.177150
 2530.000000 2.176158
 2531.000000 2.174491
 2532.000000 2.172116
 2533.000000 2.169155
 2534.000000 2.165913
 2535.000000 2.162693
 2536.000000 2.159786
 2537.000000 2.157372
 2538.000000 2.155532
 2539.000000 2.154317
 2540.000000 2.153765
 2541.000000 2.153896
 2542.000000 2.154718
 2543.000000 2.156202
 2544.000000 2.158303
 2545.000000 2.160909
 2546.000000 2.163843
 2547.000000 2.166859
 2548.000000 2.169662
 2549.000000 2.171978
 2550.000000 2.173486
 2551.000000 2.173856
 2552.000000 2.172850
 2553.000000 2.170282
 2554.000000 2.166047
 2555.000000 2.160169
 2556.000000 2.152860
 2557.000000 2.144630
 2558.000000 2.135970
 2559.000000 2.127617
 2560.000000 2.120164
 2561.000000 2.113966
 2562.000000 2.109160
 2563.000000 2.105793
 2564.000000 2.104030
 2565.000000 2.103885
 2566.000000 2.105253
 2567.000000 2.107918
 2568.000000 2.111665
 2569.000000 2.116184
 2570.000000 2.121136
 2571.000000 2.126273
 2572.000000 2.131392
 2573.000000 2.136372
 2574.000000 2.141139
 2575.000000 2.145614
 2576.000000 2.149821
 2577.000000 2.153738
 2578.000000 2.157425
 2579.000000 2.161041
 2580.000000 2.164829
 2581.000000 2.169052
 2582.000000 2.173930
 2583.000000 2.179645
 2584.000000 2.186423
 2585.000000 2.194394
 2586.000000 2.203582
 2587.000000 2.213881
 2588.000000 2.225277
 2589.000000 2.237891
 2590.000000 2.251600
 2591.000000 2.266252
 2592.000000 2.281429
 2593.000000 2.296536
 2594.000000 2.310597
 2595.000000 2.322917
 2596.000000 2.333106
 2597.000000 2.341270
 2598.000000 2.347788
 2599.000000 2.353070
 2600.000000 2.357548
 2601.000000 2.361649
 2602.000000 2.365845
 2603.000000 2.370631
 2604.000000 2.376404
 2605.000000 2.383561
 2606.000000 2.392500
 2607.000000 2.403315
 2608.000000 2.416028
 2609.000000 2.429992
 2610.000000 2.444530
 2611.000000 2.458566
 2612.000000 2.471257
 2613.000000 2.481494
 2614.000000 2.488767
 2615.000000 2.492798
 2616.000000 2.493617
 2617.000000 2.491457
 2618.000000 2.486692
 2619.000000 2.479913
 2620.000000 2.471863
 2621.000000 2.463426
 2622.000000 2.455555
 2623.000000 2.449270
 2624.000000 2.445395
 2625.000000 2.444413
 2626.000000 2.446468
 2627.000000 2.451283
 2628.000000 2.458210
 2629.000000 2.466231
 2630.000000 2.474291
 2631.000000 2.481518
 2632.000000 2.487258
 2633.000000 2.491067
 2634.000000 2.492932
 2635.000000 2.493090
 2636.000000 2.491984
 2637.000000 2.490160
 2638.000000 2.488114
 2639.000000 2.486142
 2640.000000 2.484354
 2641.000000 2.482710
 2642.000000 2.480956
 2643.000000 2.478827
 2644.000000 2.476059
 2645.000000 2.472415
 2646.000000 2.467733
 2647.000000 2.461942
 2648.000000 2.455199
 2649.000000 2.447872
 2650.000000 2.440356
 2651.000000 2.433152
 2652.000000 2.426616
 2653.000000 2.420995
 2654.000000 2.416382
 2655.000000 2.412752
 2656.000000 2.410075
 2657.000000 2.408340
 2658.000000 2.407634
 2659.000000 2.408040
 2660.000000 2.409517
 2661.000000 2.411947
 2662.000000 2.415227
 2663.000000 2.419278
 2664.000000 2.423858
 2665.000000 2.428753
 2666.000000 2.433607
 2667.000000 2.438086
 2668.000000 2.441999
 2669.000000 2.445305
 2670.000000 2.448115
 2671.000000 2.450302
 2672.000000 2.451764
 2673.000000 2.452581
 2674.000000 2.452966
 2675.000000 2.453187
 2676.000000 2.453514
 2677.000000 2.454148
 2678.000000 2.455154
 2679.000000 2.456386
 2680.000000 2.457536
 2681.000000 2.458238
 2682.000000 2.458153
 2683.000000 2.457029
 2684.000000 2.454709
 2685.000000 2.451159
 2686.000000 2.446543
 2687.000000 2.441170
 2688.000000 2.435386
 2689.000000 2.429485
 2690.000000 2.423853
 2691.000000 2.418787
 2692.000000 2.414409
 2693.000000 2.410689
 2694.000000 2.407519
 2695.000000 2.404789
 2696.000000 2.402336
 2697.000000 2.400098
 2698.000000 2.398162
 2699.000000 2.396574
 2700.000000 2.395381
 2701.000000 2.394614
 2702.000000 2.394289
 2703.000000 2.394392
 2704.000000 2.394861
 2705.000000 2.395609
 2706.000000 2.396525
 2707.000000 2.397523
 2708.000000 2.398530
 2709.000000 2.399507
 2710.000000 2.400433
 2711.000000 2.401283
 2712.000000 2.402026
 2713.000000 2.402592
 2714.000000 2.402909
 2715.000000 2.402871
 2716.000000 2.402354
 2717.000000 2.401239
 2718.000000 2.399411
 2719.000000 2.396773
 2720.000000 2.393255
 2721.000000 2.388736
 2722.000000 2.382937
 2723.000000 2.375720
 2724.000000 2.366766
 2725.000000 2.355570
 2726.000000 2.341726
 2727.000000 2.324932
 2728.000000 2.305859
 2729.000000 2.285465
 2730.000000 2.265542
 2731.000000 2.247367
 2732.000000 2.231435
 2733.000000 2.217789
 2734.000000 2.206117
 2735.000000 2.196137
 2736.000000 2.187719
 2737.000000 2.180792
 2738.000000 2.175298
 2739.000000 2.171174
 2740.000000 2.168202
 2741.000000 2.166181
 2742.000000 2.164804
 2743.000000 2.163726
 2744.000000 2.162660
 2745.000000 2.161387
 2746.000000 2.159802
 2747.000000 2.157973
 2748.000000 2.156078
 2749.000000 2.154362
 2750.000000 2.153067
 2751.000000 2.152405
 2752.000000 2.152554
 2753.000000 2.153674
 2754.000000 2.155904
 2755.000000 2.159292
 2756.000000 2.163913
 2757.000000 2.169720
 2758.000000 2.176603
 2759.000000 2.184377
 2760.000000 2.192917
 2761.000000 2.202110
 2762.000000 2.211923
 2763.000000 2.222483
 2764.000000 2.234317
 2765.000000 2.247982
 2766.000000 2.263581
 2767.000000 2.281059
 2768.000000 2.299456
 2769.000000 2.317441
 2770.000000 2.333841
 2771.000000 2.348065
 2772.000000 2.360437
 2773.000000 2.371205
 2774.000000 2.381086
