#! FIELDS time d
 0.000000 2.650447
 1.000000 2.636375
 2.000000 2.622425
 3.000000 2.609083
 4.000000 2.596705
 5.000000 2.585570
 6.000000 2.576080
 7.000000 2.568379
 8.000000 2.562543
 9.000000 2.558451
 10.000000 2.555988
 11.000000 2.555026
 12.000000 2.555416
 13.000000 2.557028
 14.000000 2.559761
 15.000000 2.563526
 16.000000 2.568243
 17.000000 2.573847
 18.000000 2.580213
 19.000000 2.587331
 20.000000 2.594944
 21.000000 2.602841
 22.000000 2.611031
 23.000000 2.619355
 24.000000 2.627762
 25.000000 2.636260
 26.000000 2.644739
 27.000000 2.653133
 28.000000 2.661259
 29.000000 2.669020
 30.000000 2.676118
 31.000000 2.682456
 32.000000 2.687784
 33.000000 2.691846
 34.000000 2.694623
 35.000000 2.695998
 36.000000 2.695961
 37.000000 2.694574
 38.000000 2.691940
 39.000000 2.688259
 40.000000 2.683784
 41.000000 2.678699
 42.000000 2.673217
 43.000000 2.667484
 44.000000 2.661639
 45.000000 2.655735
 46.000000 2.649867
 47.000000 2.644002
 48.000000 2.638034
 49.000000 2.631735
 50.000000 2.624831
 51.000000 2.617027
 52.000000 2.608127
 53.000000 2.598044
 54.000000 2.586806
 55.000000 2.574515
 56.000000 2.561714
 57.000000 2.548724
 58.000000 2.536086
 59.000000 2.524441
 60.000000 2.514059
 61.000000 2.505023
 62.000000 2.497590
 63.000000 2.491925
 64.000000 2.488095
 65.000000 2.486133
 66.000000 2.486067
 67.000000 2.487838
 68.000000 2.491300
 69.000000 2.496188
 70.000000 2.502195
 71.000000 2.508973
 72.000000 2.516127
 73.000000 2.523235
 74.000000 2.529988
 75.000000 2.536208
 76.000000 2.541866
 77.000000 2.547028
 78.000000 2.551759
 79.000000 2.556235
 80.000000 2.560734
 81.000000 2.565458
 82.000000 2.570730
 83.000000 2.576787
 84.000000 2.583776
 85.000000 2.591780
 86.000000 2.600601
 87.000000 2.610057
 88.000000 2.619921
 89.000000 2.629831
 90.000000 2.639337
 91.000000 2.648193
 92.000000 2.656377
 93.000000 2.663762
 94.000000 2.670496
 95.000000 2.676829
 96.000000 2.683069
 97.000000 2.689464
 98.000000 2.696282
 99.000000 2.703624
 100.000000 2.711681
 101.000000 2.720620
 102.000000 2.730466
 103.000000 2.741406
 104.000000 2.753419
 105.000000 2.766244
 106.000000 2.779913
 107.000000 2.794440
 108.000000 2.809798
 109.000000 2.825647
 110.000000 2.841643
 111.000000 2.857619
 112.000000 2.873255
 113.000000 2.888346
 114.000000 2.902490
 115.000000 2.915319
 116.000000 2.926639
 117.000000 2.936483
 118.000000 2.944984
 119.000000 2.952375
 120.000000 2.958969
 121.000000 2.965131
 122.000000 2.971243
 123.000000 2.977697
 124.000000 2.984721
 125.000000 2.992422
 126.000000 3.000663
 127.000000 3.009023
 128.000000 3.016391
 129.000000 3.021524
 130.000000 3.023539
 131.000000 3.022210
 132.000000 3.017915
 133.000000 3.011450
 134.000000 3.004059
 135.000000 2.997032
 136.000000 2.991098
 137.000000 2.986327
 138.000000 2.982679
 139.000000 2.980168
 140.000000 2.978779
 141.000000 2.978613
 142.000000 2.979778
 143.000000 2.982391
 144.000000 2.986569
 145.000000 2.992368
 146.000000 2.999713
 147.000000 3.008370
 148.000000 3.017170
 149.000000 3.024480
 150.000000 3.029052
 151.000000 3.030037
 152.000000 3.027130
 153.000000 3.020717
 154.000000 3.011879
 155.000000 3.002018
 156.000000 2.992558
 157.000000 2.984044
 158.000000 2.976645
 159.000000 2.970677
 160.000000 2.966323
 161.000000 2.963687
 162.000000 2.962781
 163.000000 2.963489
 164.000000 2.965728
 165.000000 2.969408
 166.000000 2.974466
 167.000000 2.980848
 168.000000 2.988627
 169.000000 2.997889
 170.000000 3.008553
 171.000000 3.019534
 172.000000 3.029379
 173.000000 3.036622
 174.000000 3.040164
 175.000000 3.039404
 176.000000 3.034497
 177.000000 3.026350
 178.000000 3.016345
 179.000000 3.006051
 180.000000 2.997128
 181.000000 2.990278
 182.000000 2.985523
 183.000000 2.982762
 184.000000 2.981814
 185.000000 2.982519
 186.000000 2.984775
 187.000000 2.988435
 188.000000 2.993429
 189.000000 2.999609
 190.000000 3.006598
 191.000000 3.013522
 192.000000 3.019321
 193.000000 3.023134
 194.000000 3.024555
 195.000000 3.023659
 196.000000 3.020951
 197.000000 3.017305
 198.000000 3.013623
 199.000000 3.010671
 200.000000 3.008907
 201.000000 3.008494
 202.000000 3.009229
 203.000000 3.010660
 204.000000 3.012191
 205.000000 3.013289
 206.000000 3.013500
 207.000000 3.012582
 208.000000 3.010562
 209.000000 3.007746
 210.000000 3.004633
 211.000000 3.001909
 212.000000 3.000246
 213.000000 3.000230
 214.000000 3.002191
 215.000000 3.006152
 216.000000 3.011780
 217.000000 3.018395
 218.000000 3.025103
 219.000000 3.030840
 220.000000 3.034536
 221.000000 3.035537
 222.000000 3.033627
 223.000000 3.029019
 224.000000 3.022451
 225.000000 3.014927
 226.000000 3.007423
 227.000000 3.000753
 228.000000 2.995339
 229.000000 2.991081
 230.000000 2.987594
 231.000000 2.984658
 232.000000 2.982148
 233.000000 2.980032
 234.000000 2.978368
 235.000000 2.977281
 236.000000 2.976975
 237.000000 2.977640
 238.000000 2.979478
 239.000000 2.982657
 240.000000 2.987339
 241.000000 2.993672
 242.000000 3.001976
 243.000000 3.012382
 244.000000 3.023971
 245.000000 3.035434
 246.000000 3.045246
 247.000000 3.051979
 248.000000 3.054779
 249.000000 3.053548
 250.000000 3.048949
 251.000000 3.042178
 252.000000 3.034645
 253.000000 3.027618
 254.000000 3.022066
 255.000000 3.018583
 256.000000 3.017349
 257.000000 3.018158
 258.000000 3.020563
 259.000000 3.023904
 260.000000 3.027487
 261.000000 3.030575
 262.000000 3.032592
 263.000000 3.033238
 264.000000 3.032476
 265.000000 3.030524
 266.000000 3.027777
 267.000000 3.024717
 268.000000 3.021881
 269.000000 3.019708
 270.000000 3.018523
 271.000000 3.018471
 272.000000 3.019488
 273.000000 3.021314
 274.000000 3.023495
 275.000000 3.025512
 276.000000 3.026826
 277.000000 3.026889
 278.000000 3.025253
 279.000000 3.021664
 280.000000 3.016084
 281.000000 3.008765
 282.000000 2.999940
 283.000000 2.989811
 284.000000 2.977761
 285.000000 2.963039
 286.000000 2.944826
 287.000000 2.922772
 288.000000 2.897694
 289.000000 2.871217
 290.000000 2.845451
 291.000000 2.821640
 292.000000 2.800397
 293.000000 2.781890
 294.000000 2.766037
 295.000000 2.752517
 296.000000 2.740967
 297.000000 2.730955
 298.000000 2.721984
 299.000000 2.713871
 300.000000 2.706361
 301.000000 2.699468
 302.000000 2.693319
 303.000000 2.687956
 304.000000 2.683268
 305.000000 2.679140
 306.000000 2.675444
 307.000000 2.672154
 308.000000 2.669400
 309.000000 2.667462
 310.000000 2.666684
 311.000000 2.667479
 312.000000 2.670266
 313.000000 2.675407
 314.000000 2.683215
 315.000000 2.693865
 316.000000 2.707213
 317.000000 2.723151
 318.000000 2.741072
 319.000000 2.759963
 320.000000 2.779019
 321.000000 2.797285
 322.000000 2.814422
 323.000000 2.829948
 324.000000 2.843939
 325.000000 2.856219
 326.000000 2.866381
 327.000000 2.874240
 328.000000 2.879625
 329.000000 2.882424
 330.000000 2.882560
 331.000000 2.880048
 332.000000 2.875041
 333.000000 2.867826
 334.000000 2.858921
 335.000000 2.848843
 336.000000 2.838269
 337.000000 2.827746
 338.000000 2.817700
 339.000000 2.808399
 340.000000 2.799919
 341.000000 2.792178
 342.000000 2.785126
 343.000000 2.778509
 344.000000 2.772011
 345.000000 2.765369
 346.000000 2.758413
 347.000000 2.751182
 348.000000 2.743664
 349.000000 2.735887
 350.000000 2.728054
 351.000000 2.720492
 352.000000 2.713655
 353.000000 2.707936
 354.000000 2.703575
 355.000000 2.700665
 356.000000 2.699031
 357.000000 2.698383
 358.000000 2.698395
 359.000000 2.698802
 360.000000 2.699459
 361.000000 2.700335
 362.000000 2.701535
 363.000000 2.703250
 364.000000 2.705745
 365.000000 2.709319
 366.000000 2.714204
 367.000000 2.720613
 368.000000 2.728516
 369.000000 2.737657
 370.000000 2.747612
 371.000000 2.757713
 372.000000 2.767508
 373.000000 2.776714
 374.000000 2.785243
 375.000000 2.793068
 376.000000 2.800235
 377.000000 2.807209
 378.000000 2.814570
 379.000000 2.822847
 380.000000 2.832360
 381.000000 2.843035
 382.000000 2.854650
 383.000000 2.866563
 384.000000 2.877753
 385.000000 2.887121
 386.000000 2.893511
 387.000000 2.896092
 388.000000 2.894366
 389.000000 2.888293
 390.000000 2.878349
 391.000000 2.865315
 392.000000 2.850267
 393.000000 2.834343
 394.000000 2.818443
 395.000000 2.803127
 396.000000 2.788682
 397.000000 2.775475
 398.000000 2.763552
 399.000000 2.753036
 400.000000 2.743929
 401.000000 2.736404
 402.000000 2.730485
 403.000000 2.726399
 404.000000 2.724354
 405.000000 2.724642
 406.000000 2.727571
 407.000000 2.733308
 408.000000 2.741883
 409.000000 2.753147
 410.000000 2.767049
 411.000000 2.783363
 412.000000 2.801793
 413.000000 2.822097
 414.000000 2.843422
 415.000000 2.864764
 416.000000 2.885389
 417.000000 2.904143
 418.000000 2.920599
 419.000000 2.934258
 420.000000 2.945391
 421.000000 2.954288
 422.000000 2.960836
 423.000000 2.965074
 424.000000 2.966788
 425.000000 2.965698
 426.000000 2.961421
 427.000000 2.953393
 428.000000 2.941229
 429.000000 2.924677
 430.000000 2.904282
 431.000000 2.881655
 432.000000 2.858378
 433.000000 2.836110
 434.000000 2.815890
 435.000000 2.798429
 436.000000 2.783668
 437.000000 2.771646
 438.000000 2.762150
 439.000000 2.755064
 440.000000 2.750140
 441.000000 2.747306
 442.000000 2.746526
 443.000000 2.747838
 444.000000 2.751366
 445.000000 2.757175
 446.000000 2.765269
 447.000000 2.775467
 448.000000 2.787393
 449.000000 2.800677
 450.000000 2.814730
 451.000000 2.828897
 452.000000 2.842488
 453.000000 2.854773
 454.000000 2.865147
 455.000000 2.873204
 456.000000 2.878960
 457.000000 2.882626
 458.000000 2.884530
 459.000000 2.884989
 460.000000 2.884143
 461.000000 2.882063
 462.000000 2.878818
 463.000000 2.874548
 464.000000 2.869462
 465.000000 2.863837
 466.000000 2.858094
 467.000000 2.852737
 468.000000 2.848352
 469.000000 2.845489
 470.000000 2.844695
 471.000000 2.846283
 472.000000 2.850180
 473.000000 2.855959
 474.000000 2.862894
 475.000000 2.870174
 476.000000 2.876994
 477.000000 2.882566
 478.000000 2.886338
 479.000000 2.888071
 480.000000 2.887780
 481.000000 2.885708
 482.000000 2.882244
 483.000000 2.877835
 484.000000 2.872820
 485.000000 2.867274
 486.000000 2.861035
 487.000000 2.853850
 488.000000 2.845684
 489.000000 2.836752
 490.000000 2.827637
 491.000000 2.819195
 492.000000 2.812483
 493.000000 2.808583
 494.000000 2.808525
 495.000000 2.812970
 496.000000 2.822119
 497.000000 2.835507
 498.000000 2.851954
 499.000000 2.869809
 500.000000 2.887299
 501.000000 2.902742
 502.000000 2.914565
 503.000000 2.922141
 504.000000 2.925096
 505.000000 2.923396
 506.000000 2.917330
 507.000000 2.907483
 508.000000 2.894612
 509.000000 2.879736
 510.000000 2.863793
 511.000000 2.847430
 512.000000 2.831681
 513.000000 2.817361
 514.000000 2.805227
 515.000000 2.795854
 516.000000 2.789421
 517.000000 2.786032
 518.000000 2.785648
 519.000000 2.788129
 520.000000 2.793329
 521.000000 2.801188
 522.000000 2.811630
 523.000000 2.824261
 524.000000 2.838499
 525.000000 2.853192
 526.000000 2.867052
 527.000000 2.879078
 528.000000 2.888616
 529.000000 2.895571
 530.000000 2.900282
 531.000000 2.903023
 532.000000 2.904322
 533.000000 2.904911
 534.000000 2.905491
 535.000000 2.906481
 536.000000 2.907861
 537.000000 2.909165
 538.000000 2.909682
 539.000000 2.908698
 540.000000 2.905647
 541.000000 2.900274
 542.000000 2.892599
 543.000000 2.882981
 544.000000 2.872314
 545.000000 2.861569
 546.000000 2.851988
 547.000000 2.844601
 548.000000 2.840122
 549.000000 2.838758
 550.000000 2.840235
 551.000000 2.843907
 552.000000 2.849002
 553.000000 2.854678
 554.000000 2.860175
 555.000000 2.865067
 556.000000 2.869033
 557.000000 2.872056
 558.000000 2.874313
 559.000000 2.876086
 560.000000 2.877626
 561.000000 2.879032
 562.000000 2.880242
 563.000000 2.881100
 564.000000 2.881470
 565.000000 2.881361
 566.000000 2.880933
 567.000000 2.880454
 568.000000 2.880241
 569.000000 2.880602
 570.000000 2.881783
 571.000000 2.883907
 572.000000 2.886891
 573.000000 2.890334
 574.000000 2.893586
 575.000000 2.895770
 576.000000 2.896091
 577.000000 2.893983
 578.000000 2.889241
 579.000000 2.881954
 580.000000 2.872618
 581.000000 2.861930
 582.000000 2.850810
 583.000000 2.840214
 584.000000 2.831113
 585.000000 2.824407
 586.000000 2.820741
 587.000000 2.820204
 588.000000 2.822619
 589.000000 2.827529
 590.000000 2.834342
 591.000000 2.842237
 592.000000 2.850483
 593.000000 2.858383
 594.000000 2.865552
 595.000000 2.871900
 596.000000 2.877631
 597.000000 2.883153
 598.000000 2.888861
 599.000000 2.895084
 600.000000 2.901797
 601.000000 2.908682
 602.000000 2.915296
 603.000000 2.921189
 604.000000 2.925908
 605.000000 2.929095
 606.000000 2.930582
 607.000000 2.930289
 608.000000 2.928310
 609.000000 2.924853
 610.000000 2.920206
 611.000000 2.914655
 612.000000 2.908302
 613.000000 2.901097
 614.000000 2.892889
 615.000000 2.883602
 616.000000 2.873116
 617.000000 2.861646
 618.000000 2.849633
 619.000000 2.837858
 620.000000 2.827247
 621.000000 2.818724
 622.000000 2.812911
 623.000000 2.810032
 624.000000 2.809866
 625.000000 2.811871
 626.000000 2.815207
 627.000000 2.818936
 628.000000 2.822225
 629.000000 2.824366
 630.000000 2.825013
 631.000000 2.824111
 632.000000 2.821948
 633.000000 2.819107
 634.000000 2.816360
 635.000000 2.814457
 636.000000 2.814073
 637.000000 2.815634
 638.000000 2.819221
 639.000000 2.824601
 640.000000 2.831351
 641.000000 2.838818
 642.000000 2.846608
 643.000000 2.854341
 644.000000 2.861780
 645.000000 2.868979
 646.000000 2.875969
 647.000000 2.882879
 648.000000 2.889858
 649.000000 2.897000
 650.000000 2.904228
 651.000000 2.911246
 652.000000 2.917582
 653.000000 2.922721
 654.000000 2.926209
 655.000000 2.927717
 656.000000 2.927034
 657.000000 2.924052
 658.000000 2.918786
 659.000000 2.911533
 660.000000 2.902703
 661.000000 2.892754
 662.000000 2.882241
 663.000000 2.871424
 664.000000 2.860790
 665.000000 2.850365
 666.000000 2.840466
 667.000000 2.831344
 668.000000 2.823480
 669.000000 2.817268
 670.000000 2.813061
 671.000000 2.811201
 672.000000 2.812042
 673.000000 2.815867
 674.000000 2.822694
 675.000000 2.832280
 676.000000 2.843822
 677.000000 2.856107
 678.000000 2.867933
 679.000000 2.878306
 680.000000 2.886545
 681.000000 2.892410
 682.000000 2.896079
 683.000000 2.898090
 684.000000 2.899124
 685.000000 2.899962
 686.000000 2.901383
 687.000000 2.904034
 688.000000 2.908259
 689.000000 2.914092
 690.000000 2.921231
 691.000000 2.929324
 692.000000 2.937881
 693.000000 2.946386
 694.000000 2.954355
 695.000000 2.961553
 696.000000 2.967824
 697.000000 2.973239
 698.000000 2.978033
 699.000000 2.982573
 700.000000 2.987321
 701.000000 2.992763
 702.000000 2.999298
 703.000000 3.007183
 704.000000 3.015951
 705.000000 3.024837
 706.000000 3.033104
 707.000000 3.039926
 708.000000 3.044581
 709.000000 3.046850
 710.000000 3.046921
 711.000000 3.045375
 712.000000 3.043094
 713.000000 3.040878
 714.000000 3.039189
 715.000000 3.038124
 716.000000 3.037483
 717.000000 3.036923
 718.000000 3.036087
 719.000000 3.034700
 720.000000 3.032663
 721.000000 3.030042
 722.000000 3.027052
 723.000000 3.024027
 724.000000 3.021398
 725.000000 3.019571
 726.000000 3.018836
 727.000000 3.019232
 728.000000 3.020524
 729.000000 3.022330
 730.000000 3.024248
 731.000000 3.025954
 732.000000 3.027255
 733.000000 3.028115
 734.000000 3.028652
 735.000000 3.029097
 736.000000 3.029765
 737.000000 3.031001
 738.000000 3.033059
 739.000000 3.035970
 740.000000 3.039382
 741.000000 3.042608
 742.000000 3.044757
 743.000000 3.045026
 744.000000 3.042943
 745.000000 3.038493
 746.000000 3.032056
 747.000000 3.024460
 748.000000 3.016809
 749.000000 3.010258
 750.000000 3.005747
 751.000000 3.004026
 752.000000 3.005330
 753.000000 3.009243
 754.000000 3.014789
 755.000000 3.020801
 756.000000 3.026006
 757.000000 3.029270
 758.000000 3.029832
 759.000000 3.027350
 760.000000 3.022026
 761.000000 3.014533
 762.000000 3.005702
 763.000000 2.996465
 764.000000 2.987183
 765.000000 2.977480
 766.000000 2.966990
 767.000000 2.955428
 768.000000 2.942636
 769.000000 2.928940
 770.000000 2.914773
 771.000000 2.900571
 772.000000 2.886964
 773.000000 2.874226
 774.000000 2.862499
 775.000000 2.852058
 776.000000 2.843324
 777.000000 2.836440
 778.000000 2.831402
 779.000000 2.827912
 780.000000 2.825598
 781.000000 2.823988
 782.000000 2.822619
 783.000000 2.821140
 784.000000 2.819333
 785.000000 2.817125
 786.000000 2.814646
 787.000000 2.812225
 788.000000 2.810258
 789.000000 2.809229
 790.000000 2.809552
 791.000000 2.811497
 792.000000 2.815079
 793.000000 2.820113
 794.000000 2.826220
 795.000000 2.832856
 796.000000 2.839419
 797.000000 2.845586
 798.000000 2.850949
 799.000000 2.855291
 800.000000 2.858539
 801.000000 2.860918
 802.000000 2.862708
 803.000000 2.864177
 804.000000 2.865488
 805.000000 2.866684
 806.000000 2.867745
 807.000000 2.868646
 808.000000 2.869406
 809.000000 2.870108
 810.000000 2.870930
 811.000000 2.872123
 812.000000 2.874032
 813.000000 2.877049
 814.000000 2.881591
 815.000000 2.888105
 816.000000 2.896801
 817.000000 2.907627
 818.000000 2.920197
 819.000000 2.933671
 820.000000 2.947313
 821.000000 2.960053
 822.000000 2.971452
 823.000000 2.981579
 824.000000 2.990832
 825.000000 2.999927
 826.000000 3.009797
 827.000000 3.020350
 828.000000 3.031424
 829.000000 3.042441
 830.000000 3.052437
 831.000000 3.060018
 832.000000 3.063748
 833.000000 3.062835
 834.000000 3.057267
 835.000000 3.047834
 836.000000 3.035837
 837.000000 3.022691
 838.000000 3.009811
 839.000000 2.998056
 840.000000 2.987724
 841.000000 2.978300
 842.000000 2.969056
 843.000000 2.959233
 844.000000 2.948150
 845.000000 2.935459
 846.000000 2.921194
 847.000000 2.905744
 848.000000 2.889278
 849.000000 2.871987
 850.000000 2.853405
 851.000000 2.833612
 852.000000 2.812970
 853.000000 2.792528
 854.000000 2.773197
 855.000000 2.755237
 856.000000 2.738220
 857.000000 2.721449
 858.000000 2.704247
 859.000000 2.685867
 860.000000 2.666053
 861.000000 2.645045
 862.000000 2.623210
 863.000000 2.601738
 864.000000 2.581450
 865.000000 2.562863
 866.000000 2.546207
 867.000000 2.531114
 868.000000 2.517321
 869.000000 2.504502
 870.000000 2.492401
 871.000000 2.481080
 872.000000 2.470565
 873.000000 2.460938
 874.000000 2.452539
 875.000000 2.445636
 876.000000 2.440563
 877.000000 2.437455
 878.000000 2.436439
 879.000000 2.437445
 880.000000 2.440175
 881.000000 2.444162
 882.000000 2.448946
 883.000000 2.454071
 884.000000 2.459071
 885.000000 2.463684
 886.000000 2.467707
 887.000000 2.471011
 888.000000 2.473640
 889.000000 2.475802
 890.000000 2.477771
 891.000000 2.479879
 892.000000 2.482469
 893.000000 2.485768
 894.000000 2.489914
 895.000000 2.494951
 896.000000 2.500843
 897.000000 2.507488
 898.000000 2.514784
 899.000000 2.522594
 900.000000 2.530754
 901.000000 2.539226
 902.000000 2.547938
 903.000000 2.556893
 904.000000 2.566089
 905.000000 2.575491
 906.000000 2.584692
 907.000000 2.593464
 908.000000 2.601366
 909.000000 2.607993
 910.000000 2.613055
 911.000000 2.616458
 912.000000 2.618362
 913.000000 2.619084
 914.000000 2.619124
 915.000000 2.619049
 916.000000 2.619302
 917.000000 2.620011
 918.000000 2.621128
 919.000000 2.622751
 920.000000 2.624892
 921.000000 2.627271
 922.000000 2.629433
 923.000000 2.630946
 924.000000 2.631475
 925.000000 2.630834
 926.000000 2.629023
 927.000000 2.626195
 928.000000 2.622569
 929.000000 2.618446
 930.000000 2.614086
 931.000000 2.609577
 932.000000 2.604977
 933.000000 2.600217
 934.000000 2.595226
 935.000000 2.589933
 936.000000 2.584442
 937.000000 2.578780
 938.000000 2.573010
 939.000000 2.567193
 940.000000 2.561447
 941.000000 2.555837
 942.000000 2.550338
 943.000000 2.544842
 944.000000 2.539208
 945.000000 2.533184
 946.000000 2.526508
 947.000000 2.519065
 948.000000 2.510888
 949.000000 2.502190
 950.000000 2.493099
 951.000000 2.484082
 952.000000 2.475542
 953.000000 2.468002
 954.000000 2.461680
 955.000000 2.456724
 956.000000 2.453227
 957.000000 2.451118
 958.000000 2.450242
 959.000000 2.450394
 960.000000 2.451402
 961.000000 2.453165
 962.000000 2.455690
 963.000000 2.459135
 964.000000 2.463739
 965.000000 2.469752
 966.000000 2.477587
 967.000000 2.487466
 968.000000 2.499497
 969.000000 2.513449
 970.000000 2.528818
 971.000000 2.545018
 972.000000 2.561451
 973.000000 2.577677
 974.000000 2.593377
 975.000000 2.608540
 976.000000 2.623232
 977.000000 2.637346
 978.000000 2.651037
 979.000000 2.664429
 980.000000 2.677626
 981.000000 2.690687
 982.000000 2.703486
 983.000000 2.715877
 984.000000 2.727798
 985.000000 2.738961
 986.000000 2.749326
 987.000000 2.758861
 988.000000 2.767632
 989.000000 2.775812
 990.000000 2.783652
 991.000000 2.791381
 992.000000 2.799139
 993.000000 2.806769
 994.000000 2.814128
 995.000000 2.820714
 996.000000 2.825962
 997.000000 2.829362
 998.000000 2.830436
 999.000000 2.828918
 1000.000000 2.824723
 1001.000000 2.818174
 1002.000000 2.809637
 1003.000000 2.799503
 1004.000000 2.788443
 1005.000000 2.776969
 1006.000000 2.765757
 1007.000000 2.755229
 1008.000000 2.745552
 1009.000000 2.736666
 1010.000000 2.728458
 1011.000000 2.720677
 1012.000000 2.713107
 1013.000000 2.705409
 1014.000000 2.697402
 1015.000000 2.688888
 1016.000000 2.679847
 1017.000000 2.670118
 1018.000000 2.659594
 1019.000000 2.648364
 1020.000000 2.636566
 1021.000000 2.624219
 1022.000000 2.611376
 1023.000000 2.598288
 1024.000000 2.585200
 1025.000000 2.572458
 1026.000000 2.560543
 1027.000000 2.549857
 1028.000000 2.540915
 1029.000000 2.534075
 1030.000000 2.529632
 1031.000000 2.527591
 1032.000000 2.527735
 1033.000000 2.529617
 1034.000000 2.532612
 1035.000000 2.536049
 1036.000000 2.539354
 1037.000000 2.542023
 1038.000000 2.543753
 1039.000000 2.544415
 1040.000000 2.544004
 1041.000000 2.542616
 1042.000000 2.540422
 1043.000000 2.537657
 1044.000000 2.534574
 1045.000000 2.531429
 1046.000000 2.528380
 1047.000000 2.525551
 1048.000000 2.523031
 1049.000000 2.520889
 1050.000000 2.519177
 1051.000000 2.517887
 1052.000000 2.517005
 1053.000000 2.516453
 1054.000000 2.516147
 1055.000000 2.515967
 1056.000000 2.515773
 1057.000000 2.515395
 1058.000000 2.514623
 1059.000000 2.513243
 1060.000000 2.511063
 1061.000000 2.508007
 1062.000000 2.504147
 1063.000000 2.499680
 1064.000000 2.494922
 1065.000000 2.490328
 1066.000000 2.486285
 1067.000000 2.483221
 1068.000000 2.481545
 1069.000000 2.481545
 1070.000000 2.483338
 1071.000000 2.486842
 1072.000000 2.491746
 1073.000000 2.497578
 1074.000000 2.503797
 1075.000000 2.509842
 1076.000000 2.515083
 1077.000000 2.519027
 1078.000000 2.521383
 1079.000000 2.522015
 1080.000000 2.520996
 1081.000000 2.518585
 1082.000000 2.515074
 1083.000000 2.510789
 1084.000000 2.506079
 1085.000000 2.501281
 1086.000000 2.496689
 1087.000000 2.492612
 1088.000000 2.489326
 1089.000000 2.486999
 1090.000000 2.485730
 1091.000000 2.485516
 1092.000000 2.486229
 1093.000000 2.487662
 1094.000000 2.489519
 1095.000000 2.491471
 1096.000000 2.493113
 1097.000000 2.494102
 1098.000000 2.494152
 1099.000000 2.493052
 1100.000000 2.490695
 1101.000000 2.487078
 1102.000000 2.482221
 1103.000000 2.476105
 1104.000000 2.468817
 1105.000000 2.460499
 1106.000000 2.451175
 1107.000000 2.440788
 1108.000000 2.429262
 1109.000000 2.416527
 1110.000000 2.402517
 1111.000000 2.387486
 1112.000000 2.371555
 1113.000000 2.355242
 1114.000000 2.339147
 1115.000000 2.323713
 1116.000000 2.309165
 1117.000000 2.295563
 1118.000000 2.282975
 1119.000000 2.271495
 1120.000000 2.261136
 1121.000000 2.251903
 1122.000000 2.243570
 1123.000000 2.235761
 1124.000000 2.228246
 1125.000000 2.220781
 1126.000000 2.213066
 1127.000000 2.204990
 1128.000000 2.196560
 1129.000000 2.187977
 1130.000000 2.179503
 1131.000000 2.171387
 1132.000000 2.163981
 1133.000000 2.157639
 1134.000000 2.152542
 1135.000000 2.148834
 1136.000000 2.146474
 1137.000000 2.145243
 1138.000000 2.144934
 1139.000000 2.145307
 1140.000000 2.146100
 1141.000000 2.147062
 1142.000000 2.147968
 1143.000000 2.148583
 1144.000000 2.148668
 1145.000000 2.147967
 1146.000000 2.146209
 1147.000000 2.143116
 1148.000000 2.138410
 1149.000000 2.131914
 1150.000000 2.123636
 1151.000000 2.113568
 1152.000000 2.101922
 1153.000000 2.089038
 1154.000000 2.075298
 1155.000000 2.061173
 1156.000000 2.047123
 1157.000000 2.033726
 1158.000000 2.021015
 1159.000000 2.009238
 1160.000000 1.998473
 1161.000000 1.988785
 1162.000000 1.979802
 1163.000000 1.971064
 1164.000000 1.962306
 1165.000000 1.953296
 1166.000000 1.943821
 1167.000000 1.933743
 1168.000000 1.922977
 1169.000000 1.911594
 1170.000000 1.899467
 1171.000000 1.886724
 1172.000000 1.873283
 1173.000000 1.859221
 1174.000000 1.844713
 1175.000000 1.829979
 1176.000000 1.815019
 1177.000000 1.800354
 1178.000000 1.786383
 1179.000000 1.773610
 1180.000000 1.762297
 1181.000000 1.752841
 1182.000000 1.745542
 1183.000000 1.740581
 1184.000000 1.738022
 1185.000000 1.737835
 1186.000000 1.739828
 1187.000000 1.743691
 1188.000000 1.749010
 1189.000000 1.755403
 1190.000000 1.762462
 1191.000000 1.769759
 1192.000000 1.776932
 1193.000000 1.783667
 1194.000000 1.789861
 1195.000000 1.795510
 1196.000000 1.800576
 1197.000000 1.805054
 1198.000000 1.808925
 1199.000000 1.812142
 1200.000000 1.814739
 1201.000000 1.816802
 1202.000000 1.818492
 1203.000000 1.819967
 1204.000000 1.821408
 1205.000000 1.822984
 1206.000000 1.824841
 1207.000000 1.827126
 1208.000000 1.829934
 1209.000000 1.833314
 1210.000000 1.837262
 1211.000000 1.841809
 1212.000000 1.846906
 1213.000000 1.852610
 1214.000000 1.858924
 1215.000000 1.865893
 1216.000000 1.873536
 1217.000000 1.881864
 1218.000000 1.890861
 1219.000000 1.900489
 1220.000000 1.910508
 1221.000000 1.920723
 1222.000000 1.931037
 1223.000000 1.941115
 1224.000000 1.950938
 1225.000000 1.960442
 1226.000000 1.969596
 1227.000000 1.978453
 1228.000000 1.987144
 1229.000000 1.995855
 1230.000000 2.004700
 1231.000000 2.013880
 1232.000000 2.023682
 1233.000000 2.034312
 1234.000000 2.045776
 1235.000000 2.057988
 1236.000000 2.071043
 1237.000000 2.084586
 1238.000000 2.098431
 1239.000000 2.112339
 1240.000000 2.126045
 1241.000000 2.139405
 1242.000000 2.152553
 1243.000000 2.165574
 1244.000000 2.178243
 1245.000000 2.190363
 1246.000000 2.201652
 1247.000000 2.211665
 1248.000000 2.220099
 1249.000000 2.226844
 1250.000000 2.231804
 1251.000000 2.235105
 1252.000000 2.236872
 1253.000000 2.237292
 1254.000000 2.236572
 1255.000000 2.234883
 1256.000000 2.232311
 1257.000000 2.228912
 1258.000000 2.224676
 1259.000000 2.219467
 1260.000000 2.213294
 1261.000000 2.206170
 1262.000000 2.198113
 1263.000000 2.189388
 1264.000000 2.180266
 1265.000000 2.171080
 1266.000000 2.162352
 1267.000000 2.154342
 1268.000000 2.147353
 1269.000000 2.141545
 1270.000000 2.136938
 1271.000000 2.133484
 1272.000000 2.131097
 1273.000000 2.129632
 1274.000000 2.128926
 1275.000000 2.128839
 1276.000000 2.129265
 1277.000000 2.130129
 1278.000000 2.131388
 1279.000000 2.132972
 1280.000000 2.134812
 1281.000000 2.136790
 1282.000000 2.138828
 1283.000000 2.140828
 1284.000000 2.142709
 1285.000000 2.144361
 1286.000000 2.145672
 1287.000000 2.146553
 1288.000000 2.146942
 1289.000000 2.146774
 1290.000000 2.145987
 1291.000000 2.144517
 1292.000000 2.142295
 1293.000000 2.139235
 1294.000000 2.135205
 1295.000000 2.130037
 1296.000000 2.123598
 1297.000000 2.115607
 1298.000000 2.105637
 1299.000000 2.093324
 1300.000000 2.078521
 1301.000000 2.061486
 1302.000000 2.042619
 1303.000000 2.022654
 1304.000000 2.002081
 1305.000000 1.980994
 1306.000000 1.959451
 1307.000000 1.937799
 1308.000000 1.916123
 1309.000000 1.894863
 1310.000000 1.874933
 1311.000000 1.857055
 1312.000000 1.841177
 1313.000000 1.827220
 1314.000000 1.815105
 1315.000000 1.804574
 1316.000000 1.795301
 1317.000000 1.787191
 1318.000000 1.780077
 1319.000000 1.774025
 1320.000000 1.769183
 1321.000000 1.765549
 1322.000000 1.763021
 1323.000000 1.761586
 1324.000000 1.761248
 1325.000000 1.762018
 1326.000000 1.763943
 1327.000000 1.767052
 1328.000000 1.771378
 1329.000000 1.776898
 1330.000000 1.783667
 1331.000000 1.791810
 1332.000000 1.801536
 1333.000000 1.812939
 1334.000000 1.826293
 1335.000000 1.841835
 1336.000000 1.859513
 1337.000000 1.878927
 1338.000000 1.899444
 1339.000000 1.920127
 1340.000000 1.939978
 1341.000000 1.958404
 1342.000000 1.974900
 1343.000000 1.989649
 1344.000000 2.002898
 1345.000000 2.014997
 1346.000000 2.026196
 1347.000000 2.036605
 1348.000000 2.046375
 1349.000000 2.055474
 1350.000000 2.063772
 1351.000000 2.071111
 1352.000000 2.077365
 1353.000000 2.082411
 1354.000000 2.086123
 1355.000000 2.088476
 1356.000000 2.089455
 1357.000000 2.089127
 1358.000000 2.087565
 1359.000000 2.084847
 1360.000000 2.081052
 1361.000000 2.076293
 1362.000000 2.070570
 1363.000000 2.063966
 1364.000000 2.056476
 1365.000000 2.048423
 1366.000000 2.040247
 1367.000000 2.032359
 1368.000000 2.025310
 1369.000000 2.019591
 1370.000000 2.015691
 1371.000000 2.013927
 1372.000000 2.014460
 1373.000000 2.017298
 1374.000000 2.022275
 1375.000000 2.029048
 1376.000000 2.037198
 1377.000000 2.046291
 1378.000000 2.055841
 1379.000000 2.065502
 1380.000000 2.074914
 1381.000000 2.084013
 1382.000000 2.092930
 1383.000000 2.101877
 1384.000000 2.110958
 1385.000000 2.120400
 1386.000000 2.130493
 1387.000000 2.141375
 1388.000000 2.153053
 1389.000000 2.165451
 1390.000000 2.178518
 1391.000000 2.191648
 1392.000000 2.204516
 1393.000000 2.216499
 1394.000000 2.227112
 1395.000000 2.236212
 1396.000000 2.243830
 1397.000000 2.250043
 1398.000000 2.255084
 1399.000000 2.259170
 1400.000000 2.262551
 1401.000000 2.265439
 1402.000000 2.268130
 1403.000000 2.270931
 1404.000000 2.274101
 1405.000000 2.277815
 1406.000000 2.282241
 1407.000000 2.287397
 1408.000000 2.293259
 1409.000000 2.299684
 1410.000000 2.306540
 1411.000000 2.313648
 1412.000000 2.320703
 1413.000000 2.327504
 1414.000000 2.333834
 1415.000000 2.339493
 1416.000000 2.344430
 1417.000000 2.348693
 1418.000000 2.352343
 1419.000000 2.355504
 1420.000000 2.358336
 1421.000000 2.361060
 1422.000000 2.363901
 1423.000000 2.367080
 1424.000000 2.370775
 1425.000000 2.375141
 1426.000000 2.380313
 1427.000000 2.386323
 1428.000000 2.393052
 1429.000000 2.400385
 1430.000000 2.408058
 1431.000000 2.415775
 1432.000000 2.423311
 1433.000000 2.430481
 1434.000000 2.437139
 1435.000000 2.443149
 1436.000000 2.448508
 1437.000000 2.453217
 1438.000000 2.457225
 1439.000000 2.460427
 1440.000000 2.462783
 1441.000000 2.464289
 1442.000000 2.464969
 1443.000000 2.464884
 1444.000000 2.464154
 1445.000000 2.462966
 1446.000000 2.461543
 1447.000000 2.460107
 1448.000000 2.458834
 1449.000000 2.457798
 1450.000000 2.456959
 1451.000000 2.456168
 1452.000000 2.455173
 1453.000000 2.453614
 1454.000000 2.451074
 1455.000000 2.447096
 1456.000000 2.441156
 1457.000000 2.432783
 1458.000000 2.421500
 1459.000000 2.407034
 1460.000000 2.389694
 1461.000000 2.370020
 1462.000000 2.349202
 1463.000000 2.328563
 1464.000000 2.309494
 1465.000000 2.292887
 1466.000000 2.278622
 1467.000000 2.266391
 1468.000000 2.255501
 1469.000000 2.245321
 1470.000000 2.235527
 1471.000000 2.225809
 1472.000000 2.216183
 1473.000000 2.206852
 1474.000000 2.198030
 1475.000000 2.189973
 1476.000000 2.182826
 1477.000000 2.176847
 1478.000000 2.172078
 1479.000000 2.168521
 1480.000000 2.166142
 1481.000000 2.164717
 1482.000000 2.164000
 1483.000000 2.163706
 1484.000000 2.163602
 1485.000000 2.163518
 1486.000000 2.163365
 1487.000000 2.163118
 1488.000000 2.162802
 1489.000000 2.162486
 1490.000000 2.162263
 1491.000000 2.162239
 1492.000000 2.162514
 1493.000000 2.163180
 1494.000000 2.164319
 1495.000000 2.165996
 1496.000000 2.168290
 1497.000000 2.171307
 1498.000000 2.175173
 1499.000000 2.179936
 1500.000000 2.185586
 1501.000000 2.192086
 1502.000000 2.199152
 1503.000000 2.206332
 1504.000000 2.213221
 1505.000000 2.219381
 1506.000000 2.224461
 1507.000000 2.228149
 1508.000000 2.230362
 1509.000000 2.231140
 1510.000000 2.230635
 1511.000000 2.229094
 1512.000000 2.226802
 1513.000000 2.224074
 1514.000000 2.221204
 1515.000000 2.218490
 1516.000000 2.216302
 1517.000000 2.214926
 1518.000000 2.214628
 1519.000000 2.215607
 1520.000000 2.218026
 1521.000000 2.222018
 1522.000000 2.227779
 1523.000000 2.235527
 1524.000000 2.245591
 1525.000000 2.258257
 1526.000000 2.273860
 1527.000000 2.292698
 1528.000000 2.314840
 1529.000000 2.339963
 1530.000000 2.365900
 1531.000000 2.390576
 1532.000000 2.412275
 1533.000000 2.430487
 1534.000000 2.445098
 1535.000000 2.456597
 1536.000000 2.465598
 1537.000000 2.472666
 1538.000000 2.478167
 1539.000000 2.482291
 1540.000000 2.485092
 1541.000000 2.486487
 1542.000000 2.486325
 1543.000000 2.484408
 1544.000000 2.480553
 1545.000000 2.474622
 1546.000000 2.466434
 1547.000000 2.455978
 1548.000000 2.443171
 1549.000000 2.427756
 1550.000000 2.409871
 1551.000000 2.389674
 1552.000000 2.368259
 1553.000000 2.347131
 1554.000000 2.328244
 1555.000000 2.312825
 1556.000000 2.301573
 1557.000000 2.294757
 1558.000000 2.292198
 1559.000000 2.293596
 1560.000000 2.298559
 1561.000000 2.306633
 1562.000000 2.317553
 1563.000000 2.330697
 1564.000000 2.345412
 1565.000000 2.360581
 1566.000000 2.375065
 1567.000000 2.387765
 1568.000000 2.398103
 1569.000000 2.405765
 1570.000000 2.410990
 1571.000000 2.414301
 1572.000000 2.416272
 1573.000000 2.417480
 1574.000000 2.418430
 1575.000000 2.419488
 1576.000000 2.420883
 1577.000000 2.422672
 1578.000000 2.424754
 1579.000000 2.426940
 1580.000000 2.428930
 1581.000000 2.430447
 1582.000000 2.431196
 1583.000000 2.430939
 1584.000000 2.429474
 1585.000000 2.426630
 1586.000000 2.422197
 1587.000000 2.415974
 1588.000000 2.407798
 1589.000000 2.397545
 1590.000000 2.385429
 1591.000000 2.372101
 1592.000000 2.358742
 1593.000000 2.346648
 1594.000000 2.336946
 1595.000000 2.330451
 1596.000000 2.327675
 1597.000000 2.328820
 1598.000000 2.333774
 1599.000000 2.342126
 1600.000000 2.353145
 1601.000000 2.365880
 1602.000000 2.379355
 1603.000000 2.392661
 1604.000000 2.404895
 1605.000000 2.415553
 1606.000000 2.424418
 1607.000000 2.431419
 1608.000000 2.436635
 1609.000000 2.440287
 1610.000000 2.442599
 1611.000000 2.443684
 1612.000000 2.443569
 1613.000000 2.442222
 1614.000000 2.439587
 1615.000000 2.435622
 1616.000000 2.430214
 1617.000000 2.423313
 1618.000000 2.414941
 1619.000000 2.405185
 1620.000000 2.394205
 1621.000000 2.382363
 1622.000000 2.370110
 1623.000000 2.358008
 1624.000000 2.346302
 1625.000000 2.335370
 1626.000000 2.325225
 1627.000000 2.315883
 1628.000000 2.307189
 1629.000000 2.299095
 1630.000000 2.291459
 1631.000000 2.284239
 1632.000000 2.277370
 1633.000000 2.270806
 1634.000000 2.264497
 1635.000000 2.258413
 1636.000000 2.252466
 1637.000000 2.246521
 1638.000000 2.240414
 1639.000000 2.234001
 1640.000000 2.227108
 1641.000000 2.219568
 1642.000000 2.211267
 1643.000000 2.202163
 1644.000000 2.192247
 1645.000000 2.181618
 1646.000000 2.170481
 1647.000000 2.159004
 1648.000000 2.147252
 1649.000000 2.135141
 1650.000000 2.122463
 1651.000000 2.108950
 1652.000000 2.094270
 1653.000000 2.078463
 1654.000000 2.061616
 1655.000000 2.044187
 1656.000000 2.026714
 1657.000000 2.009557
 1658.000000 1.992875
 1659.000000 1.976737
 1660.000000 1.961050
 1661.000000 1.945910
 1662.000000 1.931682
 1663.000000 1.918664
 1664.000000 1.907301
 1665.000000 1.898075
 1666.000000 1.891313
 1667.000000 1.887179
 1668.000000 1.885643
 1669.000000 1.886545
 1670.000000 1.889599
 1671.000000 1.894497
 1672.000000 1.900904
 1673.000000 1.908421
 1674.000000 1.916731
 1675.000000 1.925470
 1676.000000 1.934360
 1677.000000 1.943191
 1678.000000 1.951656
 1679.000000 1.959558
 1680.000000 1.966760
 1681.000000 1.973158
 1682.000000 1.978820
 1683.000000 1.983710
 1684.000000 1.987785
 1685.000000 1.990892
 1686.000000 1.992718
 1687.000000 1.993089
 1688.000000 1.992049
 1689.000000 1.989714
 1690.000000 1.986175
 1691.000000 1.981404
 1692.000000 1.975392
 1693.000000 1.968073
 1694.000000 1.959298
 1695.000000 1.948940
 1696.000000 1.937177
 1697.000000 1.924308
 1698.000000 1.910716
 1699.000000 1.897004
 1700.000000 1.883860
 1701.000000 1.872193
 1702.000000 1.862847
 1703.000000 1.856463
 1704.000000 1.853524
 1705.000000 1.854287
 1706.000000 1.858889
 1707.000000 1.867288
 1708.000000 1.879325
 1709.000000 1.894606
 1710.000000 1.912530
 1711.000000 1.932138
 1712.000000 1.952988
 1713.000000 1.974725
 1714.000000 1.997642
 1715.000000 2.021960
 1716.000000 2.047062
 1717.000000 2.071923
 1718.000000 2.095512
 1719.000000 2.117198
 1720.000000 2.136916
 1721.000000 2.155320
 1722.000000 2.173150
 1723.000000 2.190832
 1724.000000 2.208505
 1725.000000 2.226080
 1726.000000 2.243714
 1727.000000 2.261730
 1728.000000 2.280860
 1729.000000 2.301982
 1730.000000 2.325425
 1731.000000 2.350308
 1732.000000 2.375586
 1733.000000 2.399704
 1734.000000 2.421452
 1735.000000 2.440457
 1736.000000 2.456927
 1737.000000 2.471128
 1738.000000 2.483529
 1739.000000 2.494418
 1740.000000 2.503874
 1741.000000 2.511986
 1742.000000 2.519000
 1743.000000 2.525030
 1744.000000 2.530373
 1745.000000 2.535397
 1746.000000 2.540504
 1747.000000 2.546222
 1748.000000 2.553079
 1749.000000 2.561568
 1750.000000 2.572104
 1751.000000 2.585244
 1752.000000 2.600662
 1753.000000 2.618140
 1754.000000 2.637265
 1755.000000 2.657008
 1756.000000 2.676257
 1757.000000 2.694451
 1758.000000 2.711032
 1759.000000 2.725821
 1760.000000 2.738946
 1761.000000 2.750435
 1762.000000 2.760580
 1763.000000 2.769783
 1764.000000 2.778476
 1765.000000 2.786787
 1766.000000 2.794979
 1767.000000 2.803350
 1768.000000 2.812304
 1769.000000 2.821850
 1770.000000 2.832110
 1771.000000 2.843294
 1772.000000 2.855559
 1773.000000 2.869112
 1774.000000 2.884189
 1775.000000 2.901028
 1776.000000 2.919459
 1777.000000 2.938493
 1778.000000 2.957182
 1779.000000 2.975159
 1780.000000 2.992643
 1781.000000 3.010534
 1782.000000 3.028968
 1783.000000 3.046966
 1784.000000 3.062610
 1785.000000 3.073444
 1786.000000 3.077448
 1787.000000 3.073807
 1788.000000 3.063304
 1789.000000 3.048065
 1790.000000 3.030591
 1791.000000 3.012969
 1792.000000 2.996686
 1793.000000 2.982174
 1794.000000 2.968250
 1795.000000 2.954302
 1796.000000 2.940503
 1797.000000 2.927477
 1798.000000 2.915687
 1799.000000 2.905748
 1800.000000 2.898152
 1801.000000 2.893093
 1802.000000 2.890467
 1803.000000 2.890134
 1804.000000 2.891864
 1805.000000 2.895330
 1806.000000 2.900148
 1807.000000 2.905877
 1808.000000 2.911998
 1809.000000 2.918065
 1810.000000 2.923644
 1811.000000 2.928485
 1812.000000 2.932441
 1813.000000 2.935546
 1814.000000 2.938003
 1815.000000 2.940090
 1816.000000 2.942137
 1817.000000 2.944373
 1818.000000 2.946921
 1819.000000 2.949694
 1820.000000 2.952451
 1821.000000 2.954901
 1822.000000 2.956774
 1823.000000 2.957832
 1824.000000 2.957940
 1825.000000 2.957052
 1826.000000 2.955274
 1827.000000 2.952845
 1828.000000 2.950105
 1829.000000 2.947463
 1830.000000 2.945402
 1831.000000 2.944351
 1832.000000 2.944566
 1833.000000 2.946170
 1834.000000 2.949144
 1835.000000 2.953355
 1836.000000 2.958680
 1837.000000 2.964968
 1838.000000 2.972184
 1839.000000 2.980307
 1840.000000 2.989644
 1841.000000 3.000739
 1842.000000 3.014294
 1843.000000 3.029850
 1844.000000 3.046703
 1845.000000 3.062769
 1846.000000 3.075381
 1847.000000 3.081991
 1848.000000 3.081413
 1849.000000 3.074092
 1850.000000 3.062006
 1851.000000 3.047982
 1852.000000 3.034705
 1853.000000 3.024092
 1854.000000 3.017246
 1855.000000 3.014624
 1856.000000 3.016277
 1857.000000 3.021939
 1858.000000 3.031083
 1859.000000 3.042639
 1860.000000 3.055072
 1861.000000 3.066248
 1862.000000 3.073760
 1863.000000 3.075833
 1864.000000 3.071834
 1865.000000 3.062470
 1866.000000 3.049397
 1867.000000 3.034655
 1868.000000 3.019588
 1869.000000 3.005246
 1870.000000 2.991989
 1871.000000 2.979162
 1872.000000 2.965630
 1873.000000 2.950688
 1874.000000 2.934453
 1875.000000 2.917955
 1876.000000 2.901877
 1877.000000 2.886544
 1878.000000 2.872066
 1879.000000 2.858358
 1880.000000 2.844975
 1881.000000 2.831551
 1882.000000 2.817607
 1883.000000 2.802694
 1884.000000 2.786760
 1885.000000 2.769604
 1886.000000 2.751143
 1887.000000 2.731045
 1888.000000 2.708805
 1889.000000 2.683799
 1890.000000 2.656765
 1891.000000 2.629089
 1892.000000 2.602466
 1893.000000 2.578509
 1894.000000 2.558398
 1895.000000 2.542213
 1896.000000 2.529741
 1897.000000 2.520643
 1898.000000 2.514690
 1899.000000 2.511605
 1900.000000 2.510994
 1901.000000 2.512487
 1902.000000 2.515740
 1903.000000 2.520453
 1904.000000 2.526384
 1905.000000 2.533239
 1906.000000 2.540863
 1907.000000 2.549002
 1908.000000 2.557423
 1909.000000 2.565908
 1910.000000 2.574281
 1911.000000 2.582511
 1912.000000 2.590476
 1913.000000 2.598016
 1914.000000 2.605316
 1915.000000 2.612442
 1916.000000 2.619381
 1917.000000 2.625993
 1918.000000 2.632170
 1919.000000 2.637662
 1920.000000 2.642008
 1921.000000 2.644752
 1922.000000 2.645478
 1923.000000 2.643786
 1924.000000 2.639343
 1925.000000 2.631970
 1926.000000 2.621527
 1927.000000 2.608081
 1928.000000 2.592008
 1929.000000 2.573607
 1930.000000 2.553420
 1931.000000 2.531839
 1932.000000 2.509148
 1933.000000 2.485217
 1934.000000 2.460274
 1935.000000 2.434089
 1936.000000 2.406496
 1937.000000 2.378162
 1938.000000 2.350569
 1939.000000 2.325660
 1940.000000 2.304710
 1941.000000 2.288020
 1942.000000 2.275552
 1943.000000 2.267010
 1944.000000 2.261960
 1945.000000 2.259851
 1946.000000 2.260207
 1947.000000 2.262643
 1948.000000 2.266915
 1949.000000 2.272904
 1950.000000 2.280718
 1951.000000 2.290794
 1952.000000 2.303636
 1953.000000 2.319495
 1954.000000 2.338628
 1955.000000 2.360912
 1956.000000 2.385287
 1957.000000 2.410492
 1958.000000 2.435327
 1959.000000 2.459386
 1960.000000 2.482849
 1961.000000 2.506055
 1962.000000 2.528980
 1963.000000 2.551689
 1964.000000 2.574098
 1965.000000 2.595306
 1966.000000 2.614608
 1967.000000 2.631350
 1968.000000 2.645227
 1969.000000 2.656041
 1970.000000 2.663722
 1971.000000 2.668459
 1972.000000 2.670399
 1973.000000 2.669770
 1974.000000 2.666807
 1975.000000 2.661807
 1976.000000 2.655081
 1977.000000 2.647033
 1978.000000 2.638075
 1979.000000 2.628689
 1980.000000 2.619434
 1981.000000 2.610817
 1982.000000 2.603213
 1983.000000 2.596840
 1984.000000 2.591876
 1985.000000 2.588282
 1986.000000 2.585939
 1987.000000 2.584640
 1988.000000 2.584147
 1989.000000 2.584213
 1990.000000 2.584614
 1991.000000 2.585171
 1992.000000 2.585763
 1993.000000 2.586409
 1994.000000 2.587260
 1995.000000 2.588599
 1996.000000 2.590817
 1997.000000 2.594338
 1998.000000 2.599525
 1999.000000 2.606587
 2000.000000 2.615601
 2001.000000 2.626592
 2002.000000 2.639717
 2003.000000 2.654976
 2004.000000 2.672079
 2005.000000 2.690556
 2006.000000 2.710000
 2007.000000 2.729840
 2008.000000 2.749643
 2009.000000 2.769084
 2010.000000 2.787730
 2011.000000 2.805195
 2012.000000 2.820391
 2013.000000 2.832638
 2014.000000 2.841346
 2015.000000 2.846370
 2016.000000 2.847633
 2017.000000 2.845166
 2018.000000 2.839065
 2019.000000 2.829433
 2020.000000 2.816793
 2021.000000 2.801733
 2022.000000 2.785082
 2023.000000 2.767563
 2024.000000 2.749813
 2025.000000 2.732278
 2026.000000 2.715167
 2027.000000 2.699009
 2028.000000 2.683997
 2029.000000 2.670516
 2030.000000 2.658938
 2031.000000 2.649190
 2032.000000 2.641031
 2033.000000 2.634211
 2034.000000 2.628402
 2035.000000 2.623212
 2036.000000 2.618289
 2037.000000 2.613482
 2038.000000 2.608842
 2039.000000 2.604560
 2040.000000 2.600938
 2041.000000 2.598289
 2042.000000 2.596901
 2043.000000 2.597037
 2044.000000 2.598861
 2045.000000 2.602457
 2046.000000 2.607821
 2047.000000 2.614887
 2048.000000 2.623368
 2049.000000 2.633019
 2050.000000 2.643462
 2051.000000 2.654299
 2052.000000 2.665106
 2053.000000 2.675014
 2054.000000 2.683524
 2055.000000 2.690103
 2056.000000 2.694506
 2057.000000 2.696785
 2058.000000 2.697239
 2059.000000 2.696338
 2060.000000 2.694571
 2061.000000 2.692372
 2062.000000 2.690050
 2063.000000 2.687801
 2064.000000 2.685722
 2065.000000 2.683910
 2066.000000 2.682413
 2067.000000 2.681280
 2068.000000 2.680589
 2069.000000 2.680416
 2070.000000 2.680826
 2071.000000 2.681832
 2072.000000 2.683362
 2073.000000 2.685249
 2074.000000 2.687233
 2075.000000 2.688973
 2076.000000 2.690036
 2077.000000 2.689990
 2078.000000 2.688428
 2079.000000 2.685037
 2080.000000 2.679582
 2081.000000 2.672004
 2082.000000 2.662361
 2083.000000 2.650865
 2084.000000 2.637835
 2085.000000 2.623656
 2086.000000 2.608796
 2087.000000 2.593760
 2088.000000 2.579182
 2089.000000 2.565891
 2090.000000 2.554625
 2091.000000 2.545806
 2092.000000 2.539952
 2093.000000 2.537216
 2094.000000 2.537519
 2095.000000 2.540588
 2096.000000 2.546054
 2097.000000 2.553358
 2098.000000 2.562005
 2099.000000 2.571457
 2100.000000 2.581090
 2101.000000 2.590419
 2102.000000 2.599035
 2103.000000 2.606465
 2104.000000 2.612509
 2105.000000 2.616983
 2106.000000 2.619783
 2107.000000 2.621008
 2108.000000 2.620757
 2109.000000 2.619180
 2110.000000 2.616446
 2111.000000 2.612677
 2112.000000 2.607969
 2113.000000 2.602408
 2114.000000 2.595995
 2115.000000 2.588789
 2116.000000 2.580590
 2117.000000 2.571270
 2118.000000 2.560619
 2119.000000 2.548406
 2120.000000 2.534678
 2121.000000 2.519367
 2122.000000 2.502158
 2123.000000 2.483085
 2124.000000 2.461818
 2125.000000 2.437786
 2126.000000 2.411074
 2127.000000 2.382330
 2128.000000 2.353380
 2129.000000 2.326412
 2130.000000 2.302437
 2131.000000 2.282142
 2132.000000 2.265544
 2133.000000 2.252156
 2134.000000 2.241435
 2135.000000 2.233053
 2136.000000 2.226594
 2137.000000 2.221709
 2138.000000 2.218063
 2139.000000 2.215267
 2140.000000 2.212925
 2141.000000 2.210683
 2142.000000 2.208300
 2143.000000 2.205704
 2144.000000 2.202945
 2145.000000 2.200221
 2146.000000 2.197814
 2147.000000 2.195973
 2148.000000 2.194891
 2149.000000 2.194682
 2150.000000 2.195360
 2151.000000 2.196891
 2152.000000 2.199242
 2153.000000 2.202373
 2154.000000 2.206310
 2155.000000 2.211006
 2156.000000 2.216354
 2157.000000 2.222344
 2158.000000 2.228778
 2159.000000 2.235505
 2160.000000 2.242470
 2161.000000 2.249655
 2162.000000 2.257239
 2163.000000 2.265511
 2164.000000 2.274661
 2165.000000 2.284979
 2166.000000 2.296608
 2167.000000 2.309632
 2168.000000 2.323756
 2169.000000 2.338473
 2170.000000 2.352993
 2171.000000 2.366724
 2172.000000 2.378619
 2173.000000 2.388066
 2174.000000 2.394581
 2175.000000 2.398122
 2176.000000 2.398972
 2177.000000 2.397639
 2178.000000 2.394730
 2179.000000 2.390816
 2180.000000 2.386457
 2181.000000 2.382058
 2182.000000 2.377836
 2183.000000 2.373929
 2184.000000 2.370355
 2185.000000 2.367065
 2186.000000 2.364115
 2187.000000 2.361533
 2188.000000 2.359435
 2189.000000 2.357913
 2190.000000 2.357024
 2191.000000 2.356770
 2192.000000 2.357160
 2193.000000 2.358210
 2194.000000 2.359964
 2195.000000 2.362506
 2196.000000 2.365899
 2197.000000 2.370200
 2198.000000 2.375314
 2199.000000 2.381136
 2200.000000 2.387472
 2201.000000 2.393988
 2202.000000 2.400464
 2203.000000 2.406585
 2204.000000 2.412069
 2205.000000 2.416508
 2206.000000 2.419437
 2207.000000 2.420242
 2208.000000 2.418336
 2209.000000 2.413116
 2210.000000 2.404149
 2211.000000 2.391381
 2212.000000 2.374957
 2213.000000 2.355387
 2214.000000 2.333916
 2215.000000 2.312182
 2216.000000 2.291779
 2217.000000 2.273998
 2218.000000 2.259011
 2219.000000 2.246553
 2220.000000 2.236226
 2221.000000 2.227728
 2222.000000 2.220693
 2223.000000 2.214671
 2224.000000 2.209053
 2225.000000 2.203280
 2226.000000 2.196862
 2227.000000 2.189439
 2228.000000 2.180680
 2229.000000 2.170486
 2230.000000 2.158848
 2231.000000 2.145647
 2232.000000 2.130889
 2233.000000 2.114151
 2234.000000 2.095204
 2235.000000 2.074180
 2236.000000 2.052105
 2237.000000 2.030692
 2238.000000 2.011626
 2239.000000 1.995836
 2240.000000 1.983558
 2241.000000 1.974928
 2242.000000 1.969520
 2243.000000 1.966946
 2244.000000 1.966906
 2245.000000 1.969099
 2246.000000 1.973225
 2247.000000 1.979013
 2248.000000 1.986287
 2249.000000 1.995031
 2250.000000 2.005079
 2251.000000 2.016263
 2252.000000 2.028297
 2253.000000 2.040496
 2254.000000 2.052138
 2255.000000 2.062314
 2256.000000 2.070296
 2257.000000 2.075688
 2258.000000 2.078362
 2259.000000 2.078459
 2260.000000 2.076276
 2261.000000 2.072219
 2262.000000 2.066791
 2263.000000 2.060566
 2264.000000 2.054126
 2265.000000 2.047973
 2266.000000 2.042350
 2267.000000 2.037385
 2268.000000 2.033062
 2269.000000 2.029232
 2270.000000 2.025694
 2271.000000 2.022357
 2272.000000 2.019211
 2273.000000 2.016401
 2274.000000 2.014146
 2275.000000 2.012749
 2276.000000 2.012556
 2277.000000 2.013882
 2278.000000 2.017040
 2279.000000 2.022319
 2280.000000 2.029872
 2281.000000 2.039559
 2282.000000 2.051091
 2283.000000 2.064192
 2284.000000 2.078270
 2285.000000 2.092603
 2286.000000 2.106806
 2287.000000 2.120793
 2288.000000 2.134789
 2289.000000 2.149140
 2290.000000 2.164542
 2291.000000 2.181009
 2292.000000 2.198268
 2293.000000 2.216078
 2294.000000 2.234242
 2295.000000 2.252979
 2296.000000 2.272883
 2297.000000 2.295036
 2298.000000 2.319671
 2299.000000 2.345596
 2300.000000 2.371319
 2301.000000 2.395373
 2302.000000 2.417244
 2303.000000 2.436432
 2304.000000 2.453342
 2305.000000 2.468373
 2306.000000 2.482140
 2307.000000 2.495320
 2308.000000 2.508081
 2309.000000 2.520712
 2310.000000 2.533182
 2311.000000 2.545487
 2312.000000 2.557490
 2313.000000 2.568835
 2314.000000 2.579347
 2315.000000 2.588809
 2316.000000 2.596923
 2317.000000 2.603567
 2318.000000 2.608570
 2319.000000 2.611988
 2320.000000 2.613902
 2321.000000 2.614413
 2322.000000 2.613669
 2323.000000 2.611806
 2324.000000 2.608988
 2325.000000 2.605328
 2326.000000 2.600947
 2327.000000 2.596052
 2328.000000 2.590896
 2329.000000 2.585754
 2330.000000 2.580950
 2331.000000 2.576756
 2332.000000 2.573478
 2333.000000 2.571303
 2334.000000 2.570311
 2335.000000 2.570529
 2336.000000 2.571916
 2337.000000 2.574392
 2338.000000 2.577824
 2339.000000 2.582071
 2340.000000 2.587082
 2341.000000 2.592791
 2342.000000 2.599310
 2343.000000 2.606814
 2344.000000 2.615597
 2345.000000 2.625841
 2346.000000 2.637693
 2347.000000 2.651219
 2348.000000 2.666518
 2349.000000 2.683479
 2350.000000 2.701857
 2351.000000 2.721381
 2352.000000 2.741837
 2353.000000 2.763010
 2354.000000 2.784835
 2355.000000 2.806744
 2356.000000 2.828146
 2357.000000 2.848368
 2358.000000 2.867282
 2359.000000 2.884516
 2360.000000 2.899309
 2361.000000 2.911868
 2362.000000 2.922743
 2363.000000 2.931857
 2364.000000 2.938684
 2365.000000 2.942911
 2366.000000 2.944455
 2367.000000 2.943557
 2368.000000 2.940649
 2369.000000 2.936367
 2370.000000 2.931409
 2371.000000 2.926357
 2372.000000 2.921216
 2373.000000 2.914830
 2374.000000 2.906974
 2375.000000 2.899377
 2376.000000 2.892876
 2377.000000 2.887429
 2378.000000 2.882820
 2379.000000 2.878841
 2380.000000 2.875304
 2381.000000 2.872049
 2382.000000 2.868966
 2383.000000 2.865905
 2384.000000 2.862587
 2385.000000 2.858648
 2386.000000 2.853591
 2387.000000 2.847020
 2388.000000 2.838525
 2389.000000 2.827860
 2390.000000 2.815330
 2391.000000 2.801569
 2392.000000 2.787633
 2393.000000 2.774248
 2394.000000 2.762378
 2395.000000 2.752799
 2396.000000 2.745943
 2397.000000 2.742019
 2398.000000 2.740896
 2399.000000 2.742288
 2400.000000 2.745789
 2401.000000 2.750896
 2402.000000 2.757147
 2403.000000 2.764188
 2404.000000 2.771682
 2405.000000 2.779334
 2406.000000 2.786728
 2407.000000 2.793687
 2408.000000 2.800105
 2409.000000 2.805851
 2410.000000 2.810700
 2411.000000 2.814399
 2412.000000 2.816680
 2413.000000 2.817394
 2414.000000 2.816465
 2415.000000 2.813924
 2416.000000 2.809917
 2417.000000 2.804651
 2418.000000 2.798445
 2419.000000 2.791666
 2420.000000 2.784724
 2421.000000 2.777809
 2422.000000 2.771024
 2423.000000 2.764386
 2424.000000 2.757737
 2425.000000 2.750880
 2426.000000 2.743647
 2427.000000 2.735725
 2428.000000 2.726917
 2429.000000 2.717254
 2430.000000 2.706728
 2431.000000 2.695660
 2432.000000 2.684204
 2433.000000 2.672851
 2434.000000 2.661953
 2435.000000 2.651983
 2436.000000 2.643236
 2437.000000 2.635717
 2438.000000 2.629412
 2439.000000 2.624351
 2440.000000 2.620573
 2441.000000 2.618106
 2442.000000 2.617004
 2443.000000 2.617367
 2444.000000 2.619394
 2445.000000 2.623324
 2446.000000 2.629438
 2447.000000 2.637913
 2448.000000 2.648781
 2449.000000 2.661905
 2450.000000 2.676839
 2451.000000 2.692720
 2452.000000 2.708347
 2453.000000 2.723006
 2454.000000 2.736119
 2455.000000 2.747581
 2456.000000 2.757566
 2457.000000 2.766286
 2458.000000 2.774033
 2459.000000 2.781261
 2460.000000 2.788435
 2461.000000 2.795751
 2462.000000 2.803174
 2463.000000 2.810466
 2464.000000 2.817275
 2465.000000 2.823069
 2466.000000 2.827356
 2467.000000 2.829765
 2468.000000 2.830096
 2469.000000 2.828248
 2470.000000 2.824297
 2471.000000 2.818511
 2472.000000 2.811211
 2473.000000 2.802659
 2474.000000 2.792951
 2475.000000 2.781561
 2476.000000 2.768241
 2477.000000 2.753507
 2478.000000 2.737788
 2479.000000 2.721341
 2480.000000 2.704565
 2481.000000 2.687706
 2482.000000 2.671393
 2483.000000 2.656256
 2484.000000 2.642599
 2485.000000 2.630693
 2486.000000 2.620603
 2487.000000 2.612000
 2488.000000 2.604445
 2489.000000 2.597389
 2490.000000 2.590388
 2491.000000 2.583025
 2492.000000 2.575151
 2493.000000 2.566714
 2494.000000 2.557849
 2495.000000 2.548831
 2496.000000 2.539995
 2497.000000 2.531687
 2498.000000 2.524264
 2499.000000 2.518005
 2500.000000 2.513025
 2501.000000 2.509321
 2502.000000 2.506746
 2503.000000 2.505080
 2504.000000 2.504052
 2505.000000 2.503400
 2506.000000 2.502900
 2507.000000 2.502368
 2508.000000 2.501678
 2509.000000 2.500777
 2510.000000 2.499645
 2511.000000 2.498248
 2512.000000 2.496466
 2513.000000 2.494107
 2514.000000 2.490978
 2515.000000 2.486921
 2516.000000 2.481843
 2517.000000 2.475767
 2518.000000 2.468919
 2519.000000 2.461407
 2520.000000 2.453491
 2521.000000 2.445321
 2522.000000 2.436972
 2523.000000 2.428410
 2524.000000 2.419388
 2525.000000 2.409573
 2526.000000 2.398555
 2527.000000 2.386151
 2528.000000 2.372423
 2529.000000 2.357470
 2530.000000 2.341787
 2531.000000 2.326319
 2532.000000 2.311775
 2533.000000 2.298867
 2534.000000 2.288232
 2535.000000 2.279994
 2536.000000 2.274190
 2537.000000 2.270763
 2538.000000 2.269674
 2539.000000 2.270968
 2540.000000 2.274780
 2541.000000 2.281308
 2542.000000 2.290847
 2543.000000 2.303368
 2544.000000 2.318841
 2545.000000 2.336607
 2546.000000 2.355516
 2547.000000 2.374106
 2548.000000 2.390962
 2549.000000 2.405259
 2550.000000 2.416363
 2551.000000 2.423741
 2552.000000 2.427403
 2553.000000 2.427398
 2554.000000 2.423799
 2555.000000 2.416630
 2556.000000 2.405964
 2557.000000 2.392201
 2558.000000 2.375827
 2559.000000 2.358096
 2560.000000 2.340433
 2561.000000 2.324012
 2562.000000 2.309475
 2563.000000 2.297016
 2564.000000 2.287097
 2565.000000 2.279757
 2566.000000 2.274689
 2567.000000 2.271540
 2568.000000 2.269916
 2569.000000 2.269543
 2570.000000 2.270243
 2571.000000 2.271971
 2572.000000 2.274817
 2573.000000 2.279027
 2574.000000 2.284933
 2575.000000 2.292858
 2576.000000 2.303185
 2577.000000 2.315940
 2578.000000 2.330893
 2579.000000 2.347625
 2580.000000 2.365536
 2581.000000 2.383821
 2582.000000 2.401440
 2583.000000 2.417602
 2584.000000 2.432226
 2585.000000 2.445552
 2586.000000 2.458120
 2587.000000 2.470551
 2588.000000 2.483568
 2589.000000 2.497789
 2590.000000 2.513166
 2591.000000 2.529331
 2592.000000 2.545603
 2593.000000 2.561368
 2594.000000 2.575897
 2595.000000 2.588853
 2596.000000 2.600095
 2597.000000 2.609799
 2598.000000 2.618241
 2599.000000 2.625589
 2600.000000 2.631926
 2601.000000 2.637228
 2602.000000 2.641444
 2603.000000 2.644504
 2604.000000 2.646285
 2605.000000 2.646757
 2606.000000 2.646011
 2607.000000 2.644237
 2608.000000 2.641682
 2609.000000 2.638701
 2610.000000 2.635596
 2611.000000 2.632705
 2612.000000 2.630319
 2613.000000 2.628806
 2614.000000 2.628444
 2615.000000 2.629441
 2616.000000 2.631913
 2617.000000 2.635934
 2618.000000 2.641618
 2619.000000 2.648965
 2620.000000 2.657969
 2621.000000 2.668588
 2622.000000 2.680739
 2623.000000 2.694158
 2624.000000 2.708614
 2625.000000 2.724132
 2626.000000 2.740668
 2627.000000 2.758248
 2628.000000 2.776782
 2629.000000 2.795545
 2630.000000 2.813576
 2631.000000 2.830073
 2632.000000 2.844583
 2633.000000 2.857010
 2634.000000 2.868029
 2635.000000 2.878608
 2636.000000 2.889668
 2637.000000 2.901937
 2638.000000 2.915941
 2639.000000 2.931764
 2640.000000 2.948587
 2641.000000 2.964983
 2642.000000 2.980871
 2643.000000 2.996435
 2644.000000 3.012227
 2645.000000 3.027850
 2646.000000 3.042293
 2647.000000 3.054355
 2648.000000 3.062593
 2649.000000 3.065990
 2650.000000 3.064520
 2651.000000 3.059112
 2652.000000 3.051245
 2653.000000 3.042504
 2654.000000 3.034078
 2655.000000 3.026609
 2656.000000 3.020410
 2657.000000 3.015565
 2658.000000 3.012139
 2659.000000 3.010177
 2660.000000 3.009805
 2661.000000 3.011189
 2662.000000 3.014481
 2663.000000 3.019818
 2664.000000 3.027099
 2665.000000 3.036111
 2666.000000 3.046008
 2667.000000 3.055363
 2668.000000 3.062504
 2669.000000 3.065874
 2670.000000 3.064768
 2671.000000 3.059449
 2672.000000 3.051113
 2673.000000 3.041532
 2674.000000 3.032379
 2675.000000 3.025042
 2676.000000 3.020486
 2677.000000 3.019220
 2678.000000 3.021340
 2679.000000 3.026608
 2680.000000 3.034367
 2681.000000 3.043724
 2682.000000 3.053467
 2683.000000 3.062272
 2684.000000 3.068814
 2685.000000 3.072110
 2686.000000 3.071748
 2687.000000 3.068189
 2688.000000 3.062500
 2689.000000 3.055907
 2690.000000 3.049604
 2691.000000 3.044371
 2692.000000 3.040435
 2693.000000 3.037612
 2694.000000 3.035555
 2695.000000 3.033940
 2696.000000 3.032509
 2697.000000 3.031181
 2698.000000 3.030134
 2699.000000 3.029728
 2700.000000 3.030500
 2701.000000 3.033047
 2702.000000 3.037848
 2703.000000 3.045080
 2704.000000 3.054348
 2705.000000 3.064753
 2706.000000 3.074543
 2707.000000 3.081778
 2708.000000 3.084785
 2709.000000 3.082828
 2710.000000 3.076295
 2711.000000 3.066563
 2712.000000 3.055479
 2713.000000 3.045087
 2714.000000 3.036632
 2715.000000 3.030809
 2716.000000 3.027658
 2717.000000 3.026894
 2718.000000 3.028034
 2719.000000 3.030592
 2720.000000 3.034167
 2721.000000 3.038511
 2722.000000 3.043612
 2723.000000 3.049352
 2724.000000 3.055675
 2725.000000 3.062474
 2726.000000 3.069329
 2727.000000 3.075586
 2728.000000 3.080163
 2729.000000 3.082033
 2730.000000 3.080236
 2731.000000 3.074366
 2732.000000 3.064771
 2733.000000 3.052516
 2734.000000 3.038785
 2735.000000 3.024418
 2736.000000 3.009929
 2737.000000 2.995673
 2738.000000 2.981586
 2739.000000 2.967137
 2740.000000 2.952154
 2741.000000 2.937390
 2742.000000 2.923711
 2743.000000 2.911510
 2744.000000 2.900983
 2745.000000 2.891661
 2746.000000 2.882679
 2747.000000 2.873297
 2748.000000 2.862736
 2749.000000 2.850411
 2750.000000 2.835954
 2751.000000 2.819434
 2752.000000 2.801212
 2753.000000 2.782536
 2754.000000 2.764394
 2755.000000 2.747740
 2756.000000 2.732525
 2757.000000 2.718738
 2758.000000 2.706279
 2759.000000 2.695133
 2760.000000 2.685319
 2761.000000 2.676982
 2762.000000 2.670284
 2763.000000 2.665354
 2764.000000 2.662147
 2765.000000 2.660664
 2766.000000 2.660923
 2767.000000 2.662844
 2768.000000 2.666237
 2769.000000 2.670825
 2770.000000 2.676314
 2771.000000 2.682397
 2772.000000 2.688960
 2773.000000 2.695790
 2774.000000 2.703025
 2775.000000 2.710804
 2776.000000 2.719519
 2777.000000 2.729514
 2778.000000 2.741093
 2779.000000 2.754858
 2780.000000 2.770892
 2781.000000 2.788796
 2782.000000 2.807676
 2783.000000 2.826176
 2784.000000 2.843104
 2785.000000 2.857503
 2786.000000 2.869094
 2787.000000 2.877965
 2788.000000 2.884504
 2789.000000 2.889156
 2790.000000 2.892299
 2791.000000 2.894366
 2792.000000 2.895755
 2793.000000 2.896768
 2794.000000 2.897538
 2795.000000 2.898024
 2796.000000 2.898094
 2797.000000 2.897574
 2798.000000 2.896304
 2799.000000 2.894159
 2800.000000 2.891016
 2801.000000 2.886805
 2802.000000 2.881407
 2803.000000 2.874725
 2804.000000 2.866573
 2805.000000 2.856946
 2806.000000 2.845765
 2807.000000 2.832944
 2808.000000 2.818677
 2809.000000 2.803302
 2810.000000 2.787693
 2811.000000 2.772960
 2812.000000 2.759840
 2813.000000 2.749246
 2814.000000 2.741582
 2815.000000 2.737250
 2816.000000 2.736703
 2817.000000 2.740278
 2818.000000 2.748277
 2819.000000 2.760689
 2820.000000 2.777074
 2821.000000 2.796463
 2822.000000 2.816982
 2823.000000 2.836463
 2824.000000 2.853418
 2825.000000 2.867348
 2826.000000 2.878367
 2827.000000 2.886727
 2828.000000 2.892936
 2829.000000 2.897339
 2830.000000 2.900509
 2831.000000 2.902959
 2832.000000 2.905105
 2833.000000 2.907189
 2834.000000 2.909309
 2835.000000 2.911394
 2836.000000 2.913310
 2837.000000 2.914917
 2838.000000 2.916106
 2839.000000 2.916819
 2840.000000 2.917055
