#! FIELDS time d
 0.000000 2.650447
 1.000000 2.660528
 2.000000 2.670002
 3.000000 2.678403
 4.000000 2.685660
 5.000000 2.691996
 6.000000 2.697754
 7.000000 2.703505
 8.000000 2.709792
 9.000000 2.717167
 10.000000 2.725910
 11.000000 2.736046
 12.000000 2.747605
 13.000000 2.760338
 14.000000 2.774058
 15.000000 2.788491
 16.000000 2.803387
 17.000000 2.818554
 18.000000 2.833644
 19.000000 2.848649
 20.000000 2.863099
 21.000000 2.876665
 22.000000 2.889334
 23.000000 2.900722
 24.000000 2.910545
 25.000000 2.918648
 26.000000 2.924884
 27.000000 2.929273
 28.000000 2.931891
 29.000000 2.932933
 30.000000 2.932556
 31.000000 2.930935
 32.000000 2.928243
 33.000000 2.924659
 34.000000 2.920182
 35.000000 2.914943
 36.000000 2.908994
 37.000000 2.902459
 38.000000 2.895360
 39.000000 2.887909
 40.000000 2.880270
 41.000000 2.872320
 42.000000 2.863929
 43.000000 2.855106
 44.000000 2.846115
 45.000000 2.837168
 46.000000 2.828583
 47.000000 2.820583
 48.000000 2.813354
 49.000000 2.806944
 50.000000 2.801292
 51.000000 2.796202
 52.000000 2.791398
 53.000000 2.786522
 54.000000 2.781201
 55.000000 2.775146
 56.000000 2.768427
 57.000000 2.761234
 58.000000 2.754115
 59.000000 2.747838
 60.000000 2.742973
 61.000000 2.739896
 62.000000 2.738875
 63.000000 2.739970
 64.000000 2.743077
 65.000000 2.748054
 66.000000 2.754634
 67.000000 2.762437
 68.000000 2.771094
 69.000000 2.780200
 70.000000 2.789425
 71.000000 2.798479
 72.000000 2.807066
 73.000000 2.814859
 74.000000 2.821615
 75.000000 2.827113
 76.000000 2.831174
 77.000000 2.833641
 78.000000 2.834376
 79.000000 2.833332
 80.000000 2.830500
 81.000000 2.825929
 82.000000 2.819597
 83.000000 2.811588
 84.000000 2.802087
 85.000000 2.791316
 86.000000 2.779766
 87.000000 2.767747
 88.000000 2.755451
 89.000000 2.743089
 90.000000 2.730931
 91.000000 2.719054
 92.000000 2.707368
 93.000000 2.696118
 94.000000 2.685349
 95.000000 2.675145
 96.000000 2.665609
 97.000000 2.656985
 98.000000 2.649455
 99.000000 2.643315
 100.000000 2.638643
 101.000000 2.635410
 102.000000 2.633547
 103.000000 2.632925
 104.000000 2.633474
 105.000000 2.635191
 106.000000 2.638193
 107.000000 2.642715
 108.000000 2.649081
 109.000000 2.657540
 110.000000 2.668351
 111.000000 2.681825
 112.000000 2.698032
 113.000000 2.716925
 114.000000 2.737890
 115.000000 2.759910
 116.000000 2.781841
 117.000000 2.802759
 118.000000 2.822028
 119.000000 2.839409
 120.000000 2.855010
 121.000000 2.869208
 122.000000 2.882572
 123.000000 2.895918
 124.000000 2.909852
 125.000000 2.924739
 126.000000 2.940355
 127.000000 2.956258
 128.000000 2.972071
 129.000000 2.987172
 130.000000 3.000990
 131.000000 3.013081
 132.000000 3.021898
 133.000000 3.026516
 134.000000 3.026599
 135.000000 3.022498
 136.000000 3.015196
 137.000000 3.006009
 138.000000 2.996380
 139.000000 2.987230
 140.000000 2.978375
 141.000000 2.969793
 142.000000 2.961292
 143.000000 2.952927
 144.000000 2.944843
 145.000000 2.937407
 146.000000 2.931231
 147.000000 2.926875
 148.000000 2.924959
 149.000000 2.926061
 150.000000 2.930553
 151.000000 2.938600
 152.000000 2.949971
 153.000000 2.964154
 154.000000 2.980236
 155.000000 2.997482
 156.000000 3.015077
 157.000000 3.030890
 158.000000 3.042602
 159.000000 3.048415
 160.000000 3.047807
 161.000000 3.041339
 162.000000 3.030401
 163.000000 3.016565
 164.000000 3.001894
 165.000000 2.988382
 166.000000 2.976895
 167.000000 2.967828
 168.000000 2.961391
 169.000000 2.957579
 170.000000 2.956251
 171.000000 2.957007
 172.000000 2.959297
 173.000000 2.962486
 174.000000 2.965942
 175.000000 2.969075
 176.000000 2.971459
 177.000000 2.972877
 178.000000 2.973337
 179.000000 2.973050
 180.000000 2.972373
 181.000000 2.971735
 182.000000 2.971601
 183.000000 2.972379
 184.000000 2.974363
 185.000000 2.977727
 186.000000 2.982514
 187.000000 2.988447
 188.000000 2.995246
 189.000000 3.002398
 190.000000 3.008835
 191.000000 3.013139
 192.000000 3.014147
 193.000000 3.011293
 194.000000 3.004806
 195.000000 2.995798
 196.000000 2.985365
 197.000000 2.974495
 198.000000 2.964184
 199.000000 2.955419
 200.000000 2.949002
 201.000000 2.945569
 202.000000 2.945249
 203.000000 2.947758
 204.000000 2.952487
 205.000000 2.958834
 206.000000 2.965951
 207.000000 2.973089
 208.000000 2.979599
 209.000000 2.984969
 210.000000 2.989059
 211.000000 2.991943
 212.000000 2.994052
 213.000000 2.996011
 214.000000 2.998470
 215.000000 3.002010
 216.000000 3.006685
 217.000000 3.011966
 218.000000 3.017105
 219.000000 3.021232
 220.000000 3.023497
 221.000000 3.023358
 222.000000 3.020611
 223.000000 3.015367
 224.000000 3.008268
 225.000000 3.000332
 226.000000 2.992534
 227.000000 2.985065
 228.000000 2.977694
 229.000000 2.970252
 230.000000 2.962388
 231.000000 2.954023
 232.000000 2.945226
 233.000000 2.936237
 234.000000 2.927416
 235.000000 2.919249
 236.000000 2.912484
 237.000000 2.907524
 238.000000 2.904774
 239.000000 2.904578
 240.000000 2.907032
 241.000000 2.911958
 242.000000 2.919067
 243.000000 2.928059
 244.000000 2.938493
 245.000000 2.949896
 246.000000 2.961733
 247.000000 2.973441
 248.000000 2.984615
 249.000000 2.995191
 250.000000 3.005136
 251.000000 3.014086
 252.000000 3.021387
 253.000000 3.026574
 254.000000 3.029262
 255.000000 3.029123
 256.000000 3.026038
 257.000000 3.020147
 258.000000 3.011855
 259.000000 3.002133
 260.000000 2.992004
 261.000000 2.982044
 262.000000 2.972528
 263.000000 2.963738
 264.000000 2.956041
 265.000000 2.949741
 266.000000 2.945062
 267.000000 2.942038
 268.000000 2.940651
 269.000000 2.940837
 270.000000 2.942580
 271.000000 2.945913
 272.000000 2.950877
 273.000000 2.957505
 274.000000 2.965616
 275.000000 2.975015
 276.000000 2.985411
 277.000000 2.996262
 278.000000 3.006880
 279.000000 3.015813
 280.000000 3.021488
 281.000000 3.022849
 282.000000 3.019614
 283.000000 3.012202
 284.000000 3.001726
 285.000000 2.989860
 286.000000 2.977536
 287.000000 2.965556
 288.000000 2.954958
 289.000000 2.946652
 290.000000 2.941420
 291.000000 2.939695
 292.000000 2.941546
 293.000000 2.946615
 294.000000 2.954078
 295.000000 2.962786
 296.000000 2.971384
 297.000000 2.978624
 298.000000 2.983718
 299.000000 2.986281
 300.000000 2.986632
 301.000000 2.985479
 302.000000 2.983801
 303.000000 2.982584
 304.000000 2.982691
 305.000000 2.984813
 306.000000 2.989387
 307.000000 2.996629
 308.000000 3.006466
 309.000000 3.017884
 310.000000 3.029408
 311.000000 3.039670
 312.000000 3.047153
 313.000000 3.050834
 314.000000 3.050221
 315.000000 3.045331
 316.000000 3.036835
 317.000000 3.025704
 318.000000 3.013385
 319.000000 3.001607
 320.000000 2.991729
 321.000000 2.984198
 322.000000 2.978869
 323.000000 2.975634
 324.000000 2.974214
 325.000000 2.974379
 326.000000 2.975916
 327.000000 2.978623
 328.000000 2.982334
 329.000000 2.986955
 330.000000 2.992439
 331.000000 2.998695
 332.000000 3.005509
 333.000000 3.012175
 334.000000 3.017723
 335.000000 3.021514
 336.000000 3.023209
 337.000000 3.022898
 338.000000 3.021041
 339.000000 3.018346
 340.000000 3.015583
 341.000000 3.013417
 342.000000 3.012315
 343.000000 3.012385
 344.000000 3.013350
 345.000000 3.014609
 346.000000 3.015405
 347.000000 3.015000
 348.000000 3.012890
 349.000000 3.008928
 350.000000 3.003424
 351.000000 2.997014
 352.000000 2.990217
 353.000000 2.983312
 354.000000 2.976732
 355.000000 2.971021
 356.000000 2.966545
 357.000000 2.963493
 358.000000 2.961748
 359.000000 2.960890
 360.000000 2.960332
 361.000000 2.959493
 362.000000 2.957918
 363.000000 2.955423
 364.000000 2.952094
 365.000000 2.948297
 366.000000 2.944656
 367.000000 2.941833
 368.000000 2.940532
 369.000000 2.941338
 370.000000 2.944600
 371.000000 2.950355
 372.000000 2.958476
 373.000000 2.968779
 374.000000 2.981099
 375.000000 2.995105
 376.000000 3.010125
 377.000000 3.024833
 378.000000 3.037292
 379.000000 3.045690
 380.000000 3.048562
 381.000000 3.045445
 382.000000 3.036754
 383.000000 3.023716
 384.000000 3.008164
 385.000000 2.992151
 386.000000 2.977103
 387.000000 2.963457
 388.000000 2.951866
 389.000000 2.942762
 390.000000 2.936627
 391.000000 2.933688
 392.000000 2.933950
 393.000000 2.937145
 394.000000 2.942793
 395.000000 2.950199
 396.000000 2.958479
 397.000000 2.966488
 398.000000 2.973295
 399.000000 2.978159
 400.000000 2.980732
 401.000000 2.980949
 402.000000 2.979096
 403.000000 2.975766
 404.000000 2.971728
 405.000000 2.967930
 406.000000 2.965347
 407.000000 2.964967
 408.000000 2.967599
 409.000000 2.973779
 410.000000 2.983829
 411.000000 2.997792
 412.000000 3.015346
 413.000000 3.034621
 414.000000 3.052375
 415.000000 3.065351
 416.000000 3.071152
 417.000000 3.068483
 418.000000 3.057722
 419.000000 3.040991
 420.000000 3.020842
 421.000000 2.999832
 422.000000 2.980266
 423.000000 2.961545
 424.000000 2.942991
 425.000000 2.924134
 426.000000 2.905279
 427.000000 2.886052
 428.000000 2.866597
 429.000000 2.846666
 430.000000 2.826108
 431.000000 2.805126
 432.000000 2.783818
 433.000000 2.762878
 434.000000 2.742976
 435.000000 2.724739
 436.000000 2.708112
 437.000000 2.693198
 438.000000 2.679869
 439.000000 2.668089
 440.000000 2.657588
 441.000000 2.648282
 442.000000 2.640023
 443.000000 2.632587
 444.000000 2.625908
 445.000000 2.620055
 446.000000 2.615051
 447.000000 2.610855
 448.000000 2.607339
 449.000000 2.604316
 450.000000 2.601713
 451.000000 2.599566
 452.000000 2.598018
 453.000000 2.597305
 454.000000 2.597723
 455.000000 2.599576
 456.000000 2.603129
 457.000000 2.608575
 458.000000 2.615951
 459.000000 2.625319
 460.000000 2.636218
 461.000000 2.647843
 462.000000 2.659538
 463.000000 2.670737
 464.000000 2.681071
 465.000000 2.690394
 466.000000 2.698652
 467.000000 2.706007
 468.000000 2.712792
 469.000000 2.719577
 470.000000 2.726944
 471.000000 2.735493
 472.000000 2.745463
 473.000000 2.756667
 474.000000 2.768395
 475.000000 2.779678
 476.000000 2.789527
 477.000000 2.796975
 478.000000 2.801350
 479.000000 2.802304
 480.000000 2.799731
 481.000000 2.793757
 482.000000 2.784715
 483.000000 2.773244
 484.000000 2.760286
 485.000000 2.746822
 486.000000 2.733624
 487.000000 2.721137
 488.000000 2.709760
 489.000000 2.699666
 490.000000 2.690977
 491.000000 2.683688
 492.000000 2.677835
 493.000000 2.673517
 494.000000 2.670992
 495.000000 2.670506
 496.000000 2.672369
 497.000000 2.676798
 498.000000 2.683753
 499.000000 2.692848
 500.000000 2.703374
 501.000000 2.714418
 502.000000 2.724857
 503.000000 2.734045
 504.000000 2.741411
 505.000000 2.746608
 506.000000 2.749711
 507.000000 2.751092
 508.000000 2.751343
 509.000000 2.751135
 510.000000 2.751009
 511.000000 2.751139
 512.000000 2.751309
 513.000000 2.751090
 514.000000 2.750028
 515.000000 2.747786
 516.000000 2.744172
 517.000000 2.739267
 518.000000 2.733498
 519.000000 2.727450
 520.000000 2.721810
 521.000000 2.717228
 522.000000 2.714157
 523.000000 2.712780
 524.000000 2.712874
 525.000000 2.713938
 526.000000 2.715376
 527.000000 2.716666
 528.000000 2.717450
 529.000000 2.717591
 530.000000 2.717186
 531.000000 2.716559
 532.000000 2.716202
 533.000000 2.716715
 534.000000 2.718715
 535.000000 2.722636
 536.000000 2.728587
 537.000000 2.736237
 538.000000 2.744929
 539.000000 2.754042
 540.000000 2.762893
 541.000000 2.770679
 542.000000 2.776882
 543.000000 2.781252
 544.000000 2.783610
 545.000000 2.784063
 546.000000 2.782882
 547.000000 2.780458
 548.000000 2.777143
 549.000000 2.773123
 550.000000 2.768390
 551.000000 2.762861
 552.000000 2.756439
 553.000000 2.749224
 554.000000 2.741473
 555.000000 2.733371
 556.000000 2.725408
 557.000000 2.718020
 558.000000 2.711639
 559.000000 2.706684
 560.000000 2.703502
 561.000000 2.702226
 562.000000 2.702631
 563.000000 2.704244
 564.000000 2.706471
 565.000000 2.708791
 566.000000 2.710888
 567.000000 2.712578
 568.000000 2.713871
 569.000000 2.714977
 570.000000 2.716258
 571.000000 2.718223
 572.000000 2.721479
 573.000000 2.726560
 574.000000 2.733796
 575.000000 2.742959
 576.000000 2.753426
 577.000000 2.764182
 578.000000 2.774245
 579.000000 2.782701
 580.000000 2.788752
 581.000000 2.791974
 582.000000 2.792299
 583.000000 2.790007
 584.000000 2.785656
 585.000000 2.780043
 586.000000 2.774066
 587.000000 2.768233
 588.000000 2.762844
 589.000000 2.757871
 590.000000 2.753226
 591.000000 2.748972
 592.000000 2.745151
 593.000000 2.741880
 594.000000 2.739274
 595.000000 2.737474
 596.000000 2.736644
 597.000000 2.736972
 598.000000 2.738612
 599.000000 2.741562
 600.000000 2.745502
 601.000000 2.749853
 602.000000 2.753972
 603.000000 2.757351
 604.000000 2.759668
 605.000000 2.760827
 606.000000 2.760965
 607.000000 2.760375
 608.000000 2.759492
 609.000000 2.758841
 610.000000 2.758982
 611.000000 2.760390
 612.000000 2.763288
 613.000000 2.767521
 614.000000 2.772646
 615.000000 2.778064
 616.000000 2.783304
 617.000000 2.787906
 618.000000 2.791536
 619.000000 2.793931
 620.000000 2.794947
 621.000000 2.794556
 622.000000 2.792876
 623.000000 2.790146
 624.000000 2.786567
 625.000000 2.782157
 626.000000 2.776871
 627.000000 2.770573
 628.000000 2.763142
 629.000000 2.754710
 630.000000 2.745379
 631.000000 2.735556
 632.000000 2.725555
 633.000000 2.715747
 634.000000 2.706469
 635.000000 2.697794
 636.000000 2.689858
 637.000000 2.682768
 638.000000 2.676328
 639.000000 2.670127
 640.000000 2.663582
 641.000000 2.656202
 642.000000 2.647317
 643.000000 2.636476
 644.000000 2.623495
 645.000000 2.608333
 646.000000 2.591638
 647.000000 2.574450
 648.000000 2.558006
 649.000000 2.543408
 650.000000 2.531441
 651.000000 2.522471
 652.000000 2.516537
 653.000000 2.513389
 654.000000 2.512655
 655.000000 2.513908
 656.000000 2.516723
 657.000000 2.520748
 658.000000 2.525768
 659.000000 2.531566
 660.000000 2.538120
 661.000000 2.545563
 662.000000 2.553944
 663.000000 2.563235
 664.000000 2.572772
 665.000000 2.581991
 666.000000 2.590057
 667.000000 2.596384
 668.000000 2.600478
 669.000000 2.602194
 670.000000 2.601665
 671.000000 2.599271
 672.000000 2.595521
 673.000000 2.591151
 674.000000 2.586872
 675.000000 2.583019
 676.000000 2.579514
 677.000000 2.575886
 678.000000 2.571478
 679.000000 2.565710
 680.000000 2.558211
 681.000000 2.548803
 682.000000 2.537435
 683.000000 2.524083
 684.000000 2.509093
 685.000000 2.493294
 686.000000 2.477589
 687.000000 2.462500
 688.000000 2.448618
 689.000000 2.436142
 690.000000 2.425222
 691.000000 2.415790
 692.000000 2.407869
 693.000000 2.401560
 694.000000 2.396984
 695.000000 2.394196
 696.000000 2.393272
 697.000000 2.394239
 698.000000 2.397095
 699.000000 2.401758
 700.000000 2.408091
 701.000000 2.415885
 702.000000 2.424757
 703.000000 2.434270
 704.000000 2.443991
 705.000000 2.453593
 706.000000 2.462925
 707.000000 2.471776
 708.000000 2.479898
 709.000000 2.487319
 710.000000 2.494121
 711.000000 2.500426
 712.000000 2.506323
 713.000000 2.511969
 714.000000 2.517392
 715.000000 2.522315
 716.000000 2.526289
 717.000000 2.528935
 718.000000 2.530003
 719.000000 2.529333
 720.000000 2.526925
 721.000000 2.522929
 722.000000 2.517615
 723.000000 2.511352
 724.000000 2.504677
 725.000000 2.498146
 726.000000 2.492248
 727.000000 2.487162
 728.000000 2.482547
 729.000000 2.477787
 730.000000 2.472196
 731.000000 2.465240
 732.000000 2.456682
 733.000000 2.446662
 734.000000 2.435659
 735.000000 2.424636
 736.000000 2.414619
 737.000000 2.406691
 738.000000 2.401789
 739.000000 2.400378
 740.000000 2.402393
 741.000000 2.407394
 742.000000 2.414688
 743.000000 2.423524
 744.000000 2.433248
 745.000000 2.443180
 746.000000 2.452917
 747.000000 2.462142
 748.000000 2.470723
 749.000000 2.478801
 750.000000 2.486836
 751.000000 2.495024
 752.000000 2.503262
 753.000000 2.511097
 754.000000 2.517932
 755.000000 2.523428
 756.000000 2.527381
 757.000000 2.529778
 758.000000 2.530836
 759.000000 2.530913
 760.000000 2.530552
 761.000000 2.530427
 762.000000 2.531288
 763.000000 2.533802
 764.000000 2.538353
 765.000000 2.544907
 766.000000 2.553045
 767.000000 2.562199
 768.000000 2.571857
 769.000000 2.581368
 770.000000 2.590202
 771.000000 2.598001
 772.000000 2.604476
 773.000000 2.609737
 774.000000 2.614101
 775.000000 2.617873
 776.000000 2.621166
 777.000000 2.623806
 778.000000 2.625305
 779.000000 2.625186
 780.000000 2.623203
 781.000000 2.619380
 782.000000 2.614042
 783.000000 2.607814
 784.000000 2.601493
 785.000000 2.595829
 786.000000 2.591580
 787.000000 2.589395
 788.000000 2.589576
 789.000000 2.592081
 790.000000 2.596470
 791.000000 2.602011
 792.000000 2.607814
 793.000000 2.613106
 794.000000 2.617282
 795.000000 2.619901
 796.000000 2.620792
 797.000000 2.620077
 798.000000 2.618062
 799.000000 2.615255
 800.000000 2.612295
 801.000000 2.609694
 802.000000 2.607830
 803.000000 2.606866
 804.000000 2.606811
 805.000000 2.607597
 806.000000 2.609152
 807.000000 2.611375
 808.000000 2.614142
 809.000000 2.617323
 810.000000 2.620852
 811.000000 2.624654
 812.000000 2.628747
 813.000000 2.633129
 814.000000 2.637768
 815.000000 2.642604
 816.000000 2.647326
 817.000000 2.651559
 818.000000 2.654954
 819.000000 2.657219
 820.000000 2.658229
 821.000000 2.657942
 822.000000 2.656471
 823.000000 2.654034
 824.000000 2.650959
 825.000000 2.647652
 826.000000 2.644464
 827.000000 2.641713
 828.000000 2.639407
 829.000000 2.637348
 830.000000 2.635222
 831.000000 2.632757
 832.000000 2.629781
 833.000000 2.626164
 834.000000 2.621967
 835.000000 2.617299
 836.000000 2.612343
 837.000000 2.607337
 838.000000 2.602573
 839.000000 2.598129
 840.000000 2.593896
 841.000000 2.589642
 842.000000 2.584971
 843.000000 2.579461
 844.000000 2.572706
 845.000000 2.564384
 846.000000 2.554197
 847.000000 2.541893
 848.000000 2.527000
 849.000000 2.509253
 850.000000 2.488067
 851.000000 2.463746
 852.000000 2.436980
 853.000000 2.409085
 854.000000 2.381083
 855.000000 2.353473
 856.000000 2.326322
 857.000000 2.299691
 858.000000 2.273744
 859.000000 2.248334
 860.000000 2.223529
 861.000000 2.199329
 862.000000 2.175208
 863.000000 2.151135
 864.000000 2.126813
 865.000000 2.102227
 866.000000 2.077808
 867.000000 2.053845
 868.000000 2.031079
 869.000000 2.010100
 870.000000 1.991266
 871.000000 1.975056
 872.000000 1.961542
 873.000000 1.950624
 874.000000 1.942362
 875.000000 1.936609
 876.000000 1.933173
 877.000000 1.931666
 878.000000 1.931762
 879.000000 1.933261
 880.000000 1.936153
 881.000000 1.940571
 882.000000 1.946762
 883.000000 1.954961
 884.000000 1.965239
 885.000000 1.977746
 886.000000 1.992405
 887.000000 2.008711
 888.000000 2.026104
 889.000000 2.044124
 890.000000 2.062090
 891.000000 2.079608
 892.000000 2.096758
 893.000000 2.113402
 894.000000 2.129461
 895.000000 2.144818
 896.000000 2.159311
 897.000000 2.172761
 898.000000 2.185047
 899.000000 2.196004
 900.000000 2.205446
 901.000000 2.213325
 902.000000 2.219549
 903.000000 2.224123
 904.000000 2.227122
 905.000000 2.228722
 906.000000 2.229115
 907.000000 2.228587
 908.000000 2.227448
 909.000000 2.226014
 910.000000 2.224603
 911.000000 2.223490
 912.000000 2.222881
 913.000000 2.222923
 914.000000 2.223682
 915.000000 2.225135
 916.000000 2.227191
 917.000000 2.229787
 918.000000 2.232883
 919.000000 2.236507
 920.000000 2.240698
 921.000000 2.245498
 922.000000 2.250955
 923.000000 2.257154
 924.000000 2.264159
 925.000000 2.272042
 926.000000 2.280935
 927.000000 2.290912
 928.000000 2.302150
 929.000000 2.314552
 930.000000 2.327910
 931.000000 2.342176
 932.000000 2.357079
 933.000000 2.372593
 934.000000 2.388716
 935.000000 2.405461
 936.000000 2.422234
 937.000000 2.438436
 938.000000 2.453060
 939.000000 2.464967
 940.000000 2.473122
 941.000000 2.476949
 942.000000 2.476176
 943.000000 2.470689
 944.000000 2.460827
 945.000000 2.447185
 946.000000 2.430559
 947.000000 2.411935
 948.000000 2.392172
 949.000000 2.371945
 950.000000 2.351349
 951.000000 2.331213
 952.000000 2.312223
 953.000000 2.295154
 954.000000 2.279940
 955.000000 2.266238
 956.000000 2.253716
 957.000000 2.241921
 958.000000 2.230548
 959.000000 2.219392
 960.000000 2.208472
 961.000000 2.197649
 962.000000 2.186734
 963.000000 2.175369
 964.000000 2.163384
 965.000000 2.150873
 966.000000 2.137726
 967.000000 2.124178
 968.000000 2.110396
 969.000000 2.096696
 970.000000 2.083448
 971.000000 2.071135
 972.000000 2.060427
 973.000000 2.052008
 974.000000 2.046418
 975.000000 2.043815
 976.000000 2.044111
 977.000000 2.046958
 978.000000 2.051869
 979.000000 2.058259
 980.000000 2.065514
 981.000000 2.073050
 982.000000 2.080319
 983.000000 2.086960
 984.000000 2.092870
 985.000000 2.098010
 986.000000 2.102548
 987.000000 2.106669
 988.000000 2.110554
 989.000000 2.114342
 990.000000 2.118089
 991.000000 2.121720
 992.000000 2.125023
 993.000000 2.127634
 994.000000 2.129270
 995.000000 2.129647
 996.000000 2.128582
 997.000000 2.125978
 998.000000 2.121880
 999.000000 2.116414
 1000.000000 2.109718
 1001.000000 2.102253
 1002.000000 2.094236
 1003.000000 2.085738
 1004.000000 2.077057
 1005.000000 2.068356
 1006.000000 2.059945
 1007.000000 2.051995
 1008.000000 2.044526
 1009.000000 2.037445
 1010.000000 2.030729
 1011.000000 2.024441
 1012.000000 2.018902
 1013.000000 2.014505
 1014.000000 2.011811
 1015.000000 2.011298
 1016.000000 2.013337
 1017.000000 2.018092
 1018.000000 2.025441
 1019.000000 2.034861
 1020.000000 2.045527
 1021.000000 2.056605
 1022.000000 2.067353
 1023.000000 2.077184
 1024.000000 2.085893
 1025.000000 2.093487
 1026.000000 2.099959
 1027.000000 2.105285
 1028.000000 2.109275
 1029.000000 2.111727
 1030.000000 2.112411
 1031.000000 2.111175
 1032.000000 2.107962
 1033.000000 2.102728
 1034.000000 2.095528
 1035.000000 2.086455
 1036.000000 2.075607
 1037.000000 2.063477
 1038.000000 2.050637
 1039.000000 2.037742
 1040.000000 2.025423
 1041.000000 2.014382
 1042.000000 2.004851
 1043.000000 1.996918
 1044.000000 1.990427
 1045.000000 1.985171
 1046.000000 1.980830
 1047.000000 1.977163
 1048.000000 1.974027
 1049.000000 1.971361
 1050.000000 1.969164
 1051.000000 1.967409
 1052.000000 1.966105
 1053.000000 1.965210
 1054.000000 1.964687
 1055.000000 1.964475
 1056.000000 1.964532
 1057.000000 1.964858
 1058.000000 1.965522
 1059.000000 1.966646
 1060.000000 1.968397
 1061.000000 1.970963
 1062.000000 1.974549
 1063.000000 1.979423
 1064.000000 1.985921
 1065.000000 1.994325
 1066.000000 2.005069
 1067.000000 2.018508
 1068.000000 2.034698
 1069.000000 2.053554
 1070.000000 2.074689
 1071.000000 2.097541
 1072.000000 2.121066
 1073.000000 2.144140
 1074.000000 2.165613
 1075.000000 2.184556
 1076.000000 2.200296
 1077.000000 2.213004
 1078.000000 2.223447
 1079.000000 2.232436
 1080.000000 2.240912
 1081.000000 2.249509
 1082.000000 2.259158
 1083.000000 2.270678
 1084.000000 2.284634
 1085.000000 2.301237
 1086.000000 2.320277
 1087.000000 2.341028
 1088.000000 2.362605
 1089.000000 2.384512
 1090.000000 2.406192
 1091.000000 2.427004
 1092.000000 2.446210
 1093.000000 2.462996
 1094.000000 2.476458
 1095.000000 2.486042
 1096.000000 2.491345
 1097.000000 2.492451
 1098.000000 2.489644
 1099.000000 2.483330
 1100.000000 2.474104
 1101.000000 2.462690
 1102.000000 2.449742
 1103.000000 2.435714
 1104.000000 2.421338
 1105.000000 2.407452
 1106.000000 2.394654
 1107.000000 2.383397
 1108.000000 2.374022
 1109.000000 2.366810
 1110.000000 2.361926
 1111.000000 2.359474
 1112.000000 2.359361
 1113.000000 2.361365
 1114.000000 2.365145
 1115.000000 2.370328
 1116.000000 2.376612
 1117.000000 2.383773
 1118.000000 2.391617
 1119.000000 2.399910
 1120.000000 2.408482
 1121.000000 2.417092
 1122.000000 2.425577
 1123.000000 2.433795
 1124.000000 2.441329
 1125.000000 2.447720
 1126.000000 2.452677
 1127.000000 2.456070
 1128.000000 2.458101
 1129.000000 2.459230
 1130.000000 2.460016
 1131.000000 2.460976
 1132.000000 2.462477
 1133.000000 2.464640
 1134.000000 2.467312
 1135.000000 2.469991
 1136.000000 2.471941
 1137.000000 2.472314
 1138.000000 2.470149
 1139.000000 2.464725
 1140.000000 2.455783
 1141.000000 2.443635
 1142.000000 2.428796
 1143.000000 2.412022
 1144.000000 2.393739
 1145.000000 2.374262
 1146.000000 2.354185
 1147.000000 2.334140
 1148.000000 2.314911
 1149.000000 2.297495
 1150.000000 2.282861
 1151.000000 2.271230
 1152.000000 2.262558
 1153.000000 2.256554
 1154.000000 2.252785
 1155.000000 2.250813
 1156.000000 2.250223
 1157.000000 2.250667
 1158.000000 2.251897
 1159.000000 2.253747
 1160.000000 2.256167
 1161.000000 2.259178
 1162.000000 2.262976
 1163.000000 2.267884
 1164.000000 2.274225
 1165.000000 2.282357
 1166.000000 2.292637
 1167.000000 2.305268
 1168.000000 2.320180
 1169.000000 2.336788
 1170.000000 2.354614
 1171.000000 2.372892
 1172.000000 2.391422
 1173.000000 2.410072
 1174.000000 2.428649
 1175.000000 2.446718
 1176.000000 2.463779
 1177.000000 2.478531
 1178.000000 2.489963
 1179.000000 2.497365
 1180.000000 2.500567
 1181.000000 2.499547
 1182.000000 2.494393
 1183.000000 2.485284
 1184.000000 2.472449
 1185.000000 2.456518
 1186.000000 2.438264
 1187.000000 2.418307
 1188.000000 2.397053
 1189.000000 2.374329
 1190.000000 2.350311
 1191.000000 2.326077
 1192.000000 2.303239
 1193.000000 2.283450
 1194.000000 2.267162
 1195.000000 2.253858
 1196.000000 2.242723
 1197.000000 2.232730
 1198.000000 2.222875
 1199.000000 2.212307
 1200.000000 2.200170
 1201.000000 2.185793
 1202.000000 2.168704
 1203.000000 2.149250
 1204.000000 2.128109
 1205.000000 2.106147
 1206.000000 2.084064
 1207.000000 2.061889
 1208.000000 2.039689
 1209.000000 2.017515
 1210.000000 1.995516
 1211.000000 1.973634
 1212.000000 1.952330
 1213.000000 1.931618
 1214.000000 1.911698
 1215.000000 1.892650
 1216.000000 1.874662
 1217.000000 1.857981
 1218.000000 1.842889
 1219.000000 1.829552
 1220.000000 1.818239
 1221.000000 1.808996
 1222.000000 1.801660
 1223.000000 1.796253
 1224.000000 1.792572
 1225.000000 1.790417
 1226.000000 1.789509
 1227.000000 1.789424
 1228.000000 1.789631
 1229.000000 1.789617
 1230.000000 1.789048
 1231.000000 1.787861
 1232.000000 1.786210
 1233.000000 1.784359
 1234.000000 1.782601
 1235.000000 1.781149
 1236.000000 1.780062
 1237.000000 1.779311
 1238.000000 1.778751
 1239.000000 1.778215
 1240.000000 1.777581
 1241.000000 1.776836
 1242.000000 1.776131
 1243.000000 1.775802
 1244.000000 1.776306
 1245.000000 1.778093
 1246.000000 1.781533
 1247.000000 1.786848
 1248.000000 1.794123
 1249.000000 1.803364
 1250.000000 1.814270
 1251.000000 1.826586
 1252.000000 1.839679
 1253.000000 1.852759
 1254.000000 1.865223
 1255.000000 1.876491
 1256.000000 1.886421
 1257.000000 1.894865
 1258.000000 1.901906
 1259.000000 1.907886
 1260.000000 1.913010
 1261.000000 1.917577
 1262.000000 1.921938
 1263.000000 1.926302
 1264.000000 1.930825
 1265.000000 1.935534
 1266.000000 1.940222
 1267.000000 1.944703
 1268.000000 1.948725
 1269.000000 1.952149
 1270.000000 1.954949
 1271.000000 1.957128
 1272.000000 1.958653
 1273.000000 1.959456
 1274.000000 1.959422
 1275.000000 1.958382
 1276.000000 1.956151
 1277.000000 1.952528
 1278.000000 1.947267
 1279.000000 1.940198
 1280.000000 1.931090
 1281.000000 1.919988
 1282.000000 1.906826
 1283.000000 1.891873
 1284.000000 1.875548
 1285.000000 1.858943
 1286.000000 1.843436
 1287.000000 1.830141
 1288.000000 1.819442
 1289.000000 1.811315
 1290.000000 1.805490
 1291.000000 1.801425
 1292.000000 1.798490
 1293.000000 1.796192
 1294.000000 1.794295
 1295.000000 1.792825
 1296.000000 1.791983
 1297.000000 1.792025
 1298.000000 1.793263
 1299.000000 1.796015
 1300.000000 1.800509
 1301.000000 1.806753
 1302.000000 1.814584
 1303.000000 1.823498
 1304.000000 1.832788
 1305.000000 1.841728
 1306.000000 1.849722
 1307.000000 1.856419
 1308.000000 1.861903
 1309.000000 1.866287
 1310.000000 1.869550
 1311.000000 1.871574
 1312.000000 1.872234
 1313.000000 1.871339
 1314.000000 1.868753
 1315.000000 1.864405
 1316.000000 1.858279
 1317.000000 1.850465
 1318.000000 1.841014
 1319.000000 1.830300
 1320.000000 1.818958
 1321.000000 1.807335
 1322.000000 1.795318
 1323.000000 1.782802
 1324.000000 1.769626
 1325.000000 1.755712
 1326.000000 1.740715
 1327.000000 1.724381
 1328.000000 1.706601
 1329.000000 1.687523
 1330.000000 1.667083
 1331.000000 1.645245
 1332.000000 1.622149
 1333.000000 1.598610
 1334.000000 1.575219
 1335.000000 1.552595
 1336.000000 1.531614
 1337.000000 1.513084
 1338.000000 1.497510
 1339.000000 1.485248
 1340.000000 1.476404
 1341.000000 1.470706
 1342.000000 1.467779
 1343.000000 1.467119
 1344.000000 1.468369
 1345.000000 1.471362
 1346.000000 1.475964
 1347.000000 1.481995
 1348.000000 1.489288
 1349.000000 1.497619
 1350.000000 1.506767
 1351.000000 1.516511
 1352.000000 1.526670
 1353.000000 1.536962
 1354.000000 1.546953
 1355.000000 1.556311
 1356.000000 1.564638
 1357.000000 1.571957
 1358.000000 1.578469
 1359.000000 1.584336
 1360.000000 1.589677
 1361.000000 1.594427
 1362.000000 1.598544
 1363.000000 1.601806
 1364.000000 1.603959
 1365.000000 1.604571
 1366.000000 1.603189
 1367.000000 1.599388
 1368.000000 1.592891
 1369.000000 1.583552
 1370.000000 1.571540
 1371.000000 1.557070
 1372.000000 1.540485
 1373.000000 1.522363
 1374.000000 1.503724
 1375.000000 1.485622
 1376.000000 1.468938
 1377.000000 1.454252
 1378.000000 1.442099
 1379.000000 1.432695
 1380.000000 1.426282
 1381.000000 1.422973
 1382.000000 1.422928
 1383.000000 1.426277
 1384.000000 1.432877
 1385.000000 1.442303
 1386.000000 1.454051
 1387.000000 1.467465
 1388.000000 1.481865
 1389.000000 1.496692
 1390.000000 1.511686
 1391.000000 1.526180
 1392.000000 1.540089
 1393.000000 1.553286
 1394.000000 1.566065
 1395.000000 1.579193
 1396.000000 1.593603
 1397.000000 1.610093
 1398.000000 1.629470
 1399.000000 1.652000
 1400.000000 1.677359
 1401.000000 1.704228
 1402.000000 1.731487
 1403.000000 1.758134
 1404.000000 1.783386
 1405.000000 1.806822
 1406.000000 1.828972
 1407.000000 1.849798
 1408.000000 1.869059
 1409.000000 1.886045
 1410.000000 1.900394
 1411.000000 1.912044
 1412.000000 1.921027
 1413.000000 1.927633
 1414.000000 1.932078
 1415.000000 1.934497
 1416.000000 1.935002
 1417.000000 1.933616
 1418.000000 1.930362
 1419.000000 1.925279
 1420.000000 1.918443
 1421.000000 1.909868
 1422.000000 1.899552
 1423.000000 1.887614
 1424.000000 1.874478
 1425.000000 1.860717
 1426.000000 1.846837
 1427.000000 1.833258
 1428.000000 1.820257
 1429.000000 1.807584
 1430.000000 1.794943
 1431.000000 1.782002
 1432.000000 1.768512
 1433.000000 1.754568
 1434.000000 1.740586
 1435.000000 1.727255
 1436.000000 1.715057
 1437.000000 1.704367
 1438.000000 1.695455
 1439.000000 1.688445
 1440.000000 1.683128
 1441.000000 1.679123
 1442.000000 1.675969
 1443.000000 1.673245
 1444.000000 1.670668
 1445.000000 1.668306
 1446.000000 1.666427
 1447.000000 1.665321
 1448.000000 1.665197
 1449.000000 1.666147
 1450.000000 1.668192
 1451.000000 1.671267
 1452.000000 1.675213
 1453.000000 1.679894
 1454.000000 1.685084
 1455.000000 1.690465
 1456.000000 1.695782
 1457.000000 1.700846
 1458.000000 1.705626
 1459.000000 1.710177
 1460.000000 1.714499
 1461.000000 1.718705
 1462.000000 1.722906
 1463.000000 1.727253
 1464.000000 1.731826
 1465.000000 1.736642
 1466.000000 1.741761
 1467.000000 1.747112
 1468.000000 1.752691
 1469.000000 1.758495
 1470.000000 1.764470
 1471.000000 1.770676
 1472.000000 1.777086
 1473.000000 1.783685
 1474.000000 1.790538
 1475.000000 1.797725
 1476.000000 1.805412
 1477.000000 1.813603
 1478.000000 1.822412
 1479.000000 1.831775
 1480.000000 1.841364
 1481.000000 1.851008
 1482.000000 1.860367
 1483.000000 1.869338
 1484.000000 1.877751
 1485.000000 1.885678
 1486.000000 1.893138
 1487.000000 1.900245
 1488.000000 1.907265
 1489.000000 1.914383
 1490.000000 1.921840
 1491.000000 1.929865
 1492.000000 1.938686
 1493.000000 1.948544
 1494.000000 1.959624
 1495.000000 1.971848
 1496.000000 1.985124
 1497.000000 1.999503
 1498.000000 2.015077
 1499.000000 2.031494
 1500.000000 2.048213
 1501.000000 2.064771
 1502.000000 2.080306
 1503.000000 2.093867
 1504.000000 2.104828
 1505.000000 2.112612
 1506.000000 2.116807
 1507.000000 2.117123
 1508.000000 2.113658
 1509.000000 2.106887
 1510.000000 2.097688
 1511.000000 2.086925
 1512.000000 2.075344
 1513.000000 2.063569
 1514.000000 2.051889
 1515.000000 2.040358
 1516.000000 2.029186
 1517.000000 2.018197
 1518.000000 2.007317
 1519.000000 1.996149
 1520.000000 1.984556
 1521.000000 1.972598
 1522.000000 1.960173
 1523.000000 1.947226
 1524.000000 1.933554
 1525.000000 1.919169
 1526.000000 1.904197
 1527.000000 1.888942
 1528.000000 1.873780
 1529.000000 1.858881
 1530.000000 1.844827
 1531.000000 1.831624
 1532.000000 1.819108
 1533.000000 1.806955
 1534.000000 1.795258
 1535.000000 1.784171
 1536.000000 1.773915
 1537.000000 1.764704
 1538.000000 1.756821
 1539.000000 1.750478
 1540.000000 1.745728
 1541.000000 1.742495
 1542.000000 1.740517
 1543.000000 1.739390
 1544.000000 1.738651
 1545.000000 1.737862
 1546.000000 1.736712
 1547.000000 1.735129
 1548.000000 1.733241
 1549.000000 1.731307
 1550.000000 1.729697
 1551.000000 1.728748
 1552.000000 1.728751
 1553.000000 1.729886
 1554.000000 1.732166
 1555.000000 1.735466
 1556.000000 1.739512
 1557.000000 1.743885
 1558.000000 1.748209
 1559.000000 1.752223
 1560.000000 1.755827
 1561.000000 1.759038
 1562.000000 1.762009
 1563.000000 1.764819
 1564.000000 1.767545
 1565.000000 1.770186
 1566.000000 1.772720
 1567.000000 1.775071
 1568.000000 1.777179
 1569.000000 1.778932
 1570.000000 1.780300
 1571.000000 1.781393
 1572.000000 1.782464
 1573.000000 1.783863
 1574.000000 1.785985
 1575.000000 1.789185
 1576.000000 1.793837
 1577.000000 1.800210
 1578.000000 1.808435
 1579.000000 1.818617
 1580.000000 1.830571
 1581.000000 1.844152
 1582.000000 1.858743
 1583.000000 1.873703
 1584.000000 1.888342
 1585.000000 1.902045
 1586.000000 1.914627
 1587.000000 1.926048
 1588.000000 1.936407
 1589.000000 1.946075
 1590.000000 1.955338
 1591.000000 1.964451
 1592.000000 1.973543
 1593.000000 1.982750
 1594.000000 1.992203
 1595.000000 2.001998
 1596.000000 2.012227
 1597.000000 2.022944
 1598.000000 2.034164
 1599.000000 2.045954
 1600.000000 2.058213
 1601.000000 2.070814
 1602.000000 2.083659
 1603.000000 2.096642
 1604.000000 2.109377
 1605.000000 2.121433
 1606.000000 2.132231
 1607.000000 2.141038
 1608.000000 2.147255
 1609.000000 2.150653
 1610.000000 2.151284
 1611.000000 2.149311
 1612.000000 2.145021
 1613.000000 2.138783
 1614.000000 2.131059
 1615.000000 2.122495
 1616.000000 2.113566
 1617.000000 2.104777
 1618.000000 2.096565
 1619.000000 2.089183
 1620.000000 2.082783
 1621.000000 2.077565
 1622.000000 2.073859
 1623.000000 2.072166
 1624.000000 2.072933
 1625.000000 2.076477
 1626.000000 2.082938
 1627.000000 2.092189
 1628.000000 2.103986
 1629.000000 2.117647
 1630.000000 2.132384
 1631.000000 2.147023
 1632.000000 2.160391
 1633.000000 2.171456
 1634.000000 2.179601
 1635.000000 2.184532
 1636.000000 2.186288
 1637.000000 2.185017
 1638.000000 2.180856
 1639.000000 2.174018
 1640.000000 2.164735
 1641.000000 2.153403
 1642.000000 2.140609
 1643.000000 2.127068
 1644.000000 2.113425
 1645.000000 2.100244
 1646.000000 2.088008
 1647.000000 2.077021
 1648.000000 2.067434
 1649.000000 2.059247
 1650.000000 2.052309
 1651.000000 2.046353
 1652.000000 2.040986
 1653.000000 2.035858
 1654.000000 2.030567
 1655.000000 2.024798
 1656.000000 2.018309
 1657.000000 2.010947
 1658.000000 2.002681
 1659.000000 1.993652
 1660.000000 1.984023
 1661.000000 1.974042
 1662.000000 1.963988
 1663.000000 1.953903
 1664.000000 1.943781
 1665.000000 1.933608
 1666.000000 1.923338
 1667.000000 1.912997
 1668.000000 1.902638
 1669.000000 1.892480
 1670.000000 1.882660
 1671.000000 1.873344
 1672.000000 1.864700
 1673.000000 1.856974
 1674.000000 1.850316
 1675.000000 1.844904
 1676.000000 1.840820
 1677.000000 1.838062
 1678.000000 1.836610
 1679.000000 1.836359
 1680.000000 1.837148
 1681.000000 1.838788
 1682.000000 1.841106
 1683.000000 1.843919
 1684.000000 1.847111
 1685.000000 1.850680
 1686.000000 1.854695
 1687.000000 1.859381
 1688.000000 1.864984
 1689.000000 1.871765
 1690.000000 1.879742
 1691.000000 1.888920
 1692.000000 1.899020
 1693.000000 1.909695
 1694.000000 1.920668
 1695.000000 1.931664
 1696.000000 1.942269
 1697.000000 1.952195
 1698.000000 1.961386
 1699.000000 1.969829
 1700.000000 1.977581
 1701.000000 1.984603
 1702.000000 1.990867
 1703.000000 1.996403
 1704.000000 2.001254
 1705.000000 2.005578
 1706.000000 2.009507
 1707.000000 2.013167
 1708.000000 2.016706
 1709.000000 2.020265
 1710.000000 2.023994
 1711.000000 2.028047
 1712.000000 2.032740
 1713.000000 2.038380
 1714.000000 2.045316
 1715.000000 2.053787
 1716.000000 2.063777
 1717.000000 2.075178
 1718.000000 2.087682
 1719.000000 2.100606
 1720.000000 2.112918
 1721.000000 2.123700
 1722.000000 2.132135
 1723.000000 2.137560
 1724.000000 2.139645
 1725.000000 2.138463
 1726.000000 2.134536
 1727.000000 2.128693
 1728.000000 2.121793
 1729.000000 2.114543
 1730.000000 2.107547
 1731.000000 2.101353
 1732.000000 2.096108
 1733.000000 2.091768
 1734.000000 2.088061
 1735.000000 2.084561
 1736.000000 2.080851
 1737.000000 2.076749
 1738.000000 2.072282
 1739.000000 2.067670
 1740.000000 2.063210
 1741.000000 2.059123
 1742.000000 2.055469
 1743.000000 2.052289
 1744.000000 2.049440
 1745.000000 2.046680
 1746.000000 2.043720
 1747.000000 2.040218
 1748.000000 2.035900
 1749.000000 2.030670
 1750.000000 2.024682
 1751.000000 2.018139
 1752.000000 2.011677
 1753.000000 2.005672
 1754.000000 2.000360
 1755.000000 1.995982
 1756.000000 1.992645
 1757.000000 1.990250
 1758.000000 1.988614
 1759.000000 1.987459
 1760.000000 1.986477
 1761.000000 1.985410
 1762.000000 1.984057
 1763.000000 1.982287
 1764.000000 1.980003
 1765.000000 1.977185
 1766.000000 1.973803
 1767.000000 1.969835
 1768.000000 1.965245
 1769.000000 1.960233
 1770.000000 1.954970
 1771.000000 1.949578
 1772.000000 1.944170
 1773.000000 1.938765
 1774.000000 1.933272
 1775.000000 1.927506
 1776.000000 1.921357
 1777.000000 1.914932
 1778.000000 1.908373
 1779.000000 1.901874
 1780.000000 1.895805
 1781.000000 1.890589
 1782.000000 1.886562
 1783.000000 1.883887
 1784.000000 1.882625
 1785.000000 1.882676
 1786.000000 1.883818
 1787.000000 1.885810
 1788.000000 1.888525
 1789.000000 1.891992
 1790.000000 1.896359
 1791.000000 1.901741
 1792.000000 1.908087
 1793.000000 1.915246
 1794.000000 1.923185
 1795.000000 1.931733
 1796.000000 1.940600
 1797.000000 1.949574
 1798.000000 1.958797
 1799.000000 1.968383
 1800.000000 1.978523
 1801.000000 1.989609
 1802.000000 2.002340
 1803.000000 2.017235
 1804.000000 2.034715
 1805.000000 2.054396
 1806.000000 2.075665
 1807.000000 2.097680
 1808.000000 2.119428
 1809.000000 2.140157
 1810.000000 2.158910
 1811.000000 2.175094
 1812.000000 2.188302
 1813.000000 2.198597
 1814.000000 2.206395
 1815.000000 2.212131
 1816.000000 2.216299
 1817.000000 2.219254
 1818.000000 2.221310
 1819.000000 2.222677
 1820.000000 2.223523
 1821.000000 2.224013
 1822.000000 2.224310
 1823.000000 2.224566
 1824.000000 2.224905
 1825.000000 2.225397
 1826.000000 2.226023
 1827.000000 2.226695
 1828.000000 2.227316
 1829.000000 2.227810
 1830.000000 2.228116
 1831.000000 2.228190
 1832.000000 2.227992
 1833.000000 2.227451
 1834.000000 2.226446
 1835.000000 2.224804
 1836.000000 2.222289
 1837.000000 2.218636
 1838.000000 2.213524
 1839.000000 2.206772
 1840.000000 2.198256
 1841.000000 2.188109
 1842.000000 2.176525
 1843.000000 2.163990
 1844.000000 2.150839
 1845.000000 2.137935
 1846.000000 2.125987
 1847.000000 2.115549
 1848.000000 2.106656
 1849.000000 2.099291
 1850.000000 2.093248
 1851.000000 2.088189
 1852.000000 2.083850
 1853.000000 2.080210
 1854.000000 2.077471
 1855.000000 2.075813
 1856.000000 2.075240
 1857.000000 2.075553
 1858.000000 2.076476
 1859.000000 2.077737
 1860.000000 2.079157
 1861.000000 2.080651
 1862.000000 2.082159
 1863.000000 2.083618
 1864.000000 2.084942
 1865.000000 2.086145
 1866.000000 2.087434
 1867.000000 2.089118
 1868.000000 2.091475
 1869.000000 2.094542
 1870.000000 2.098129
 1871.000000 2.101847
 1872.000000 2.105186
 1873.000000 2.107603
 1874.000000 2.108527
 1875.000000 2.107489
 1876.000000 2.104193
 1877.000000 2.098495
 1878.000000 2.090550
 1879.000000 2.080831
 1880.000000 2.069836
 1881.000000 2.058191
 1882.000000 2.046335
 1883.000000 2.034569
 1884.000000 2.023337
 1885.000000 2.012826
 1886.000000 2.003235
 1887.000000 1.994578
 1888.000000 1.986742
 1889.000000 1.979395
 1890.000000 1.972348
 1891.000000 1.965242
 1892.000000 1.957603
 1893.000000 1.949006
 1894.000000 1.939197
 1895.000000 1.927986
 1896.000000 1.915477
 1897.000000 1.902078
 1898.000000 1.888817
 1899.000000 1.876899
 1900.000000 1.867169
 1901.000000 1.860083
 1902.000000 1.855758
 1903.000000 1.854020
 1904.000000 1.854622
 1905.000000 1.857425
 1906.000000 1.862520
 1907.000000 1.870013
 1908.000000 1.879911
 1909.000000 1.891967
 1910.000000 1.905651
 1911.000000 1.920436
 1912.000000 1.935604
 1913.000000 1.950541
 1914.000000 1.965517
 1915.000000 1.980681
 1916.000000 1.996048
 1917.000000 2.011444
 1918.000000 2.026933
 1919.000000 2.042498
 1920.000000 2.057824
 1921.000000 2.072790
 1922.000000 2.087619
 1923.000000 2.102425
 1924.000000 2.117312
 1925.000000 2.131869
 1926.000000 2.145695
 1927.000000 2.158237
 1928.000000 2.169045
 1929.000000 2.178061
 1930.000000 2.185362
 1931.000000 2.191122
 1932.000000 2.195509
 1933.000000 2.198704
 1934.000000 2.200742
 1935.000000 2.201634
 1936.000000 2.201358
 1937.000000 2.199901
 1938.000000 2.197270
 1939.000000 2.193529
 1940.000000 2.188807
 1941.000000 2.183249
 1942.000000 2.177130
 1943.000000 2.170762
 1944.000000 2.164416
 1945.000000 2.158247
 1946.000000 2.152411
 1947.000000 2.147029
 1948.000000 2.142174
 1949.000000 2.137949
 1950.000000 2.134336
 1951.000000 2.131193
 1952.000000 2.128339
 1953.000000 2.125614
 1954.000000 2.122781
 1955.000000 2.119629
 1956.000000 2.116109
 1957.000000 2.112336
 1958.000000 2.108660
 1959.000000 2.105569
 1960.000000 2.103591
 1961.000000 2.103163
 1962.000000 2.104592
 1963.000000 2.108001
 1964.000000 2.113315
 1965.000000 2.120133
 1966.000000 2.127913
 1967.000000 2.135925
 1968.000000 2.143453
 1969.000000 2.149834
 1970.000000 2.154642
 1971.000000 2.157806
 1972.000000 2.159379
 1973.000000 2.159552
 1974.000000 2.158550
 1975.000000 2.156606
 1976.000000 2.153922
 1977.000000 2.150687
 1978.000000 2.147051
 1979.000000 2.143174
 1980.000000 2.139253
 1981.000000 2.135485
 1982.000000 2.132043
 1983.000000 2.129044
 1984.000000 2.126622
 1985.000000 2.124867
 1986.000000 2.123919
 1987.000000 2.123958
 1988.000000 2.125214
 1989.000000 2.127949
 1990.000000 2.132377
 1991.000000 2.138655
 1992.000000 2.146582
 1993.000000 2.156031
 1994.000000 2.166474
 1995.000000 2.177266
 1996.000000 2.187881
 1997.000000 2.198025
 1998.000000 2.207597
 1999.000000 2.216727
 2000.000000 2.225823
 2001.000000 2.235671
 2002.000000 2.247495
 2003.000000 2.262643
 2004.000000 2.282172
 2005.000000 2.306268
 2006.000000 2.333929
 2007.000000 2.362897
 2008.000000 2.391179
 2009.000000 2.417714
 2010.000000 2.441911
 2011.000000 2.463573
 2012.000000 2.481735
 2013.000000 2.495883
 2014.000000 2.505509
 2015.000000 2.510593
 2016.000000 2.511228
 2017.000000 2.507655
 2018.000000 2.500191
 2019.000000 2.489160
 2020.000000 2.475352
 2021.000000 2.459598
 2022.000000 2.442868
 2023.000000 2.425803
 2024.000000 2.408714
 2025.000000 2.391578
 2026.000000 2.374114
 2027.000000 2.356515
 2028.000000 2.338980
 2029.000000 2.322446
 2030.000000 2.308305
 2031.000000 2.297610
 2032.000000 2.291177
 2033.000000 2.289696
 2034.000000 2.293498
 2035.000000 2.302643
 2036.000000 2.316787
 2037.000000 2.334832
 2038.000000 2.355213
 2039.000000 2.376588
 2040.000000 2.398329
 2041.000000 2.420756
 2042.000000 2.444484
 2043.000000 2.469158
 2044.000000 2.494104
 2045.000000 2.518253
 2046.000000 2.541303
 2047.000000 2.563719
 2048.000000 2.585557
 2049.000000 2.606860
 2050.000000 2.627168
 2051.000000 2.646021
 2052.000000 2.663256
 2053.000000 2.678410
 2054.000000 2.691876
 2055.000000 2.703967
 2056.000000 2.715147
 2057.000000 2.725861
 2058.000000 2.736406
 2059.000000 2.746993
 2060.000000 2.757610
 2061.000000 2.767892
 2062.000000 2.777437
 2063.000000 2.785837
 2064.000000 2.792782
 2065.000000 2.797885
 2066.000000 2.801033
 2067.000000 2.802293
 2068.000000 2.801794
 2069.000000 2.799780
 2070.000000 2.796550
 2071.000000 2.792404
 2072.000000 2.787677
 2073.000000 2.782537
 2074.000000 2.777066
 2075.000000 2.771310
 2076.000000 2.765471
 2077.000000 2.759793
 2078.000000 2.754530
 2079.000000 2.750061
 2080.000000 2.746770
 2081.000000 2.745064
 2082.000000 2.745350
 2083.000000 2.748028
 2084.000000 2.753469
 2085.000000 2.761904
 2086.000000 2.773336
 2087.000000 2.787471
 2088.000000 2.803649
 2089.000000 2.820991
 2090.000000 2.838886
 2091.000000 2.857379
 2092.000000 2.876201
 2093.000000 2.895260
 2094.000000 2.914307
 2095.000000 2.933383
 2096.000000 2.952531
 2097.000000 2.971671
 2098.000000 2.991366
 2099.000000 3.012204
 2100.000000 3.033027
 2101.000000 3.051500
 2102.000000 3.065279
 2103.000000 3.072189
 2104.000000 3.071191
 2105.000000 3.062460
 2106.000000 3.047492
 2107.000000 3.028333
 2108.000000 3.007561
 2109.000000 2.987307
 2110.000000 2.968008
 2111.000000 2.948756
 2112.000000 2.929069
 2113.000000 2.909183
 2114.000000 2.889564
 2115.000000 2.870988
 2116.000000 2.853480
 2117.000000 2.837147
 2118.000000 2.821933
 2119.000000 2.807748
 2120.000000 2.794815
 2121.000000 2.783133
 2122.000000 2.772336
 2123.000000 2.762293
 2124.000000 2.752863
 2125.000000 2.744066
 2126.000000 2.736231
 2127.000000 2.729556
 2128.000000 2.724167
 2129.000000 2.720094
 2130.000000 2.717149
 2131.000000 2.715095
 2132.000000 2.713601
 2133.000000 2.712305
 2134.000000 2.710908
 2135.000000 2.709268
 2136.000000 2.707473
 2137.000000 2.705845
 2138.000000 2.704876
 2139.000000 2.705057
 2140.000000 2.706778
 2141.000000 2.710293
 2142.000000 2.715704
 2143.000000 2.722904
 2144.000000 2.731778
 2145.000000 2.742078
 2146.000000 2.753447
 2147.000000 2.765664
 2148.000000 2.778492
 2149.000000 2.791462
 2150.000000 2.804231
 2151.000000 2.816351
 2152.000000 2.827457
 2153.000000 2.837115
 2154.000000 2.845212
 2155.000000 2.851633
 2156.000000 2.856422
 2157.000000 2.860002
 2158.000000 2.862902
 2159.000000 2.865870
 2160.000000 2.869776
 2161.000000 2.875439
 2162.000000 2.883560
 2163.000000 2.894495
 2164.000000 2.907978
 2165.000000 2.923446
 2166.000000 2.939971
 2167.000000 2.956786
 2168.000000 2.973242
 2169.000000 2.989221
 2170.000000 3.004929
 2171.000000 3.020401
 2172.000000 3.034039
 2173.000000 3.044629
 2174.000000 3.051123
 2175.000000 3.053043
 2176.000000 3.050433
 2177.000000 3.043818
 2178.000000 3.034188
 2179.000000 3.022794
 2180.000000 3.011224
 2181.000000 3.000900
 2182.000000 2.992763
 2183.000000 2.986905
 2184.000000 2.983154
 2185.000000 2.981395
 2186.000000 2.981683
 2187.000000 2.984118
 2188.000000 2.988701
 2189.000000 2.995276
 2190.000000 3.003559
 2191.000000 3.012946
 2192.000000 3.021906
 2193.000000 3.029267
 2194.000000 3.034219
 2195.000000 3.036436
 2196.000000 3.036110
 2197.000000 3.033921
 2198.000000 3.030909
 2199.000000 3.028164
 2200.000000 3.026609
 2201.000000 3.026737
 2202.000000 3.028369
 2203.000000 3.030756
 2204.000000 3.032924
 2205.000000 3.033917
 2206.000000 3.033015
 2207.000000 3.029857
 2208.000000 3.024455
 2209.000000 3.017232
 2210.000000 3.009059
 2211.000000 3.001190
 2212.000000 2.994729
 2213.000000 2.990168
 2214.000000 2.987736
 2215.000000 2.987497
 2216.000000 2.989271
 2217.000000 2.992774
 2218.000000 2.997793
 2219.000000 3.004184
 2220.000000 3.011458
 2221.000000 3.018790
 2222.000000 3.025520
 2223.000000 3.031193
 2224.000000 3.035647
 2225.000000 3.038839
 2226.000000 3.040791
 2227.000000 3.041533
 2228.000000 3.041080
 2229.000000 3.039472
 2230.000000 3.036862
 2231.000000 3.033472
 2232.000000 3.029613
 2233.000000 3.025474
 2234.000000 3.021202
 2235.000000 3.016834
 2236.000000 3.012354
 2237.000000 3.007721
 2238.000000 3.002925
 2239.000000 2.997940
 2240.000000 2.992419
 2241.000000 2.985798
 2242.000000 2.977394
 2243.000000 2.966778
 2244.000000 2.953999
 2245.000000 2.939417
 2246.000000 2.924130
 2247.000000 2.909498
 2248.000000 2.896771
 2249.000000 2.886718
 2250.000000 2.879946
 2251.000000 2.876576
 2252.000000 2.876294
 2253.000000 2.878428
 2254.000000 2.881998
 2255.000000 2.885836
 2256.000000 2.888763
 2257.000000 2.889755
 2258.000000 2.888052
 2259.000000 2.883313
 2260.000000 2.875678
 2261.000000 2.865561
 2262.000000 2.853658
 2263.000000 2.840845
 2264.000000 2.828076
 2265.000000 2.816244
 2266.000000 2.805848
 2267.000000 2.797276
 2268.000000 2.790719
 2269.000000 2.786127
 2270.000000 2.783274
 2271.000000 2.781913
 2272.000000 2.781743
 2273.000000 2.782485
 2274.000000 2.783880
 2275.000000 2.785739
 2276.000000 2.787971
 2277.000000 2.790652
 2278.000000 2.793899
 2279.000000 2.797856
 2280.000000 2.802645
 2281.000000 2.808387
 2282.000000 2.815322
 2283.000000 2.823850
 2284.000000 2.834270
 2285.000000 2.846735
 2286.000000 2.861433
 2287.000000 2.878343
 2288.000000 2.897157
 2289.000000 2.917149
 2290.000000 2.937794
 2291.000000 2.957899
 2292.000000 2.976772
 2293.000000 2.994587
 2294.000000 3.011797
 2295.000000 3.027772
 2296.000000 3.041153
 2297.000000 3.051018
 2298.000000 3.056569
 2299.000000 3.057565
 2300.000000 3.054704
 2301.000000 3.049330
 2302.000000 3.042947
 2303.000000 3.036968
 2304.000000 3.032068
 2305.000000 3.028280
 2306.000000 3.025086
 2307.000000 3.021778
 2308.000000 3.017826
 2309.000000 3.012827
 2310.000000 3.006726
 2311.000000 2.999703
 2312.000000 2.992048
 2313.000000 2.983675
 2314.000000 2.974382
 2315.000000 2.964194
 2316.000000 2.953399
 2317.000000 2.942208
 2318.000000 2.931008
 2319.000000 2.919890
 2320.000000 2.909006
 2321.000000 2.898535
 2322.000000 2.888359
 2323.000000 2.878283
 2324.000000 2.868333
 2325.000000 2.858417
 2326.000000 2.848571
 2327.000000 2.839146
 2328.000000 2.830679
 2329.000000 2.823689
 2330.000000 2.818570
 2331.000000 2.815388
 2332.000000 2.814066
 2333.000000 2.814401
 2334.000000 2.816160
 2335.000000 2.819109
 2336.000000 2.823006
 2337.000000 2.827694
 2338.000000 2.833015
 2339.000000 2.838850
 2340.000000 2.845203
 2341.000000 2.851953
 2342.000000 2.858992
 2343.000000 2.865997
 2344.000000 2.872544
 2345.000000 2.878078
 2346.000000 2.882182
 2347.000000 2.884632
 2348.000000 2.885469
 2349.000000 2.884904
 2350.000000 2.883309
 2351.000000 2.881145
 2352.000000 2.878900
 2353.000000 2.877048
 2354.000000 2.875918
 2355.000000 2.875618
 2356.000000 2.875948
 2357.000000 2.876436
 2358.000000 2.876499
 2359.000000 2.875525
 2360.000000 2.872938
 2361.000000 2.868238
 2362.000000 2.860995
 2363.000000 2.850914
 2364.000000 2.838045
 2365.000000 2.822587
 2366.000000 2.805166
 2367.000000 2.786382
 2368.000000 2.766984
 2369.000000 2.747510
 2370.000000 2.728210
 2371.000000 2.709046
 2372.000000 2.689939
 2373.000000 2.670796
 2374.000000 2.651793
 2375.000000 2.633190
 2376.000000 2.615233
 2377.000000 2.598338
 2378.000000 2.582880
 2379.000000 2.568935
 2380.000000 2.556113
 2381.000000 2.543678
 2382.000000 2.530839
 2383.000000 2.516888
 2384.000000 2.501258
 2385.000000 2.484049
 2386.000000 2.465776
 2387.000000 2.447747
 2388.000000 2.430847
 2389.000000 2.415484
 2390.000000 2.401946
 2391.000000 2.390158
 2392.000000 2.380082
 2393.000000 2.371409
 2394.000000 2.364110
 2395.000000 2.358128
 2396.000000 2.353284
 2397.000000 2.349374
 2398.000000 2.346071
 2399.000000 2.343129
 2400.000000 2.340332
 2401.000000 2.337563
 2402.000000 2.334808
 2403.000000 2.332146
 2404.000000 2.329779
 2405.000000 2.327970
 2406.000000 2.326985
 2407.000000 2.326933
 2408.000000 2.327793
 2409.000000 2.329436
 2410.000000 2.331650
 2411.000000 2.334191
 2412.000000 2.336796
 2413.000000 2.339283
 2414.000000 2.341547
 2415.000000 2.343623
 2416.000000 2.345609
 2417.000000 2.347717
 2418.000000 2.350126
 2419.000000 2.352893
 2420.000000 2.355855
 2421.000000 2.358751
 2422.000000 2.361228
 2423.000000 2.362912
 2424.000000 2.363505
 2425.000000 2.362779
 2426.000000 2.360617
 2427.000000 2.356952
 2428.000000 2.351845
 2429.000000 2.345560
 2430.000000 2.338408
 2431.000000 2.330908
 2432.000000 2.323401
 2433.000000 2.316408
 2434.000000 2.310400
 2435.000000 2.305997
 2436.000000 2.303766
 2437.000000 2.304101
 2438.000000 2.307234
 2439.000000 2.313113
 2440.000000 2.321336
 2441.000000 2.331220
 2442.000000 2.341930
 2443.000000 2.352744
 2444.000000 2.363173
 2445.000000 2.373084
 2446.000000 2.382457
 2447.000000 2.391027
 2448.000000 2.398600
 2449.000000 2.405089
 2450.000000 2.410518
 2451.000000 2.414970
 2452.000000 2.418550
 2453.000000 2.421516
 2454.000000 2.424117
 2455.000000 2.426642
 2456.000000 2.429370
 2457.000000 2.432535
 2458.000000 2.436339
 2459.000000 2.441006
 2460.000000 2.446695
 2461.000000 2.453342
 2462.000000 2.460680
 2463.000000 2.468259
 2464.000000 2.475496
 2465.000000 2.481578
 2466.000000 2.485725
 2467.000000 2.487320
 2468.000000 2.486036
 2469.000000 2.481820
 2470.000000 2.475043
 2471.000000 2.466427
 2472.000000 2.456765
 2473.000000 2.446788
 2474.000000 2.437203
 2475.000000 2.428370
 2476.000000 2.420606
 2477.000000 2.414153
 2478.000000 2.409274
 2479.000000 2.406324
 2480.000000 2.405710
 2481.000000 2.407861
 2482.000000 2.413265
 2483.000000 2.422415
 2484.000000 2.435657
 2485.000000 2.452767
 2486.000000 2.472583
 2487.000000 2.493411
 2488.000000 2.513422
 2489.000000 2.531695
 2490.000000 2.548082
 2491.000000 2.563224
 2492.000000 2.577660
 2493.000000 2.592057
 2494.000000 2.606880
 2495.000000 2.622363
 2496.000000 2.638503
 2497.000000 2.655131
 2498.000000 2.671875
 2499.000000 2.688361
 2500.000000 2.704266
 2501.000000 2.719292
 2502.000000 2.733256
 2503.000000 2.746085
 2504.000000 2.757902
 2505.000000 2.768855
 2506.000000 2.778911
 2507.000000 2.788059
 2508.000000 2.796352
 2509.000000 2.803603
 2510.000000 2.809586
 2511.000000 2.813967
 2512.000000 2.816536
 2513.000000 2.817123
 2514.000000 2.815657
 2515.000000 2.812195
 2516.000000 2.806900
 2517.000000 2.800078
 2518.000000 2.792297
 2519.000000 2.784002
 2520.000000 2.775795
 2521.000000 2.768102
 2522.000000 2.761194
 2523.000000 2.755210
 2524.000000 2.750153
 2525.000000 2.746064
 2526.000000 2.742970
 2527.000000 2.740901
 2528.000000 2.739809
 2529.000000 2.739542
 2530.000000 2.739845
 2531.000000 2.740314
 2532.000000 2.740404
 2533.000000 2.739464
 2534.000000 2.736804
 2535.000000 2.731765
 2536.000000 2.723868
 2537.000000 2.712884
 2538.000000 2.698844
 2539.000000 2.682194
 2540.000000 2.663728
 2541.000000 2.644489
 2542.000000 2.625390
 2543.000000 2.607802
 2544.000000 2.592344
 2545.000000 2.579489
 2546.000000 2.569333
 2547.000000 2.561582
 2548.000000 2.555610
 2549.000000 2.550450
 2550.000000 2.545059
 2551.000000 2.538491
 2552.000000 2.529727
 2553.000000 2.517962
 2554.000000 2.502654
 2555.000000 2.483972
 2556.000000 2.463102
 2557.000000 2.442275
 2558.000000 2.423121
 2559.000000 2.406875
 2560.000000 2.393757
 2561.000000 2.383329
 2562.000000 2.374819
 2563.000000 2.367413
 2564.000000 2.360737
 2565.000000 2.354486
 2566.000000 2.348406
 2567.000000 2.342495
 2568.000000 2.336809
 2569.000000 2.331666
 2570.000000 2.327451
 2571.000000 2.324436
 2572.000000 2.322716
 2573.000000 2.322157
 2574.000000 2.322450
 2575.000000 2.323283
 2576.000000 2.324516
 2577.000000 2.326186
 2578.000000 2.328443
 2579.000000 2.331461
 2580.000000 2.335351
 2581.000000 2.340107
 2582.000000 2.345560
 2583.000000 2.351437
 2584.000000 2.357427
 2585.000000 2.362999
 2586.000000 2.367690
 2587.000000 2.371398
 2588.000000 2.374218
 2589.000000 2.376241
 2590.000000 2.377514
 2591.000000 2.378171
 2592.000000 2.378401
 2593.000000 2.378395
 2594.000000 2.378286
 2595.000000 2.378117
 2596.000000 2.377823
 2597.000000 2.377230
 2598.000000 2.376118
 2599.000000 2.374281
 2600.000000 2.371567
 2601.000000 2.367863
 2602.000000 2.363012
 2603.000000 2.356812
 2604.000000 2.349155
 2605.000000 2.339954
 2606.000000 2.329186
 2607.000000 2.317327
 2608.000000 2.305014
 2609.000000 2.293427
 2610.000000 2.283404
 2611.000000 2.275679
 2612.000000 2.270587
 2613.000000 2.268438
 2614.000000 2.269276
 2615.000000 2.272968
 2616.000000 2.279177
 2617.000000 2.287358
 2618.000000 2.296863
 2619.000000 2.306702
 2620.000000 2.315939
 2621.000000 2.323889
 2622.000000 2.330217
 2623.000000 2.334807
 2624.000000 2.337728
 2625.000000 2.339083
 2626.000000 2.338898
 2627.000000 2.337187
 2628.000000 2.333989
 2629.000000 2.329416
 2630.000000 2.323622
 2631.000000 2.316802
 2632.000000 2.309309
 2633.000000 2.301755
 2634.000000 2.294682
 2635.000000 2.288594
 2636.000000 2.283963
 2637.000000 2.281113
 2638.000000 2.280115
 2639.000000 2.280874
 2640.000000 2.283232
 2641.000000 2.286982
 2642.000000 2.292159
 2643.000000 2.298710
 2644.000000 2.306459
 2645.000000 2.315080
 2646.000000 2.324126
 2647.000000 2.333144
 2648.000000 2.341624
 2649.000000 2.349202
 2650.000000 2.355880
 2651.000000 2.361828
 2652.000000 2.367457
 2653.000000 2.373272
 2654.000000 2.379854
 2655.000000 2.387883
 2656.000000 2.398054
 2657.000000 2.411201
 2658.000000 2.427957
 2659.000000 2.448666
 2660.000000 2.472241
 2661.000000 2.496199
 2662.000000 2.518174
 2663.000000 2.537315
 2664.000000 2.553459
 2665.000000 2.567486
 2666.000000 2.580102
 2667.000000 2.591923
 2668.000000 2.603570
 2669.000000 2.615459
 2670.000000 2.628035
 2671.000000 2.641467
 2672.000000 2.655824
 2673.000000 2.670892
 2674.000000 2.686449
 2675.000000 2.702107
 2676.000000 2.717284
 2677.000000 2.731382
 2678.000000 2.744127
 2679.000000 2.755147
 2680.000000 2.764358
 2681.000000 2.771830
 2682.000000 2.777542
 2683.000000 2.781506
 2684.000000 2.783770
 2685.000000 2.784462
 2686.000000 2.783780
 2687.000000 2.782044
 2688.000000 2.779648
 2689.000000 2.777006
 2690.000000 2.774585
 2691.000000 2.772796
 2692.000000 2.771938
 2693.000000 2.772205
 2694.000000 2.773732
 2695.000000 2.776570
 2696.000000 2.780746
 2697.000000 2.786252
 2698.000000 2.792929
 2699.000000 2.800742
 2700.000000 2.809504
 2701.000000 2.818935
 2702.000000 2.828607
 2703.000000 2.837989
 2704.000000 2.846448
 2705.000000 2.853641
 2706.000000 2.859216
 2707.000000 2.863128
 2708.000000 2.865565
 2709.000000 2.866988
 2710.000000 2.868051
 2711.000000 2.869503
 2712.000000 2.872147
 2713.000000 2.876699
 2714.000000 2.883755
 2715.000000 2.893546
 2716.000000 2.906030
 2717.000000 2.920561
 2718.000000 2.936428
 2719.000000 2.952813
 2720.000000 2.968923
 2721.000000 2.984538
 2722.000000 3.000390
 2723.000000 3.016577
 2724.000000 3.032168
 2725.000000 3.046095
 2726.000000 3.057044
 2727.000000 3.063952
 2728.000000 3.065979
 2729.000000 3.063065
 2730.000000 3.055851
 2731.000000 3.045638
 2732.000000 3.034090
 2733.000000 3.022921
 2734.000000 3.013409
 2735.000000 3.006456
 2736.000000 3.002720
 2737.000000 3.002625
 2738.000000 3.006349
 2739.000000 3.013739
 2740.000000 3.024287
 2741.000000 3.036685
 2742.000000 3.048951
 2743.000000 3.058864
 2744.000000 3.064167
 2745.000000 3.063779
 2746.000000 3.058144
 2747.000000 3.049006
 2748.000000 3.038691
 2749.000000 3.029400
 2750.000000 3.022777
 2751.000000 3.019928
 2752.000000 3.021439
 2753.000000 3.027256
 2754.000000 3.036600
 2755.000000 3.047702
 2756.000000 3.058490
 2757.000000 3.066523
 2758.000000 3.069850
 2759.000000 3.067556
 2760.000000 3.059832
 2761.000000 3.047875
 2762.000000 3.033553
 2763.000000 3.018789
 2764.000000 3.004941
 2765.000000 2.993146
 2766.000000 2.983775
 2767.000000 2.976336
 2768.000000 2.970506
 2769.000000 2.965948
 2770.000000 2.962356
 2771.000000 2.959433
 2772.000000 2.956818
 2773.000000 2.954229
 2774.000000 2.951306
 2775.000000 2.947765
 2776.000000 2.943300
 2777.000000 2.937750
 2778.000000 2.931095
 2779.000000 2.923218
 2780.000000 2.914266
 2781.000000 2.904472
 2782.000000 2.894052
 2783.000000 2.883258
 2784.000000 2.872276
 2785.000000 2.861474
 2786.000000 2.851154
 2787.000000 2.841634
 2788.000000 2.833049
 2789.000000 2.825472
 2790.000000 2.819063
 2791.000000 2.813806
 2792.000000 2.809554
 2793.000000 2.806000
 2794.000000 2.802783
 2795.000000 2.799588
 2796.000000 2.796104
 2797.000000 2.792117
 2798.000000 2.787512
 2799.000000 2.782320
 2800.000000 2.776550
 2801.000000 2.770287
 2802.000000 2.763492
 2803.000000 2.756134
 2804.000000 2.748041
 2805.000000 2.739136
 2806.000000 2.729172
 2807.000000 2.717802
 2808.000000 2.704816
 2809.000000 2.690001
 2810.000000 2.673546
 2811.000000 2.655932
 2812.000000 2.637461
 2813.000000 2.618954
 2814.000000 2.600625
 2815.000000 2.582640
 2816.000000 2.565150
 2817.000000 2.547652
 2818.000000 2.529443
 2819.000000 2.510228
 2820.000000 2.490295
 2821.000000 2.470680
 2822.000000 2.453262
 2823.000000 2.439664
 2824.000000 2.430611
 2825.000000 2.426143
 2826.000000 2.426058
 2827.000000 2.430123
 2828.000000 2.438138
 2829.000000 2.449499
 2830.000000 2.463570
 2831.000000 2.478965
 2832.000000 2.493917
 2833.000000 2.506833
 2834.000000 2.516921
 2835.000000 2.523709
 2836.000000 2.527094
 2837.000000 2.527126
 2838.000000 2.523921
 2839.000000 2.517678
 2840.000000 2.508756
 2841.000000 2.497558
 2842.000000 2.485010
 2843.000000 2.471943
 2844.000000 2.459693
 2845.000000 2.449531
 2846.000000 2.442232
 2847.000000 2.438157
 2848.000000 2.437277
 2849.000000 2.439391
 2850.000000 2.444164
 2851.000000 2.451073
