#! FIELDS time d
 0.000000 2.650447
 1.000000 2.647362
 2.000000 2.644539
 3.000000 2.642434
 4.000000 2.641455
 5.000000 2.641912
 6.000000 2.643944
 7.000000 2.647509
 8.000000 2.652396
 9.000000 2.658415
 10.000000 2.665285
 11.000000 2.672702
 12.000000 2.680527
 13.000000 2.688572
 14.000000 2.696813
 15.000000 2.705272
 16.000000 2.714044
 17.000000 2.723273
 18.000000 2.732979
 19.000000 2.743336
 20.000000 2.754141
 21.000000 2.765266
 22.000000 2.776852
 23.000000 2.788764
 24.000000 2.800941
 25.000000 2.813345
 26.000000 2.825710
 27.000000 2.837816
 28.000000 2.849296
 29.000000 2.859951
 30.000000 2.869338
 31.000000 2.877297
 32.000000 2.883459
 33.000000 2.887473
 34.000000 2.889296
 35.000000 2.888888
 36.000000 2.886386
 37.000000 2.882096
 38.000000 2.876356
 39.000000 2.869702
 40.000000 2.862720
 41.000000 2.855846
 42.000000 2.849517
 43.000000 2.844057
 44.000000 2.839741
 45.000000 2.836665
 46.000000 2.834791
 47.000000 2.833846
 48.000000 2.833369
 49.000000 2.832769
 50.000000 2.831359
 51.000000 2.828421
 52.000000 2.823327
 53.000000 2.815657
 54.000000 2.805292
 55.000000 2.792413
 56.000000 2.777864
 57.000000 2.762382
 58.000000 2.746962
 59.000000 2.732647
 60.000000 2.719959
 61.000000 2.709148
 62.000000 2.700646
 63.000000 2.694745
 64.000000 2.691585
 65.000000 2.691237
 66.000000 2.693686
 67.000000 2.698723
 68.000000 2.705975
 69.000000 2.714835
 70.000000 2.724591
 71.000000 2.734421
 72.000000 2.743438
 73.000000 2.750789
 74.000000 2.755940
 75.000000 2.758675
 76.000000 2.759147
 77.000000 2.757761
 78.000000 2.755167
 79.000000 2.752103
 80.000000 2.749278
 81.000000 2.747403
 82.000000 2.746969
 83.000000 2.748289
 84.000000 2.751467
 85.000000 2.756456
 86.000000 2.762998
 87.000000 2.770854
 88.000000 2.779804
 89.000000 2.789531
 90.000000 2.799602
 91.000000 2.809715
 92.000000 2.819734
 93.000000 2.829329
 94.000000 2.838453
 95.000000 2.847112
 96.000000 2.855307
 97.000000 2.862880
 98.000000 2.869708
 99.000000 2.875577
 100.000000 2.880516
 101.000000 2.884705
 102.000000 2.888431
 103.000000 2.892199
 104.000000 2.896570
 105.000000 2.902099
 106.000000 2.909480
 107.000000 2.919368
 108.000000 2.932269
 109.000000 2.948123
 110.000000 2.966474
 111.000000 2.986654
 112.000000 3.007468
 113.000000 3.027021
 114.000000 3.042407
 115.000000 3.051215
 116.000000 3.051899
 117.000000 3.044141
 118.000000 3.028984
 119.000000 3.008794
 120.000000 2.986765
 121.000000 2.964796
 122.000000 2.943423
 123.000000 2.922774
 124.000000 2.903161
 125.000000 2.884857
 126.000000 2.868254
 127.000000 2.853289
 128.000000 2.839518
 129.000000 2.826788
 130.000000 2.815175
 131.000000 2.804672
 132.000000 2.795619
 133.000000 2.788109
 134.000000 2.782269
 135.000000 2.778003
 136.000000 2.775000
 137.000000 2.772866
 138.000000 2.771268
 139.000000 2.770060
 140.000000 2.769283
 141.000000 2.769223
 142.000000 2.770314
 143.000000 2.773050
 144.000000 2.777919
 145.000000 2.785289
 146.000000 2.795238
 147.000000 2.807637
 148.000000 2.821954
 149.000000 2.837142
 150.000000 2.852552
 151.000000 2.867753
 152.000000 2.882250
 153.000000 2.895680
 154.000000 2.907487
 155.000000 2.917364
 156.000000 2.925203
 157.000000 2.931110
 158.000000 2.935466
 159.000000 2.938745
 160.000000 2.941494
 161.000000 2.944100
 162.000000 2.946778
 163.000000 2.949755
 164.000000 2.953203
 165.000000 2.957321
 166.000000 2.962312
 167.000000 2.968391
 168.000000 2.975879
 169.000000 2.985118
 170.000000 2.996416
 171.000000 3.009894
 172.000000 3.024442
 173.000000 3.037678
 174.000000 3.047005
 175.000000 3.050082
 176.000000 3.045742
 177.000000 3.034389
 178.000000 3.017774
 179.000000 2.998574
 180.000000 2.979641
 181.000000 2.961589
 182.000000 2.945076
 183.000000 2.930835
 184.000000 2.919302
 185.000000 2.910614
 186.000000 2.904643
 187.000000 2.901240
 188.000000 2.899882
 189.000000 2.899994
 190.000000 2.900994
 191.000000 2.902384
 192.000000 2.903767
 193.000000 2.904873
 194.000000 2.905584
 195.000000 2.905929
 196.000000 2.906055
 197.000000 2.906185
 198.000000 2.906551
 199.000000 2.907349
 200.000000 2.908699
 201.000000 2.910644
 202.000000 2.913199
 203.000000 2.916390
 204.000000 2.920152
 205.000000 2.924576
 206.000000 2.929659
 207.000000 2.935501
 208.000000 2.942251
 209.000000 2.950065
 210.000000 2.959273
 211.000000 2.970076
 212.000000 2.982710
 213.000000 2.997186
 214.000000 3.012795
 215.000000 3.027787
 216.000000 3.039767
 217.000000 3.046682
 218.000000 3.047472
 219.000000 3.042089
 220.000000 3.031807
 221.000000 3.018609
 222.000000 3.005010
 223.000000 2.993075
 224.000000 2.983800
 225.000000 2.977161
 226.000000 2.972789
 227.000000 2.970260
 228.000000 2.969158
 229.000000 2.969195
 230.000000 2.970200
 231.000000 2.972133
 232.000000 2.975091
 233.000000 2.979279
 234.000000 2.985012
 235.000000 2.992589
 236.000000 3.001959
 237.000000 3.012782
 238.000000 3.023372
 239.000000 3.031625
 240.000000 3.035875
 241.000000 3.035322
 242.000000 3.030176
 243.000000 3.021413
 244.000000 3.010630
 245.000000 2.999785
 246.000000 2.990726
 247.000000 2.984344
 248.000000 2.981195
 249.000000 2.981636
 250.000000 2.985757
 251.000000 2.993333
 252.000000 3.003828
 253.000000 3.015978
 254.000000 3.027466
 255.000000 3.036041
 256.000000 3.040017
 257.000000 3.038658
 258.000000 3.032175
 259.000000 3.021816
 260.000000 3.009390
 261.000000 2.997255
 262.000000 2.987102
 263.000000 2.979200
 264.000000 2.973449
 265.000000 2.969523
 266.000000 2.967078
 267.000000 2.965808
 268.000000 2.965534
 269.000000 2.966189
 270.000000 2.967822
 271.000000 2.970580
 272.000000 2.974651
 273.000000 2.980243
 274.000000 2.987415
 275.000000 2.996179
 276.000000 3.006270
 277.000000 3.016298
 278.000000 3.024267
 279.000000 3.028590
 280.000000 3.028455
 281.000000 3.023852
 282.000000 3.015423
 283.000000 3.004452
 284.000000 2.992623
 285.000000 2.981068
 286.000000 2.970243
 287.000000 2.960591
 288.000000 2.952453
 289.000000 2.945788
 290.000000 2.940330
 291.000000 2.935573
 292.000000 2.930943
 293.000000 2.925835
 294.000000 2.919636
 295.000000 2.911744
 296.000000 2.901671
 297.000000 2.889108
 298.000000 2.873866
 299.000000 2.856394
 300.000000 2.837151
 301.000000 2.817120
 302.000000 2.797527
 303.000000 2.779177
 304.000000 2.762325
 305.000000 2.747092
 306.000000 2.733352
 307.000000 2.720940
 308.000000 2.709813
 309.000000 2.700064
 310.000000 2.691698
 311.000000 2.684733
 312.000000 2.679410
 313.000000 2.675749
 314.000000 2.673533
 315.000000 2.672353
 316.000000 2.671638
 317.000000 2.670750
 318.000000 2.669146
 319.000000 2.666497
 320.000000 2.662712
 321.000000 2.658025
 322.000000 2.652785
 323.000000 2.647519
 324.000000 2.642572
 325.000000 2.638301
 326.000000 2.634981
 327.000000 2.632586
 328.000000 2.630847
 329.000000 2.629296
 330.000000 2.627386
 331.000000 2.624632
 332.000000 2.620663
 333.000000 2.615223
 334.000000 2.608296
 335.000000 2.599969
 336.000000 2.590620
 337.000000 2.580703
 338.000000 2.570728
 339.000000 2.561102
 340.000000 2.551939
 341.000000 2.543062
 342.000000 2.534338
 343.000000 2.525533
 344.000000 2.516505
 345.000000 2.507254
 346.000000 2.497878
 347.000000 2.488679
 348.000000 2.479847
 349.000000 2.471667
 350.000000 2.464565
 351.000000 2.458750
 352.000000 2.454245
 353.000000 2.450917
 354.000000 2.448523
 355.000000 2.446815
 356.000000 2.445542
 357.000000 2.444507
 358.000000 2.443535
 359.000000 2.442442
 360.000000 2.441048
 361.000000 2.439234
 362.000000 2.436934
 363.000000 2.434245
 364.000000 2.431372
 365.000000 2.428521
 366.000000 2.425853
 367.000000 2.423351
 368.000000 2.420945
 369.000000 2.418526
 370.000000 2.415988
 371.000000 2.413308
 372.000000 2.410493
 373.000000 2.407618
 374.000000 2.404829
 375.000000 2.402373
 376.000000 2.400552
 377.000000 2.399551
 378.000000 2.399453
 379.000000 2.400201
 380.000000 2.401531
 381.000000 2.402954
 382.000000 2.403895
 383.000000 2.403791
 384.000000 2.402243
 385.000000 2.399111
 386.000000 2.394570
 387.000000 2.388968
 388.000000 2.382769
 389.000000 2.376315
 390.000000 2.369965
 391.000000 2.363890
 392.000000 2.358157
 393.000000 2.352742
 394.000000 2.347576
 395.000000 2.342584
 396.000000 2.337727
 397.000000 2.333100
 398.000000 2.328751
 399.000000 2.324787
 400.000000 2.321280
 401.000000 2.318360
 402.000000 2.316034
 403.000000 2.314257
 404.000000 2.312747
 405.000000 2.311078
 406.000000 2.308773
 407.000000 2.305490
 408.000000 2.301024
 409.000000 2.295358
 410.000000 2.288524
 411.000000 2.280720
 412.000000 2.272184
 413.000000 2.263090
 414.000000 2.253776
 415.000000 2.244477
 416.000000 2.235154
 417.000000 2.225902
 418.000000 2.216594
 419.000000 2.207412
 420.000000 2.198330
 421.000000 2.189383
 422.000000 2.180877
 423.000000 2.172741
 424.000000 2.164920
 425.000000 2.157182
 426.000000 2.149368
 427.000000 2.140925
 428.000000 2.131587
 429.000000 2.121174
 430.000000 2.109899
 431.000000 2.098368
 432.000000 2.087093
 433.000000 2.076782
 434.000000 2.068093
 435.000000 2.061694
 436.000000 2.057962
 437.000000 2.057151
 438.000000 2.059214
 439.000000 2.063865
 440.000000 2.070729
 441.000000 2.079420
 442.000000 2.089730
 443.000000 2.101762
 444.000000 2.115603
 445.000000 2.131137
 446.000000 2.148195
 447.000000 2.166302
 448.000000 2.184693
 449.000000 2.202738
 450.000000 2.219726
 451.000000 2.235225
 452.000000 2.249090
 453.000000 2.261355
 454.000000 2.272221
 455.000000 2.281905
 456.000000 2.290700
 457.000000 2.298743
 458.000000 2.306075
 459.000000 2.312925
 460.000000 2.319296
 461.000000 2.325138
 462.000000 2.330544
 463.000000 2.335635
 464.000000 2.340592
 465.000000 2.345665
 466.000000 2.351066
 467.000000 2.356916
 468.000000 2.363141
 469.000000 2.369522
 470.000000 2.375612
 471.000000 2.380973
 472.000000 2.385202
 473.000000 2.388065
 474.000000 2.389531
 475.000000 2.389746
 476.000000 2.389022
 477.000000 2.387810
 478.000000 2.386637
 479.000000 2.386007
 480.000000 2.386326
 481.000000 2.387841
 482.000000 2.390660
 483.000000 2.394786
 484.000000 2.400129
 485.000000 2.406546
 486.000000 2.413872
 487.000000 2.421965
 488.000000 2.430590
 489.000000 2.439579
 490.000000 2.448769
 491.000000 2.458092
 492.000000 2.467530
 493.000000 2.477114
 494.000000 2.486752
 495.000000 2.496598
 496.000000 2.506791
 497.000000 2.517508
 498.000000 2.528888
 499.000000 2.541050
 500.000000 2.554025
 501.000000 2.567662
 502.000000 2.581467
 503.000000 2.595319
 504.000000 2.608875
 505.000000 2.621643
 506.000000 2.633377
 507.000000 2.643933
 508.000000 2.653313
 509.000000 2.661405
 510.000000 2.668134
 511.000000 2.673493
 512.000000 2.677305
 513.000000 2.679441
 514.000000 2.679745
 515.000000 2.678086
 516.000000 2.674369
 517.000000 2.668619
 518.000000 2.661094
 519.000000 2.652152
 520.000000 2.642213
 521.000000 2.631633
 522.000000 2.620625
 523.000000 2.609444
 524.000000 2.598166
 525.000000 2.587084
 526.000000 2.576532
 527.000000 2.566766
 528.000000 2.558003
 529.000000 2.550260
 530.000000 2.543373
 531.000000 2.537475
 532.000000 2.532541
 533.000000 2.528390
 534.000000 2.524841
 535.000000 2.521580
 536.000000 2.518211
 537.000000 2.514503
 538.000000 2.510504
 539.000000 2.506472
 540.000000 2.502870
 541.000000 2.500279
 542.000000 2.499141
 543.000000 2.499746
 544.000000 2.502275
 545.000000 2.506806
 546.000000 2.513259
 547.000000 2.521476
 548.000000 2.531170
 549.000000 2.541923
 550.000000 2.553149
 551.000000 2.564182
 552.000000 2.574519
 553.000000 2.583616
 554.000000 2.591033
 555.000000 2.596632
 556.000000 2.600172
 557.000000 2.601537
 558.000000 2.600625
 559.000000 2.597416
 560.000000 2.592050
 561.000000 2.584838
 562.000000 2.576083
 563.000000 2.566084
 564.000000 2.555427
 565.000000 2.544690
 566.000000 2.534244
 567.000000 2.524588
 568.000000 2.516136
 569.000000 2.509156
 570.000000 2.503912
 571.000000 2.500531
 572.000000 2.498992
 573.000000 2.499211
 574.000000 2.501011
 575.000000 2.504164
 576.000000 2.508437
 577.000000 2.513563
 578.000000 2.519335
 579.000000 2.525581
 580.000000 2.532094
 581.000000 2.538727
 582.000000 2.545322
 583.000000 2.551757
 584.000000 2.557898
 585.000000 2.563592
 586.000000 2.568687
 587.000000 2.573242
 588.000000 2.577242
 589.000000 2.580750
 590.000000 2.583830
 591.000000 2.586459
 592.000000 2.588639
 593.000000 2.590311
 594.000000 2.591377
 595.000000 2.591674
 596.000000 2.590983
 597.000000 2.589053
 598.000000 2.585637
 599.000000 2.580436
 600.000000 2.573185
 601.000000 2.563621
 602.000000 2.551541
 603.000000 2.536835
 604.000000 2.519888
 605.000000 2.501428
 606.000000 2.482183
 607.000000 2.463108
 608.000000 2.444931
 609.000000 2.427950
 610.000000 2.412390
 611.000000 2.398571
 612.000000 2.386697
 613.000000 2.376988
 614.000000 2.369604
 615.000000 2.364610
 616.000000 2.361772
 617.000000 2.360756
 618.000000 2.361042
 619.000000 2.361997
 620.000000 2.362937
 621.000000 2.363244
 622.000000 2.362486
 623.000000 2.360463
 624.000000 2.357159
 625.000000 2.352684
 626.000000 2.347382
 627.000000 2.341662
 628.000000 2.335885
 629.000000 2.330475
 630.000000 2.325647
 631.000000 2.321623
 632.000000 2.318429
 633.000000 2.316008
 634.000000 2.314241
 635.000000 2.312956
 636.000000 2.311990
 637.000000 2.311138
 638.000000 2.310110
 639.000000 2.308561
 640.000000 2.306097
 641.000000 2.302355
 642.000000 2.296851
 643.000000 2.289164
 644.000000 2.278946
 645.000000 2.265805
 646.000000 2.249788
 647.000000 2.231330
 648.000000 2.211229
 649.000000 2.190434
 650.000000 2.169899
 651.000000 2.150509
 652.000000 2.133121
 653.000000 2.118374
 654.000000 2.106592
 655.000000 2.097717
 656.000000 2.091507
 657.000000 2.087582
 658.000000 2.085439
 659.000000 2.084591
 660.000000 2.084511
 661.000000 2.084718
 662.000000 2.084799
 663.000000 2.084436
 664.000000 2.083411
 665.000000 2.081594
 666.000000 2.078978
 667.000000 2.075610
 668.000000 2.071681
 669.000000 2.067401
 670.000000 2.062979
 671.000000 2.058623
 672.000000 2.054497
 673.000000 2.050857
 674.000000 2.047924
 675.000000 2.045810
 676.000000 2.044603
 677.000000 2.044324
 678.000000 2.044887
 679.000000 2.046121
 680.000000 2.047771
 681.000000 2.049526
 682.000000 2.051049
 683.000000 2.051999
 684.000000 2.052007
 685.000000 2.050719
 686.000000 2.047855
 687.000000 2.043170
 688.000000 2.036536
 689.000000 2.027858
 690.000000 2.017208
 691.000000 2.004615
 692.000000 1.990366
 693.000000 1.974958
 694.000000 1.959086
 695.000000 1.943205
 696.000000 1.927844
 697.000000 1.913271
 698.000000 1.899685
 699.000000 1.887304
 700.000000 1.876303
 701.000000 1.866751
 702.000000 1.858797
 703.000000 1.852486
 704.000000 1.847793
 705.000000 1.844558
 706.000000 1.842534
 707.000000 1.841454
 708.000000 1.841044
 709.000000 1.841034
 710.000000 1.841233
 711.000000 1.841574
 712.000000 1.842133
 713.000000 1.843119
 714.000000 1.844817
 715.000000 1.847485
 716.000000 1.851280
 717.000000 1.856294
 718.000000 1.862586
 719.000000 1.870105
 720.000000 1.878601
 721.000000 1.887901
 722.000000 1.897992
 723.000000 1.908951
 724.000000 1.920851
 725.000000 1.933842
 726.000000 1.947852
 727.000000 1.962451
 728.000000 1.977158
 729.000000 1.991329
 730.000000 2.004291
 731.000000 2.015596
 732.000000 2.025053
 733.000000 2.032718
 734.000000 2.038790
 735.000000 2.043409
 736.000000 2.046822
 737.000000 2.049279
 738.000000 2.051027
 739.000000 2.052327
 740.000000 2.053416
 741.000000 2.054516
 742.000000 2.055818
 743.000000 2.057499
 744.000000 2.059758
 745.000000 2.062784
 746.000000 2.066838
 747.000000 2.072181
 748.000000 2.079063
 749.000000 2.087733
 750.000000 2.098605
 751.000000 2.111795
 752.000000 2.127285
 753.000000 2.144714
 754.000000 2.163310
 755.000000 2.182485
 756.000000 2.201444
 757.000000 2.219398
 758.000000 2.235833
 759.000000 2.249859
 760.000000 2.261104
 761.000000 2.269261
 762.000000 2.274453
 763.000000 2.276975
 764.000000 2.277209
 765.000000 2.275536
 766.000000 2.272303
 767.000000 2.267792
 768.000000 2.262143
 769.000000 2.255436
 770.000000 2.247558
 771.000000 2.238241
 772.000000 2.227332
 773.000000 2.214555
 774.000000 2.199719
 775.000000 2.183030
 776.000000 2.165352
 777.000000 2.147591
 778.000000 2.130927
 779.000000 2.116184
 780.000000 2.104310
 781.000000 2.095710
 782.000000 2.090434
 783.000000 2.088431
 784.000000 2.089525
 785.000000 2.093552
 786.000000 2.100377
 787.000000 2.109808
 788.000000 2.121817
 789.000000 2.136211
 790.000000 2.152690
 791.000000 2.170637
 792.000000 2.189061
 793.000000 2.207042
 794.000000 2.223711
 795.000000 2.238203
 796.000000 2.249899
 797.000000 2.258822
 798.000000 2.264790
 799.000000 2.267790
 800.000000 2.267841
 801.000000 2.265011
 802.000000 2.259267
 803.000000 2.250437
 804.000000 2.238299
 805.000000 2.222730
 806.000000 2.203763
 807.000000 2.182066
 808.000000 2.158959
 809.000000 2.136046
 810.000000 2.114406
 811.000000 2.094927
 812.000000 2.077548
 813.000000 2.061949
 814.000000 2.047532
 815.000000 2.033314
 816.000000 2.018737
 817.000000 2.003481
 818.000000 1.987629
 819.000000 1.971810
 820.000000 1.956536
 821.000000 1.942819
 822.000000 1.931207
 823.000000 1.921988
 824.000000 1.915344
 825.000000 1.911289
 826.000000 1.909656
 827.000000 1.910363
 828.000000 1.913389
 829.000000 1.918809
 830.000000 1.926807
 831.000000 1.937427
 832.000000 1.950456
 833.000000 1.965591
 834.000000 1.981870
 835.000000 1.998372
 836.000000 2.014258
 837.000000 2.028878
 838.000000 2.041761
 839.000000 2.053150
 840.000000 2.063652
 841.000000 2.074029
 842.000000 2.085381
 843.000000 2.098921
 844.000000 2.115719
 845.000000 2.136139
 846.000000 2.159575
 847.000000 2.184395
 848.000000 2.208940
 849.000000 2.231422
 850.000000 2.251411
 851.000000 2.268713
 852.000000 2.283804
 853.000000 2.297169
 854.000000 2.309322
 855.000000 2.320739
 856.000000 2.331818
 857.000000 2.342751
 858.000000 2.353507
 859.000000 2.364037
 860.000000 2.374105
 861.000000 2.383488
 862.000000 2.392230
 863.000000 2.400319
 864.000000 2.407955
 865.000000 2.415375
 866.000000 2.422797
 867.000000 2.430571
 868.000000 2.438912
 869.000000 2.448018
 870.000000 2.458024
 871.000000 2.468833
 872.000000 2.480349
 873.000000 2.492369
 874.000000 2.504300
 875.000000 2.515555
 876.000000 2.525388
 877.000000 2.533399
 878.000000 2.539162
 879.000000 2.542472
 880.000000 2.543243
 881.000000 2.541425
 882.000000 2.536994
 883.000000 2.529964
 884.000000 2.520552
 885.000000 2.509008
 886.000000 2.495868
 887.000000 2.482077
 888.000000 2.468522
 889.000000 2.455829
 890.000000 2.444593
 891.000000 2.435102
 892.000000 2.427305
 893.000000 2.421253
 894.000000 2.416902
 895.000000 2.414190
 896.000000 2.413018
 897.000000 2.413285
 898.000000 2.414896
 899.000000 2.417776
 900.000000 2.421851
 901.000000 2.427093
 902.000000 2.433418
 903.000000 2.440748
 904.000000 2.448995
 905.000000 2.458098
 906.000000 2.467722
 907.000000 2.477746
 908.000000 2.487788
 909.000000 2.497407
 910.000000 2.506141
 911.000000 2.513620
 912.000000 2.519643
 913.000000 2.523970
 914.000000 2.526453
 915.000000 2.527028
 916.000000 2.525723
 917.000000 2.522666
 918.000000 2.518145
 919.000000 2.512513
 920.000000 2.506204
 921.000000 2.499631
 922.000000 2.493109
 923.000000 2.486789
 924.000000 2.480707
 925.000000 2.474765
 926.000000 2.468704
 927.000000 2.462229
 928.000000 2.454949
 929.000000 2.446689
 930.000000 2.437489
 931.000000 2.427509
 932.000000 2.417295
 933.000000 2.407376
 934.000000 2.398322
 935.000000 2.390640
 936.000000 2.384946
 937.000000 2.381576
 938.000000 2.380712
 939.000000 2.382399
 940.000000 2.386507
 941.000000 2.392770
 942.000000 2.400879
 943.000000 2.410548
 944.000000 2.421400
 945.000000 2.433226
 946.000000 2.445898
 947.000000 2.459147
 948.000000 2.472611
 949.000000 2.485838
 950.000000 2.498726
 951.000000 2.510904
 952.000000 2.522258
 953.000000 2.532633
 954.000000 2.542295
 955.000000 2.551571
 956.000000 2.560692
 957.000000 2.569930
 958.000000 2.579509
 959.000000 2.589673
 960.000000 2.600543
 961.000000 2.612391
 962.000000 2.625514
 963.000000 2.640368
 964.000000 2.657136
 965.000000 2.675517
 966.000000 2.695321
 967.000000 2.715691
 968.000000 2.735900
 969.000000 2.755233
 970.000000 2.773252
 971.000000 2.789645
 972.000000 2.804009
 973.000000 2.815915
 974.000000 2.824997
 975.000000 2.831239
 976.000000 2.834800
 977.000000 2.835969
 978.000000 2.835154
 979.000000 2.832775
 980.000000 2.829198
 981.000000 2.824690
 982.000000 2.819443
 983.000000 2.813548
 984.000000 2.807020
 985.000000 2.800024
 986.000000 2.792666
 987.000000 2.785150
 988.000000 2.777712
 989.000000 2.770558
 990.000000 2.763863
 991.000000 2.757811
 992.000000 2.752606
 993.000000 2.748551
 994.000000 2.745797
 995.000000 2.744563
 996.000000 2.745019
 997.000000 2.747309
 998.000000 2.751509
 999.000000 2.757664
 1000.000000 2.765848
 1001.000000 2.775733
 1002.000000 2.787240
 1003.000000 2.800413
 1004.000000 2.814860
 1005.000000 2.830216
 1006.000000 2.845680
 1007.000000 2.860619
 1008.000000 2.874708
 1009.000000 2.887949
 1010.000000 2.900443
 1011.000000 2.912492
 1012.000000 2.924335
 1013.000000 2.936372
 1014.000000 2.948730
 1015.000000 2.961540
 1016.000000 2.974667
 1017.000000 2.988237
 1018.000000 3.002410
 1019.000000 3.016730
 1020.000000 3.029621
 1021.000000 3.039811
 1022.000000 3.046331
 1023.000000 3.048571
 1024.000000 3.046478
 1025.000000 3.040524
 1026.000000 3.031680
 1027.000000 3.021174
 1028.000000 3.010433
 1029.000000 3.000762
 1030.000000 2.993285
 1031.000000 2.988105
 1032.000000 2.985122
 1033.000000 2.984176
 1034.000000 2.985095
 1035.000000 2.987678
 1036.000000 2.991694
 1037.000000 2.996770
 1038.000000 3.002557
 1039.000000 3.008407
 1040.000000 3.013372
 1041.000000 3.016622
 1042.000000 3.017734
 1043.000000 3.016608
 1044.000000 3.013517
 1045.000000 3.009056
 1046.000000 3.003989
 1047.000000 2.999243
 1048.000000 2.995607
 1049.000000 2.993445
 1050.000000 2.993023
 1051.000000 2.994510
 1052.000000 2.997995
 1053.000000 3.003583
 1054.000000 3.010809
 1055.000000 3.018861
 1056.000000 3.026742
 1057.000000 3.033430
 1058.000000 3.038209
 1059.000000 3.040338
 1060.000000 3.039351
 1061.000000 3.035126
 1062.000000 3.027928
 1063.000000 3.018307
 1064.000000 3.007020
 1065.000000 2.995128
 1066.000000 2.982918
 1067.000000 2.970064
 1068.000000 2.956532
 1069.000000 2.942384
 1070.000000 2.927759
 1071.000000 2.912700
 1072.000000 2.897341
 1073.000000 2.881660
 1074.000000 2.865526
 1075.000000 2.848844
 1076.000000 2.831971
 1077.000000 2.815385
 1078.000000 2.799427
 1079.000000 2.784468
 1080.000000 2.770357
 1081.000000 2.757096
 1082.000000 2.743929
 1083.000000 2.730271
 1084.000000 2.715924
 1085.000000 2.701177
 1086.000000 2.686667
 1087.000000 2.673307
 1088.000000 2.661921
 1089.000000 2.652911
 1090.000000 2.646488
 1091.000000 2.642647
 1092.000000 2.641192
 1093.000000 2.641855
 1094.000000 2.644325
 1095.000000 2.648278
 1096.000000 2.653268
 1097.000000 2.658964
 1098.000000 2.665084
 1099.000000 2.671383
 1100.000000 2.677528
 1101.000000 2.683206
 1102.000000 2.688197
 1103.000000 2.692412
 1104.000000 2.695697
 1105.000000 2.697912
 1106.000000 2.698991
 1107.000000 2.698879
 1108.000000 2.697540
 1109.000000 2.694935
 1110.000000 2.691034
 1111.000000 2.685888
 1112.000000 2.679475
 1113.000000 2.671922
 1114.000000 2.663442
 1115.000000 2.654279
 1116.000000 2.644667
 1117.000000 2.634826
 1118.000000 2.625045
 1119.000000 2.615677
 1120.000000 2.607017
 1121.000000 2.599365
 1122.000000 2.592859
 1123.000000 2.587491
 1124.000000 2.583284
 1125.000000 2.580144
 1126.000000 2.577829
 1127.000000 2.576086
 1128.000000 2.574637
 1129.000000 2.573215
 1130.000000 2.571581
 1131.000000 2.569521
 1132.000000 2.566876
 1133.000000 2.563542
 1134.000000 2.559399
 1135.000000 2.554381
 1136.000000 2.548329
 1137.000000 2.540811
 1138.000000 2.531565
 1139.000000 2.520549
 1140.000000 2.507860
 1141.000000 2.493939
 1142.000000 2.479321
 1143.000000 2.464889
 1144.000000 2.451418
 1145.000000 2.439638
 1146.000000 2.430286
 1147.000000 2.423768
 1148.000000 2.420190
 1149.000000 2.419398
 1150.000000 2.420982
 1151.000000 2.424371
 1152.000000 2.428913
 1153.000000 2.433978
 1154.000000 2.439031
 1155.000000 2.443635
 1156.000000 2.447499
 1157.000000 2.450438
 1158.000000 2.452484
 1159.000000 2.453682
 1160.000000 2.454113
 1161.000000 2.453848
 1162.000000 2.452927
 1163.000000 2.451337
 1164.000000 2.449073
 1165.000000 2.446149
 1166.000000 2.442610
 1167.000000 2.438565
 1168.000000 2.434178
 1169.000000 2.429715
 1170.000000 2.425402
 1171.000000 2.421586
 1172.000000 2.418543
 1173.000000 2.416531
 1174.000000 2.415730
 1175.000000 2.416185
 1176.000000 2.417854
 1177.000000 2.420564
 1178.000000 2.424092
 1179.000000 2.428157
 1180.000000 2.432554
 1181.000000 2.437081
 1182.000000 2.441613
 1183.000000 2.446124
 1184.000000 2.450701
 1185.000000 2.455425
 1186.000000 2.460434
 1187.000000 2.465886
 1188.000000 2.471885
 1189.000000 2.478572
 1190.000000 2.485968
 1191.000000 2.493953
 1192.000000 2.502363
 1193.000000 2.510895
 1194.000000 2.519337
 1195.000000 2.527492
 1196.000000 2.535083
 1197.000000 2.541907
 1198.000000 2.547793
 1199.000000 2.552546
 1200.000000 2.556042
 1201.000000 2.558136
 1202.000000 2.558670
 1203.000000 2.557423
 1204.000000 2.554140
 1205.000000 2.548509
 1206.000000 2.540254
 1207.000000 2.529036
 1208.000000 2.514812
 1209.000000 2.497861
 1210.000000 2.478845
 1211.000000 2.458270
 1212.000000 2.436909
 1213.000000 2.414974
 1214.000000 2.393034
 1215.000000 2.371809
 1216.000000 2.352174
 1217.000000 2.334717
 1218.000000 2.319542
 1219.000000 2.306178
 1220.000000 2.294016
 1221.000000 2.282141
 1222.000000 2.269422
 1223.000000 2.255043
 1224.000000 2.238012
 1225.000000 2.217877
 1226.000000 2.194959
 1227.000000 2.170457
 1228.000000 2.146147
 1229.000000 2.123865
 1230.000000 2.105217
 1231.000000 2.090821
 1232.000000 2.080476
 1233.000000 2.073825
 1234.000000 2.070570
 1235.000000 2.070525
 1236.000000 2.073657
 1237.000000 2.080113
 1238.000000 2.090248
 1239.000000 2.104434
 1240.000000 2.122715
 1241.000000 2.144609
 1242.000000 2.169197
 1243.000000 2.194754
 1244.000000 2.218853
 1245.000000 2.239874
 1246.000000 2.257186
 1247.000000 2.270714
 1248.000000 2.280868
 1249.000000 2.288218
 1250.000000 2.293152
 1251.000000 2.296082
 1252.000000 2.297243
 1253.000000 2.296783
 1254.000000 2.294766
 1255.000000 2.291200
 1256.000000 2.285970
 1257.000000 2.278977
 1258.000000 2.270005
 1259.000000 2.258533
 1260.000000 2.244281
 1261.000000 2.227016
 1262.000000 2.206738
 1263.000000 2.184449
 1264.000000 2.161423
 1265.000000 2.138905
 1266.000000 2.118076
 1267.000000 2.098927
 1268.000000 2.081168
 1269.000000 2.064032
 1270.000000 2.046478
 1271.000000 2.027643
 1272.000000 2.007209
 1273.000000 1.985580
 1274.000000 1.963658
 1275.000000 1.942621
 1276.000000 1.923654
 1277.000000 1.907203
 1278.000000 1.893164
 1279.000000 1.881497
 1280.000000 1.871922
 1281.000000 1.864421
 1282.000000 1.858811
 1283.000000 1.854996
 1284.000000 1.852887
 1285.000000 1.852395
 1286.000000 1.853339
 1287.000000 1.855430
 1288.000000 1.858388
 1289.000000 1.861964
 1290.000000 1.865981
 1291.000000 1.870454
 1292.000000 1.875615
 1293.000000 1.881880
 1294.000000 1.889831
 1295.000000 1.900086
 1296.000000 1.912982
 1297.000000 1.928691
 1298.000000 1.947004
 1299.000000 1.966889
 1300.000000 1.986629
 1301.000000 2.004397
 1302.000000 2.019099
 1303.000000 2.030102
 1304.000000 2.037384
 1305.000000 2.041180
 1306.000000 2.041802
 1307.000000 2.039519
 1308.000000 2.034488
 1309.000000 2.026713
 1310.000000 2.016297
 1311.000000 2.003431
 1312.000000 1.988247
 1313.000000 1.971338
 1314.000000 1.953794
 1315.000000 1.936561
 1316.000000 1.920155
 1317.000000 1.904920
 1318.000000 1.890520
 1319.000000 1.876685
 1320.000000 1.863188
 1321.000000 1.849421
 1322.000000 1.834492
 1323.000000 1.817942
 1324.000000 1.799828
 1325.000000 1.780855
 1326.000000 1.761618
 1327.000000 1.742764
 1328.000000 1.724782
 1329.000000 1.708197
 1330.000000 1.693194
 1331.000000 1.679920
 1332.000000 1.668578
 1333.000000 1.659609
 1334.000000 1.653208
 1335.000000 1.649426
 1336.000000 1.648194
 1337.000000 1.649246
 1338.000000 1.652128
 1339.000000 1.656253
 1340.000000 1.660962
 1341.000000 1.665712
 1342.000000 1.670094
 1343.000000 1.674058
 1344.000000 1.677766
 1345.000000 1.681554
 1346.000000 1.685775
 1347.000000 1.690702
 1348.000000 1.696541
 1349.000000 1.703314
 1350.000000 1.710894
 1351.000000 1.719034
 1352.000000 1.727458
 1353.000000 1.735806
 1354.000000 1.743637
 1355.000000 1.750594
 1356.000000 1.756196
 1357.000000 1.760195
 1358.000000 1.762421
 1359.000000 1.762768
 1360.000000 1.761248
 1361.000000 1.757960
 1362.000000 1.752979
 1363.000000 1.746415
 1364.000000 1.738195
 1365.000000 1.728460
 1366.000000 1.717387
 1367.000000 1.705088
 1368.000000 1.691958
 1369.000000 1.678457
 1370.000000 1.665330
 1371.000000 1.653185
 1372.000000 1.642515
 1373.000000 1.633721
 1374.000000 1.627169
 1375.000000 1.622948
 1376.000000 1.620928
 1377.000000 1.620791
 1378.000000 1.622176
 1379.000000 1.624707
 1380.000000 1.628015
 1381.000000 1.631825
 1382.000000 1.635945
 1383.000000 1.640215
 1384.000000 1.644428
 1385.000000 1.648447
 1386.000000 1.652192
 1387.000000 1.655570
 1388.000000 1.658530
 1389.000000 1.661106
 1390.000000 1.663459
 1391.000000 1.665736
 1392.000000 1.668193
 1393.000000 1.671015
 1394.000000 1.674318
 1395.000000 1.678153
 1396.000000 1.682470
 1397.000000 1.687089
 1398.000000 1.691820
 1399.000000 1.696395
 1400.000000 1.700546
 1401.000000 1.703958
 1402.000000 1.706454
 1403.000000 1.707924
 1404.000000 1.708258
 1405.000000 1.707355
 1406.000000 1.705147
 1407.000000 1.701620
 1408.000000 1.696787
 1409.000000 1.690729
 1410.000000 1.683476
 1411.000000 1.675062
 1412.000000 1.665636
 1413.000000 1.655238
 1414.000000 1.644027
 1415.000000 1.632307
 1416.000000 1.620349
 1417.000000 1.608447
 1418.000000 1.597094
 1419.000000 1.586743
 1420.000000 1.577736
 1421.000000 1.570152
 1422.000000 1.564010
 1423.000000 1.559262
 1424.000000 1.555833
 1425.000000 1.553564
 1426.000000 1.552253
 1427.000000 1.551719
 1428.000000 1.551844
 1429.000000 1.552583
 1430.000000 1.553961
 1431.000000 1.556054
 1432.000000 1.558964
 1433.000000 1.562772
 1434.000000 1.567491
 1435.000000 1.573026
 1436.000000 1.579295
 1437.000000 1.586166
 1438.000000 1.593372
 1439.000000 1.600487
 1440.000000 1.607126
 1441.000000 1.612958
 1442.000000 1.617708
 1443.000000 1.621165
 1444.000000 1.623280
 1445.000000 1.624057
 1446.000000 1.623608
 1447.000000 1.622137
 1448.000000 1.619875
 1449.000000 1.617041
 1450.000000 1.613820
 1451.000000 1.610386
 1452.000000 1.606869
 1453.000000 1.603248
 1454.000000 1.599462
 1455.000000 1.595404
 1456.000000 1.590866
 1457.000000 1.585637
 1458.000000 1.579457
 1459.000000 1.572140
 1460.000000 1.563753
 1461.000000 1.554388
 1462.000000 1.544339
 1463.000000 1.533971
 1464.000000 1.523890
 1465.000000 1.514807
 1466.000000 1.507202
 1467.000000 1.501591
 1468.000000 1.498254
 1469.000000 1.497357
 1470.000000 1.498962
 1471.000000 1.502987
 1472.000000 1.509162
 1473.000000 1.517042
 1474.000000 1.526119
 1475.000000 1.535826
 1476.000000 1.545692
 1477.000000 1.555093
 1478.000000 1.563697
 1479.000000 1.571223
 1480.000000 1.577430
 1481.000000 1.582465
 1482.000000 1.586492
 1483.000000 1.589815
 1484.000000 1.592637
 1485.000000 1.595149
 1486.000000 1.597424
 1487.000000 1.599478
 1488.000000 1.601313
 1489.000000 1.602888
 1490.000000 1.604181
 1491.000000 1.605184
 1492.000000 1.605903
 1493.000000 1.606331
 1494.000000 1.606424
 1495.000000 1.606069
 1496.000000 1.605092
 1497.000000 1.603294
 1498.000000 1.600473
 1499.000000 1.596497
 1500.000000 1.591249
 1501.000000 1.584553
 1502.000000 1.576343
 1503.000000 1.566645
 1504.000000 1.555425
 1505.000000 1.542847
 1506.000000 1.529250
 1507.000000 1.515366
 1508.000000 1.501855
 1509.000000 1.489452
 1510.000000 1.478944
 1511.000000 1.470729
 1512.000000 1.464950
 1513.000000 1.461592
 1514.000000 1.460445
 1515.000000 1.461219
 1516.000000 1.463612
 1517.000000 1.467387
 1518.000000 1.472338
 1519.000000 1.478474
 1520.000000 1.485769
 1521.000000 1.494153
 1522.000000 1.503668
 1523.000000 1.514232
 1524.000000 1.525741
 1525.000000 1.537832
 1526.000000 1.550129
 1527.000000 1.562352
 1528.000000 1.574429
 1529.000000 1.586642
 1530.000000 1.598985
 1531.000000 1.611762
 1532.000000 1.625151
 1533.000000 1.639272
 1534.000000 1.653657
 1535.000000 1.667747
 1536.000000 1.681003
 1537.000000 1.693064
 1538.000000 1.703655
 1539.000000 1.712625
 1540.000000 1.719973
 1541.000000 1.725753
 1542.000000 1.730113
 1543.000000 1.733276
 1544.000000 1.735462
 1545.000000 1.736895
 1546.000000 1.737825
 1547.000000 1.738454
 1548.000000 1.738923
 1549.000000 1.739315
 1550.000000 1.739632
 1551.000000 1.739836
 1552.000000 1.739877
 1553.000000 1.739739
 1554.000000 1.739455
 1555.000000 1.739108
 1556.000000 1.738791
 1557.000000 1.738579
 1558.000000 1.738494
 1559.000000 1.738507
 1560.000000 1.738564
 1561.000000 1.738619
 1562.000000 1.738660
 1563.000000 1.738721
 1564.000000 1.738869
 1565.000000 1.739194
 1566.000000 1.739784
 1567.000000 1.740713
 1568.000000 1.742049
 1569.000000 1.743816
 1570.000000 1.746063
 1571.000000 1.748874
 1572.000000 1.752368
 1573.000000 1.756640
 1574.000000 1.761860
 1575.000000 1.768094
 1576.000000 1.775358
 1577.000000 1.783411
 1578.000000 1.791775
 1579.000000 1.799962
 1580.000000 1.807295
 1581.000000 1.813340
 1582.000000 1.817696
 1583.000000 1.820194
 1584.000000 1.820810
 1585.000000 1.819628
 1586.000000 1.816807
 1587.000000 1.812574
 1588.000000 1.807198
 1589.000000 1.800899
 1590.000000 1.793948
 1591.000000 1.786621
 1592.000000 1.779250
 1593.000000 1.772089
 1594.000000 1.765287
 1595.000000 1.758950
 1596.000000 1.753127
 1597.000000 1.747863
 1598.000000 1.743203
 1599.000000 1.739087
 1600.000000 1.735427
 1601.000000 1.732048
 1602.000000 1.728688
 1603.000000 1.725010
 1604.000000 1.720681
 1605.000000 1.715347
 1606.000000 1.708681
 1607.000000 1.700547
 1608.000000 1.691004
 1609.000000 1.680217
 1610.000000 1.668477
 1611.000000 1.656417
 1612.000000 1.644899
 1613.000000 1.634644
 1614.000000 1.625998
 1615.000000 1.619179
 1616.000000 1.613967
 1617.000000 1.610068
 1618.000000 1.607128
 1619.000000 1.604751
 1620.000000 1.602572
 1621.000000 1.600279
 1622.000000 1.597614
 1623.000000 1.594406
 1624.000000 1.590525
 1625.000000 1.586041
 1626.000000 1.581070
 1627.000000 1.575883
 1628.000000 1.570746
 1629.000000 1.565998
 1630.000000 1.561860
 1631.000000 1.558498
 1632.000000 1.555934
 1633.000000 1.554077
 1634.000000 1.552737
 1635.000000 1.551677
 1636.000000 1.550626
 1637.000000 1.549314
 1638.000000 1.547479
 1639.000000 1.544875
 1640.000000 1.541226
 1641.000000 1.536255
 1642.000000 1.529713
 1643.000000 1.521442
 1644.000000 1.511358
 1645.000000 1.499549
 1646.000000 1.486312
 1647.000000 1.472060
 1648.000000 1.457334
 1649.000000 1.442809
 1650.000000 1.429274
 1651.000000 1.417582
 1652.000000 1.408449
 1653.000000 1.402581
 1654.000000 1.400373
 1655.000000 1.402007
 1656.000000 1.407374
 1657.000000 1.416120
 1658.000000 1.427674
 1659.000000 1.441221
 1660.000000 1.455988
 1661.000000 1.471191
 1662.000000 1.486119
 1663.000000 1.500529
 1664.000000 1.514352
 1665.000000 1.527644
 1666.000000 1.540668
 1667.000000 1.553774
 1668.000000 1.567436
 1669.000000 1.582005
 1670.000000 1.597954
 1671.000000 1.615579
 1672.000000 1.634660
 1673.000000 1.654081
 1674.000000 1.672371
 1675.000000 1.687906
 1676.000000 1.699661
 1677.000000 1.707138
 1678.000000 1.710005
 1679.000000 1.708119
 1680.000000 1.701454
 1681.000000 1.690087
 1682.000000 1.674196
 1683.000000 1.654652
 1684.000000 1.632812
 1685.000000 1.610122
 1686.000000 1.587960
 1687.000000 1.566673
 1688.000000 1.546281
 1689.000000 1.526484
 1690.000000 1.507470
 1691.000000 1.489163
 1692.000000 1.471764
 1693.000000 1.455455
 1694.000000 1.440332
 1695.000000 1.426661
 1696.000000 1.415027
 1697.000000 1.405956
 1698.000000 1.399749
 1699.000000 1.396681
 1700.000000 1.396938
 1701.000000 1.400624
 1702.000000 1.407662
 1703.000000 1.417758
 1704.000000 1.430360
 1705.000000 1.444991
 1706.000000 1.461039
 1707.000000 1.477934
 1708.000000 1.495363
 1709.000000 1.513141
 1710.000000 1.531149
 1711.000000 1.549054
 1712.000000 1.566888
 1713.000000 1.584363
 1714.000000 1.601364
 1715.000000 1.617524
 1716.000000 1.631974
 1717.000000 1.643820
 1718.000000 1.652242
 1719.000000 1.656632
 1720.000000 1.656798
 1721.000000 1.652989
 1722.000000 1.645749
 1723.000000 1.635829
 1724.000000 1.624109
 1725.000000 1.611558
 1726.000000 1.598975
 1727.000000 1.586988
 1728.000000 1.575763
 1729.000000 1.565129
 1730.000000 1.554928
 1731.000000 1.545186
 1732.000000 1.535711
 1733.000000 1.526421
 1734.000000 1.517255
 1735.000000 1.508169
 1736.000000 1.499175
 1737.000000 1.490417
 1738.000000 1.481891
 1739.000000 1.473599
 1740.000000 1.465607
 1741.000000 1.457944
 1742.000000 1.450546
 1743.000000 1.443613
 1744.000000 1.437326
 1745.000000 1.431962
 1746.000000 1.427887
 1747.000000 1.425366
 1748.000000 1.424636
 1749.000000 1.425830
 1750.000000 1.428968
 1751.000000 1.434007
 1752.000000 1.440552
 1753.000000 1.448292
 1754.000000 1.456953
 1755.000000 1.466095
 1756.000000 1.475256
 1757.000000 1.484177
 1758.000000 1.492509
 1759.000000 1.500003
 1760.000000 1.506502
 1761.000000 1.511750
 1762.000000 1.515596
 1763.000000 1.517937
 1764.000000 1.518666
 1765.000000 1.517634
 1766.000000 1.514737
 1767.000000 1.509836
 1768.000000 1.502684
 1769.000000 1.493290
 1770.000000 1.481590
 1771.000000 1.467562
 1772.000000 1.451556
 1773.000000 1.434373
 1774.000000 1.417268
 1775.000000 1.401645
 1776.000000 1.388945
 1777.000000 1.380525
 1778.000000 1.377132
 1779.000000 1.379091
 1780.000000 1.386426
 1781.000000 1.398628
 1782.000000 1.414845
 1783.000000 1.433957
 1784.000000 1.454511
 1785.000000 1.475168
 1786.000000 1.495097
 1787.000000 1.513936
 1788.000000 1.531741
 1789.000000 1.548547
 1790.000000 1.564554
 1791.000000 1.579864
 1792.000000 1.594372
 1793.000000 1.607979
 1794.000000 1.620869
 1795.000000 1.632883
 1796.000000 1.643571
 1797.000000 1.652487
 1798.000000 1.659464
 1799.000000 1.664260
 1800.000000 1.666654
 1801.000000 1.666529
 1802.000000 1.663822
 1803.000000 1.658448
 1804.000000 1.650271
 1805.000000 1.639376
 1806.000000 1.625886
 1807.000000 1.610098
 1808.000000 1.592576
 1809.000000 1.573782
 1810.000000 1.554329
 1811.000000 1.534504
 1812.000000 1.514548
 1813.000000 1.494379
 1814.000000 1.473771
 1815.000000 1.452811
 1816.000000 1.431782
 1817.000000 1.411794
 1818.000000 1.393952
 1819.000000 1.379560
 1820.000000 1.369658
 1821.000000 1.364763
 1822.000000 1.364991
 1823.000000 1.370148
 1824.000000 1.379802
 1825.000000 1.393385
 1826.000000 1.409919
 1827.000000 1.428373
 1828.000000 1.447834
 1829.000000 1.467674
 1830.000000 1.487305
 1831.000000 1.506410
 1832.000000 1.525294
 1833.000000 1.544300
 1834.000000 1.563434
 1835.000000 1.582438
 1836.000000 1.601059
 1837.000000 1.618863
 1838.000000 1.635446
 1839.000000 1.650082
 1840.000000 1.662436
 1841.000000 1.672317
 1842.000000 1.679901
 1843.000000 1.685412
 1844.000000 1.689270
 1845.000000 1.691731
 1846.000000 1.693071
 1847.000000 1.693519
 1848.000000 1.693274
 1849.000000 1.692492
 1850.000000 1.691300
 1851.000000 1.689803
 1852.000000 1.688084
 1853.000000 1.686200
 1854.000000 1.684180
 1855.000000 1.681992
 1856.000000 1.679540
 1857.000000 1.676629
 1858.000000 1.672957
 1859.000000 1.668222
 1860.000000 1.662077
 1861.000000 1.654243
 1862.000000 1.644676
 1863.000000 1.633495
 1864.000000 1.621105
 1865.000000 1.608119
 1866.000000 1.595119
 1867.000000 1.582799
 1868.000000 1.571517
 1869.000000 1.561844
 1870.000000 1.554071
 1871.000000 1.548286
 1872.000000 1.544338
 1873.000000 1.541901
 1874.000000 1.540603
 1875.000000 1.540011
 1876.000000 1.539644
 1877.000000 1.539069
 1878.000000 1.537955
 1879.000000 1.536123
 1880.000000 1.533479
 1881.000000 1.530010
 1882.000000 1.525647
 1883.000000 1.520237
 1884.000000 1.513633
 1885.000000 1.505548
 1886.000000 1.495767
 1887.000000 1.484111
 1888.000000 1.470500
 1889.000000 1.454927
 1890.000000 1.438218
 1891.000000 1.421380
 1892.000000 1.405357
 1893.000000 1.391022
 1894.000000 1.379221
 1895.000000 1.370364
 1896.000000 1.364761
 1897.000000 1.362642
 1898.000000 1.364191
 1899.000000 1.369427
 1900.000000 1.378200
 1901.000000 1.390165
 1902.000000 1.404622
 1903.000000 1.420635
 1904.000000 1.437132
 1905.000000 1.452895
 1906.000000 1.467312
 1907.000000 1.480020
 1908.000000 1.491073
 1909.000000 1.500737
 1910.000000 1.509354
 1911.000000 1.517295
 1912.000000 1.524668
 1913.000000 1.531372
 1914.000000 1.537484
 1915.000000 1.542944
 1916.000000 1.547695
 1917.000000 1.551725
 1918.000000 1.555185
 1919.000000 1.558242
 1920.000000 1.560975
 1921.000000 1.563416
 1922.000000 1.565564
 1923.000000 1.567346
 1924.000000 1.568697
 1925.000000 1.569548
 1926.000000 1.569885
 1927.000000 1.569735
 1928.000000 1.569169
 1929.000000 1.568265
 1930.000000 1.567115
 1931.000000 1.565789
 1932.000000 1.564345
 1933.000000 1.562804
 1934.000000 1.561220
 1935.000000 1.559643
 1936.000000 1.558128
 1937.000000 1.556714
 1938.000000 1.555387
 1939.000000 1.554100
 1940.000000 1.552753
 1941.000000 1.551206
 1942.000000 1.549336
 1943.000000 1.547060
 1944.000000 1.544328
 1945.000000 1.541088
 1946.000000 1.537281
 1947.000000 1.532777
 1948.000000 1.527369
 1949.000000 1.520841
 1950.000000 1.512841
 1951.000000 1.502844
 1952.000000 1.490454
 1953.000000 1.475730
 1954.000000 1.458917
 1955.000000 1.440761
 1956.000000 1.422829
 1957.000000 1.406729
 1958.000000 1.394033
 1959.000000 1.385793
 1960.000000 1.382587
 1961.000000 1.384471
 1962.000000 1.391232
 1963.000000 1.402472
 1964.000000 1.417530
 1965.000000 1.435003
 1966.000000 1.453316
 1967.000000 1.470792
 1968.000000 1.486294
 1969.000000 1.499174
 1970.000000 1.509296
 1971.000000 1.517047
 1972.000000 1.522808
 1973.000000 1.527061
 1974.000000 1.530069
 1975.000000 1.531991
 1976.000000 1.532923
 1977.000000 1.532869
 1978.000000 1.531781
 1979.000000 1.529628
 1980.000000 1.526414
 1981.000000 1.522146
 1982.000000 1.516832
 1983.000000 1.510393
 1984.000000 1.502823
 1985.000000 1.494035
 1986.000000 1.484065
 1987.000000 1.473072
 1988.000000 1.461382
 1989.000000 1.449568
 1990.000000 1.438510
 1991.000000 1.429070
 1992.000000 1.422306
 1993.000000 1.418707
 1994.000000 1.418625
 1995.000000 1.422097
 1996.000000 1.428846
 1997.000000 1.438286
 1998.000000 1.449438
 1999.000000 1.461011
 2000.000000 1.471703
 2001.000000 1.480560
 2002.000000 1.487049
 2003.000000 1.490858
 2004.000000 1.491861
 2005.000000 1.490182
 2006.000000 1.486095
 2007.000000 1.480020
 2008.000000 1.472464
 2009.000000 1.463993
 2010.000000 1.455187
 2011.000000 1.446494
 2012.000000 1.438590
 2013.000000 1.431926
 2014.000000 1.426947
 2015.000000 1.423788
 2016.000000 1.422414
 2017.000000 1.422555
 2018.000000 1.423776
 2019.000000 1.425547
 2020.000000 1.427250
 2021.000000 1.428363
 2022.000000 1.428513
 2023.000000 1.427539
 2024.000000 1.425512
 2025.000000 1.422724
 2026.000000 1.419608
 2027.000000 1.416757
 2028.000000 1.414720
 2029.000000 1.414000
 2030.000000 1.414984
 2031.000000 1.417873
 2032.000000 1.422688
 2033.000000 1.429214
 2034.000000 1.436945
 2035.000000 1.445242
 2036.000000 1.453376
 2037.000000 1.460477
 2038.000000 1.465692
 2039.000000 1.468417
 2040.000000 1.468249
 2041.000000 1.465047
 2042.000000 1.458901
 2043.000000 1.450253
 2044.000000 1.439650
 2045.000000 1.427983
 2046.000000 1.416310
 2047.000000 1.405683
 2048.000000 1.397273
 2049.000000 1.391841
 2050.000000 1.389893
 2051.000000 1.391653
 2052.000000 1.397059
 2053.000000 1.405624
 2054.000000 1.416817
 2055.000000 1.429674
 2056.000000 1.443213
 2057.000000 1.456528
 2058.000000 1.468939
 2059.000000 1.480226
 2060.000000 1.490448
 2061.000000 1.499632
 2062.000000 1.507915
 2063.000000 1.515414
 2064.000000 1.522266
 2065.000000 1.528432
 2066.000000 1.534046
 2067.000000 1.539374
 2068.000000 1.544667
 2069.000000 1.550233
 2070.000000 1.556375
 2071.000000 1.563374
 2072.000000 1.571189
 2073.000000 1.579705
 2074.000000 1.588666
 2075.000000 1.597743
 2076.000000 1.606363
 2077.000000 1.614001
 2078.000000 1.620301
 2079.000000 1.624995
 2080.000000 1.628019
 2081.000000 1.629449
 2082.000000 1.629454
 2083.000000 1.628257
 2084.000000 1.626089
 2085.000000 1.623194
 2086.000000 1.619828
 2087.000000 1.616271
 2088.000000 1.612779
 2089.000000 1.609521
 2090.000000 1.606489
 2091.000000 1.603484
 2092.000000 1.600300
 2093.000000 1.596681
 2094.000000 1.592445
 2095.000000 1.587468
 2096.000000 1.581819
 2097.000000 1.575846
 2098.000000 1.569912
 2099.000000 1.564439
 2100.000000 1.559869
 2101.000000 1.556486
 2102.000000 1.554459
 2103.000000 1.553900
 2104.000000 1.554810
 2105.000000 1.557113
 2106.000000 1.560611
 2107.000000 1.565104
 2108.000000 1.570263
 2109.000000 1.575711
 2110.000000 1.581005
 2111.000000 1.585832
 2112.000000 1.589961
 2113.000000 1.593242
 2114.000000 1.595667
 2115.000000 1.597298
 2116.000000 1.598296
 2117.000000 1.598797
 2118.000000 1.598915
 2119.000000 1.598698
 2120.000000 1.598115
 2121.000000 1.597072
 2122.000000 1.595413
 2123.000000 1.592994
 2124.000000 1.589655
 2125.000000 1.585248
 2126.000000 1.579739
 2127.000000 1.573073
 2128.000000 1.565240
 2129.000000 1.556288
 2130.000000 1.546126
 2131.000000 1.534853
 2132.000000 1.522669
 2133.000000 1.509677
 2134.000000 1.495965
 2135.000000 1.481756
 2136.000000 1.467094
 2137.000000 1.452239
 2138.000000 1.437773
 2139.000000 1.424518
 2140.000000 1.413315
 2141.000000 1.404851
 2142.000000 1.399588
 2143.000000 1.397778
 2144.000000 1.399364
 2145.000000 1.404017
 2146.000000 1.411122
 2147.000000 1.419978
 2148.000000 1.429827
 2149.000000 1.439847
 2150.000000 1.449573
 2151.000000 1.458746
 2152.000000 1.467357
 2153.000000 1.475382
 2154.000000 1.482969
 2155.000000 1.490075
 2156.000000 1.496505
 2157.000000 1.502164
 2158.000000 1.506734
 2159.000000 1.509957
 2160.000000 1.511674
 2161.000000 1.511744
 2162.000000 1.510022
 2163.000000 1.506296
 2164.000000 1.500313
 2165.000000 1.491730
 2166.000000 1.480268
 2167.000000 1.465686
 2168.000000 1.448223
 2169.000000 1.428694
 2170.000000 1.408676
 2171.000000 1.389609
 2172.000000 1.373329
 2173.000000 1.360842
 2174.000000 1.353009
 2175.000000 1.350252
 2176.000000 1.352643
 2177.000000 1.359906
 2178.000000 1.371405
 2179.000000 1.386246
 2180.000000 1.402884
 2181.000000 1.419463
 2182.000000 1.434142
 2183.000000 1.445228
 2184.000000 1.451783
 2185.000000 1.453617
 2186.000000 1.450953
 2187.000000 1.444413
 2188.000000 1.435070
 2189.000000 1.424199
 2190.000000 1.413151
 2191.000000 1.402960
 2192.000000 1.394889
 2193.000000 1.389721
 2194.000000 1.387945
 2195.000000 1.389778
 2196.000000 1.395110
 2197.000000 1.403505
 2198.000000 1.414000
 2199.000000 1.425494
 2200.000000 1.436732
 2201.000000 1.446418
 2202.000000 1.453825
 2203.000000 1.458535
 2204.000000 1.460508
 2205.000000 1.459885
 2206.000000 1.456955
 2207.000000 1.452161
 2208.000000 1.445917
 2209.000000 1.438693
 2210.000000 1.431089
 2211.000000 1.423825
 2212.000000 1.417395
 2213.000000 1.412164
 2214.000000 1.408390
 2215.000000 1.406143
 2216.000000 1.405239
 2217.000000 1.405321
 2218.000000 1.405892
 2219.000000 1.406444
 2220.000000 1.406546
 2221.000000 1.405935
 2222.000000 1.404569
 2223.000000 1.402622
 2224.000000 1.400404
 2225.000000 1.398328
 2226.000000 1.396818
 2227.000000 1.396205
 2228.000000 1.396676
 2229.000000 1.398293
 2230.000000 1.400998
 2231.000000 1.404664
 2232.000000 1.409010
 2233.000000 1.413772
 2234.000000 1.418593
 2235.000000 1.423103
 2236.000000 1.426923
 2237.000000 1.429733
 2238.000000 1.431299
 2239.000000 1.431519
 2240.000000 1.430393
 2241.000000 1.428035
 2242.000000 1.424572
 2243.000000 1.420198
 2244.000000 1.415250
 2245.000000 1.410109
 2246.000000 1.405338
 2247.000000 1.401500
 2248.000000 1.399101
 2249.000000 1.398492
 2250.000000 1.399864
 2251.000000 1.403157
 2252.000000 1.408081
 2253.000000 1.414109
 2254.000000 1.420699
 2255.000000 1.427274
 2256.000000 1.433400
 2257.000000 1.438865
 2258.000000 1.443642
 2259.000000 1.447897
 2260.000000 1.451833
 2261.000000 1.455744
 2262.000000 1.459880
 2263.000000 1.464427
 2264.000000 1.469499
 2265.000000 1.475139
 2266.000000 1.481443
 2267.000000 1.488394
 2268.000000 1.495924
 2269.000000 1.503965
 2270.000000 1.512487
 2271.000000 1.521286
 2272.000000 1.530175
 2273.000000 1.538895
 2274.000000 1.547350
 2275.000000 1.555486
 2276.000000 1.563221
 2277.000000 1.570625
 2278.000000 1.577648
 2279.000000 1.584271
 2280.000000 1.590383
 2281.000000 1.595785
 2282.000000 1.600360
 2283.000000 1.604151
 2284.000000 1.607145
 2285.000000 1.609331
 2286.000000 1.610705
 2287.000000 1.611236
 2288.000000 1.610864
 2289.000000 1.609485
 2290.000000 1.606953
 2291.000000 1.603183
 2292.000000 1.598156
 2293.000000 1.591886
 2294.000000 1.584528
 2295.000000 1.576332
 2296.000000 1.567594
 2297.000000 1.558415
 2298.000000 1.549012
 2299.000000 1.539748
 2300.000000 1.530821
 2301.000000 1.522390
 2302.000000 1.514392
 2303.000000 1.506900
 2304.000000 1.499767
 2305.000000 1.492869
 2306.000000 1.485900
 2307.000000 1.478382
 2308.000000 1.469987
 2309.000000 1.460244
 2310.000000 1.448968
 2311.000000 1.436080
 2312.000000 1.421825
 2313.000000 1.406927
 2314.000000 1.392081
 2315.000000 1.378200
 2316.000000 1.366432
 2317.000000 1.357732
 2318.000000 1.353052
 2319.000000 1.352854
 2320.000000 1.357249
 2321.000000 1.365940
 2322.000000 1.378395
 2323.000000 1.393830
 2324.000000 1.410920
 2325.000000 1.428518
 2326.000000 1.445602
 2327.000000 1.461239
 2328.000000 1.474929
 2329.000000 1.486663
 2330.000000 1.496654
 2331.000000 1.505355
 2332.000000 1.513059
 2333.000000 1.520081
 2334.000000 1.526671
 2335.000000 1.532886
 2336.000000 1.538635
 2337.000000 1.543825
 2338.000000 1.548278
 2339.000000 1.551805
 2340.000000 1.554302
 2341.000000 1.555641
 2342.000000 1.555759
 2343.000000 1.554601
 2344.000000 1.552129
 2345.000000 1.548393
 2346.000000 1.543555
 2347.000000 1.537901
 2348.000000 1.531756
 2349.000000 1.525525
 2350.000000 1.519596
 2351.000000 1.514293
 2352.000000 1.509867
 2353.000000 1.506496
 2354.000000 1.504229
 2355.000000 1.503087
 2356.000000 1.503037
 2357.000000 1.503987
 2358.000000 1.505826
 2359.000000 1.508391
 2360.000000 1.511450
 2361.000000 1.514757
 2362.000000 1.518066
 2363.000000 1.521154
 2364.000000 1.523805
 2365.000000 1.525949
 2366.000000 1.527628
 2367.000000 1.529040
 2368.000000 1.530447
 2369.000000 1.532160
 2370.000000 1.534500
 2371.000000 1.537775
 2372.000000 1.542258
 2373.000000 1.548165
 2374.000000 1.555576
 2375.000000 1.564462
 2376.000000 1.574691
 2377.000000 1.585917
 2378.000000 1.597652
 2379.000000 1.609399
 2380.000000 1.620803
 2381.000000 1.631662
 2382.000000 1.641819
 2383.000000 1.651241
 2384.000000 1.660125
 2385.000000 1.668646
 2386.000000 1.677125
 2387.000000 1.685724
 2388.000000 1.694814
 2389.000000 1.704873
 2390.000000 1.716273
 2391.000000 1.729553
 2392.000000 1.745154
 2393.000000 1.763819
 2394.000000 1.785355
 2395.000000 1.808542
 2396.000000 1.831588
 2397.000000 1.852917
 2398.000000 1.872621
 2399.000000 1.891305
 2400.000000 1.909964
 2401.000000 1.929263
 2402.000000 1.949355
 2403.000000 1.969788
 2404.000000 1.989320
 2405.000000 2.006609
 2406.000000 2.020491
 2407.000000 2.030887
 2408.000000 2.038206
 2409.000000 2.042996
 2410.000000 2.045763
 2411.000000 2.046977
 2412.000000 2.047009
 2413.000000 2.046112
 2414.000000 2.044352
 2415.000000 2.041583
 2416.000000 2.037518
 2417.000000 2.031749
 2418.000000 2.023958
 2419.000000 2.014054
 2420.000000 2.002443
 2421.000000 1.989815
 2422.000000 1.977412
 2423.000000 1.966816
 2424.000000 1.959364
 2425.000000 1.956017
 2426.000000 1.957205
 2427.000000 1.962831
 2428.000000 1.972219
 2429.000000 1.984040
 2430.000000 1.996784
 2431.000000 2.008770
 2432.000000 2.019031
 2433.000000 2.026808
 2434.000000 2.031859
 2435.000000 2.034165
 2436.000000 2.033921
 2437.000000 2.031423
 2438.000000 2.026962
 2439.000000 2.020831
 2440.000000 2.013325
 2441.000000 2.004708
 2442.000000 1.995195
 2443.000000 1.984978
 2444.000000 1.974518
 2445.000000 1.964493
 2446.000000 1.955594
 2447.000000 1.948578
 2448.000000 1.943885
 2449.000000 1.941680
 2450.000000 1.941884
 2451.000000 1.944213
 2452.000000 1.948154
 2453.000000 1.953092
 2454.000000 1.958271
 2455.000000 1.962983
 2456.000000 1.966602
 2457.000000 1.968576
 2458.000000 1.968568
 2459.000000 1.966491
 2460.000000 1.962531
 2461.000000 1.957155
 2462.000000 1.951036
 2463.000000 1.944934
 2464.000000 1.939552
 2465.000000 1.935565
 2466.000000 1.933416
 2467.000000 1.933277
 2468.000000 1.935054
 2469.000000 1.938467
 2470.000000 1.942993
 2471.000000 1.947962
 2472.000000 1.952757
 2473.000000 1.956913
 2474.000000 1.960121
 2475.000000 1.962347
 2476.000000 1.963709
 2477.000000 1.964454
 2478.000000 1.964865
 2479.000000 1.965206
 2480.000000 1.965673
 2481.000000 1.966382
 2482.000000 1.967369
 2483.000000 1.968612
 2484.000000 1.970078
 2485.000000 1.971713
 2486.000000 1.973452
 2487.000000 1.975259
 2488.000000 1.977112
 2489.000000 1.979033
 2490.000000 1.981065
 2491.000000 1.983303
 2492.000000 1.985808
 2493.000000 1.988649
 2494.000000 1.991867
 2495.000000 1.995479
 2496.000000 1.999496
 2497.000000 2.003961
 2498.000000 2.008906
 2499.000000 2.014388
 2500.000000 2.020462
 2501.000000 2.027174
 2502.000000 2.034575
 2503.000000 2.042744
 2504.000000 2.051851
 2505.000000 2.062106
 2506.000000 2.073567
 2507.000000 2.086306
 2508.000000 2.100516
 2509.000000 2.116113
 2510.000000 2.132952
 2511.000000 2.150486
 2512.000000 2.168144
 2513.000000 2.185026
 2514.000000 2.200017
 2515.000000 2.212412
 2516.000000 2.221893
 2517.000000 2.228490
 2518.000000 2.232300
 2519.000000 2.233766
 2520.000000 2.233287
 2521.000000 2.231243
 2522.000000 2.227917
 2523.000000 2.223467
 2524.000000 2.217908
 2525.000000 2.211195
 2526.000000 2.203242
 2527.000000 2.194078
 2528.000000 2.183830
 2529.000000 2.172550
 2530.000000 2.160499
 2531.000000 2.148204
 2532.000000 2.135977
 2533.000000 2.124169
 2534.000000 2.113164
 2535.000000 2.102974
 2536.000000 2.093577
 2537.000000 2.084862
 2538.000000 2.076686
 2539.000000 2.068991
 2540.000000 2.061780
 2541.000000 2.055090
 2542.000000 2.048898
 2543.000000 2.043372
 2544.000000 2.038519
 2545.000000 2.034424
 2546.000000 2.031145
 2547.000000 2.028664
 2548.000000 2.026848
 2549.000000 2.025412
 2550.000000 2.023978
 2551.000000 2.022120
 2552.000000 2.019378
 2553.000000 2.015422
 2554.000000 2.010070
 2555.000000 2.003342
 2556.000000 1.995455
 2557.000000 1.986887
 2558.000000 1.978038
 2559.000000 1.969542
 2560.000000 1.961945
 2561.000000 1.955620
 2562.000000 1.950770
 2563.000000 1.947547
 2564.000000 1.946261
 2565.000000 1.947090
 2566.000000 1.950103
 2567.000000 1.955211
 2568.000000 1.962344
 2569.000000 1.971221
 2570.000000 1.981463
 2571.000000 1.992804
 2572.000000 2.004993
 2573.000000 2.017872
 2574.000000 2.031366
 2575.000000 2.045464
 2576.000000 2.060639
 2577.000000 2.077297
 2578.000000 2.095937
 2579.000000 2.116921
 2580.000000 2.140041
 2581.000000 2.164136
 2582.000000 2.187064
 2583.000000 2.206727
 2584.000000 2.222040
 2585.000000 2.232534
 2586.000000 2.238266
 2587.000000 2.239546
 2588.000000 2.236817
 2589.000000 2.230559
 2590.000000 2.221370
 2591.000000 2.209911
 2592.000000 2.197027
 2593.000000 2.183613
 2594.000000 2.170829
 2595.000000 2.159584
 2596.000000 2.150549
 2597.000000 2.143939
 2598.000000 2.139653
 2599.000000 2.137435
 2600.000000 2.136903
 2601.000000 2.137644
 2602.000000 2.139309
 2603.000000 2.141683
 2604.000000 2.144646
 2605.000000 2.148201
 2606.000000 2.152466
 2607.000000 2.157493
 2608.000000 2.163393
 2609.000000 2.170059
 2610.000000 2.177468
 2611.000000 2.185443
 2612.000000 2.193905
 2613.000000 2.202450
 2614.000000 2.210888
 2615.000000 2.218954
 2616.000000 2.226453
 2617.000000 2.233199
 2618.000000 2.239067
 2619.000000 2.243713
 2620.000000 2.246728
 2621.000000 2.247658
 2622.000000 2.246018
 2623.000000 2.241351
 2624.000000 2.233298
 2625.000000 2.221553
 2626.000000 2.206243
 2627.000000 2.188033
 2628.000000 2.168151
 2629.000000 2.148358
 2630.000000 2.129951
 2631.000000 2.113480
 2632.000000 2.099102
 2633.000000 2.086923
 2634.000000 2.076605
 2635.000000 2.067687
 2636.000000 2.059747
 2637.000000 2.052367
 2638.000000 2.045026
 2639.000000 2.037142
 2640.000000 2.028308
 2641.000000 2.018351
 2642.000000 2.006605
 2643.000000 1.992868
 2644.000000 1.977292
 2645.000000 1.960313
 2646.000000 1.942534
 2647.000000 1.924477
 2648.000000 1.906660
 2649.000000 1.889191
 2650.000000 1.871465
 2651.000000 1.852903
 2652.000000 1.833106
 2653.000000 1.812670
 2654.000000 1.793123
 2655.000000 1.776149
 2656.000000 1.763019
 2657.000000 1.754225
 2658.000000 1.749852
 2659.000000 1.749751
 2660.000000 1.753721
 2661.000000 1.761450
 2662.000000 1.772442
 2663.000000 1.785958
 2664.000000 1.800576
 2665.000000 1.814996
 2666.000000 1.827729
 2667.000000 1.837668
 2668.000000 1.844374
 2669.000000 1.847735
 2670.000000 1.847975
 2671.000000 1.845384
 2672.000000 1.840333
 2673.000000 1.833319
 2674.000000 1.824925
 2675.000000 1.815920
 2676.000000 1.807261
 2677.000000 1.799847
 2678.000000 1.794259
 2679.000000 1.791013
 2680.000000 1.790305
 2681.000000 1.792023
 2682.000000 1.795807
 2683.000000 1.801184
 2684.000000 1.807632
 2685.000000 1.814609
 2686.000000 1.821479
 2687.000000 1.827722
 2688.000000 1.833071
 2689.000000 1.837499
 2690.000000 1.840968
 2691.000000 1.843506
 2692.000000 1.845193
 2693.000000 1.846141
 2694.000000 1.846458
 2695.000000 1.846251
 2696.000000 1.845657
 2697.000000 1.844833
 2698.000000 1.843953
 2699.000000 1.843140
 2700.000000 1.842481
 2701.000000 1.841986
 2702.000000 1.841598
 2703.000000 1.841227
 2704.000000 1.840807
 2705.000000 1.840319
 2706.000000 1.839831
 2707.000000 1.839446
 2708.000000 1.839267
 2709.000000 1.839352
 2710.000000 1.839700
 2711.000000 1.840274
 2712.000000 1.841022
 2713.000000 1.841870
 2714.000000 1.842768
 2715.000000 1.843657
 2716.000000 1.844474
 2717.000000 1.845109
 2718.000000 1.845429
 2719.000000 1.845278
 2720.000000 1.844499
 2721.000000 1.842948
 2722.000000 1.840474
 2723.000000 1.837034
 2724.000000 1.832585
 2725.000000 1.827099
 2726.000000 1.820700
 2727.000000 1.813592
 2728.000000 1.806261
 2729.000000 1.799041
 2730.000000 1.792404
 2731.000000 1.786690
 2732.000000 1.782121
 2733.000000 1.778787
 2734.000000 1.776556
 2735.000000 1.775182
 2736.000000 1.774368
 2737.000000 1.773823
 2738.000000 1.773305
 2739.000000 1.772649
 2740.000000 1.771779
 2741.000000 1.770738
 2742.000000 1.769636
 2743.000000 1.768620
 2744.000000 1.767899
 2745.000000 1.767682
 2746.000000 1.768161
 2747.000000 1.769500
 2748.000000 1.771813
 2749.000000 1.775132
 2750.000000 1.779446
 2751.000000 1.784675
 2752.000000 1.790737
 2753.000000 1.797307
 2754.000000 1.804056
 2755.000000 1.810456
 2756.000000 1.816173
 2757.000000 1.820809
 2758.000000 1.824074
 2759.000000 1.825776
 2760.000000 1.825759
 2761.000000 1.823859
 2762.000000 1.819965
 2763.000000 1.814064
 2764.000000 1.806236
 2765.000000 1.796864
 2766.000000 1.786851
 2767.000000 1.777101
 2768.000000 1.768678
 2769.000000 1.762451
 2770.000000 1.759099
 2771.000000 1.758988
 2772.000000 1.762219
 2773.000000 1.768584
 2774.000000 1.777742
 2775.000000 1.788997
 2776.000000 1.801655
 2777.000000 1.814731
 2778.000000 1.827303
 2779.000000 1.839193
 2780.000000 1.850310
 2781.000000 1.860865
 2782.000000 1.871343
 2783.000000 1.882307
 2784.000000 1.894352
 2785.000000 1.907730
 2786.000000 1.922453
 2787.000000 1.938107
 2788.000000 1.954200
 2789.000000 1.970175
 2790.000000 1.985247
 2791.000000 1.999052
 2792.000000 2.011482
 2793.000000 2.022713
 2794.000000 2.032954
 2795.000000 2.042329
 2796.000000 2.051163
 2797.000000 2.059765
