#! FIELDS time d
 0.000000 1.425431
 1.000000 1.429151
 2.000000 1.428452
 3.000000 1.423714
 4.000000 1.415822
 5.000000 1.405952
 6.000000 1.395630
 7.000000 1.386258
 8.000000 1.379106
 9.000000 1.374942
 10.000000 1.374126
 11.000000 1.376512
 12.000000 1.381559
 13.000000 1.388387
 14.000000 1.396054
 15.000000 1.403573
 16.000000 1.410047
 17.000000 1.414752
 18.000000 1.417075
 19.000000 1.416719
 20.000000 1.413657
 21.000000 1.408194
 22.000000 1.400826
 23.000000 1.392428
 24.000000 1.383988
 25.000000 1.376541
 26.000000 1.371179
 27.000000 1.368749
 28.000000 1.369747
 29.000000 1.374161
 30.000000 1.381448
 31.000000 1.390793
 32.000000 1.400939
 33.000000 1.410463
 34.000000 1.418484
 35.000000 1.423980
 36.000000 1.426387
 37.000000 1.425517
 38.000000 1.421602
 39.000000 1.415285
 40.000000 1.407518
 41.000000 1.399289
 42.000000 1.391803
 43.000000 1.386083
 44.000000 1.382920
 45.000000 1.382702
 46.000000 1.385423
 47.000000 1.390642
 48.000000 1.397506
 49.000000 1.404980
 50.000000 1.411908
 51.000000 1.417209
 52.000000 1.419991
 53.000000 1.419765
 54.000000 1.416515
 55.000000 1.410639
 56.000000 1.403013
 57.000000 1.394580
 58.000000 1.386466
 59.000000 1.379776
 60.000000 1.375191
 61.000000 1.373082
 62.000000 1.373634
 63.000000 1.376782
 64.000000 1.382254
 65.000000 1.389690
 66.000000 1.398479
 67.000000 1.407783
 68.000000 1.416713
 69.000000 1.424336
 70.000000 1.429834
 71.000000 1.432598
 72.000000 1.432288
 73.000000 1.428924
 74.000000 1.422954
 75.000000 1.415101
 76.000000 1.406389
 77.000000 1.398035
 78.000000 1.391412
 79.000000 1.387564
 80.000000 1.387107
 81.000000 1.390234
 82.000000 1.396605
 83.000000 1.405335
 84.000000 1.415168
 85.000000 1.424743
 86.000000 1.432525
 87.000000 1.437351
 88.000000 1.438355
 89.000000 1.435087
 90.000000 1.427676
 91.000000 1.416727
 92.000000 1.403261
 93.000000 1.389083
 94.000000 1.375979
 95.000000 1.365685
 96.000000 1.359600
 97.000000 1.358624
 98.000000 1.362860
 99.000000 1.371558
 100.000000 1.383394
 101.000000 1.396690
 102.000000 1.409571
 103.000000 1.420655
 104.000000 1.428767
 105.000000 1.433039
 106.000000 1.433264
 107.000000 1.429586
 108.000000 1.422447
 109.000000 1.412754
 110.000000 1.401674
 111.000000 1.390384
 112.000000 1.380185
 113.000000 1.372207
 114.000000 1.367462
 115.000000 1.366555
 116.000000 1.369521
 117.000000 1.375883
 118.000000 1.384714
 119.000000 1.394745
 120.000000 1.404560
 121.000000 1.412776
 122.000000 1.418193
 123.000000 1.420202
 124.000000 1.418689
 125.000000 1.413993
 126.000000 1.406907
 127.000000 1.398507
 128.000000 1.389944
 129.000000 1.382564
 130.000000 1.377632
 131.000000 1.375955
 132.000000 1.377935
 133.000000 1.383482
 134.000000 1.391913
 135.000000 1.402154
 136.000000 1.412868
 137.000000 1.422709
 138.000000 1.430469
 139.000000 1.435065
 140.000000 1.435908
 141.000000 1.432765
 142.000000 1.425904
 143.000000 1.416115
 144.000000 1.404498
 145.000000 1.392456
 146.000000 1.381629
 147.000000 1.373299
 148.000000 1.368468
 149.000000 1.367696
 150.000000 1.370845
 151.000000 1.377273
 152.000000 1.385863
 153.000000 1.395295
 154.000000 1.404113
 155.000000 1.411184
 156.000000 1.415735
 157.000000 1.417309
 158.000000 1.415846
 159.000000 1.411666
 160.000000 1.405453
 161.000000 1.398130
 162.000000 1.390828
 163.000000 1.384416
 164.000000 1.379810
 165.000000 1.377671
 166.000000 1.378392
 167.000000 1.381968
 168.000000 1.388090
 169.000000 1.396118
 170.000000 1.405148
 171.000000 1.414154
 172.000000 1.422220
 173.000000 1.428403
 174.000000 1.431905
 175.000000 1.432070
 176.000000 1.428588
 177.000000 1.421565
 178.000000 1.411459
 179.000000 1.399081
 180.000000 1.385832
 181.000000 1.373095
 182.000000 1.362645
 183.000000 1.356082
 184.000000 1.354360
 185.000000 1.357768
 186.000000 1.365941
 187.000000 1.377609
 188.000000 1.391311
 189.000000 1.405256
 190.000000 1.417596
 191.000000 1.427076
 192.000000 1.432774
 193.000000 1.434207
 194.000000 1.431442
 195.000000 1.425070
 196.000000 1.415999
 197.000000 1.405614
 198.000000 1.395324
 199.000000 1.386484
 200.000000 1.380184
 201.000000 1.377289
 202.000000 1.378101
 203.000000 1.382341
 204.000000 1.389160
 205.000000 1.397615
 206.000000 1.406360
 207.000000 1.414153
 208.000000 1.419912
 209.000000 1.422787
 210.000000 1.422399
 211.000000 1.418723
 212.000000 1.412123
 213.000000 1.403343
 214.000000 1.393636
 215.000000 1.384089
 216.000000 1.375830
 217.000000 1.369916
 218.000000 1.367047
 219.000000 1.367623
 220.000000 1.371543
 221.000000 1.378311
 222.000000 1.387019
 223.000000 1.396737
 224.000000 1.406238
 225.000000 1.414325
 226.000000 1.420100
 227.000000 1.422943
 228.000000 1.422630
 229.000000 1.419264
 230.000000 1.413242
 231.000000 1.405402
 232.000000 1.396853
 233.000000 1.388869
 234.000000 1.382682
 235.000000 1.379299
 236.000000 1.379391
 237.000000 1.383037
 238.000000 1.389787
 239.000000 1.398646
 240.000000 1.408335
 241.000000 1.417400
 242.000000 1.424503
 243.000000 1.428674
 244.000000 1.429197
 245.000000 1.425857
 246.000000 1.418942
 247.000000 1.409262
 248.000000 1.398036
 249.000000 1.386607
 250.000000 1.376623
 251.000000 1.369520
 252.000000 1.366316
 253.000000 1.367562
 254.000000 1.373222
 255.000000 1.382628
 256.000000 1.394548
 257.000000 1.407646
 258.000000 1.420690
 259.000000 1.432151
 260.000000 1.440918
 261.000000 1.445947
 262.000000 1.446596
 263.000000 1.442672
 264.000000 1.434398
 265.000000 1.422472
 266.000000 1.408073
 267.000000 1.392647
 268.000000 1.378078
 269.000000 1.366118
 270.000000 1.358417
 271.000000 1.356135
 272.000000 1.359629
 273.000000 1.368387
 274.000000 1.380929
 275.000000 1.395490
 276.000000 1.410273
 277.000000 1.423405
 278.000000 1.433302
 279.000000 1.438820
 280.000000 1.439368
 281.000000 1.434828
 282.000000 1.425548
 283.000000 1.412454
 284.000000 1.396986
 285.000000 1.381096
 286.000000 1.366721
 287.000000 1.355755
 288.000000 1.349806
 289.000000 1.349742
 290.000000 1.355522
 291.000000 1.366276
 292.000000 1.380303
 293.000000 1.395421
 294.000000 1.409412
 295.000000 1.420503
 296.000000 1.427442
 297.000000 1.429603
 298.000000 1.426919
 299.000000 1.419768
 300.000000 1.408954
 301.000000 1.395812
 302.000000 1.382185
 303.000000 1.369945
 304.000000 1.360781
 305.000000 1.356173
 306.000000 1.356879
 307.000000 1.362821
 308.000000 1.372986
 309.000000 1.385624
 310.000000 1.398858
 311.000000 1.410891
 312.000000 1.419801
 313.000000 1.424370
 314.000000 1.424100
 315.000000 1.419099
 316.000000 1.410175
 317.000000 1.398472
 318.000000 1.385646
 319.000000 1.373597
 320.000000 1.363914
 321.000000 1.358037
 322.000000 1.356789
 323.000000 1.360293
 324.000000 1.368001
 325.000000 1.378749
 326.000000 1.390834
 327.000000 1.402600
 328.000000 1.412472
 329.000000 1.419199
 330.000000 1.421955
 331.000000 1.420414
 332.000000 1.414751
 333.000000 1.405630
 334.000000 1.394237
 335.000000 1.381979
 336.000000 1.370648
 337.000000 1.361921
 338.000000 1.357172
 339.000000 1.357207
 340.000000 1.362135
 341.000000 1.371452
 342.000000 1.383871
 343.000000 1.397837
 344.000000 1.411684
 345.000000 1.423836
 346.000000 1.432973
 347.000000 1.437940
 348.000000 1.438123
 349.000000 1.433353
 350.000000 1.424041
 351.000000 1.411054
 352.000000 1.395659
 353.000000 1.379479
 354.000000 1.364481
 355.000000 1.352876
 356.000000 1.346334
 357.000000 1.345934
 358.000000 1.351821
 359.000000 1.363216
 360.000000 1.378693
 361.000000 1.396001
 362.000000 1.412995
 363.000000 1.427619
 364.000000 1.438235
 365.000000 1.443846
 366.000000 1.443938
 367.000000 1.438708
 368.000000 1.428982
 369.000000 1.416124
 370.000000 1.401877
 371.000000 1.388408
 372.000000 1.377554
 373.000000 1.370767
 374.000000 1.368943
 375.000000 1.372317
 376.000000 1.380175
 377.000000 1.391289
 378.000000 1.404127
 379.000000 1.416989
 380.000000 1.428105
 381.000000 1.435974
 382.000000 1.439682
 383.000000 1.438734
 384.000000 1.433098
 385.000000 1.423199
 386.000000 1.410089
 387.000000 1.395249
 388.000000 1.380634
 389.000000 1.368039
 390.000000 1.359284
 391.000000 1.355626
 392.000000 1.357663
 393.000000 1.365133
 394.000000 1.377030
 395.000000 1.391741
 396.000000 1.407346
 397.000000 1.421643
 398.000000 1.433015
 399.000000 1.440236
 400.000000 1.442701
 401.000000 1.440240
 402.000000 1.433193
 403.000000 1.422573
 404.000000 1.409703
 405.000000 1.396314
 406.000000 1.384079
 407.000000 1.374718
 408.000000 1.369429
 409.000000 1.368858
 410.000000 1.372881
 411.000000 1.380681
 412.000000 1.390845
 413.000000 1.401719
 414.000000 1.411355
 415.000000 1.418061
 416.000000 1.420747
 417.000000 1.418842
 418.000000 1.412486
 419.000000 1.402662
 420.000000 1.390684
 421.000000 1.378215
 422.000000 1.367386
 423.000000 1.359671
 424.000000 1.356235
 425.000000 1.357509
 426.000000 1.363254
 427.000000 1.372775
 428.000000 1.384758
 429.000000 1.397812
 430.000000 1.410421
 431.000000 1.421137
 432.000000 1.429070
 433.000000 1.433483
 434.000000 1.433945
 435.000000 1.430350
 436.000000 1.422935
 437.000000 1.412499
 438.000000 1.400202
 439.000000 1.387594
 440.000000 1.376097
 441.000000 1.367266
 442.000000 1.362445
 443.000000 1.362394
 444.000000 1.367293
 445.000000 1.376519
 446.000000 1.388830
 447.000000 1.402407
 448.000000 1.415152
 449.000000 1.425256
 450.000000 1.431238
 451.000000 1.432253
 452.000000 1.428076
 453.000000 1.419076
 454.000000 1.406249
 455.000000 1.391208
 456.000000 1.375887
 457.000000 1.362567
 458.000000 1.353464
 459.000000 1.350033
 460.000000 1.353122
 461.000000 1.362465
 462.000000 1.376834
 463.000000 1.394278
 464.000000 1.412622
 465.000000 1.429851
 466.000000 1.444089
 467.000000 1.453935
 468.000000 1.458453
 469.000000 1.457352
 470.000000 1.450861
 471.000000 1.439734
 472.000000 1.425304
 473.000000 1.409155
 474.000000 1.393108
 475.000000 1.378946
 476.000000 1.368205
 477.000000 1.362096
 478.000000 1.361098
 479.000000 1.364939
 480.000000 1.372715
 481.000000 1.383106
 482.000000 1.394595
 483.000000 1.405617
 484.000000 1.414708
 485.000000 1.420740
 486.000000 1.423025
 487.000000 1.421393
 488.000000 1.416175
 489.000000 1.408179
 490.000000 1.398575
 491.000000 1.388729
 492.000000 1.380050
 493.000000 1.373820
 494.000000 1.371138
 495.000000 1.372523
 496.000000 1.377965
 497.000000 1.386866
 498.000000 1.398082
 499.000000 1.410133
 500.000000 1.421476
 501.000000 1.430681
 502.000000 1.436532
 503.000000 1.438550
 504.000000 1.436618
 505.000000 1.431086
 506.000000 1.422604
 507.000000 1.412169
 508.000000 1.400958
 509.000000 1.390415
 510.000000 1.381878
 511.000000 1.376316
 512.000000 1.374452
 513.000000 1.376402
 514.000000 1.381757
 515.000000 1.389538
 516.000000 1.398496
 517.000000 1.407042
 518.000000 1.413510
 519.000000 1.416636
 520.000000 1.415824
 521.000000 1.411205
 522.000000 1.403684
 523.000000 1.394760
 524.000000 1.386030
 525.000000 1.379188
 526.000000 1.375608
 527.000000 1.376027
 528.000000 1.380458
 529.000000 1.388298
 530.000000 1.398610
 531.000000 1.409780
 532.000000 1.420331
 533.000000 1.429155
 534.000000 1.435190
 535.000000 1.437782
 536.000000 1.436767
 537.000000 1.432301
 538.000000 1.424833
 539.000000 1.414888
 540.000000 1.403215
 541.000000 1.390963
 542.000000 1.379218
 543.000000 1.369023
 544.000000 1.361653
 545.000000 1.357981
 546.000000 1.358595
 547.000000 1.363484
 548.000000 1.372013
 549.000000 1.382934
 550.000000 1.394534
 551.000000 1.404980
 552.000000 1.412814
 553.000000 1.416935
 554.000000 1.416795
 555.000000 1.412400
 556.000000 1.404298
 557.000000 1.393503
 558.000000 1.381473
 559.000000 1.370070
 560.000000 1.361328
 561.000000 1.357027
 562.000000 1.358270
 563.000000 1.365306
 564.000000 1.377253
 565.000000 1.392391
 566.000000 1.408747
 567.000000 1.424013
 568.000000 1.436112
 569.000000 1.443429
 570.000000 1.444843
 571.000000 1.440033
 572.000000 1.429631
 573.000000 1.415196
 574.000000 1.398647
 575.000000 1.382393
 576.000000 1.368614
 577.000000 1.359296
 578.000000 1.355583
 579.000000 1.357805
 580.000000 1.365235
 581.000000 1.376322
 582.000000 1.388992
 583.000000 1.401260
 584.000000 1.411517
 585.000000 1.418606
 586.000000 1.421863
 587.000000 1.421275
 588.000000 1.417155
 589.000000 1.410165
 590.000000 1.401210
 591.000000 1.391568
 592.000000 1.382435
 593.000000 1.374964
 594.000000 1.369946
 595.000000 1.367839
 596.000000 1.368782
 597.000000 1.372650
 598.000000 1.379052
 599.000000 1.387450
 600.000000 1.397026
 601.000000 1.406730
 602.000000 1.415302
 603.000000 1.421546
 604.000000 1.424494
 605.000000 1.423566
 606.000000 1.418659
 607.000000 1.410177
 608.000000 1.399093
 609.000000 1.386774
 610.000000 1.374983
 611.000000 1.365673
 612.000000 1.360461
 613.000000 1.360384
 614.000000 1.365682
 615.000000 1.375663
 616.000000 1.389052
 617.000000 1.403980
 618.000000 1.418487
 619.000000 1.430628
 620.000000 1.438735
 621.000000 1.441498
 622.000000 1.438217
 623.000000 1.428968
 624.000000 1.414658
 625.000000 1.396839
 626.000000 1.378141
 627.000000 1.361413
 628.000000 1.349094
 629.000000 1.343277
 630.000000 1.344733
 631.000000 1.353088
 632.000000 1.366832
 633.000000 1.383625
 634.000000 1.400820
 635.000000 1.416452
 636.000000 1.428934
 637.000000 1.437177
 638.000000 1.440852
 639.000000 1.440065
 640.000000 1.435208
 641.000000 1.427024
 642.000000 1.416333
 643.000000 1.404269
 644.000000 1.392085
 645.000000 1.380851
 646.000000 1.371859
 647.000000 1.366168
 648.000000 1.364519
 649.000000 1.367208
 650.000000 1.374028
 651.000000 1.384175
 652.000000 1.396286
 653.000000 1.408579
 654.000000 1.419218
 655.000000 1.426686
 656.000000 1.429941
 657.000000 1.428523
 658.000000 1.422596
 659.000000 1.413022
 660.000000 1.401083
 661.000000 1.388312
 662.000000 1.376611
 663.000000 1.367707
 664.000000 1.363388
 665.000000 1.364516
 666.000000 1.371201
 667.000000 1.382763
 668.000000 1.397541
 669.000000 1.413508
 670.000000 1.428619
 671.000000 1.441006
 672.000000 1.449209
 673.000000 1.452014
 674.000000 1.448950
 675.000000 1.440209
 676.000000 1.426711
 677.000000 1.410044
 678.000000 1.392197
 679.000000 1.375388
 680.000000 1.361815
 681.000000 1.353193
 682.000000 1.350548
 683.000000 1.353861
 684.000000 1.362188
 685.000000 1.373673
 686.000000 1.386148
 687.000000 1.397831
 688.000000 1.407132
 689.000000 1.413117
 690.000000 1.415381
 691.000000 1.414087
 692.000000 1.409834
 693.000000 1.403510
 694.000000 1.396265
 695.000000 1.389233
 696.000000 1.383576
 697.000000 1.380187
 698.000000 1.379630
 699.000000 1.382022
 700.000000 1.387079
 701.000000 1.394195
 702.000000 1.402455
 703.000000 1.410790
 704.000000 1.418067
 705.000000 1.423259
 706.000000 1.425547
 707.000000 1.424392
 708.000000 1.419670
 709.000000 1.411689
 710.000000 1.401198
 711.000000 1.389371
 712.000000 1.377859
 713.000000 1.368156
 714.000000 1.361516
 715.000000 1.358939
 716.000000 1.360833
 717.000000 1.366948
 718.000000 1.376568
 719.000000 1.388576
 720.000000 1.401432
 721.000000 1.413692
 722.000000 1.424033
 723.000000 1.431334
 724.000000 1.434753
 725.000000 1.433809
 726.000000 1.428449
 727.000000 1.419243
 728.000000 1.407326
 729.000000 1.394373
 730.000000 1.382433
 731.000000 1.373460
 732.000000 1.368954
 733.000000 1.369625
 734.000000 1.375369
 735.000000 1.385251
 736.000000 1.397791
 737.000000 1.411213
 738.000000 1.423658
 739.000000 1.433599
 740.000000 1.439808
 741.000000 1.441494
 742.000000 1.438321
 743.000000 1.430465
 744.000000 1.418575
 745.000000 1.403914
 746.000000 1.387949
 747.000000 1.372601
 748.000000 1.359926
 749.000000 1.351661
 750.000000 1.348816
 751.000000 1.351649
 752.000000 1.359558
 753.000000 1.371149
 754.000000 1.384516
 755.000000 1.397918
 756.000000 1.409705
 757.000000 1.418643
 758.000000 1.424139
 759.000000 1.425930
 760.000000 1.424333
 761.000000 1.420001
 762.000000 1.413791
 763.000000 1.406644
 764.000000 1.399401
 765.000000 1.392830
 766.000000 1.387686
 767.000000 1.384609
 768.000000 1.384010
 769.000000 1.386104
 770.000000 1.390851
 771.000000 1.397941
 772.000000 1.406616
 773.000000 1.415942
 774.000000 1.424846
 775.000000 1.432118
 776.000000 1.436524
 777.000000 1.437182
 778.000000 1.433548
 779.000000 1.425477
 780.000000 1.413617
 781.000000 1.399025
 782.000000 1.383287
 783.000000 1.368473
 784.000000 1.356639
 785.000000 1.349341
 786.000000 1.347689
 787.000000 1.351956
 788.000000 1.361556
 789.000000 1.375162
 790.000000 1.391075
 791.000000 1.407389
 792.000000 1.422193
 793.000000 1.434041
 794.000000 1.441942
 795.000000 1.445255
 796.000000 1.443887
 797.000000 1.438208
 798.000000 1.429068
 799.000000 1.417733
 800.000000 1.405814
 801.000000 1.394614
 802.000000 1.385625
 803.000000 1.380042
 804.000000 1.378521
 805.000000 1.381016
 806.000000 1.386919
 807.000000 1.395111
 808.000000 1.404130
 809.000000 1.412424
 810.000000 1.418723
 811.000000 1.421968
 812.000000 1.421585
 813.000000 1.417439
 814.000000 1.409877
 815.000000 1.399543
 816.000000 1.387540
 817.000000 1.375189
 818.000000 1.363952
 819.000000 1.355383
 820.000000 1.350600
 821.000000 1.350473
 822.000000 1.355226
 823.000000 1.364507
 824.000000 1.377305
 825.000000 1.392068
 826.000000 1.407251
 827.000000 1.420873
 828.000000 1.431542
 829.000000 1.438134
 830.000000 1.439991
 831.000000 1.436926
 832.000000 1.429220
 833.000000 1.417553
 834.000000 1.403263
 835.000000 1.387864
 836.000000 1.373104
 837.000000 1.360888
 838.000000 1.353043
 839.000000 1.350575
 840.000000 1.353751
 841.000000 1.362032
 842.000000 1.374097
 843.000000 1.388174
 844.000000 1.402395
 845.000000 1.414848
 846.000000 1.423824
 847.000000 1.428034
 848.000000 1.426881
 849.000000 1.420498
 850.000000 1.409636
 851.000000 1.395873
 852.000000 1.381158
 853.000000 1.367830
 854.000000 1.358012
 855.000000 1.353140
 856.000000 1.353795
 857.000000 1.359761
 858.000000 1.370031
 859.000000 1.383202
 860.000000 1.397468
 861.000000 1.411036
 862.000000 1.422767
 863.000000 1.431728
 864.000000 1.437484
 865.000000 1.439908
 866.000000 1.439135
 867.000000 1.435536
 868.000000 1.429611
 869.000000 1.421916
 870.000000 1.413123
 871.000000 1.404126
 872.000000 1.395726
 873.000000 1.388555
 874.000000 1.383179
 875.000000 1.379937
 876.000000 1.379138
 877.000000 1.380951
 878.000000 1.385308
 879.000000 1.391828
 880.000000 1.399809
 881.000000 1.408358
 882.000000 1.416625
 883.000000 1.423678
 884.000000 1.428464
 885.000000 1.430205
 886.000000 1.428315
 887.000000 1.422693
 888.000000 1.413755
 889.000000 1.402358
 890.000000 1.390015
 891.000000 1.378453
 892.000000 1.369246
 893.000000 1.363952
 894.000000 1.363522
 895.000000 1.368166
 896.000000 1.377198
 897.000000 1.389197
 898.000000 1.402332
 899.000000 1.414596
 900.000000 1.424097
 901.000000 1.429497
 902.000000 1.430065
 903.000000 1.425913
 904.000000 1.417896
 905.000000 1.407367
 906.000000 1.396234
 907.000000 1.386069
 908.000000 1.378373
 909.000000 1.374167
 910.000000 1.373839
 911.000000 1.377158
 912.000000 1.383381
 913.000000 1.391336
 914.000000 1.399691
 915.000000 1.407168
 916.000000 1.412679
 917.000000 1.415555
 918.000000 1.415438
 919.000000 1.412246
 920.000000 1.406265
 921.000000 1.398081
 922.000000 1.388717
 923.000000 1.379349
 924.000000 1.371215
 925.000000 1.365391
 926.000000 1.362531
 927.000000 1.362874
 928.000000 1.366234
 929.000000 1.372108
 930.000000 1.379753
 931.000000 1.388382
 932.000000 1.396999
 933.000000 1.404761
 934.000000 1.410958
 935.000000 1.415071
 936.000000 1.416639
 937.000000 1.415470
 938.000000 1.411592
 939.000000 1.405207
 940.000000 1.396832
 941.000000 1.387251
 942.000000 1.377509
 943.000000 1.368890
 944.000000 1.362756
 945.000000 1.360090
 946.000000 1.361338
 947.000000 1.366374
 948.000000 1.374418
 949.000000 1.384135
 950.000000 1.394130
 951.000000 1.402696
 952.000000 1.408431
 953.000000 1.410267
 954.000000 1.407842
 955.000000 1.401416
 956.000000 1.392020
 957.000000 1.381234
 958.000000 1.370941
 959.000000 1.362899
 960.000000 1.358559
 961.000000 1.358628
 962.000000 1.363139
 963.000000 1.371465
 964.000000 1.382399
 965.000000 1.394233
 966.000000 1.405445
 967.000000 1.414430
 968.000000 1.420072
 969.000000 1.421668
 970.000000 1.419135
 971.000000 1.412918
 972.000000 1.403988
 973.000000 1.393738
 974.000000 1.383815
 975.000000 1.375709
 976.000000 1.370620
 977.000000 1.369271
 978.000000 1.371677
 979.000000 1.377213
 980.000000 1.384768
 981.000000 1.392996
 982.000000 1.400511
 983.000000 1.406192
 984.000000 1.409347
 985.000000 1.409650
 986.000000 1.407249
 987.000000 1.402655
 988.000000 1.396637
 989.000000 1.389998
 990.000000 1.383474
 991.000000 1.377694
 992.000000 1.373165
 993.000000 1.370341
 994.000000 1.369424
 995.000000 1.370568
 996.000000 1.373788
 997.000000 1.378991
 998.000000 1.385833
 999.000000 1.393837
 1000.000000 1.402455
 1001.000000 1.410638
 1002.000000 1.417447
 1003.000000 1.422213
 1004.000000 1.424230
 1005.000000 1.423089
 1006.000000 1.418683
 1007.000000 1.411334
 1008.000000 1.401777
 1009.000000 1.391099
 1010.000000 1.380719
 1011.000000 1.372015
 1012.000000 1.366237
 1013.000000 1.364139
 1014.000000 1.366049
 1015.000000 1.371719
 1016.000000 1.380393
 1017.000000 1.391139
 1018.000000 1.402826
 1019.000000 1.414034
 1020.000000 1.423318
 1021.000000 1.429562
 1022.000000 1.431906
 1023.000000 1.429919
 1024.000000 1.423704
 1025.000000 1.413919
 1026.000000 1.401802
 1027.000000 1.388913
 1028.000000 1.377130
 1029.000000 1.368161
 1030.000000 1.363451
 1031.000000 1.363707
 1032.000000 1.368841
 1033.000000 1.378091
 1034.000000 1.389999
 1035.000000 1.402835
 1036.000000 1.415014
 1037.000000 1.424974
 1038.000000 1.431707
 1039.000000 1.434755
 1040.000000 1.434073
 1041.000000 1.429916
 1042.000000 1.422797
 1043.000000 1.413470
 1044.000000 1.402861
 1045.000000 1.392124
 1046.000000 1.382292
 1047.000000 1.374385
 1048.000000 1.369248
 1049.000000 1.367473
 1050.000000 1.369305
 1051.000000 1.374560
 1052.000000 1.382505
 1053.000000 1.392162
 1054.000000 1.402032
 1055.000000 1.410634
 1056.000000 1.416467
 1057.000000 1.418366
 1058.000000 1.415844
 1059.000000 1.409086
 1060.000000 1.398971
 1061.000000 1.386959
 1062.000000 1.374872
 1063.000000 1.364501
 1064.000000 1.357384
 1065.000000 1.354707
 1066.000000 1.356937
 1067.000000 1.363999
 1068.000000 1.375094
 1069.000000 1.388968
 1070.000000 1.404056
 1071.000000 1.418804
 1072.000000 1.431591
 1073.000000 1.441112
 1074.000000 1.446410
 1075.000000 1.446875
 1076.000000 1.442275
 1077.000000 1.432983
 1078.000000 1.419843
 1079.000000 1.404374
 1080.000000 1.388247
 1081.000000 1.373812
 1082.000000 1.362802
 1083.000000 1.356747
 1084.000000 1.356538
 1085.000000 1.362127
 1086.000000 1.372313
 1087.000000 1.384909
 1088.000000 1.397238
 1089.000000 1.406918
 1090.000000 1.412130
 1091.000000 1.412029
 1092.000000 1.406919
 1093.000000 1.397996
 1094.000000 1.387195
 1095.000000 1.376660
 1096.000000 1.368615
 1097.000000 1.364472
 1098.000000 1.364880
 1099.000000 1.369730
 1100.000000 1.378208
 1101.000000 1.389025
 1102.000000 1.400840
 1103.000000 1.412558
 1104.000000 1.422985
 1105.000000 1.431028
 1106.000000 1.435963
 1107.000000 1.437303
 1108.000000 1.434845
 1109.000000 1.428634
 1110.000000 1.419036
 1111.000000 1.406917
 1112.000000 1.393242
 1113.000000 1.379477
 1114.000000 1.367288
 1115.000000 1.358206
 1116.000000 1.353400
 1117.000000 1.353470
 1118.000000 1.358385
 1119.000000 1.367277
 1120.000000 1.378801
 1121.000000 1.391257
 1122.000000 1.403022
 1123.000000 1.412898
 1124.000000 1.419848
 1125.000000 1.423229
 1126.000000 1.422834
 1127.000000 1.418766
 1128.000000 1.411552
 1129.000000 1.402236
 1130.000000 1.392182
 1131.000000 1.382871
 1132.000000 1.375885
 1133.000000 1.372571
 1134.000000 1.373705
 1135.000000 1.379357
 1136.000000 1.388838
 1137.000000 1.401170
 1138.000000 1.414661
 1139.000000 1.427243
 1140.000000 1.437078
 1141.000000 1.442634
 1142.000000 1.442991
 1143.000000 1.437938
 1144.000000 1.427978
 1145.000000 1.414382
 1146.000000 1.399171
 1147.000000 1.384502
 1148.000000 1.372348
 1149.000000 1.364339
 1150.000000 1.361488
 1151.000000 1.363878
 1152.000000 1.370836
 1153.000000 1.381088
 1154.000000 1.393093
 1155.000000 1.405240
 1156.000000 1.416130
 1157.000000 1.424556
 1158.000000 1.429963
 1159.000000 1.431956
 1160.000000 1.430462
 1161.000000 1.425745
 1162.000000 1.418332
 1163.000000 1.408984
 1164.000000 1.398928
 1165.000000 1.389603
 1166.000000 1.382419
 1167.000000 1.378561
 1168.000000 1.378794
 1169.000000 1.383274
 1170.000000 1.391624
 1171.000000 1.402764
 1172.000000 1.415438
 1173.000000 1.428141
 1174.000000 1.439437
 1175.000000 1.448236
 1176.000000 1.453957
 1177.000000 1.456148
 1178.000000 1.454717
 1179.000000 1.449861
 1180.000000 1.441994
 1181.000000 1.431843
 1182.000000 1.420378
 1183.000000 1.408739
 1184.000000 1.398096
 1185.000000 1.389772
 1186.000000 1.384828
 1187.000000 1.383908
 1188.000000 1.387158
 1189.000000 1.394217
 1190.000000 1.404216
 1191.000000 1.415845
 1192.000000 1.427634
 1193.000000 1.438028
 1194.000000 1.445799
 1195.000000 1.450047
 1196.000000 1.450143
 1197.000000 1.446024
 1198.000000 1.438205
 1199.000000 1.427841
 1200.000000 1.416383
 1201.000000 1.405454
 1202.000000 1.396618
 1203.000000 1.391252
 1204.000000 1.390017
 1205.000000 1.393010
 1206.000000 1.399716
 1207.000000 1.409305
 1208.000000 1.420583
 1209.000000 1.432203
 1210.000000 1.442778
 1211.000000 1.451184
 1212.000000 1.456305
 1213.000000 1.457430
 1214.000000 1.454254
 1215.000000 1.446914
 1216.000000 1.436116
 1217.000000 1.422984
 1218.000000 1.408964
 1219.000000 1.395675
 1220.000000 1.384941
 1221.000000 1.378219
 1222.000000 1.376304
 1223.000000 1.379445
 1224.000000 1.387093
 1225.000000 1.398053
 1226.000000 1.410659
 1227.000000 1.423073
 1228.000000 1.433610
 1229.000000 1.440940
 1230.000000 1.444152
 1231.000000 1.442914
 1232.000000 1.437423
 1233.000000 1.428344
 1234.000000 1.416902
 1235.000000 1.404608
 1236.000000 1.392839
 1237.000000 1.383257
 1238.000000 1.377039
 1239.000000 1.374898
 1240.000000 1.376900
 1241.000000 1.382462
 1242.000000 1.390521
 1243.000000 1.399729
 1244.000000 1.408628
 1245.000000 1.416065
 1246.000000 1.421161
 1247.000000 1.423204
 1248.000000 1.421791
 1249.000000 1.416822
 1250.000000 1.408681
 1251.000000 1.398076
 1252.000000 1.386338
 1253.000000 1.375142
 1254.000000 1.366066
 1255.000000 1.360566
 1256.000000 1.359500
 1257.000000 1.363165
 1258.000000 1.371170
 1259.000000 1.382767
 1260.000000 1.396551
 1261.000000 1.411019
 1262.000000 1.424851
 1263.000000 1.436661
 1264.000000 1.445519
 1265.000000 1.450833
 1266.000000 1.452162
 1267.000000 1.449469
 1268.000000 1.442999
 1269.000000 1.433342
 1270.000000 1.421300
 1271.000000 1.408000
 1272.000000 1.394899
 1273.000000 1.383569
 1274.000000 1.375403
 1275.000000 1.371513
 1276.000000 1.372481
 1277.000000 1.378121
 1278.000000 1.387590
 1279.000000 1.399331
 1280.000000 1.411702
 1281.000000 1.422847
 1282.000000 1.431344
 1283.000000 1.436157
 1284.000000 1.436758
 1285.000000 1.433127
 1286.000000 1.425783
 1287.000000 1.415710
 1288.000000 1.403976
 1289.000000 1.391886
 1290.000000 1.380984
 1291.000000 1.372694
 1292.000000 1.368099
 1293.000000 1.367811
 1294.000000 1.371910
 1295.000000 1.379941
 1296.000000 1.390791
 1297.000000 1.403102
 1298.000000 1.415500
 1299.000000 1.426560
 1300.000000 1.434961
 1301.000000 1.439727
 1302.000000 1.440389
 1303.000000 1.436868
 1304.000000 1.429617
 1305.000000 1.419491
 1306.000000 1.407795
 1307.000000 1.396130
 1308.000000 1.385818
 1309.000000 1.378090
 1310.000000 1.373986
 1311.000000 1.374000
 1312.000000 1.377972
 1313.000000 1.385245
 1314.000000 1.394655
 1315.000000 1.404921
 1316.000000 1.414886
 1317.000000 1.423415
 1318.000000 1.429763
 1319.000000 1.433266
 1320.000000 1.433542
 1321.000000 1.430628
 1322.000000 1.424843
 1323.000000 1.416846
 1324.000000 1.407598
 1325.000000 1.398341
 1326.000000 1.390212
 1327.000000 1.384331
 1328.000000 1.381649
 1329.000000 1.382786
 1330.000000 1.387830
 1331.000000 1.396386
 1332.000000 1.407607
 1333.000000 1.420049
 1334.000000 1.432245
 1335.000000 1.442763
 1336.000000 1.450259
 1337.000000 1.453694
 1338.000000 1.452512
 1339.000000 1.446644
 1340.000000 1.436636
 1341.000000 1.423541
 1342.000000 1.409070
 1343.000000 1.394976
 1344.000000 1.383193
 1345.000000 1.375368
 1346.000000 1.372571
 1347.000000 1.375141
 1348.000000 1.382573
 1349.000000 1.393674
 1350.000000 1.406815
 1351.000000 1.420196
 1352.000000 1.432199
 1353.000000 1.441423
 1354.000000 1.446791
 1355.000000 1.447758
 1356.000000 1.444243
 1357.000000 1.436627
 1358.000000 1.425690
 1359.000000 1.412670
 1360.000000 1.399086
 1361.000000 1.386788
 1362.000000 1.377365
 1363.000000 1.372183
 1364.000000 1.371879
 1365.000000 1.376529
 1366.000000 1.385492
 1367.000000 1.397694
 1368.000000 1.411652
 1369.000000 1.425918
 1370.000000 1.438968
 1371.000000 1.449663
 1372.000000 1.457192
 1373.000000 1.461032
 1374.000000 1.460905
 1375.000000 1.456971
 1376.000000 1.449695
 1377.000000 1.439818
 1378.000000 1.428368
 1379.000000 1.416485
 1380.000000 1.405585
 1381.000000 1.396889
 1382.000000 1.391345
 1383.000000 1.389558
 1384.000000 1.391681
 1385.000000 1.397233
 1386.000000 1.405278
 1387.000000 1.414468
 1388.000000 1.423276
 1389.000000 1.430321
 1390.000000 1.434622
 1391.000000 1.435401
 1392.000000 1.432408
 1393.000000 1.425868
 1394.000000 1.416556
 1395.000000 1.405623
 1396.000000 1.394501
 1397.000000 1.384817
 1398.000000 1.377916
 1399.000000 1.374838
 1400.000000 1.376056
 1401.000000 1.381347
 1402.000000 1.389838
 1403.000000 1.400267
 1404.000000 1.411176
 1405.000000 1.420993
 1406.000000 1.428567
 1407.000000 1.432907
 1408.000000 1.433551
 1409.000000 1.430461
 1410.000000 1.424041
 1411.000000 1.415047
 1412.000000 1.404621
 1413.000000 1.393932
 1414.000000 1.384238
 1415.000000 1.376727
 1416.000000 1.372206
 1417.000000 1.371118
 1418.000000 1.373476
 1419.000000 1.378854
 1420.000000 1.386454
 1421.000000 1.395348
 1422.000000 1.404534
 1423.000000 1.412940
 1424.000000 1.419498
 1425.000000 1.423425
 1426.000000 1.424333
 1427.000000 1.422200
 1428.000000 1.417347
 1429.000000 1.410360
 1430.000000 1.402114
 1431.000000 1.393653
 1432.000000 1.386020
 1433.000000 1.380224
 1434.000000 1.377128
 1435.000000 1.377301
 1436.000000 1.380880
 1437.000000 1.387570
 1438.000000 1.396592
 1439.000000 1.406755
 1440.000000 1.416821
 1441.000000 1.425626
 1442.000000 1.432006
 1443.000000 1.435054
 1444.000000 1.434352
 1445.000000 1.429943
 1446.000000 1.422328
 1447.000000 1.412513
 1448.000000 1.401832
 1449.000000 1.391734
 1450.000000 1.383616
 1451.000000 1.378732
 1452.000000 1.377839
 1453.000000 1.381081
 1454.000000 1.387977
 1455.000000 1.397532
 1456.000000 1.408484
 1457.000000 1.419337
 1458.000000 1.428708
 1459.000000 1.435443
 1460.000000 1.438658
 1461.000000 1.438079
 1462.000000 1.433886
 1463.000000 1.426588
 1464.000000 1.417103
 1465.000000 1.406659
 1466.000000 1.396373
 1467.000000 1.387461
 1468.000000 1.380741
 1469.000000 1.376734
 1470.000000 1.375695
 1471.000000 1.377476
 1472.000000 1.381626
 1473.000000 1.387451
 1474.000000 1.394161
 1475.000000 1.400926
 1476.000000 1.407009
 1477.000000 1.411601
 1478.000000 1.414145
 1479.000000 1.414278
 1480.000000 1.411898
 1481.000000 1.407218
 1482.000000 1.400805
 1483.000000 1.393383
 1484.000000 1.385906
 1485.000000 1.379216
 1486.000000 1.374183
 1487.000000 1.371453
 1488.000000 1.371323
 1489.000000 1.373752
 1490.000000 1.378333
 1491.000000 1.384335
 1492.000000 1.390837
 1493.000000 1.396898
 1494.000000 1.401637
 1495.000000 1.404255
 1496.000000 1.404281
 1497.000000 1.401648
 1498.000000 1.396687
 1499.000000 1.390182
 1500.000000 1.383196
 1501.000000 1.376853
 1502.000000 1.372366
 1503.000000 1.370693
 1504.000000 1.372291
 1505.000000 1.377081
 1506.000000 1.384478
 1507.000000 1.393424
 1508.000000 1.402776
 1509.000000 1.411314
 1510.000000 1.417808
 1511.000000 1.421392
 1512.000000 1.421557
 1513.000000 1.418170
 1514.000000 1.411483
 1515.000000 1.402109
 1516.000000 1.391241
 1517.000000 1.380096
 1518.000000 1.370156
 1519.000000 1.362498
 1520.000000 1.358085
 1521.000000 1.357505
 1522.000000 1.360773
 1523.000000 1.367360
 1524.000000 1.376332
 1525.000000 1.386395
 1526.000000 1.396212
 1527.000000 1.404598
 1528.000000 1.410677
 1529.000000 1.413975
 1530.000000 1.414239
 1531.000000 1.411673
 1532.000000 1.406841
 1533.000000 1.400519
 1534.000000 1.393769
 1535.000000 1.387607
 1536.000000 1.382882
 1537.000000 1.380185
 1538.000000 1.379840
 1539.000000 1.381848
 1540.000000 1.385880
 1541.000000 1.391306
 1542.000000 1.397317
 1543.000000 1.403088
 1544.000000 1.407783
 1545.000000 1.410665
 1546.000000 1.411261
 1547.000000 1.409348
 1548.000000 1.404981
 1549.000000 1.398505
 1550.000000 1.390679
 1551.000000 1.382359
 1552.000000 1.374697
 1553.000000 1.368830
 1554.000000 1.365852
 1555.000000 1.366450
 1556.000000 1.370875
 1557.000000 1.378778
 1558.000000 1.389293
 1559.000000 1.401160
 1560.000000 1.412948
 1561.000000 1.423251
 1562.000000 1.431094
 1563.000000 1.435664
 1564.000000 1.436676
 1565.000000 1.434206
 1566.000000 1.428740
 1567.000000 1.421110
 1568.000000 1.412319
 1569.000000 1.403672
 1570.000000 1.396277
 1571.000000 1.390973
 1572.000000 1.388334
 1573.000000 1.388503
 1574.000000 1.391227
 1575.000000 1.395879
 1576.000000 1.401700
 1577.000000 1.407777
 1578.000000 1.413207
 1579.000000 1.417354
 1580.000000 1.419722
 1581.000000 1.420121
 1582.000000 1.418567
 1583.000000 1.415300
 1584.000000 1.410788
 1585.000000 1.405704
 1586.000000 1.400767
 1587.000000 1.396724
 1588.000000 1.394215
 1589.000000 1.393621
 1590.000000 1.395133
 1591.000000 1.398723
 1592.000000 1.404103
 1593.000000 1.410774
 1594.000000 1.418096
 1595.000000 1.425327
 1596.000000 1.431705
 1597.000000 1.436522
 1598.000000 1.439242
 1599.000000 1.439628
 1600.000000 1.437676
 1601.000000 1.433619
 1602.000000 1.427874
 1603.000000 1.420984
 1604.000000 1.413665
 1605.000000 1.406707
 1606.000000 1.400983
 1607.000000 1.397389
 1608.000000 1.396595
 1609.000000 1.398904
 1610.000000 1.404307
 1611.000000 1.412406
 1612.000000 1.422335
 1613.000000 1.432974
 1614.000000 1.443210
 1615.000000 1.451813
 1616.000000 1.457973
 1617.000000 1.461051
 1618.000000 1.460714
 1619.000000 1.457057
 1620.000000 1.450494
 1621.000000 1.441809
 1622.000000 1.432027
 1623.000000 1.422394
 1624.000000 1.413966
 1625.000000 1.407828
 1626.000000 1.404571
 1627.000000 1.404393
 1628.000000 1.407056
 1629.000000 1.411916
 1630.000000 1.418172
 1631.000000 1.424924
 1632.000000 1.431405
 1633.000000 1.436971
 1634.000000 1.441106
 1635.000000 1.443336
 1636.000000 1.443337
 1637.000000 1.440974
 1638.000000 1.436351
 1639.000000 1.429900
 1640.000000 1.422246
 1641.000000 1.414212
 1642.000000 1.406833
 1643.000000 1.401073
 1644.000000 1.397672
 1645.000000 1.397113
 1646.000000 1.399572
 1647.000000 1.404841
 1648.000000 1.412308
 1649.000000 1.421044
 1650.000000 1.429931
 1651.000000 1.437809
 1652.000000 1.443709
 1653.000000 1.446837
 1654.000000 1.446823
 1655.000000 1.443688
 1656.000000 1.437889
 1657.000000 1.430240
 1658.000000 1.421847
 1659.000000 1.414031
 1660.000000 1.408039
 1661.000000 1.404951
 1662.000000 1.405493
 1663.000000 1.409873
 1664.000000 1.417781
 1665.000000 1.428392
 1666.000000 1.440540
 1667.000000 1.452845
 1668.000000 1.464004
 1669.000000 1.472785
 1670.000000 1.478404
 1671.000000 1.480356
 1672.000000 1.478470
 1673.000000 1.472879
 1674.000000 1.463972
 1675.000000 1.452458
 1676.000000 1.439196
 1677.000000 1.425167
 1678.000000 1.411679
 1679.000000 1.399955
 1680.000000 1.391076
 1681.000000 1.385911
 1682.000000 1.384877
 1683.000000 1.387998
 1684.000000 1.394843
 1685.000000 1.404700
 1686.000000 1.416411
 1687.000000 1.428712
 1688.000000 1.440217
 1689.000000 1.449802
 1690.000000 1.456356
 1691.000000 1.459220
 1692.000000 1.458051
 1693.000000 1.452861
 1694.000000 1.444046
 1695.000000 1.432402
 1696.000000 1.419392
 1697.000000 1.406744
 1698.000000 1.396085
 1699.000000 1.388892
 1700.000000 1.386194
 1701.000000 1.388476
 1702.000000 1.395457
 1703.000000 1.406108
 1704.000000 1.418797
 1705.000000 1.431848
 1706.000000 1.443509
 1707.000000 1.452327
 1708.000000 1.457372
 1709.000000 1.458229
 1710.000000 1.454910
 1711.000000 1.447891
 1712.000000 1.437897
 1713.000000 1.426102
 1714.000000 1.413774
 1715.000000 1.402297
 1716.000000 1.393085
 1717.000000 1.387163
 1718.000000 1.385149
 1719.000000 1.387201
 1720.000000 1.392926
 1721.000000 1.401575
 1722.000000 1.412092
 1723.000000 1.423327
 1724.000000 1.434201
 1725.000000 1.443666
 1726.000000 1.450904
 1727.000000 1.455301
 1728.000000 1.456601
 1729.000000 1.454786
 1730.000000 1.450019
 1731.000000 1.442792
 1732.000000 1.433723
 1733.000000 1.423714
 1734.000000 1.413805
 1735.000000 1.405065
 1736.000000 1.398528
 1737.000000 1.395060
 1738.000000 1.395036
 1739.000000 1.398368
 1740.000000 1.404464
 1741.000000 1.412347
 1742.000000 1.420956
 1743.000000 1.428961
 1744.000000 1.435259
 1745.000000 1.438988
 1746.000000 1.439623
 1747.000000 1.437185
 1748.000000 1.432162
 1749.000000 1.425493
 1750.000000 1.418406
 1751.000000 1.412012
 1752.000000 1.407629
 1753.000000 1.405993
 1754.000000 1.407351
 1755.000000 1.411464
 1756.000000 1.417574
 1757.000000 1.424694
 1758.000000 1.431606
 1759.000000 1.437244
 1760.000000 1.440857
 1761.000000 1.441974
 1762.000000 1.440505
 1763.000000 1.436730
 1764.000000 1.431173
 1765.000000 1.424696
 1766.000000 1.418127
 1767.000000 1.412155
 1768.000000 1.407191
 1769.000000 1.403671
 1770.000000 1.401730
 1771.000000 1.401304
 1772.000000 1.402286
 1773.000000 1.404565
 1774.000000 1.408032
 1775.000000 1.412520
 1776.000000 1.417698
 1777.000000 1.422962
 1778.000000 1.427697
 1779.000000 1.431310
 1780.000000 1.433152
 1781.000000 1.432712
 1782.000000 1.429678
 1783.000000 1.424044
 1784.000000 1.416168
 1785.000000 1.406796
 1786.000000 1.397001
 1787.000000 1.388107
 1788.000000 1.381417
 1789.000000 1.378063
 1790.000000 1.378627
 1791.000000 1.383063
 1792.000000 1.390660
 1793.000000 1.400268
 1794.000000 1.410787
 1795.000000 1.420999
 1796.000000 1.429688
 1797.000000 1.435962
 1798.000000 1.439435
 1799.000000 1.439987
 1800.000000 1.437743
 1801.000000 1.433072
 1802.000000 1.426498
 1803.000000 1.418715
 1804.000000 1.410418
 1805.000000 1.402557
 1806.000000 1.395969
 1807.000000 1.391396
 1808.000000 1.389383
 1809.000000 1.390105
 1810.000000 1.393363
 1811.000000 1.398666
 1812.000000 1.405215
 1813.000000 1.412096
 1814.000000 1.418399
 1815.000000 1.423279
 1816.000000 1.426199
 1817.000000 1.426886
 1818.000000 1.425429
 1819.000000 1.422208
 1820.000000 1.417777
 1821.000000 1.412657
 1822.000000 1.407258
 1823.000000 1.401948
 1824.000000 1.397013
 1825.000000 1.392792
 1826.000000 1.389724
 1827.000000 1.388213
 1828.000000 1.388601
 1829.000000 1.391152
 1830.000000 1.395930
 1831.000000 1.402699
 1832.000000 1.410993
 1833.000000 1.420041
 1834.000000 1.428671
 1835.000000 1.435520
 1836.000000 1.439321
 1837.000000 1.439121
 1838.000000 1.434561
 1839.000000 1.426122
 1840.000000 1.414940
 1841.000000 1.402770
 1842.000000 1.391500
 1843.000000 1.382854
 1844.000000 1.377717
 1845.000000 1.376512
 1846.000000 1.378902
 1847.000000 1.384031
 1848.000000 1.390891
 1849.000000 1.398361
 1850.000000 1.405511
 1851.000000 1.411726
 1852.000000 1.416706
 1853.000000 1.420391
 1854.000000 1.422856
 1855.000000 1.424249
 1856.000000 1.424689
 1857.000000 1.424234
 1858.000000 1.422886
 1859.000000 1.420665
 1860.000000 1.417634
 1861.000000 1.413979
 1862.000000 1.410068
 1863.000000 1.406392
 1864.000000 1.403572
 1865.000000 1.402249
 1866.000000 1.402923
 1867.000000 1.405819
 1868.000000 1.410784
 1869.000000 1.417136
 1870.000000 1.423878
 1871.000000 1.429872
 1872.000000 1.434120
 1873.000000 1.435932
 1874.000000 1.434899
 1875.000000 1.431068
 1876.000000 1.424796
 1877.000000 1.416712
 1878.000000 1.407833
 1879.000000 1.399427
 1880.000000 1.392608
 1881.000000 1.388317
 1882.000000 1.387086
 1883.000000 1.388912
 1884.000000 1.393280
 1885.000000 1.399333
 1886.000000 1.405950
 1887.000000 1.412056
 1888.000000 1.416799
 1889.000000 1.419715
 1890.000000 1.420577
 1891.000000 1.419607
 1892.000000 1.417289
 1893.000000 1.414303
 1894.000000 1.411409
 1895.000000 1.409262
 1896.000000 1.408388
 1897.000000 1.409115
 1898.000000 1.411502
 1899.000000 1.415295
 1900.000000 1.420002
 1901.000000 1.424960
 1902.000000 1.429402
 1903.000000 1.432648
 1904.000000 1.434227
 1905.000000 1.433920
 1906.000000 1.431752
 1907.000000 1.427969
 1908.000000 1.422945
 1909.000000 1.417146
 1910.000000 1.411084
 1911.000000 1.405200
 1912.000000 1.399968
 1913.000000 1.395788
 1914.000000 1.392747
 1915.000000 1.390914
 1916.000000 1.390331
 1917.000000 1.391023
 1918.000000 1.392972
 1919.000000 1.396080
 1920.000000 1.400090
 1921.000000 1.404643
 1922.000000 1.409325
 1923.000000 1.413671
 1924.000000 1.417319
 1925.000000 1.419919
 1926.000000 1.421254
 1927.000000 1.421183
 1928.000000 1.419725
 1929.000000 1.417072
 1930.000000 1.413673
 1931.000000 1.410160
 1932.000000 1.407234
 1933.000000 1.405467
 1934.000000 1.405299
 1935.000000 1.406900
 1936.000000 1.410166
 1937.000000 1.414679
 1938.000000 1.419810
 1939.000000 1.424714
 1940.000000 1.428525
 1941.000000 1.430526
 1942.000000 1.430221
 1943.000000 1.427506
 1944.000000 1.422704
 1945.000000 1.416480
 1946.000000 1.409760
 1947.000000 1.403572
 1948.000000 1.398887
 1949.000000 1.396536
 1950.000000 1.396905
 1951.000000 1.399934
 1952.000000 1.405139
 1953.000000 1.411625
 1954.000000 1.418477
 1955.000000 1.424900
 1956.000000 1.430189
 1957.000000 1.433983
 1958.000000 1.436141
 1959.000000 1.436766
 1960.000000 1.436086
 1961.000000 1.434421
 1962.000000 1.432139
 1963.000000 1.429585
 1964.000000 1.427042
 1965.000000 1.424754
 1966.000000 1.422810
 1967.000000 1.421233
 1968.000000 1.420024
 1969.000000 1.419244
 1970.000000 1.419004
 1971.000000 1.419413
 1972.000000 1.420518
 1973.000000 1.422284
 1974.000000 1.424525
 1975.000000 1.426941
 1976.000000 1.429187
 1977.000000 1.430861
 1978.000000 1.431593
 1979.000000 1.431128
 1980.000000 1.429414
 1981.000000 1.426640
 1982.000000 1.423247
 1983.000000 1.419806
 1984.000000 1.417001
 1985.000000 1.415396
 1986.000000 1.415375
 1987.000000 1.417054
 1988.000000 1.420295
 1989.000000 1.424744
 1990.000000 1.429849
 1991.000000 1.435022
 1992.000000 1.439517
 1993.000000 1.442908
 1994.000000 1.444884
 1995.000000 1.445416
 1996.000000 1.444733
 1997.000000 1.443234
 1998.000000 1.441392
 1999.000000 1.439660
 2000.000000 1.438366
 2001.000000 1.437636
 2002.000000 1.437388
 2003.000000 1.437370
 2004.000000 1.437233
 2005.000000 1.436638
 2006.000000 1.435370
 2007.000000 1.433436
 2008.000000 1.431040
 2009.000000 1.428493
 2010.000000 1.426095
 2011.000000 1.424013
 2012.000000 1.422370
 2013.000000 1.421168
 2014.000000 1.420384
 2015.000000 1.419974
 2016.000000 1.419923
 2017.000000 1.420225
 2018.000000 1.420884
 2019.000000 1.421920
 2020.000000 1.423348
 2021.000000 1.425231
 2022.000000 1.427642
 2023.000000 1.430640
 2024.000000 1.434189
 2025.000000 1.438129
 2026.000000 1.442225
 2027.000000 1.446103
 2028.000000 1.449450
 2029.000000 1.451924
 2030.000000 1.453204
 2031.000000 1.453113
 2032.000000 1.451612
 2033.000000 1.448839
 2034.000000 1.445166
 2035.000000 1.441045
 2036.000000 1.436919
 2037.000000 1.433207
 2038.000000 1.430244
 2039.000000 1.428221
 2040.000000 1.427256
 2041.000000 1.427366
 2042.000000 1.428456
 2043.000000 1.430249
 2044.000000 1.432337
 2045.000000 1.434177
 2046.000000 1.435222
 2047.000000 1.435051
 2048.000000 1.433466
 2049.000000 1.430535
 2050.000000 1.426594
 2051.000000 1.422142
 2052.000000 1.417754
 2053.000000 1.414143
 2054.000000 1.411745
 2055.000000 1.410817
 2056.000000 1.411312
 2057.000000 1.412890
 2058.000000 1.415001
 2059.000000 1.417051
 2060.000000 1.418547
 2061.000000 1.419150
 2062.000000 1.418752
 2063.000000 1.417441
 2064.000000 1.415471
 2065.000000 1.413253
 2066.000000 1.411188
 2067.000000 1.409578
 2068.000000 1.408577
 2069.000000 1.408089
 2070.000000 1.407800
 2071.000000 1.407297
 2072.000000 1.406266
 2073.000000 1.404665
 2074.000000 1.402770
 2075.000000 1.401075
 2076.000000 1.400152
 2077.000000 1.400425
 2078.000000 1.402063
 2079.000000 1.404922
 2080.000000 1.408611
 2081.000000 1.412509
 2082.000000 1.415854
 2083.000000 1.417931
 2084.000000 1.418213
 2085.000000 1.416496
 2086.000000 1.412921
 2087.000000 1.408010
 2088.000000 1.402603
 2089.000000 1.397696
 2090.000000 1.394167
 2091.000000 1.392603
 2092.000000 1.393359
 2093.000000 1.396351
 2094.000000 1.401062
 2095.000000 1.406713
 2096.000000 1.412322
 2097.000000 1.416822
 2098.000000 1.419553
 2099.000000 1.420331
 2100.000000 1.419445
 2101.000000 1.417490
 2102.000000 1.415130
 2103.000000 1.412960
 2104.000000 1.411344
 2105.000000 1.410496
 2106.000000 1.410461
 2107.000000 1.411138
 2108.000000 1.412315
 2109.000000 1.413706
 2110.000000 1.414986
 2111.000000 1.415889
 2112.000000 1.416237
 2113.000000 1.415967
 2114.000000 1.415114
 2115.000000 1.413776
 2116.000000 1.412032
 2117.000000 1.409972
 2118.000000 1.407649
 2119.000000 1.405093
 2120.000000 1.402393
 2121.000000 1.399642
 2122.000000 1.396974
 2123.000000 1.394635
 2124.000000 1.392843
 2125.000000 1.391827
 2126.000000 1.391810
 2127.000000 1.392893
 2128.000000 1.395013
 2129.000000 1.397925
 2130.000000 1.401329
 2131.000000 1.404847
 2132.000000 1.408137
 2133.000000 1.410978
 2134.000000 1.413228
 2135.000000 1.414770
 2136.000000 1.415559
 2137.000000 1.415600
 2138.000000 1.414982
 2139.000000 1.413927
 2140.000000 1.412714
 2141.000000 1.411637
 2142.000000 1.410959
 2143.000000 1.410857
 2144.000000 1.411413
 2145.000000 1.412626
 2146.000000 1.414405
 2147.000000 1.416612
 2148.000000 1.419054
 2149.000000 1.421476
 2150.000000 1.423689
 2151.000000 1.425594
 2152.000000 1.427242
 2153.000000 1.428776
 2154.000000 1.430421
 2155.000000 1.432354
 2156.000000 1.434648
 2157.000000 1.437324
 2158.000000 1.440207
 2159.000000 1.443035
 2160.000000 1.445501
 2161.000000 1.447245
 2162.000000 1.447925
 2163.000000 1.447289
 2164.000000 1.445249
 2165.000000 1.441933
 2166.000000 1.437699
 2167.000000 1.433000
 2168.000000 1.428363
 2169.000000 1.424229
 2170.000000 1.420927
 2171.000000 1.418546
 2172.000000 1.417106
 2173.000000 1.416424
 2174.000000 1.416189
 2175.000000 1.415993
 2176.000000 1.415428
 2177.000000 1.414194
 2178.000000 1.412200
 2179.000000 1.409591
 2180.000000 1.406795
 2181.000000 1.404383
 2182.000000 1.402913
 2183.000000 1.402854
 2184.000000 1.404484
 2185.000000 1.407845
 2186.000000 1.412633
 2187.000000 1.418365
 2188.000000 1.424272
 2189.000000 1.429622
 2190.000000 1.433859
 2191.000000 1.436814
 2192.000000 1.438468
 2193.000000 1.439101
 2194.000000 1.439123
 2195.000000 1.438939
 2196.000000 1.438879
 2197.000000 1.439126
 2198.000000 1.439699
 2199.000000 1.440458
 2200.000000 1.441147
 2201.000000 1.441453
 2202.000000 1.441146
 2203.000000 1.440130
 2204.000000 1.438470
 2205.000000 1.436398
 2206.000000 1.434212
 2207.000000 1.432249
 2208.000000 1.430728
 2209.000000 1.429792
 2210.000000 1.429508
 2211.000000 1.429858
 2212.000000 1.430724
 2213.000000 1.431910
 2214.000000 1.433149
 2215.000000 1.434165
 2216.000000 1.434751
 2217.000000 1.434817
 2218.000000 1.434428
 2219.000000 1.433750
 2220.000000 1.432983
 2221.000000 1.432314
 2222.000000 1.431866
 2223.000000 1.431689
 2224.000000 1.431771
 2225.000000 1.432063
 2226.000000 1.432469
 2227.000000 1.432860
 2228.000000 1.433121
 2229.000000 1.433198
 2230.000000 1.433169
 2231.000000 1.433265
 2232.000000 1.433824
 2233.000000 1.435191
 2234.000000 1.437612
 2235.000000 1.441154
 2236.000000 1.445651
 2237.000000 1.450718
 2238.000000 1.455807
 2239.000000 1.460320
 2240.000000 1.463682
 2241.000000 1.465340
 2242.000000 1.465055
 2243.000000 1.462856
 2244.000000 1.459083
 2245.000000 1.454253
 2246.000000 1.449057
 2247.000000 1.444131
 2248.000000 1.439970
 2249.000000 1.436864
 2250.000000 1.435012
 2251.000000 1.434408
 2252.000000 1.434878
 2253.000000 1.436136
 2254.000000 1.437845
 2255.000000 1.439664
 2256.000000 1.441323
 2257.000000 1.442685
 2258.000000 1.443732
 2259.000000 1.444543
 2260.000000 1.445229
 2261.000000 1.445891
 2262.000000 1.446579
 2263.000000 1.447263
 2264.000000 1.447829
 2265.000000 1.448079
 2266.000000 1.447758
 2267.000000 1.446619
 2268.000000 1.444519
 2269.000000 1.441518
 2270.000000 1.437911
 2271.000000 1.434269
 2272.000000 1.431238
 2273.000000 1.429419
 2274.000000 1.429139
 2275.000000 1.430434
 2276.000000 1.433053
 2277.000000 1.436574
 2278.000000 1.440435
 2279.000000 1.444066
 2280.000000 1.446899
 2281.000000 1.448460
 2282.000000 1.448511
 2283.000000 1.447108
 2284.000000 1.444542
 2285.000000 1.441342
 2286.000000 1.438125
 2287.000000 1.435520
 2288.000000 1.434046
 2289.000000 1.434037
 2290.000000 1.435556
 2291.000000 1.438390
 2292.000000 1.442060
 2293.000000 1.445956
 2294.000000 1.449373
 2295.000000 1.451686
 2296.000000 1.452500
 2297.000000 1.451750
 2298.000000 1.449644
 2299.000000 1.446624
 2300.000000 1.443182
 2301.000000 1.439790
 2302.000000 1.436786
 2303.000000 1.434493
 2304.000000 1.433064
 2305.000000 1.432541
 2306.000000 1.432805
 2307.000000 1.433624
 2308.000000 1.434695
 2309.000000 1.435770
 2310.000000 1.436694
 2311.000000 1.437426
 2312.000000 1.437981
 2313.000000 1.438375
 2314.000000 1.438617
 2315.000000 1.438683
 2316.000000 1.438517
 2317.000000 1.438025
 2318.000000 1.437088
 2319.000000 1.435554
 2320.000000 1.433268
 2321.000000 1.430139
 2322.000000 1.426184
 2323.000000 1.421587
 2324.000000 1.416796
 2325.000000 1.412282
 2326.000000 1.408541
 2327.000000 1.406072
 2328.000000 1.405227
 2329.000000 1.406136
 2330.000000 1.408674
 2331.000000 1.412478
 2332.000000 1.416907
 2333.000000 1.421240
 2334.000000 1.424811
 2335.000000 1.427096
 2336.000000 1.427855
 2337.000000 1.427181
 2338.000000 1.425423
 2339.000000 1.423046
 2340.000000 1.420502
 2341.000000 1.418201
 2342.000000 1.416379
 2343.000000 1.415142
 2344.000000 1.414441
 2345.000000 1.414100
 2346.000000 1.413840
 2347.000000 1.413371
 2348.000000 1.412505
 2349.000000 1.411243
 2350.000000 1.409780
 2351.000000 1.408431
 2352.000000 1.407532
 2353.000000 1.407354
 2354.000000 1.408045
 2355.000000 1.409615
 2356.000000 1.411955
 2357.000000 1.414806
 2358.000000 1.417873
 2359.000000 1.420825
 2360.000000 1.423333
 2361.000000 1.425216
 2362.000000 1.426476
 2363.000000 1.427316
 2364.000000 1.428038
 2365.000000 1.428954
 2366.000000 1.430269
 2367.000000 1.432053
 2368.000000 1.434201
 2369.000000 1.436459
 2370.000000 1.438464
 2371.000000 1.439821
 2372.000000 1.440159
 2373.000000 1.439235
 2374.000000 1.437021
 2375.000000 1.433727
 2376.000000 1.429759
 2377.000000 1.425657
 2378.000000 1.421983
 2379.000000 1.419160
 2380.000000 1.417376
 2381.000000 1.416588
 2382.000000 1.416577
 2383.000000 1.416974
 2384.000000 1.417358
 2385.000000 1.417357
 2386.000000 1.416754
 2387.000000 1.415574
 2388.000000 1.414085
 2389.000000 1.412753
 2390.000000 1.412154
 2391.000000 1.412767
 2392.000000 1.414854
 2393.000000 1.418478
 2394.000000 1.423410
 2395.000000 1.429212
 2396.000000 1.435329
 2397.000000 1.441069
 2398.000000 1.445858
 2399.000000 1.449099
 2400.000000 1.450419
 2401.000000 1.449760
 2402.000000 1.447375
 2403.000000 1.443762
 2404.000000 1.439549
 2405.000000 1.435355
 2406.000000 1.431766
 2407.000000 1.429081
 2408.000000 1.427385
 2409.000000 1.426592
 2410.000000 1.426478
 2411.000000 1.426737
 2412.000000 1.427083
 2413.000000 1.427366
 2414.000000 1.427593
 2415.000000 1.427894
 2416.000000 1.428406
 2417.000000 1.429212
 2418.000000 1.430310
 2419.000000 1.431621
 2420.000000 1.433009
 2421.000000 1.434330
 2422.000000 1.435407
 2423.000000 1.436020
 2424.000000 1.435943
 2425.000000 1.434981
 2426.000000 1.433086
 2427.000000 1.430374
 2428.000000 1.427181
 2429.000000 1.424031
 2430.000000 1.421423
 2431.000000 1.419825
 2432.000000 1.419484
 2433.000000 1.420481
 2434.000000 1.422693
 2435.000000 1.425732
 2436.000000 1.429023
 2437.000000 1.431939
 2438.000000 1.433892
 2439.000000 1.434512
 2440.000000 1.433818
 2441.000000 1.432189
 2442.000000 1.430178
 2443.000000 1.428287
 2444.000000 1.426883
 2445.000000 1.426131
 2446.000000 1.426008
 2447.000000 1.426356
 2448.000000 1.426924
 2449.000000 1.427442
 2450.000000 1.427684
 2451.000000 1.427530
 2452.000000 1.427011
 2453.000000 1.426326
 2454.000000 1.425798
 2455.000000 1.425766
 2456.000000 1.426506
 2457.000000 1.428148
 2458.000000 1.430628
 2459.000000 1.433767
 2460.000000 1.437297
 2461.000000 1.440832
 2462.000000 1.443952
 2463.000000 1.446256
 2464.000000 1.447415
 2465.000000 1.447208
 2466.000000 1.445684
 2467.000000 1.443181
 2468.000000 1.440253
 2469.000000 1.437528
 2470.000000 1.435604
 2471.000000 1.434892
 2472.000000 1.435532
 2473.000000 1.437414
 2474.000000 1.440189
 2475.000000 1.443389
 2476.000000 1.446406
 2477.000000 1.448617
 2478.000000 1.449499
 2479.000000 1.448794
 2480.000000 1.446626
 2481.000000 1.443430
 2482.000000 1.439893
 2483.000000 1.436696
 2484.000000 1.434356
 2485.000000 1.433257
 2486.000000 1.433561
 2487.000000 1.435171
 2488.000000 1.437750
 2489.000000 1.440758
 2490.000000 1.443498
 2491.000000 1.445312
 2492.000000 1.445661
 2493.000000 1.444366
 2494.000000 1.441620
 2495.000000 1.437897
 2496.000000 1.433809
 2497.000000 1.429957
 2498.000000 1.426881
 2499.000000 1.425016
 2500.000000 1.424588
 2501.000000 1.425602
 2502.000000 1.427779
 2503.000000 1.430642
 2504.000000 1.433671
 2505.000000 1.436451
 2506.000000 1.438742
 2507.000000 1.440550
 2508.000000 1.442047
 2509.000000 1.443387
 2510.000000 1.444641
 2511.000000 1.445759
 2512.000000 1.446624
 2513.000000 1.447053
 2514.000000 1.446834
 2515.000000 1.445767
 2516.000000 1.443669
 2517.000000 1.440454
 2518.000000 1.436271
 2519.000000 1.431426
 2520.000000 1.426557
 2521.000000 1.422391
 2522.000000 1.419656
 2523.000000 1.418887
 2524.000000 1.420284
 2525.000000 1.423713
 2526.000000 1.428698
 2527.000000 1.434398
 2528.000000 1.439760
 2529.000000 1.443791
 2530.000000 1.445575
 2531.000000 1.444508
 2532.000000 1.440567
 2533.000000 1.434389
 2534.000000 1.427187
 2535.000000 1.420274
 2536.000000 1.414924
 2537.000000 1.412075
 2538.000000 1.412236
 2539.000000 1.415462
 2540.000000 1.421377
 2541.000000 1.429222
 2542.000000 1.438072
 2543.000000 1.446662
 2544.000000 1.454050
 2545.000000 1.459439
 2546.000000 1.462376
 2547.000000 1.462807
 2548.000000 1.460993
 2549.000000 1.457355
 2550.000000 1.452427
 2551.000000 1.446901
 2552.000000 1.441299
 2553.000000 1.436092
 2554.000000 1.431587
 2555.000000 1.427970
 2556.000000 1.425269
 2557.000000 1.423428
 2558.000000 1.422311
 2559.000000 1.421894
 2560.000000 1.422249
 2561.000000 1.423489
 2562.000000 1.425649
 2563.000000 1.428683
 2564.000000 1.432317
 2565.000000 1.436182
 2566.000000 1.439915
 2567.000000 1.443086
 2568.000000 1.445323
 2569.000000 1.446233
 2570.000000 1.445552
 2571.000000 1.443252
 2572.000000 1.439646
 2573.000000 1.435261
 2574.000000 1.430751
 2575.000000 1.426733
 2576.000000 1.423544
 2577.000000 1.421366
 2578.000000 1.420177
 2579.000000 1.419810
 2580.000000 1.420041
 2581.000000 1.420623
 2582.000000 1.421314
 2583.000000 1.421936
 2584.000000 1.422471
 2585.000000 1.423118
 2586.000000 1.424277
 2587.000000 1.426389
 2588.000000 1.429772
 2589.000000 1.434485
 2590.000000 1.440149
 2591.000000 1.446098
 2592.000000 1.451481
 2593.000000 1.455440
 2594.000000 1.457167
 2595.000000 1.456148
 2596.000000 1.452317
 2597.000000 1.446040
 2598.000000 1.438160
 2599.000000 1.429949
 2600.000000 1.422781
 2601.000000 1.417852
 2602.000000 1.415992
 2603.000000 1.417547
 2604.000000 1.422421
 2605.000000 1.430137
 2606.000000 1.439980
 2607.000000 1.450847
 2608.000000 1.461713
 2609.000000 1.471286
 2610.000000 1.478659
 2611.000000 1.483045
 2612.000000 1.484038
 2613.000000 1.481553
 2614.000000 1.475881
 2615.000000 1.467766
 2616.000000 1.458221
 2617.000000 1.448366
 2618.000000 1.439115
 2619.000000 1.431356
 2620.000000 1.425593
 2621.000000 1.421892
 2622.000000 1.419961
 2623.000000 1.419344
 2624.000000 1.419593
 2625.000000 1.420437
 2626.000000 1.421760
 2627.000000 1.423513
 2628.000000 1.425631
 2629.000000 1.427965
 2630.000000 1.430345
 2631.000000 1.432595
 2632.000000 1.434519
 2633.000000 1.435864
 2634.000000 1.436409
 2635.000000 1.435954
 2636.000000 1.434402
 2637.000000 1.431845
 2638.000000 1.428589
 2639.000000 1.425110
 2640.000000 1.422016
 2641.000000 1.419921
 2642.000000 1.419181
 2643.000000 1.419997
 2644.000000 1.422355
 2645.000000 1.426028
 2646.000000 1.430608
 2647.000000 1.435560
 2648.000000 1.440154
 2649.000000 1.443639
 2650.000000 1.445503
 2651.000000 1.445522
 2652.000000 1.443797
 2653.000000 1.440700
 2654.000000 1.436741
 2655.000000 1.432431
 2656.000000 1.428255
 2657.000000 1.424561
 2658.000000 1.421616
 2659.000000 1.419532
 2660.000000 1.418325
 2661.000000 1.417897
 2662.000000 1.418063
 2663.000000 1.418663
 2664.000000 1.419630
 2665.000000 1.421028
 2666.000000 1.422941
 2667.000000 1.425410
 2668.000000 1.428389
 2669.000000 1.431711
 2670.000000 1.435167
 2671.000000 1.438455
 2672.000000 1.441267
 2673.000000 1.443257
 2674.000000 1.444126
 2675.000000 1.443624
 2676.000000 1.441697
 2677.000000 1.438562
 2678.000000 1.434672
 2679.000000 1.430772
 2680.000000 1.427635
 2681.000000 1.425817
 2682.000000 1.425623
 2683.000000 1.427027
 2684.000000 1.429727
 2685.000000 1.433190
 2686.000000 1.436659
 2687.000000 1.439334
 2688.000000 1.440559
 2689.000000 1.439950
 2690.000000 1.437427
 2691.000000 1.433296
 2692.000000 1.428110
 2693.000000 1.422532
 2694.000000 1.417240
 2695.000000 1.412980
 2696.000000 1.410295
 2697.000000 1.409547
 2698.000000 1.410864
 2699.000000 1.414108
 2700.000000 1.418807
 2701.000000 1.424269
 2702.000000 1.429709
 2703.000000 1.434471
 2704.000000 1.438114
 2705.000000 1.440552
 2706.000000 1.441775
 2707.000000 1.441863
 2708.000000 1.440925
 2709.000000 1.439072
 2710.000000 1.436435
 2711.000000 1.433181
 2712.000000 1.429480
 2713.000000 1.425603
 2714.000000 1.421763
 2715.000000 1.418310
 2716.000000 1.415703
 2717.000000 1.414571
 2718.000000 1.415495
 2719.000000 1.418848
 2720.000000 1.424608
 2721.000000 1.432369
 2722.000000 1.441507
 2723.000000 1.450812
 2724.000000 1.459135
 2725.000000 1.465478
 2726.000000 1.468841
 2727.000000 1.468533
 2728.000000 1.464277
 2729.000000 1.456302
 2730.000000 1.445507
 2731.000000 1.433223
 2732.000000 1.421044
 2733.000000 1.410674
 2734.000000 1.403434
 2735.000000 1.400215
 2736.000000 1.401371
 2737.000000 1.406643
 2738.000000 1.415148
 2739.000000 1.425480
 2740.000000 1.436211
 2741.000000 1.445798
 2742.000000 1.453171
 2743.000000 1.457826
 2744.000000 1.459533
 2745.000000 1.458410
 2746.000000 1.454799
 2747.000000 1.449223
 2748.000000 1.442288
 2749.000000 1.434677
 2750.000000 1.427018
 2751.000000 1.419826
 2752.000000 1.413385
 2753.000000 1.408067
 2754.000000 1.404151
 2755.000000 1.402053
 2756.000000 1.402102
 2757.000000 1.404549
 2758.000000 1.409368
 2759.000000 1.416196
 2760.000000 1.424473
 2761.000000 1.433393
 2762.000000 1.441875
 2763.000000 1.448814
 2764.000000 1.453423
 2765.000000 1.455035
 2766.000000 1.453190
 2767.000000 1.447804
 2768.000000 1.439283
 2769.000000 1.428501
 2770.000000 1.416685
 2771.000000 1.405360
 2772.000000 1.395821
 2773.000000 1.389474
 2774.000000 1.387035
 2775.000000 1.388804
 2776.000000 1.394571
 2777.000000 1.403503
 2778.000000 1.414304
 2779.000000 1.425816
 2780.000000 1.436625
 2781.000000 1.445490
 2782.000000 1.451554
 2783.000000 1.454330
 2784.000000 1.453710
 2785.000000 1.449930
 2786.000000 1.443548
 2787.000000 1.435421
 2788.000000 1.426407
 2789.000000 1.417331
 2790.000000 1.409118
 2791.000000 1.402425
 2792.000000 1.397708
 2793.000000 1.395193
 2794.000000 1.394943
 2795.000000 1.396814
 2796.000000 1.400485
 2797.000000 1.405424
 2798.000000 1.410884
 2799.000000 1.415864
 2800.000000 1.419374
 2801.000000 1.420423
 2802.000000 1.418279
 2803.000000 1.412566
 2804.000000 1.403372
 2805.000000 1.391593
 2806.000000 1.378612
 2807.000000 1.366078
 2808.000000 1.355766
 2809.000000 1.349031
 2810.000000 1.346877
 2811.000000 1.349696
 2812.000000 1.357156
 2813.000000 1.368088
 2814.000000 1.381112
 2815.000000 1.394550
 2816.000000 1.406576
 2817.000000 1.415899
 2818.000000 1.421629
 2819.000000 1.423261
 2820.000000 1.420840
 2821.000000 1.414925
 2822.000000 1.406549
 2823.000000 1.397107
 2824.000000 1.388083
 2825.000000 1.380860
 2826.000000 1.376589
 2827.000000 1.376025
 2828.000000 1.379298
 2829.000000 1.385787
 2830.000000 1.394487
 2831.000000 1.403906
 2832.000000 1.412447
 2833.000000 1.418760
 2834.000000 1.422133
 2835.000000 1.422332
 2836.000000 1.419667
 2837.000000 1.414781
 2838.000000 1.408497
 2839.000000 1.401710
 2840.000000 1.395324
 2841.000000 1.389987
 2842.000000 1.386319
 2843.000000 1.384529
 2844.000000 1.384636
 2845.000000 1.386424
 2846.000000 1.389504
 2847.000000 1.393354
 2848.000000 1.397410
 2849.000000 1.401082
 2850.000000 1.403902
 2851.000000 1.405449
