#! FIELDS time d
 0.000000 1.425431
 1.000000 1.436581
 2.000000 1.442185
 3.000000 1.441624
 4.000000 1.435177
 5.000000 1.423759
 6.000000 1.409046
 7.000000 1.392989
 8.000000 1.377851
 9.000000 1.365524
 10.000000 1.357687
 11.000000 1.355383
 12.000000 1.358736
 13.000000 1.367011
 14.000000 1.378886
 15.000000 1.392641
 16.000000 1.406514
 17.000000 1.418937
 18.000000 1.428418
 19.000000 1.434035
 20.000000 1.435037
 21.000000 1.431233
 22.000000 1.422896
 23.000000 1.410896
 24.000000 1.396500
 25.000000 1.381319
 26.000000 1.367376
 27.000000 1.356537
 28.000000 1.350409
 29.000000 1.349805
 30.000000 1.354824
 31.000000 1.364725
 32.000000 1.377927
 33.000000 1.392318
 34.000000 1.406350
 35.000000 1.418122
 36.000000 1.426379
 37.000000 1.430353
 38.000000 1.429952
 39.000000 1.425500
 40.000000 1.417782
 41.000000 1.407806
 42.000000 1.397023
 43.000000 1.386924
 44.000000 1.378970
 45.000000 1.374288
 46.000000 1.373679
 47.000000 1.377333
 48.000000 1.384758
 49.000000 1.394994
 50.000000 1.406644
 51.000000 1.418084
 52.000000 1.427581
 53.000000 1.433656
 54.000000 1.435319
 55.000000 1.432179
 56.000000 1.424540
 57.000000 1.413286
 58.000000 1.400076
 59.000000 1.387131
 60.000000 1.376396
 61.000000 1.369369
 62.000000 1.367149
 63.000000 1.370009
 64.000000 1.377409
 65.000000 1.388313
 66.000000 1.401177
 67.000000 1.414281
 68.000000 1.426166
 69.000000 1.435706
 70.000000 1.442184
 71.000000 1.445189
 72.000000 1.444513
 73.000000 1.440151
 74.000000 1.432402
 75.000000 1.421807
 76.000000 1.409270
 77.000000 1.396044
 78.000000 1.383865
 79.000000 1.374322
 80.000000 1.368654
 81.000000 1.367879
 82.000000 1.372337
 83.000000 1.381600
 84.000000 1.394525
 85.000000 1.409544
 86.000000 1.424560
 87.000000 1.437757
 88.000000 1.447556
 89.000000 1.452652
 90.000000 1.452226
 91.000000 1.446091
 92.000000 1.434666
 93.000000 1.419271
 94.000000 1.401588
 95.000000 1.383734
 96.000000 1.367971
 97.000000 1.356601
 98.000000 1.351264
 99.000000 1.352846
 100.000000 1.361051
 101.000000 1.374576
 102.000000 1.391210
 103.000000 1.408773
 104.000000 1.424925
 105.000000 1.437486
 106.000000 1.445295
 107.000000 1.447748
 108.000000 1.444735
 109.000000 1.436802
 110.000000 1.425042
 111.000000 1.410837
 112.000000 1.395927
 113.000000 1.382032
 114.000000 1.370933
 115.000000 1.363994
 116.000000 1.361841
 117.000000 1.364369
 118.000000 1.370896
 119.000000 1.380311
 120.000000 1.391275
 121.000000 1.402372
 122.000000 1.412158
 123.000000 1.419616
 124.000000 1.424023
 125.000000 1.425010
 126.000000 1.422517
 127.000000 1.416857
 128.000000 1.408578
 129.000000 1.398628
 130.000000 1.388261
 131.000000 1.378631
 132.000000 1.370956
 133.000000 1.366091
 134.000000 1.364737
 135.000000 1.367192
 136.000000 1.373205
 137.000000 1.382062
 138.000000 1.392637
 139.000000 1.403380
 140.000000 1.412848
 141.000000 1.419443
 142.000000 1.422165
 143.000000 1.420481
 144.000000 1.414496
 145.000000 1.404948
 146.000000 1.393232
 147.000000 1.380970
 148.000000 1.370015
 149.000000 1.362305
 150.000000 1.359079
 151.000000 1.360957
 152.000000 1.367825
 153.000000 1.378806
 154.000000 1.392307
 155.000000 1.406627
 156.000000 1.420141
 157.000000 1.431323
 158.000000 1.438912
 159.000000 1.441930
 160.000000 1.440138
 161.000000 1.433911
 162.000000 1.424228
 163.000000 1.412234
 164.000000 1.399553
 165.000000 1.387910
 166.000000 1.378862
 167.000000 1.373584
 168.000000 1.372721
 169.000000 1.376286
 170.000000 1.383707
 171.000000 1.393833
 172.000000 1.405282
 173.000000 1.416405
 174.000000 1.425593
 175.000000 1.431339
 176.000000 1.432629
 177.000000 1.429091
 178.000000 1.420927
 179.000000 1.408853
 180.000000 1.394248
 181.000000 1.378580
 182.000000 1.363942
 183.000000 1.352529
 184.000000 1.346029
 185.000000 1.345505
 186.000000 1.351293
 187.000000 1.362707
 188.000000 1.378445
 189.000000 1.396433
 190.000000 1.414045
 191.000000 1.429046
 192.000000 1.439439
 193.000000 1.443775
 194.000000 1.441526
 195.000000 1.433167
 196.000000 1.419825
 197.000000 1.403494
 198.000000 1.386403
 199.000000 1.370881
 200.000000 1.358962
 201.000000 1.352413
 202.000000 1.352111
 203.000000 1.357913
 204.000000 1.368689
 205.000000 1.383044
 206.000000 1.398781
 207.000000 1.413785
 208.000000 1.426143
 209.000000 1.434266
 210.000000 1.437327
 211.000000 1.434978
 212.000000 1.427536
 213.000000 1.415940
 214.000000 1.401971
 215.000000 1.387331
 216.000000 1.373874
 217.000000 1.363410
 218.000000 1.357250
 219.000000 1.356243
 220.000000 1.360474
 221.000000 1.369364
 222.000000 1.381689
 223.000000 1.396108
 224.000000 1.410741
 225.000000 1.423706
 226.000000 1.433569
 227.000000 1.439301
 228.000000 1.440506
 229.000000 1.437227
 230.000000 1.429898
 231.000000 1.419413
 232.000000 1.406934
 233.000000 1.393894
 234.000000 1.381863
 235.000000 1.372477
 236.000000 1.367384
 237.000000 1.367393
 238.000000 1.372654
 239.000000 1.382487
 240.000000 1.395525
 241.000000 1.409835
 242.000000 1.423391
 243.000000 1.434507
 244.000000 1.441659
 245.000000 1.443895
 246.000000 1.440837
 247.000000 1.432732
 248.000000 1.420433
 249.000000 1.405125
 250.000000 1.388665
 251.000000 1.372954
 252.000000 1.359785
 253.000000 1.350785
 254.000000 1.347199
 255.000000 1.349620
 256.000000 1.357727
 257.000000 1.370518
 258.000000 1.386669
 259.000000 1.404245
 260.000000 1.421653
 261.000000 1.436992
 262.000000 1.448706
 263.000000 1.455780
 264.000000 1.457555
 265.000000 1.453858
 266.000000 1.444977
 267.000000 1.431638
 268.000000 1.415196
 269.000000 1.397217
 270.000000 1.379684
 271.000000 1.364705
 272.000000 1.354202
 273.000000 1.349551
 274.000000 1.351341
 275.000000 1.359249
 276.000000 1.372072
 277.000000 1.387897
 278.000000 1.404442
 279.000000 1.419320
 280.000000 1.430596
 281.000000 1.436800
 282.000000 1.437283
 283.000000 1.432085
 284.000000 1.421972
 285.000000 1.408469
 286.000000 1.393298
 287.000000 1.378492
 288.000000 1.366349
 289.000000 1.358825
 290.000000 1.357294
 291.000000 1.362202
 292.000000 1.372956
 293.000000 1.387996
 294.000000 1.405027
 295.000000 1.421529
 296.000000 1.435011
 297.000000 1.443481
 298.000000 1.445831
 299.000000 1.441733
 300.000000 1.431860
 301.000000 1.417625
 302.000000 1.401091
 303.000000 1.384340
 304.000000 1.369328
 305.000000 1.358046
 306.000000 1.352003
 307.000000 1.352026
 308.000000 1.358027
 309.000000 1.368873
 310.000000 1.382882
 311.000000 1.398234
 312.000000 1.412702
 313.000000 1.424567
 314.000000 1.432665
 315.000000 1.436232
 316.000000 1.435034
 317.000000 1.429332
 318.000000 1.419963
 319.000000 1.408236
 320.000000 1.395517
 321.000000 1.383307
 322.000000 1.372957
 323.000000 1.365826
 324.000000 1.362665
 325.000000 1.363897
 326.000000 1.369365
 327.000000 1.378196
 328.000000 1.388906
 329.000000 1.399692
 330.000000 1.408769
 331.000000 1.414624
 332.000000 1.416250
 333.000000 1.413338
 334.000000 1.406172
 335.000000 1.395600
 336.000000 1.383153
 337.000000 1.370762
 338.000000 1.360578
 339.000000 1.354571
 340.000000 1.354070
 341.000000 1.359579
 342.000000 1.370503
 343.000000 1.385492
 344.000000 1.402632
 345.000000 1.419740
 346.000000 1.434739
 347.000000 1.445668
 348.000000 1.451311
 349.000000 1.450980
 350.000000 1.444631
 351.000000 1.432927
 352.000000 1.417086
 353.000000 1.398815
 354.000000 1.380387
 355.000000 1.364425
 356.000000 1.353081
 357.000000 1.348000
 358.000000 1.349839
 359.000000 1.358092
 360.000000 1.371392
 361.000000 1.387464
 362.000000 1.404061
 363.000000 1.419051
 364.000000 1.430774
 365.000000 1.438191
 366.000000 1.440624
 367.000000 1.437998
 368.000000 1.430720
 369.000000 1.419678
 370.000000 1.406181
 371.000000 1.392058
 372.000000 1.379027
 373.000000 1.368657
 374.000000 1.362231
 375.000000 1.360699
 376.000000 1.364281
 377.000000 1.372299
 378.000000 1.383459
 379.000000 1.396070
 380.000000 1.408185
 381.000000 1.418005
 382.000000 1.424427
 383.000000 1.426856
 384.000000 1.425157
 385.000000 1.419575
 386.000000 1.410637
 387.000000 1.399109
 388.000000 1.386310
 389.000000 1.373723
 390.000000 1.363212
 391.000000 1.356424
 392.000000 1.354595
 393.000000 1.358171
 394.000000 1.366738
 395.000000 1.379056
 396.000000 1.393326
 397.000000 1.407270
 398.000000 1.419013
 399.000000 1.427041
 400.000000 1.430537
 401.000000 1.429233
 402.000000 1.423528
 403.000000 1.414546
 404.000000 1.403755
 405.000000 1.392936
 406.000000 1.383700
 407.000000 1.377517
 408.000000 1.375273
 409.000000 1.377277
 410.000000 1.383185
 411.000000 1.392066
 412.000000 1.402542
 413.000000 1.412874
 414.000000 1.421045
 415.000000 1.425390
 416.000000 1.424949
 417.000000 1.419523
 418.000000 1.409699
 419.000000 1.397085
 420.000000 1.383484
 421.000000 1.370911
 422.000000 1.361564
 423.000000 1.356463
 424.000000 1.356142
 425.000000 1.360416
 426.000000 1.368465
 427.000000 1.379318
 428.000000 1.391488
 429.000000 1.403517
 430.000000 1.413911
 431.000000 1.421395
 432.000000 1.425341
 433.000000 1.425466
 434.000000 1.421879
 435.000000 1.415045
 436.000000 1.405617
 437.000000 1.394673
 438.000000 1.383402
 439.000000 1.373173
 440.000000 1.365116
 441.000000 1.360347
 442.000000 1.359610
 443.000000 1.363048
 444.000000 1.370184
 445.000000 1.379849
 446.000000 1.390499
 447.000000 1.400331
 448.000000 1.407587
 449.000000 1.411017
 450.000000 1.409966
 451.000000 1.404580
 452.000000 1.395747
 453.000000 1.385030
 454.000000 1.374431
 455.000000 1.366051
 456.000000 1.361522
 457.000000 1.361876
 458.000000 1.367261
 459.000000 1.377162
 460.000000 1.390164
 461.000000 1.404266
 462.000000 1.417590
 463.000000 1.428422
 464.000000 1.435445
 465.000000 1.437884
 466.000000 1.435383
 467.000000 1.428145
 468.000000 1.416869
 469.000000 1.402620
 470.000000 1.387007
 471.000000 1.371782
 472.000000 1.358824
 473.000000 1.349672
 474.000000 1.345310
 475.000000 1.346053
 476.000000 1.351485
 477.000000 1.360472
 478.000000 1.371472
 479.000000 1.382990
 480.000000 1.393641
 481.000000 1.402331
 482.000000 1.408372
 483.000000 1.411443
 484.000000 1.411613
 485.000000 1.409307
 486.000000 1.405154
 487.000000 1.399858
 488.000000 1.394188
 489.000000 1.388832
 490.000000 1.384436
 491.000000 1.381513
 492.000000 1.380472
 493.000000 1.381516
 494.000000 1.384552
 495.000000 1.389174
 496.000000 1.394668
 497.000000 1.400133
 498.000000 1.404623
 499.000000 1.407325
 500.000000 1.407691
 501.000000 1.405477
 502.000000 1.400862
 503.000000 1.394294
 504.000000 1.386607
 505.000000 1.378981
 506.000000 1.372593
 507.000000 1.368511
 508.000000 1.367485
 509.000000 1.369876
 510.000000 1.375576
 511.000000 1.384115
 512.000000 1.394505
 513.000000 1.405656
 514.000000 1.416369
 515.000000 1.425436
 516.000000 1.431980
 517.000000 1.435303
 518.000000 1.435126
 519.000000 1.431645
 520.000000 1.425454
 521.000000 1.417341
 522.000000 1.408287
 523.000000 1.399382
 524.000000 1.391468
 525.000000 1.385331
 526.000000 1.381490
 527.000000 1.380057
 528.000000 1.380790
 529.000000 1.383205
 530.000000 1.386779
 531.000000 1.390856
 532.000000 1.394924
 533.000000 1.398663
 534.000000 1.401731
 535.000000 1.403853
 536.000000 1.404883
 537.000000 1.404745
 538.000000 1.403461
 539.000000 1.401119
 540.000000 1.397895
 541.000000 1.394113
 542.000000 1.390118
 543.000000 1.386299
 544.000000 1.383184
 545.000000 1.381213
 546.000000 1.380762
 547.000000 1.381998
 548.000000 1.384858
 549.000000 1.389021
 550.000000 1.393927
 551.000000 1.398870
 552.000000 1.403166
 553.000000 1.406127
 554.000000 1.407196
 555.000000 1.406070
 556.000000 1.402731
 557.000000 1.397530
 558.000000 1.391162
 559.000000 1.384621
 560.000000 1.379061
 561.000000 1.375562
 562.000000 1.374908
 563.000000 1.377465
 564.000000 1.382993
 565.000000 1.390691
 566.000000 1.399470
 567.000000 1.407971
 568.000000 1.414925
 569.000000 1.419351
 570.000000 1.420586
 571.000000 1.418418
 572.000000 1.413139
 573.000000 1.405510
 574.000000 1.396516
 575.000000 1.387470
 576.000000 1.379635
 577.000000 1.374234
 578.000000 1.372072
 579.000000 1.373550
 580.000000 1.378480
 581.000000 1.386178
 582.000000 1.395576
 583.000000 1.405534
 584.000000 1.414975
 585.000000 1.422911
 586.000000 1.428512
 587.000000 1.431407
 588.000000 1.431341
 589.000000 1.428351
 590.000000 1.422653
 591.000000 1.414741
 592.000000 1.405197
 593.000000 1.394831
 594.000000 1.384481
 595.000000 1.375096
 596.000000 1.367697
 597.000000 1.363262
 598.000000 1.362509
 599.000000 1.365567
 600.000000 1.371979
 601.000000 1.380758
 602.000000 1.390428
 603.000000 1.399444
 604.000000 1.406364
 605.000000 1.410138
 606.000000 1.410293
 607.000000 1.406841
 608.000000 1.400389
 609.000000 1.391991
 610.000000 1.383065
 611.000000 1.375207
 612.000000 1.369790
 613.000000 1.367798
 614.000000 1.369660
 615.000000 1.375137
 616.000000 1.383468
 617.000000 1.393371
 618.000000 1.403364
 619.000000 1.411897
 620.000000 1.417640
 621.000000 1.419647
 622.000000 1.417595
 623.000000 1.411818
 624.000000 1.403182
 625.000000 1.392879
 626.000000 1.382583
 627.000000 1.373910
 628.000000 1.368088
 629.000000 1.366051
 630.000000 1.368014
 631.000000 1.373590
 632.000000 1.381868
 633.000000 1.391559
 634.000000 1.401265
 635.000000 1.409962
 636.000000 1.416746
 637.000000 1.420931
 638.000000 1.422235
 639.000000 1.420671
 640.000000 1.416514
 641.000000 1.410381
 642.000000 1.403000
 643.000000 1.395296
 644.000000 1.388175
 645.000000 1.382288
 646.000000 1.378260
 647.000000 1.376506
 648.000000 1.377268
 649.000000 1.380578
 650.000000 1.386208
 651.000000 1.393602
 652.000000 1.401886
 653.000000 1.409960
 654.000000 1.416684
 655.000000 1.421082
 656.000000 1.422405
 657.000000 1.420220
 658.000000 1.414495
 659.000000 1.405785
 660.000000 1.395066
 661.000000 1.383665
 662.000000 1.373302
 663.000000 1.365474
 664.000000 1.361626
 665.000000 1.362307
 666.000000 1.367399
 667.000000 1.376138
 668.000000 1.387051
 669.000000 1.398486
 670.000000 1.408904
 671.000000 1.417016
 672.000000 1.421934
 673.000000 1.423074
 674.000000 1.420449
 675.000000 1.414535
 676.000000 1.406265
 677.000000 1.396907
 678.000000 1.387835
 679.000000 1.380388
 680.000000 1.375708
 681.000000 1.374501
 682.000000 1.376978
 683.000000 1.382799
 684.000000 1.391091
 685.000000 1.400489
 686.000000 1.409604
 687.000000 1.417479
 688.000000 1.423360
 689.000000 1.426954
 690.000000 1.428273
 691.000000 1.427608
 692.000000 1.425416
 693.000000 1.422211
 694.000000 1.418529
 695.000000 1.414786
 696.000000 1.411347
 697.000000 1.408432
 698.000000 1.406171
 699.000000 1.404626
 700.000000 1.403818
 701.000000 1.403721
 702.000000 1.404264
 703.000000 1.405277
 704.000000 1.406490
 705.000000 1.407570
 706.000000 1.408170
 707.000000 1.407971
 708.000000 1.406721
 709.000000 1.404266
 710.000000 1.400591
 711.000000 1.395870
 712.000000 1.390598
 713.000000 1.385410
 714.000000 1.381069
 715.000000 1.378411
 716.000000 1.378063
 717.000000 1.380225
 718.000000 1.384678
 719.000000 1.390801
 720.000000 1.397571
 721.000000 1.403877
 722.000000 1.408633
 723.000000 1.410928
 724.000000 1.410195
 725.000000 1.406277
 726.000000 1.399505
 727.000000 1.390757
 728.000000 1.381219
 729.000000 1.372311
 730.000000 1.365496
 731.000000 1.361934
 732.000000 1.362288
 733.000000 1.366590
 734.000000 1.374310
 735.000000 1.384323
 736.000000 1.395282
 737.000000 1.405774
 738.000000 1.414480
 739.000000 1.420446
 740.000000 1.423052
 741.000000 1.422054
 742.000000 1.417635
 743.000000 1.410405
 744.000000 1.401298
 745.000000 1.391598
 746.000000 1.382538
 747.000000 1.375334
 748.000000 1.370903
 749.000000 1.369664
 750.000000 1.371562
 751.000000 1.376148
 752.000000 1.382799
 753.000000 1.390808
 754.000000 1.399455
 755.000000 1.408240
 756.000000 1.416621
 757.000000 1.424068
 758.000000 1.430146
 759.000000 1.434241
 760.000000 1.435916
 761.000000 1.434792
 762.000000 1.430703
 763.000000 1.423795
 764.000000 1.414500
 765.000000 1.403607
 766.000000 1.392304
 767.000000 1.381939
 768.000000 1.373705
 769.000000 1.368642
 770.000000 1.367216
 771.000000 1.369267
 772.000000 1.374013
 773.000000 1.380267
 774.000000 1.386656
 775.000000 1.391794
 776.000000 1.394525
 777.000000 1.394274
 778.000000 1.391039
 779.000000 1.385330
 780.000000 1.378294
 781.000000 1.371268
 782.000000 1.365638
 783.000000 1.362656
 784.000000 1.363107
 785.000000 1.367210
 786.000000 1.374603
 787.000000 1.384310
 788.000000 1.395181
 789.000000 1.405832
 790.000000 1.415030
 791.000000 1.421734
 792.000000 1.425261
 793.000000 1.425401
 794.000000 1.422349
 795.000000 1.416607
 796.000000 1.408974
 797.000000 1.400156
 798.000000 1.391180
 799.000000 1.383033
 800.000000 1.376644
 801.000000 1.372485
 802.000000 1.370925
 803.000000 1.372084
 804.000000 1.375770
 805.000000 1.381491
 806.000000 1.388600
 807.000000 1.396247
 808.000000 1.403458
 809.000000 1.409288
 810.000000 1.413057
 811.000000 1.414279
 812.000000 1.412825
 813.000000 1.408899
 814.000000 1.403033
 815.000000 1.395926
 816.000000 1.388571
 817.000000 1.382042
 818.000000 1.377390
 819.000000 1.375549
 820.000000 1.377065
 821.000000 1.382001
 822.000000 1.389950
 823.000000 1.400059
 824.000000 1.411000
 825.000000 1.421191
 826.000000 1.429230
 827.000000 1.433625
 828.000000 1.433425
 829.000000 1.428187
 830.000000 1.418055
 831.000000 1.404000
 832.000000 1.387756
 833.000000 1.371291
 834.000000 1.357150
 835.000000 1.347386
 836.000000 1.343362
 837.000000 1.345583
 838.000000 1.353398
 839.000000 1.365400
 840.000000 1.379745
 841.000000 1.394262
 842.000000 1.406975
 843.000000 1.416529
 844.000000 1.422145
 845.000000 1.423542
 846.000000 1.420876
 847.000000 1.414765
 848.000000 1.406101
 849.000000 1.396180
 850.000000 1.386183
 851.000000 1.377554
 852.000000 1.371533
 853.000000 1.369116
 854.000000 1.370786
 855.000000 1.376425
 856.000000 1.385460
 857.000000 1.396940
 858.000000 1.409592
 859.000000 1.422184
 860.000000 1.433384
 861.000000 1.442049
 862.000000 1.447473
 863.000000 1.449182
 864.000000 1.447053
 865.000000 1.441340
 866.000000 1.432709
 867.000000 1.422077
 868.000000 1.410745
 869.000000 1.400119
 870.000000 1.391552
 871.000000 1.386343
 872.000000 1.385284
 873.000000 1.388636
 874.000000 1.396075
 875.000000 1.406766
 876.000000 1.419346
 877.000000 1.432563
 878.000000 1.444837
 879.000000 1.454738
 880.000000 1.461083
 881.000000 1.463061
 882.000000 1.460432
 883.000000 1.453519
 884.000000 1.443350
 885.000000 1.431298
 886.000000 1.419102
 887.000000 1.408714
 888.000000 1.401696
 889.000000 1.398993
 890.000000 1.400910
 891.000000 1.407042
 892.000000 1.416425
 893.000000 1.427547
 894.000000 1.438679
 895.000000 1.448132
 896.000000 1.454477
 897.000000 1.456687
 898.000000 1.454225
 899.000000 1.447044
 900.000000 1.435676
 901.000000 1.421027
 902.000000 1.404566
 903.000000 1.387993
 904.000000 1.373095
 905.000000 1.361472
 906.000000 1.354684
 907.000000 1.353368
 908.000000 1.357586
 909.000000 1.366763
 910.000000 1.379706
 911.000000 1.394918
 912.000000 1.410898
 913.000000 1.425927
 914.000000 1.438510
 915.000000 1.447428
 916.000000 1.451772
 917.000000 1.451138
 918.000000 1.445606
 919.000000 1.435644
 920.000000 1.422254
 921.000000 1.406840
 922.000000 1.391383
 923.000000 1.377948
 924.000000 1.368493
 925.000000 1.364490
 926.000000 1.366512
 927.000000 1.374202
 928.000000 1.386403
 929.000000 1.401117
 930.000000 1.415878
 931.000000 1.428368
 932.000000 1.436354
 933.000000 1.438384
 934.000000 1.433822
 935.000000 1.422870
 936.000000 1.406877
 937.000000 1.387801
 938.000000 1.368309
 939.000000 1.351367
 940.000000 1.339975
 941.000000 1.336209
 942.000000 1.340767
 943.000000 1.353010
 944.000000 1.370801
 945.000000 1.391524
 946.000000 1.412561
 947.000000 1.431396
 948.000000 1.446033
 949.000000 1.455093
 950.000000 1.458125
 951.000000 1.455135
 952.000000 1.446746
 953.000000 1.434218
 954.000000 1.418890
 955.000000 1.402315
 956.000000 1.386440
 957.000000 1.373098
 958.000000 1.363898
 959.000000 1.359869
 960.000000 1.361484
 961.000000 1.368468
 962.000000 1.379845
 963.000000 1.394190
 964.000000 1.409576
 965.000000 1.423724
 966.000000 1.434889
 967.000000 1.441444
 968.000000 1.442459
 969.000000 1.437584
 970.000000 1.427242
 971.000000 1.412492
 972.000000 1.395114
 973.000000 1.377473
 974.000000 1.362322
 975.000000 1.352094
 976.000000 1.348692
 977.000000 1.353002
 978.000000 1.364693
 979.000000 1.382285
 980.000000 1.403495
 981.000000 1.425680
 982.000000 1.446087
 983.000000 1.462396
 984.000000 1.472984
 985.000000 1.476691
 986.000000 1.473326
 987.000000 1.463542
 988.000000 1.448859
 989.000000 1.431234
 990.000000 1.412847
 991.000000 1.395985
 992.000000 1.382829
 993.000000 1.375382
 994.000000 1.374515
 995.000000 1.380260
 996.000000 1.391611
 997.000000 1.406923
 998.000000 1.423899
 999.000000 1.440368
 1000.000000 1.454574
 1001.000000 1.464552
 1002.000000 1.469109
 1003.000000 1.467917
 1004.000000 1.461057
 1005.000000 1.449159
 1006.000000 1.433640
 1007.000000 1.416363
 1008.000000 1.399431
 1009.000000 1.384938
 1010.000000 1.374879
 1011.000000 1.370647
 1012.000000 1.372897
 1013.000000 1.381460
 1014.000000 1.395297
 1015.000000 1.412784
 1016.000000 1.431691
 1017.000000 1.450064
 1018.000000 1.466023
 1019.000000 1.477667
 1020.000000 1.483544
 1021.000000 1.482967
 1022.000000 1.475732
 1023.000000 1.462342
 1024.000000 1.443927
 1025.000000 1.422335
 1026.000000 1.400144
 1027.000000 1.380067
 1028.000000 1.364937
 1029.000000 1.356844
 1030.000000 1.356950
 1031.000000 1.365104
 1032.000000 1.379853
 1033.000000 1.399095
 1034.000000 1.420037
 1035.000000 1.439941
 1036.000000 1.456644
 1037.000000 1.468265
 1038.000000 1.473763
 1039.000000 1.472876
 1040.000000 1.465915
 1041.000000 1.453843
 1042.000000 1.438211
 1043.000000 1.421103
 1044.000000 1.404741
 1045.000000 1.391435
 1046.000000 1.382944
 1047.000000 1.380490
 1048.000000 1.384468
 1049.000000 1.394344
 1050.000000 1.408737
 1051.000000 1.425919
 1052.000000 1.443618
 1053.000000 1.460030
 1054.000000 1.473204
 1055.000000 1.481811
 1056.000000 1.484871
 1057.000000 1.481942
 1058.000000 1.473079
 1059.000000 1.459023
 1060.000000 1.441031
 1061.000000 1.420915
 1062.000000 1.400970
 1063.000000 1.383562
 1064.000000 1.370870
 1065.000000 1.364679
 1066.000000 1.365656
 1067.000000 1.373623
 1068.000000 1.387270
 1069.000000 1.404566
 1070.000000 1.423041
 1071.000000 1.440300
 1072.000000 1.453973
 1073.000000 1.462263
 1074.000000 1.463986
 1075.000000 1.458586
 1076.000000 1.446312
 1077.000000 1.428360
 1078.000000 1.406561
 1079.000000 1.383676
 1080.000000 1.362518
 1081.000000 1.346538
 1082.000000 1.337982
 1083.000000 1.338168
 1084.000000 1.346969
 1085.000000 1.362869
 1086.000000 1.383255
 1087.000000 1.404816
 1088.000000 1.424222
 1089.000000 1.438928
 1090.000000 1.447090
 1091.000000 1.447801
 1092.000000 1.441168
 1093.000000 1.428026
 1094.000000 1.410033
 1095.000000 1.389372
 1096.000000 1.369200
 1097.000000 1.352291
 1098.000000 1.341037
 1099.000000 1.337054
 1100.000000 1.340952
 1101.000000 1.352032
 1102.000000 1.368676
 1103.000000 1.388838
 1104.000000 1.409780
 1105.000000 1.428573
 1106.000000 1.442937
 1107.000000 1.451247
 1108.000000 1.452669
 1109.000000 1.447114
 1110.000000 1.435321
 1111.000000 1.418962
 1112.000000 1.399952
 1113.000000 1.380846
 1114.000000 1.364357
 1115.000000 1.352871
 1116.000000 1.348119
 1117.000000 1.350883
 1118.000000 1.360956
 1119.000000 1.376917
 1120.000000 1.396712
 1121.000000 1.417731
 1122.000000 1.437356
 1123.000000 1.453501
 1124.000000 1.464233
 1125.000000 1.468255
 1126.000000 1.465038
 1127.000000 1.454665
 1128.000000 1.437965
 1129.000000 1.416719
 1130.000000 1.393263
 1131.000000 1.370202
 1132.000000 1.350544
 1133.000000 1.337101
 1134.000000 1.331636
 1135.000000 1.334684
 1136.000000 1.345174
 1137.000000 1.361180
 1138.000000 1.379690
 1139.000000 1.397318
 1140.000000 1.411438
 1141.000000 1.420358
 1142.000000 1.423588
 1143.000000 1.421538
 1144.000000 1.415263
 1145.000000 1.406268
 1146.000000 1.396368
 1147.000000 1.387244
 1148.000000 1.380263
 1149.000000 1.376433
 1150.000000 1.376280
 1151.000000 1.379764
 1152.000000 1.386392
 1153.000000 1.395342
 1154.000000 1.405637
 1155.000000 1.416198
 1156.000000 1.425967
 1157.000000 1.433851
 1158.000000 1.439170
 1159.000000 1.441250
 1160.000000 1.439627
 1161.000000 1.434112
 1162.000000 1.424793
 1163.000000 1.412044
 1164.000000 1.396886
 1165.000000 1.380803
 1166.000000 1.365599
 1167.000000 1.353313
 1168.000000 1.345882
 1169.000000 1.344727
 1170.000000 1.350249
 1171.000000 1.361604
 1172.000000 1.377134
 1173.000000 1.394418
 1174.000000 1.410868
 1175.000000 1.424333
 1176.000000 1.433585
 1177.000000 1.437882
 1178.000000 1.437355
 1179.000000 1.432755
 1180.000000 1.425199
 1181.000000 1.416036
 1182.000000 1.406620
 1183.000000 1.398138
 1184.000000 1.391498
 1185.000000 1.387444
 1186.000000 1.386370
 1187.000000 1.388295
 1188.000000 1.392897
 1189.000000 1.399648
 1190.000000 1.407815
 1191.000000 1.416463
 1192.000000 1.424577
 1193.000000 1.431080
 1194.000000 1.435106
 1195.000000 1.436022
 1196.000000 1.433372
 1197.000000 1.427094
 1198.000000 1.417580
 1199.000000 1.405849
 1200.000000 1.393258
 1201.000000 1.381469
 1202.000000 1.372221
 1203.000000 1.367133
 1204.000000 1.367044
 1205.000000 1.372087
 1206.000000 1.381589
 1207.000000 1.394443
 1208.000000 1.409044
 1209.000000 1.423616
 1210.000000 1.436408
 1211.000000 1.446112
 1212.000000 1.451555
 1213.000000 1.452147
 1214.000000 1.447806
 1215.000000 1.438935
 1216.000000 1.426518
 1217.000000 1.411972
 1218.000000 1.397084
 1219.000000 1.383846
 1220.000000 1.374452
 1221.000000 1.370648
 1222.000000 1.373329
 1223.000000 1.382497
 1224.000000 1.397261
 1225.000000 1.415900
 1226.000000 1.436163
 1227.000000 1.455682
 1228.000000 1.472366
 1229.000000 1.484567
 1230.000000 1.491062
 1231.000000 1.491272
 1232.000000 1.485213
 1233.000000 1.473420
 1234.000000 1.457174
 1235.000000 1.438275
 1236.000000 1.418494
 1237.000000 1.400357
 1238.000000 1.386017
 1239.000000 1.377318
 1240.000000 1.375393
 1241.000000 1.380394
 1242.000000 1.391548
 1243.000000 1.407245
 1244.000000 1.425210
 1245.000000 1.443273
 1246.000000 1.459500
 1247.000000 1.472176
 1248.000000 1.480256
 1249.000000 1.483339
 1250.000000 1.481454
 1251.000000 1.475017
 1252.000000 1.464814
 1253.000000 1.451946
 1254.000000 1.437593
 1255.000000 1.423316
 1256.000000 1.410542
 1257.000000 1.400917
 1258.000000 1.395655
 1259.000000 1.395337
 1260.000000 1.400026
 1261.000000 1.409114
 1262.000000 1.421529
 1263.000000 1.435609
 1264.000000 1.449684
 1265.000000 1.462153
 1266.000000 1.471352
 1267.000000 1.476207
 1268.000000 1.475933
 1269.000000 1.470360
 1270.000000 1.459827
 1271.000000 1.445275
 1272.000000 1.428233
 1273.000000 1.410656
 1274.000000 1.394572
 1275.000000 1.382006
 1276.000000 1.374762
 1277.000000 1.373794
 1278.000000 1.379169
 1279.000000 1.390004
 1280.000000 1.404903
 1281.000000 1.421899
 1282.000000 1.439251
 1283.000000 1.455311
 1284.000000 1.468859
 1285.000000 1.478696
 1286.000000 1.483873
 1287.000000 1.483922
 1288.000000 1.478790
 1289.000000 1.468863
 1290.000000 1.455137
 1291.000000 1.439055
 1292.000000 1.422409
 1293.000000 1.407157
 1294.000000 1.395086
 1295.000000 1.387726
 1296.000000 1.386146
 1297.000000 1.390520
 1298.000000 1.400272
 1299.000000 1.414098
 1300.000000 1.430128
 1301.000000 1.446174
 1302.000000 1.460297
 1303.000000 1.470583
 1304.000000 1.475624
 1305.000000 1.474571
 1306.000000 1.467353
 1307.000000 1.454715
 1308.000000 1.437885
 1309.000000 1.418657
 1310.000000 1.399614
 1311.000000 1.383481
 1312.000000 1.372321
 1313.000000 1.367851
 1314.000000 1.370859
 1315.000000 1.380948
 1316.000000 1.396715
 1317.000000 1.415943
 1318.000000 1.436404
 1319.000000 1.455474
 1320.000000 1.470643
 1321.000000 1.480423
 1322.000000 1.484069
 1323.000000 1.481311
 1324.000000 1.472589
 1325.000000 1.459079
 1326.000000 1.442322
 1327.000000 1.424300
 1328.000000 1.407256
 1329.000000 1.393532
 1330.000000 1.384804
 1331.000000 1.382083
 1332.000000 1.385604
 1333.000000 1.394647
 1334.000000 1.407775
 1335.000000 1.423125
 1336.000000 1.438612
 1337.000000 1.452274
 1338.000000 1.462597
 1339.000000 1.468461
 1340.000000 1.469289
 1341.000000 1.465111
 1342.000000 1.456523
 1343.000000 1.444480
 1344.000000 1.430449
 1345.000000 1.416127
 1346.000000 1.403398
 1347.000000 1.394082
 1348.000000 1.389487
 1349.000000 1.390425
 1350.000000 1.397019
 1351.000000 1.408604
 1352.000000 1.423958
 1353.000000 1.441396
 1354.000000 1.458889
 1355.000000 1.474630
 1356.000000 1.486718
 1357.000000 1.493997
 1358.000000 1.495783
 1359.000000 1.491814
 1360.000000 1.482432
 1361.000000 1.468657
 1362.000000 1.451920
 1363.000000 1.434226
 1364.000000 1.417314
 1365.000000 1.403451
 1366.000000 1.394568
 1367.000000 1.391786
 1368.000000 1.395450
 1369.000000 1.405050
 1370.000000 1.419164
 1371.000000 1.436011
 1372.000000 1.453653
 1373.000000 1.470155
 1374.000000 1.483585
 1375.000000 1.492537
 1376.000000 1.496130
 1377.000000 1.494062
 1378.000000 1.486427
 1379.000000 1.473797
 1380.000000 1.457375
 1381.000000 1.438606
 1382.000000 1.419167
 1383.000000 1.400996
 1384.000000 1.386411
 1385.000000 1.377204
 1386.000000 1.374471
 1387.000000 1.378533
 1388.000000 1.388692
 1389.000000 1.403513
 1390.000000 1.421374
 1391.000000 1.440072
 1392.000000 1.458117
 1393.000000 1.473854
 1394.000000 1.485996
 1395.000000 1.493842
 1396.000000 1.497065
 1397.000000 1.495653
 1398.000000 1.489946
 1399.000000 1.480628
 1400.000000 1.468662
 1401.000000 1.455424
 1402.000000 1.442219
 1403.000000 1.430155
 1404.000000 1.420159
 1405.000000 1.412976
 1406.000000 1.408854
 1407.000000 1.407894
 1408.000000 1.409829
 1409.000000 1.414057
 1410.000000 1.419698
 1411.000000 1.425722
 1412.000000 1.431039
 1413.000000 1.434824
 1414.000000 1.436520
 1415.000000 1.435915
 1416.000000 1.433175
 1417.000000 1.428734
 1418.000000 1.423352
 1419.000000 1.417952
 1420.000000 1.413514
 1421.000000 1.410867
 1422.000000 1.410699
 1423.000000 1.413420
 1424.000000 1.419008
 1425.000000 1.426992
 1426.000000 1.436592
 1427.000000 1.446761
 1428.000000 1.456266
 1429.000000 1.464075
 1430.000000 1.469165
 1431.000000 1.470778
 1432.000000 1.468529
 1433.000000 1.462448
 1434.000000 1.453002
 1435.000000 1.441123
 1436.000000 1.427862
 1437.000000 1.414485
 1438.000000 1.402479
 1439.000000 1.393370
 1440.000000 1.388192
 1441.000000 1.387488
 1442.000000 1.391324
 1443.000000 1.399115
 1444.000000 1.409885
 1445.000000 1.422137
 1446.000000 1.434365
 1447.000000 1.445199
 1448.000000 1.453476
 1449.000000 1.458437
 1450.000000 1.459695
 1451.000000 1.457222
 1452.000000 1.451471
 1453.000000 1.443118
 1454.000000 1.433157
 1455.000000 1.422786
 1456.000000 1.413152
 1457.000000 1.405391
 1458.000000 1.400405
 1459.000000 1.398758
 1460.000000 1.400635
 1461.000000 1.405754
 1462.000000 1.413422
 1463.000000 1.422716
 1464.000000 1.432412
 1465.000000 1.441209
 1466.000000 1.448168
 1467.000000 1.452522
 1468.000000 1.453967
 1469.000000 1.452541
 1470.000000 1.448586
 1471.000000 1.442659
 1472.000000 1.435567
 1473.000000 1.428230
 1474.000000 1.421482
 1475.000000 1.416032
 1476.000000 1.412310
 1477.000000 1.410592
 1478.000000 1.410818
 1479.000000 1.412693
 1480.000000 1.415735
 1481.000000 1.419432
 1482.000000 1.423149
 1483.000000 1.426372
 1484.000000 1.428625
 1485.000000 1.429616
 1486.000000 1.429169
 1487.000000 1.427274
 1488.000000 1.424087
 1489.000000 1.419979
 1490.000000 1.415449
 1491.000000 1.411100
 1492.000000 1.407527
 1493.000000 1.405235
 1494.000000 1.404576
 1495.000000 1.405725
 1496.000000 1.408598
 1497.000000 1.412885
 1498.000000 1.418113
 1499.000000 1.423614
 1500.000000 1.428678
 1501.000000 1.432660
 1502.000000 1.434905
 1503.000000 1.434929
 1504.000000 1.432521
 1505.000000 1.427769
 1506.000000 1.421047
 1507.000000 1.413055
 1508.000000 1.404581
 1509.000000 1.396576
 1510.000000 1.390122
 1511.000000 1.386061
 1512.000000 1.384970
 1513.000000 1.387089
 1514.000000 1.392279
 1515.000000 1.400036
 1516.000000 1.409357
 1517.000000 1.419226
 1518.000000 1.428431
 1519.000000 1.436121
 1520.000000 1.441466
 1521.000000 1.443812
 1522.000000 1.442861
 1523.000000 1.438676
 1524.000000 1.431704
 1525.000000 1.422852
 1526.000000 1.413348
 1527.000000 1.404578
 1528.000000 1.397852
 1529.000000 1.394195
 1530.000000 1.394413
 1531.000000 1.398706
 1532.000000 1.406692
 1533.000000 1.417566
 1534.000000 1.429879
 1535.000000 1.442045
 1536.000000 1.452570
 1537.000000 1.460262
 1538.000000 1.464259
 1539.000000 1.464161
 1540.000000 1.460102
 1541.000000 1.452714
 1542.000000 1.443018
 1543.000000 1.432196
 1544.000000 1.421603
 1545.000000 1.412574
 1546.000000 1.406067
 1547.000000 1.402828
 1548.000000 1.403170
 1549.000000 1.406927
 1550.000000 1.413481
 1551.000000 1.422022
 1552.000000 1.431420
 1553.000000 1.440535
 1554.000000 1.448104
 1555.000000 1.453158
 1556.000000 1.454933
 1557.000000 1.452997
 1558.000000 1.447376
 1559.000000 1.438552
 1560.000000 1.427463
 1561.000000 1.415464
 1562.000000 1.403939
 1563.000000 1.394608
 1564.000000 1.388827
 1565.000000 1.387658
 1566.000000 1.391494
 1567.000000 1.400039
 1568.000000 1.412408
 1569.000000 1.426963
 1570.000000 1.442031
 1571.000000 1.456008
 1572.000000 1.467354
 1573.000000 1.474783
 1574.000000 1.477538
 1575.000000 1.475352
 1576.000000 1.468412
 1577.000000 1.457396
 1578.000000 1.443467
 1579.000000 1.427896
 1580.000000 1.412367
 1581.000000 1.398287
 1582.000000 1.387239
 1583.000000 1.380391
 1584.000000 1.378461
 1585.000000 1.381551
 1586.000000 1.389115
 1587.000000 1.400003
 1588.000000 1.412717
 1589.000000 1.425870
 1590.000000 1.438095
 1591.000000 1.448250
 1592.000000 1.455407
 1593.000000 1.459069
 1594.000000 1.459117
 1595.000000 1.455744
 1596.000000 1.449381
 1597.000000 1.440754
 1598.000000 1.430792
 1599.000000 1.420431
 1600.000000 1.410694
 1601.000000 1.402551
 1602.000000 1.396940
 1603.000000 1.394500
 1604.000000 1.395563
 1605.000000 1.399928
 1606.000000 1.406975
 1607.000000 1.415542
 1608.000000 1.424173
 1609.000000 1.431460
 1610.000000 1.436182
 1611.000000 1.437284
 1612.000000 1.434139
 1613.000000 1.426702
 1614.000000 1.415625
 1615.000000 1.402321
 1616.000000 1.388434
 1617.000000 1.375993
 1618.000000 1.367005
 1619.000000 1.362926
 1620.000000 1.364525
 1621.000000 1.371682
 1622.000000 1.383470
 1623.000000 1.398264
 1624.000000 1.414353
 1625.000000 1.429616
 1626.000000 1.442442
 1627.000000 1.451437
 1628.000000 1.455760
 1629.000000 1.455016
 1630.000000 1.449332
 1631.000000 1.439368
 1632.000000 1.426207
 1633.000000 1.411293
 1634.000000 1.396318
 1635.000000 1.383160
 1636.000000 1.373481
 1637.000000 1.368491
 1638.000000 1.368784
 1639.000000 1.374184
 1640.000000 1.383982
 1641.000000 1.396941
 1642.000000 1.411359
 1643.000000 1.425453
 1644.000000 1.437700
 1645.000000 1.446868
 1646.000000 1.452042
 1647.000000 1.452750
 1648.000000 1.449006
 1649.000000 1.441273
 1650.000000 1.430409
 1651.000000 1.417567
 1652.000000 1.404018
 1653.000000 1.391340
 1654.000000 1.380916
 1655.000000 1.374050
 1656.000000 1.371616
 1657.000000 1.373928
 1658.000000 1.380722
 1659.000000 1.391092
 1660.000000 1.403737
 1661.000000 1.417015
 1662.000000 1.429157
 1663.000000 1.438798
 1664.000000 1.444909
 1665.000000 1.446932
 1666.000000 1.444913
 1667.000000 1.439472
 1668.000000 1.431668
 1669.000000 1.422909
 1670.000000 1.414579
 1671.000000 1.407938
 1672.000000 1.403951
 1673.000000 1.403170
 1674.000000 1.405570
 1675.000000 1.410607
 1676.000000 1.417403
 1677.000000 1.424920
 1678.000000 1.431992
 1679.000000 1.437653
 1680.000000 1.441207
 1681.000000 1.442233
 1682.000000 1.440619
 1683.000000 1.436517
 1684.000000 1.430288
 1685.000000 1.422424
 1686.000000 1.413696
 1687.000000 1.404924
 1688.000000 1.397029
 1689.000000 1.390775
 1690.000000 1.386921
 1691.000000 1.385904
 1692.000000 1.387869
 1693.000000 1.392656
 1694.000000 1.399815
 1695.000000 1.408646
 1696.000000 1.418066
 1697.000000 1.426949
 1698.000000 1.434365
 1699.000000 1.439528
 1700.000000 1.441899
 1701.000000 1.441152
 1702.000000 1.437298
 1703.000000 1.430750
 1704.000000 1.422343
 1705.000000 1.413090
 1706.000000 1.404267
 1707.000000 1.397147
 1708.000000 1.392728
 1709.000000 1.391611
 1710.000000 1.393931
 1711.000000 1.399266
 1712.000000 1.406816
 1713.000000 1.415351
 1714.000000 1.423604
 1715.000000 1.430347
 1716.000000 1.434515
 1717.000000 1.435441
 1718.000000 1.432812
 1719.000000 1.426705
 1720.000000 1.417672
 1721.000000 1.406526
 1722.000000 1.394492
 1723.000000 1.383062
 1724.000000 1.373779
 1725.000000 1.368111
 1726.000000 1.367030
 1727.000000 1.370791
 1728.000000 1.378872
 1729.000000 1.390242
 1730.000000 1.403431
 1731.000000 1.416518
 1732.000000 1.427983
 1733.000000 1.436561
 1734.000000 1.441490
 1735.000000 1.442552
 1736.000000 1.439954
 1737.000000 1.434344
 1738.000000 1.426589
 1739.000000 1.417704
 1740.000000 1.408796
 1741.000000 1.400826
 1742.000000 1.394451
 1743.000000 1.390313
 1744.000000 1.388769
 1745.000000 1.389948
 1746.000000 1.393724
 1747.000000 1.399667
 1748.000000 1.407051
 1749.000000 1.414897
 1750.000000 1.422084
 1751.000000 1.427735
 1752.000000 1.430792
 1753.000000 1.430683
 1754.000000 1.427242
 1755.000000 1.420778
 1756.000000 1.412138
 1757.000000 1.402444
 1758.000000 1.393239
 1759.000000 1.386042
 1760.000000 1.382102
 1761.000000 1.382304
 1762.000000 1.386905
 1763.000000 1.395440
 1764.000000 1.406901
 1765.000000 1.419503
 1766.000000 1.431448
 1767.000000 1.441107
 1768.000000 1.447291
 1769.000000 1.449019
 1770.000000 1.446067
 1771.000000 1.438930
 1772.000000 1.428677
 1773.000000 1.416794
 1774.000000 1.404931
 1775.000000 1.394622
 1776.000000 1.387215
 1777.000000 1.383745
 1778.000000 1.384549
 1779.000000 1.389369
 1780.000000 1.397399
 1781.000000 1.407327
 1782.000000 1.417732
 1783.000000 1.427384
 1784.000000 1.435232
 1785.000000 1.440573
 1786.000000 1.443060
 1787.000000 1.442626
 1788.000000 1.439466
 1789.000000 1.433997
 1790.000000 1.426800
 1791.000000 1.418613
 1792.000000 1.410334
 1793.000000 1.402827
 1794.000000 1.396647
 1795.000000 1.392391
 1796.000000 1.390608
 1797.000000 1.391599
 1798.000000 1.395413
 1799.000000 1.401666
 1800.000000 1.409525
 1801.000000 1.417797
 1802.000000 1.425150
 1803.000000 1.430201
 1804.000000 1.431924
 1805.000000 1.429677
 1806.000000 1.423372
 1807.000000 1.413440
 1808.000000 1.400946
 1809.000000 1.387374
 1810.000000 1.374708
 1811.000000 1.364855
 1812.000000 1.359526
 1813.000000 1.359751
 1814.000000 1.365616
 1815.000000 1.376374
 1816.000000 1.390734
 1817.000000 1.406790
 1818.000000 1.422693
 1819.000000 1.436442
 1820.000000 1.446287
 1821.000000 1.451116
 1822.000000 1.450454
 1823.000000 1.444460
 1824.000000 1.433892
 1825.000000 1.420023
 1826.000000 1.404842
 1827.000000 1.390477
 1828.000000 1.378866
 1829.000000 1.371521
 1830.000000 1.369459
 1831.000000 1.372833
 1832.000000 1.380884
 1833.000000 1.392249
 1834.000000 1.405088
 1835.000000 1.417567
 1836.000000 1.428324
 1837.000000 1.436454
 1838.000000 1.441607
 1839.000000 1.443675
 1840.000000 1.442863
 1841.000000 1.439527
 1842.000000 1.434104
 1843.000000 1.427119
 1844.000000 1.418912
 1845.000000 1.410086
 1846.000000 1.401253
 1847.000000 1.393176
 1848.000000 1.386525
 1849.000000 1.382122
 1850.000000 1.380639
 1851.000000 1.382387
 1852.000000 1.387220
 1853.000000 1.394520
 1854.000000 1.403235
 1855.000000 1.412092
 1856.000000 1.419669
 1857.000000 1.424719
 1858.000000 1.426349
 1859.000000 1.424098
 1860.000000 1.418168
 1861.000000 1.409434
 1862.000000 1.399407
 1863.000000 1.389812
 1864.000000 1.382346
 1865.000000 1.378333
 1866.000000 1.378456
 1867.000000 1.382791
 1868.000000 1.390853
 1869.000000 1.401500
 1870.000000 1.413298
 1871.000000 1.424706
 1872.000000 1.434380
 1873.000000 1.441352
 1874.000000 1.444921
 1875.000000 1.444849
 1876.000000 1.441415
 1877.000000 1.435191
 1878.000000 1.427066
 1879.000000 1.418171
 1880.000000 1.409537
 1881.000000 1.402187
 1882.000000 1.396927
 1883.000000 1.394216
 1884.000000 1.394235
 1885.000000 1.396839
 1886.000000 1.401658
 1887.000000 1.408198
 1888.000000 1.415928
 1889.000000 1.424362
 1890.000000 1.432657
 1891.000000 1.440020
 1892.000000 1.445773
 1893.000000 1.449399
 1894.000000 1.450512
 1895.000000 1.449042
 1896.000000 1.445128
 1897.000000 1.439064
 1898.000000 1.431437
 1899.000000 1.423025
 1900.000000 1.414677
 1901.000000 1.407375
 1902.000000 1.402184
 1903.000000 1.399977
 1904.000000 1.401239
 1905.000000 1.405910
 1906.000000 1.413501
 1907.000000 1.422998
 1908.000000 1.433104
 1909.000000 1.442360
 1910.000000 1.449360
 1911.000000 1.453018
 1912.000000 1.452655
 1913.000000 1.448224
 1914.000000 1.440118
 1915.000000 1.429211
 1916.000000 1.416713
 1917.000000 1.404076
 1918.000000 1.392557
 1919.000000 1.383357
 1920.000000 1.377604
 1921.000000 1.375851
 1922.000000 1.378028
 1923.000000 1.383466
 1924.000000 1.391093
 1925.000000 1.399591
 1926.000000 1.407882
 1927.000000 1.415054
 1928.000000 1.420406
 1929.000000 1.423499
 1930.000000 1.424090
 1931.000000 1.422200
 1932.000000 1.418160
 1933.000000 1.412476
 1934.000000 1.405925
 1935.000000 1.399335
 1936.000000 1.393524
 1937.000000 1.389199
 1938.000000 1.386902
 1939.000000 1.387109
 1940.000000 1.390133
 1941.000000 1.396052
 1942.000000 1.404484
 1943.000000 1.414568
 1944.000000 1.425113
 1945.000000 1.434922
 1946.000000 1.442807
 1947.000000 1.447767
 1948.000000 1.449048
 1949.000000 1.446160
 1950.000000 1.439095
 1951.000000 1.428243
 1952.000000 1.414635
 1953.000000 1.400087
 1954.000000 1.386477
 1955.000000 1.375649
 1956.000000 1.369338
 1957.000000 1.368446
 1958.000000 1.373107
 1959.000000 1.382536
 1960.000000 1.395348
 1961.000000 1.409766
 1962.000000 1.423653
 1963.000000 1.435222
 1964.000000 1.443163
 1965.000000 1.446514
 1966.000000 1.445110
 1967.000000 1.439421
 1968.000000 1.430337
 1969.000000 1.419197
 1970.000000 1.407584
 1971.000000 1.396881
 1972.000000 1.388414
 1973.000000 1.382938
 1974.000000 1.380843
 1975.000000 1.381913
 1976.000000 1.385433
 1977.000000 1.390497
 1978.000000 1.396327
 1979.000000 1.402350
 1980.000000 1.408135
 1981.000000 1.413330
 1982.000000 1.417615
 1983.000000 1.420672
 1984.000000 1.422150
 1985.000000 1.421807
 1986.000000 1.419522
 1987.000000 1.415351
 1988.000000 1.409523
 1989.000000 1.402473
 1990.000000 1.394928
 1991.000000 1.387784
 1992.000000 1.382304
 1993.000000 1.379397
 1994.000000 1.379739
 1995.000000 1.383467
 1996.000000 1.390173
 1997.000000 1.399021
 1998.000000 1.408835
 1999.000000 1.418300
 2000.000000 1.426208
 2001.000000 1.431690
 2002.000000 1.434160
 2003.000000 1.433418
 2004.000000 1.429749
 2005.000000 1.423932
 2006.000000 1.416930
 2007.000000 1.409800
 2008.000000 1.403533
 2009.000000 1.398944
 2010.000000 1.396529
 2011.000000 1.396296
 2012.000000 1.397897
 2013.000000 1.400695
 2014.000000 1.403882
 2015.000000 1.406751
 2016.000000 1.408719
 2017.000000 1.409476
 2018.000000 1.408966
 2019.000000 1.407317
 2020.000000 1.404807
 2021.000000 1.401742
 2022.000000 1.398462
 2023.000000 1.395285
 2024.000000 1.392546
 2025.000000 1.390571
 2026.000000 1.389614
 2027.000000 1.389831
 2028.000000 1.391230
 2029.000000 1.393693
 2030.000000 1.397009
 2031.000000 1.400984
 2032.000000 1.405390
 2033.000000 1.409884
 2034.000000 1.414036
 2035.000000 1.417450
 2036.000000 1.419805
 2037.000000 1.420848
 2038.000000 1.420388
 2039.000000 1.418330
 2040.000000 1.414617
 2041.000000 1.409303
 2042.000000 1.402748
 2043.000000 1.395739
 2044.000000 1.389119
 2045.000000 1.383835
 2046.000000 1.380626
 2047.000000 1.379868
 2048.000000 1.381531
 2049.000000 1.385146
 2050.000000 1.389898
 2051.000000 1.394823
 2052.000000 1.398993
 2053.000000 1.401480
 2054.000000 1.401770
 2055.000000 1.399724
 2056.000000 1.395622
 2057.000000 1.390176
 2058.000000 1.384403
 2059.000000 1.379367
 2060.000000 1.376014
 2061.000000 1.375075
 2062.000000 1.376877
 2063.000000 1.381338
 2064.000000 1.388010
 2065.000000 1.395951
 2066.000000 1.404137
 2067.000000 1.411610
 2068.000000 1.417448
 2069.000000 1.421089
 2070.000000 1.422352
 2071.000000 1.421454
 2072.000000 1.418835
 2073.000000 1.415068
 2074.000000 1.410713
 2075.000000 1.406257
 2076.000000 1.402163
 2077.000000 1.398732
 2078.000000 1.396061
 2079.000000 1.394105
 2080.000000 1.392675
 2081.000000 1.391549
 2082.000000 1.390590
 2083.000000 1.389801
 2084.000000 1.389308
 2085.000000 1.389279
 2086.000000 1.389847
 2087.000000 1.391041
 2088.000000 1.392745
 2089.000000 1.394694
 2090.000000 1.396539
 2091.000000 1.397923
 2092.000000 1.398439
 2093.000000 1.397756
 2094.000000 1.395694
 2095.000000 1.392282
 2096.000000 1.387853
 2097.000000 1.383084
 2098.000000 1.378715
 2099.000000 1.375470
 2100.000000 1.373684
 2101.000000 1.373116
 2102.000000 1.373220
 2103.000000 1.373327
 2104.000000 1.372895
 2105.000000 1.371710
 2106.000000 1.369960
 2107.000000 1.368146
 2108.000000 1.367019
 2109.000000 1.367356
 2110.000000 1.369549
 2111.000000 1.373644
 2112.000000 1.379465
 2113.000000 1.386567
 2114.000000 1.394330
 2115.000000 1.401861
 2116.000000 1.408435
 2117.000000 1.413267
 2118.000000 1.415763
 2119.000000 1.415568
 2120.000000 1.412623
 2121.000000 1.407199
 2122.000000 1.399856
 2123.000000 1.391583
 2124.000000 1.383417
 2125.000000 1.376355
 2126.000000 1.371394
 2127.000000 1.369131
 2128.000000 1.369789
 2129.000000 1.373171
 2130.000000 1.378713
 2131.000000 1.385460
 2132.000000 1.392224
 2133.000000 1.397901
 2134.000000 1.401634
 2135.000000 1.402898
 2136.000000 1.401673
 2137.000000 1.398348
 2138.000000 1.393630
 2139.000000 1.388423
 2140.000000 1.383606
 2141.000000 1.379898
 2142.000000 1.377788
 2143.000000 1.377493
 2144.000000 1.378925
 2145.000000 1.381741
 2146.000000 1.385418
 2147.000000 1.389443
 2148.000000 1.393364
 2149.000000 1.396787
 2150.000000 1.399489
 2151.000000 1.401319
 2152.000000 1.402181
 2153.000000 1.401989
 2154.000000 1.400676
 2155.000000 1.398234
 2156.000000 1.394746
 2157.000000 1.390347
 2158.000000 1.385458
 2159.000000 1.380617
 2160.000000 1.376395
 2161.000000 1.373366
 2162.000000 1.371960
 2163.000000 1.372335
 2164.000000 1.374345
 2165.000000 1.377557
 2166.000000 1.381344
 2167.000000 1.385111
 2168.000000 1.388370
 2169.000000 1.390882
 2170.000000 1.392603
 2171.000000 1.393503
 2172.000000 1.393273
 2173.000000 1.391722
 2174.000000 1.388900
 2175.000000 1.385163
 2176.000000 1.381171
 2177.000000 1.377779
 2178.000000 1.375908
 2179.000000 1.376324
 2180.000000 1.379461
 2181.000000 1.385295
 2182.000000 1.393320
 2183.000000 1.402400
 2184.000000 1.411332
 2185.000000 1.419074
 2186.000000 1.424576
 2187.000000 1.427230
 2188.000000 1.426740
 2189.000000 1.423257
 2190.000000 1.417291
 2191.000000 1.409379
 2192.000000 1.400361
 2193.000000 1.391065
 2194.000000 1.382447
 2195.000000 1.375498
 2196.000000 1.371225
 2197.000000 1.370371
 2198.000000 1.373330
 2199.000000 1.380041
 2200.000000 1.389982
 2201.000000 1.402059
 2202.000000 1.414921
 2203.000000 1.426918
 2204.000000 1.436657
 2205.000000 1.442911
 2206.000000 1.444908
 2207.000000 1.442321
 2208.000000 1.435361
 2209.000000 1.424698
 2210.000000 1.411555
 2211.000000 1.397667
 2212.000000 1.384631
 2213.000000 1.373889
 2214.000000 1.366828
 2215.000000 1.364530
 2216.000000 1.367355
 2217.000000 1.374909
 2218.000000 1.386202
 2219.000000 1.399769
 2220.000000 1.413830
 2221.000000 1.426322
 2222.000000 1.435462
 2223.000000 1.439948
 2224.000000 1.439112
 2225.000000 1.432877
 2226.000000 1.421866
 2227.000000 1.407465
 2228.000000 1.391327
 2229.000000 1.375571
 2230.000000 1.362354
 2231.000000 1.353500
 2232.000000 1.350459
 2233.000000 1.353631
 2234.000000 1.362488
 2235.000000 1.375614
 2236.000000 1.390919
 2237.000000 1.406084
 2238.000000 1.418971
 2239.000000 1.427994
 2240.000000 1.432090
 2241.000000 1.430627
 2242.000000 1.423634
 2243.000000 1.411743
 2244.000000 1.396310
 2245.000000 1.379057
 2246.000000 1.362378
 2247.000000 1.348610
 2248.000000 1.339686
 2249.000000 1.336783
 2250.000000 1.340362
 2251.000000 1.349948
 2252.000000 1.364324
 2253.000000 1.381612
 2254.000000 1.399894
 2255.000000 1.417032
 2256.000000 1.431103
 2257.000000 1.440610
 2258.000000 1.444510
 2259.000000 1.442405
 2260.000000 1.434506
 2261.000000 1.421557
 2262.000000 1.404924
 2263.000000 1.386567
 2264.000000 1.368896
 2265.000000 1.354454
 2266.000000 1.345228
 2267.000000 1.342594
 2268.000000 1.346883
 2269.000000 1.357275
 2270.000000 1.372156
 2271.000000 1.389181
 2272.000000 1.405946
 2273.000000 1.420114
 2274.000000 1.430074
 2275.000000 1.434770
 2276.000000 1.433753
 2277.000000 1.427272
 2278.000000 1.416162
 2279.000000 1.401804
 2280.000000 1.386244
 2281.000000 1.372126
 2282.000000 1.362065
 2283.000000 1.357794
 2284.000000 1.360368
 2285.000000 1.369666
 2286.000000 1.384608
 2287.000000 1.403204
 2288.000000 1.422952
 2289.000000 1.441193
 2290.000000 1.456041
 2291.000000 1.465631
 2292.000000 1.469008
 2293.000000 1.466106
 2294.000000 1.457575
 2295.000000 1.444382
 2296.000000 1.427736
 2297.000000 1.408786
 2298.000000 1.389234
 2299.000000 1.371448
 2300.000000 1.357555
 2301.000000 1.349388
 2302.000000 1.347945
 2303.000000 1.353532
 2304.000000 1.365505
 2305.000000 1.382230
 2306.000000 1.401609
 2307.000000 1.421552
 2308.000000 1.439530
 2309.000000 1.453686
 2310.000000 1.462469
 2311.000000 1.465049
 2312.000000 1.461177
 2313.000000 1.451200
 2314.000000 1.435914
 2315.000000 1.416783
 2316.000000 1.396087
 2317.000000 1.376427
 2318.000000 1.360968
 2319.000000 1.352038
 2320.000000 1.351151
 2321.000000 1.358592
 2322.000000 1.373257
 2323.000000 1.392984
 2324.000000 1.414636
 2325.000000 1.435417
 2326.000000 1.452900
 2327.000000 1.464976
 2328.000000 1.470230
 2329.000000 1.468063
 2330.000000 1.458642
 2331.000000 1.442814
 2332.000000 1.422423
 2333.000000 1.399772
 2334.000000 1.377523
 2335.000000 1.358767
 2336.000000 1.346449
 2337.000000 1.342462
 2338.000000 1.347370
 2339.000000 1.360213
 2340.000000 1.378897
 2341.000000 1.400404
 2342.000000 1.422040
 2343.000000 1.441396
 2344.000000 1.456705
 2345.000000 1.466489
 2346.000000 1.469939
 2347.000000 1.466847
 2348.000000 1.457665
 2349.000000 1.443338
 2350.000000 1.425263
 2351.000000 1.405193
 2352.000000 1.385217
 2353.000000 1.367687
 2354.000000 1.354695
 2355.000000 1.348157
 2356.000000 1.349168
 2357.000000 1.357647
 2358.000000 1.372541
 2359.000000 1.391817
 2360.000000 1.412738
 2361.000000 1.432550
 2362.000000 1.448623
 2363.000000 1.458862
 2364.000000 1.461812
 2365.000000 1.457067
 2366.000000 1.445227
 2367.000000 1.427734
 2368.000000 1.406874
 2369.000000 1.385508
 2370.000000 1.366660
 2371.000000 1.353001
 2372.000000 1.346550
 2373.000000 1.348162
 2374.000000 1.357390
 2375.000000 1.372645
 2376.000000 1.391592
 2377.000000 1.411402
 2378.000000 1.429169
 2379.000000 1.442467
 2380.000000 1.449711
 2381.000000 1.450144
 2382.000000 1.443717
 2383.000000 1.431357
 2384.000000 1.414607
 2385.000000 1.395738
 2386.000000 1.377126
 2387.000000 1.361577
 2388.000000 1.351232
 2389.000000 1.347548
 2390.000000 1.351070
 2391.000000 1.361139
 2392.000000 1.376033
 2393.000000 1.393926
 2394.000000 1.412438
 2395.000000 1.429246
 2396.000000 1.442500
 2397.000000 1.450775
 2398.000000 1.453410
 2399.000000 1.450210
 2400.000000 1.441471
 2401.000000 1.428080
 2402.000000 1.411416
 2403.000000 1.393076
 2404.000000 1.375045
 2405.000000 1.359541
 2406.000000 1.349029
 2407.000000 1.345091
 2408.000000 1.348440
 2409.000000 1.358708
 2410.000000 1.374383
 2411.000000 1.393088
 2412.000000 1.411837
 2413.000000 1.428001
 2414.000000 1.439289
 2415.000000 1.444394
 2416.000000 1.442761
 2417.000000 1.434775
 2418.000000 1.421699
 2419.000000 1.405596
 2420.000000 1.389208
 2421.000000 1.375095
 2422.000000 1.365643
 2423.000000 1.362659
 2424.000000 1.366791
 2425.000000 1.377505
 2426.000000 1.393123
 2427.000000 1.411622
 2428.000000 1.430551
 2429.000000 1.447243
 2430.000000 1.459874
 2431.000000 1.466999
 2432.000000 1.468134
 2433.000000 1.463201
 2434.000000 1.452541
 2435.000000 1.437186
 2436.000000 1.418644
 2437.000000 1.398585
 2438.000000 1.379124
 2439.000000 1.362718
 2440.000000 1.351578
 2441.000000 1.347122
 2442.000000 1.349794
 2443.000000 1.358977
 2444.000000 1.373255
 2445.000000 1.390633
 2446.000000 1.409093
 2447.000000 1.426508
 2448.000000 1.441249
 2449.000000 1.452191
 2450.000000 1.458625
 2451.000000 1.460153
 2452.000000 1.456711
 2453.000000 1.448588
 2454.000000 1.436481
 2455.000000 1.421382
 2456.000000 1.404672
 2457.000000 1.388322
 2458.000000 1.374606
 2459.000000 1.365469
 2460.000000 1.362227
 2461.000000 1.365515
 2462.000000 1.374915
 2463.000000 1.389082
 2464.000000 1.406007
 2465.000000 1.422972
 2466.000000 1.437149
 2467.000000 1.446119
 2468.000000 1.448292
 2469.000000 1.442928
 2470.000000 1.430562
 2471.000000 1.413084
 2472.000000 1.393191
 2473.000000 1.373966
 2474.000000 1.358608
 2475.000000 1.349467
 2476.000000 1.348072
 2477.000000 1.354723
 2478.000000 1.368487
 2479.000000 1.387196
 2480.000000 1.408032
 2481.000000 1.428606
 2482.000000 1.446397
 2483.000000 1.459470
 2484.000000 1.466744
 2485.000000 1.467550
 2486.000000 1.461856
 2487.000000 1.450206
 2488.000000 1.433680
 2489.000000 1.413829
 2490.000000 1.392746
 2491.000000 1.372583
 2492.000000 1.355928
 2493.000000 1.344826
 2494.000000 1.340664
 2495.000000 1.343871
 2496.000000 1.353742
 2497.000000 1.368882
 2498.000000 1.387142
 2499.000000 1.406103
 2500.000000 1.423281
 2501.000000 1.436430
 2502.000000 1.443996
 2503.000000 1.445187
 2504.000000 1.440027
 2505.000000 1.429127
 2506.000000 1.413870
 2507.000000 1.396151
 2508.000000 1.377966
 2509.000000 1.361680
 2510.000000 1.349342
 2511.000000 1.342746
 2512.000000 1.342837
 2513.000000 1.349778
 2514.000000 1.362671
 2515.000000 1.379858
 2516.000000 1.399221
 2517.000000 1.418364
 2518.000000 1.434492
 2519.000000 1.445731
 2520.000000 1.450392
 2521.000000 1.447559
 2522.000000 1.437135
 2523.000000 1.420019
 2524.000000 1.398095
 2525.000000 1.374272
 2526.000000 1.352031
 2527.000000 1.335076
 2528.000000 1.326341
 2529.000000 1.327187
 2530.000000 1.337372
 2531.000000 1.354891
 2532.000000 1.376806
 2533.000000 1.399546
 2534.000000 1.419455
 2535.000000 1.434066
 2536.000000 1.441788
 2537.000000 1.442073
 2538.000000 1.435183
 2539.000000 1.422121
 2540.000000 1.404581
 2541.000000 1.384867
 2542.000000 1.365456
 2543.000000 1.349459
 2544.000000 1.339123
 2545.000000 1.336078
 2546.000000 1.340840
 2547.000000 1.352590
 2548.000000 1.369480
 2549.000000 1.389408
 2550.000000 1.409931
 2551.000000 1.428191
 2552.000000 1.442241
 2553.000000 1.450564
 2554.000000 1.452433
 2555.000000 1.447804
 2556.000000 1.437421
 2557.000000 1.422857
 2558.000000 1.405858
 2559.000000 1.388711
 2560.000000 1.373543
 2561.000000 1.362085
 2562.000000 1.355612
 2563.000000 1.354768
 2564.000000 1.359509
 2565.000000 1.368751
 2566.000000 1.380869
 2567.000000 1.393830
 2568.000000 1.405987
 2569.000000 1.415749
 2570.000000 1.421952
 2571.000000 1.423963
 2572.000000 1.421528
 2573.000000 1.414702
 2574.000000 1.404077
 2575.000000 1.390960
 2576.000000 1.377099
 2577.000000 1.364910
 2578.000000 1.356723
 2579.000000 1.354204
 2580.000000 1.358131
 2581.000000 1.368168
 2582.000000 1.382914
 2583.000000 1.400223
 2584.000000 1.417989
 2585.000000 1.434035
 2586.000000 1.446443
 2587.000000 1.453792
 2588.000000 1.455447
 2589.000000 1.451533
 2590.000000 1.442782
 2591.000000 1.430406
 2592.000000 1.415980
 2593.000000 1.401121
 2594.000000 1.387644
 2595.000000 1.376988
 2596.000000 1.370179
 2597.000000 1.367596
 2598.000000 1.369066
 2599.000000 1.374042
 2600.000000 1.381765
 2601.000000 1.391381
 2602.000000 1.401946
 2603.000000 1.412442
 2604.000000 1.421557
 2605.000000 1.428082
 2606.000000 1.431234
 2607.000000 1.430634
 2608.000000 1.426541
 2609.000000 1.419815
 2610.000000 1.411475
 2611.000000 1.402729
 2612.000000 1.394634
 2613.000000 1.388514
 2614.000000 1.385383
 2615.000000 1.385961
 2616.000000 1.390374
 2617.000000 1.398131
 2618.000000 1.408299
 2619.000000 1.419406
 2620.000000 1.429884
 2621.000000 1.438281
 2622.000000 1.443413
 2623.000000 1.444402
 2624.000000 1.440903
 2625.000000 1.433086
 2626.000000 1.421770
 2627.000000 1.408274
 2628.000000 1.394225
 2629.000000 1.381581
 2630.000000 1.372069
 2631.000000 1.366982
 2632.000000 1.367128
 2633.000000 1.372633
 2634.000000 1.382844
 2635.000000 1.396510
 2636.000000 1.411681
 2637.000000 1.426017
 2638.000000 1.437423
 2639.000000 1.444336
 2640.000000 1.445660
 2641.000000 1.441108
 2642.000000 1.431136
 2643.000000 1.417197
 2644.000000 1.401428
 2645.000000 1.386229
 2646.000000 1.373802
 2647.000000 1.365827
 2648.000000 1.363374
 2649.000000 1.366560
 2650.000000 1.374541
 2651.000000 1.385707
 2652.000000 1.398269
 2653.000000 1.410482
 2654.000000 1.420997
 2655.000000 1.428932
 2656.000000 1.433708
 2657.000000 1.435032
 2658.000000 1.432813
 2659.000000 1.427102
 2660.000000 1.418213
 2661.000000 1.406743
 2662.000000 1.393512
 2663.000000 1.379438
 2664.000000 1.366033
 2665.000000 1.354667
 2666.000000 1.347046
 2667.000000 1.344667
 2668.000000 1.348184
 2669.000000 1.357237
 2670.000000 1.370479
 2671.000000 1.385819
 2672.000000 1.401079
 2673.000000 1.414204
 2674.000000 1.423782
 2675.000000 1.428840
 2676.000000 1.428933
 2677.000000 1.424066
 2678.000000 1.414592
 2679.000000 1.401541
 2680.000000 1.386645
 2681.000000 1.371936
 2682.000000 1.359780
 2683.000000 1.352102
 2684.000000 1.350178
 2685.000000 1.354405
 2686.000000 1.364139
 2687.000000 1.377671
 2688.000000 1.392779
 2689.000000 1.407276
 2690.000000 1.418887
 2691.000000 1.425955
 2692.000000 1.427759
 2693.000000 1.424458
 2694.000000 1.416781
 2695.000000 1.406076
 2696.000000 1.393865
 2697.000000 1.381800
 2698.000000 1.371684
 2699.000000 1.364717
 2700.000000 1.361646
 2701.000000 1.362512
 2702.000000 1.366616
 2703.000000 1.372803
 2704.000000 1.379752
 2705.000000 1.386489
 2706.000000 1.392248
 2707.000000 1.396668
 2708.000000 1.399572
 2709.000000 1.400906
 2710.000000 1.400651
 2711.000000 1.398829
 2712.000000 1.395558
 2713.000000 1.391195
 2714.000000 1.386204
 2715.000000 1.381213
 2716.000000 1.376833
 2717.000000 1.373744
 2718.000000 1.372522
 2719.000000 1.373641
 2720.000000 1.377352
 2721.000000 1.383603
 2722.000000 1.392061
 2723.000000 1.401673
 2724.000000 1.411094
 2725.000000 1.419020
 2726.000000 1.424148
 2727.000000 1.425550
 2728.000000 1.422729
 2729.000000 1.415783
 2730.000000 1.405488
 2731.000000 1.393165
 2732.000000 1.380547
 2733.000000 1.369565
 2734.000000 1.361766
 2735.000000 1.358218
 2736.000000 1.359420
 2737.000000 1.365243
 2738.000000 1.374939
 2739.000000 1.387168
 2740.000000 1.400402
 2741.000000 1.412597
 2742.000000 1.421775
 2743.000000 1.426329
 2744.000000 1.425152
 2745.000000 1.418204
 2746.000000 1.406599
 2747.000000 1.392567
 2748.000000 1.378743
 2749.000000 1.367732
 2750.000000 1.361517
 2751.000000 1.361184
 2752.000000 1.366935
 2753.000000 1.377960
 2754.000000 1.392688
 2755.000000 1.408588
 2756.000000 1.423370
 2757.000000 1.434758
 2758.000000 1.441260
 2759.000000 1.442319
 2760.000000 1.438085
 2761.000000 1.429252
 2762.000000 1.417113
 2763.000000 1.403248
 2764.000000 1.389039
 2765.000000 1.375916
 2766.000000 1.365346
 2767.000000 1.358106
 2768.000000 1.354579
 2769.000000 1.354535
 2770.000000 1.357362
 2771.000000 1.362205
 2772.000000 1.368288
 2773.000000 1.374683
 2774.000000 1.380713
 2775.000000 1.385704
 2776.000000 1.389308
 2777.000000 1.391453
 2778.000000 1.392380
 2779.000000 1.392564
 2780.000000 1.392480
 2781.000000 1.392430
 2782.000000 1.392455
 2783.000000 1.392403
 2784.000000 1.392133
 2785.000000 1.391719
 2786.000000 1.391483
 2787.000000 1.391848
 2788.000000 1.393124
 2789.000000 1.395393
 2790.000000 1.398410
 2791.000000 1.401701
 2792.000000 1.404593
 2793.000000 1.406318
 2794.000000 1.406062
 2795.000000 1.403147
 2796.000000 1.397211
 2797.000000 1.388425
 2798.000000 1.377644
 2799.000000 1.366480
 2800.000000 1.356683
 2801.000000 1.350085
 2802.000000 1.347995
 2803.000000 1.351109
 2804.000000 1.359305
 2805.000000 1.371482
 2806.000000 1.385941
 2807.000000 1.400721
 2808.000000 1.413751
 2809.000000 1.423447
 2810.000000 1.428556
 2811.000000 1.428415
 2812.000000 1.423128
 2813.000000 1.413594
 2814.000000 1.401075
 2815.000000 1.387303
 2816.000000 1.374402
 2817.000000 1.364202
 2818.000000 1.358241
 2819.000000 1.357571
 2820.000000 1.362354
 2821.000000 1.371788
 2822.000000 1.384204
 2823.000000 1.397494
 2824.000000 1.409773
 2825.000000 1.419725
 2826.000000 1.426565
 2827.000000 1.429845
 2828.000000 1.429496
 2829.000000 1.425701
 2830.000000 1.418805
 2831.000000 1.409510
 2832.000000 1.398805
 2833.000000 1.387850
 2834.000000 1.377625
 2835.000000 1.369111
 2836.000000 1.363007
 2837.000000 1.359779
 2838.000000 1.359743
 2839.000000 1.363041
 2840.000000 1.369504
 2841.000000 1.378633
 2842.000000 1.389252
 2843.000000 1.400338
 2844.000000 1.410642
 2845.000000 1.419007
 2846.000000 1.424537
 2847.000000 1.426507
 2848.000000 1.424502
 2849.000000 1.418452
 2850.000000 1.408749
 2851.000000 1.396568
