#! FIELDS time d
 0.000000 1.425431
 1.000000 1.426857
 2.000000 1.424132
 3.000000 1.417849
 4.000000 1.409060
 5.000000 1.399082
 6.000000 1.389537
 7.000000 1.381832
 8.000000 1.377109
 9.000000 1.375909
 10.000000 1.378203
 11.000000 1.383346
 12.000000 1.390331
 13.000000 1.397862
 14.000000 1.404787
 15.000000 1.410161
 16.000000 1.413367
 17.000000 1.414130
 18.000000 1.412388
 19.000000 1.408318
 20.000000 1.402414
 21.000000 1.395339
 22.000000 1.387738
 23.000000 1.380505
 24.000000 1.374476
 25.000000 1.370361
 26.000000 1.368738
 27.000000 1.369898
 28.000000 1.373781
 29.000000 1.380016
 30.000000 1.387836
 31.000000 1.396425
 32.000000 1.404672
 33.000000 1.411435
 34.000000 1.416080
 35.000000 1.418005
 36.000000 1.417027
 37.000000 1.413347
 38.000000 1.407460
 39.000000 1.400274
 40.000000 1.392906
 41.000000 1.386388
 42.000000 1.381789
 43.000000 1.379823
 44.000000 1.380812
 45.000000 1.384623
 46.000000 1.390667
 47.000000 1.398073
 48.000000 1.405756
 49.000000 1.412649
 50.000000 1.417734
 51.000000 1.420187
 52.000000 1.419462
 53.000000 1.415435
 54.000000 1.408425
 55.000000 1.399126
 56.000000 1.388841
 57.000000 1.378925
 58.000000 1.370965
 59.000000 1.366383
 60.000000 1.365897
 61.000000 1.369584
 62.000000 1.376806
 63.000000 1.386414
 64.000000 1.397019
 65.000000 1.407313
 66.000000 1.416031
 67.000000 1.422226
 68.000000 1.425430
 69.000000 1.425628
 70.000000 1.423116
 71.000000 1.418415
 72.000000 1.412200
 73.000000 1.405258
 74.000000 1.398361
 75.000000 1.392204
 76.000000 1.387381
 77.000000 1.384405
 78.000000 1.383704
 79.000000 1.385500
 80.000000 1.389831
 81.000000 1.396407
 82.000000 1.404689
 83.000000 1.413771
 84.000000 1.422533
 85.000000 1.429848
 86.000000 1.434526
 87.000000 1.435740
 88.000000 1.432941
 89.000000 1.426015
 90.000000 1.415447
 91.000000 1.402152
 92.000000 1.387397
 93.000000 1.373190
 94.000000 1.361352
 95.000000 1.353487
 96.000000 1.350706
 97.000000 1.353459
 98.000000 1.361360
 99.000000 1.373161
 100.000000 1.387245
 101.000000 1.401798
 102.000000 1.414936
 103.000000 1.425386
 104.000000 1.432192
 105.000000 1.434804
 106.000000 1.433325
 107.000000 1.428188
 108.000000 1.420087
 109.000000 1.410144
 110.000000 1.399637
 111.000000 1.389728
 112.000000 1.381541
 113.000000 1.375882
 114.000000 1.373272
 115.000000 1.373767
 116.000000 1.376919
 117.000000 1.381930
 118.000000 1.387864
 119.000000 1.393785
 120.000000 1.398886
 121.000000 1.402573
 122.000000 1.404495
 123.000000 1.404646
 124.000000 1.403233
 125.000000 1.400556
 126.000000 1.397002
 127.000000 1.393002
 128.000000 1.388972
 129.000000 1.385447
 130.000000 1.383018
 131.000000 1.382193
 132.000000 1.383383
 133.000000 1.386794
 134.000000 1.392271
 135.000000 1.399345
 136.000000 1.407237
 137.000000 1.415010
 138.000000 1.421652
 139.000000 1.426101
 140.000000 1.427627
 141.000000 1.425768
 142.000000 1.420597
 143.000000 1.412761
 144.000000 1.403295
 145.000000 1.393543
 146.000000 1.385038
 147.000000 1.378971
 148.000000 1.376222
 149.000000 1.377195
 150.000000 1.381658
 151.000000 1.388900
 152.000000 1.397739
 153.000000 1.406825
 154.000000 1.414710
 155.000000 1.420329
 156.000000 1.423043
 157.000000 1.422559
 158.000000 1.419005
 159.000000 1.412916
 160.000000 1.405148
 161.000000 1.396753
 162.000000 1.388923
 163.000000 1.382480
 164.000000 1.378243
 165.000000 1.376691
 166.000000 1.377975
 167.000000 1.381851
 168.000000 1.387866
 169.000000 1.395378
 170.000000 1.403608
 171.000000 1.411728
 172.000000 1.419031
 173.000000 1.424791
 174.000000 1.428404
 175.000000 1.429383
 176.000000 1.427499
 177.000000 1.422819
 178.000000 1.415638
 179.000000 1.406482
 180.000000 1.396323
 181.000000 1.386190
 182.000000 1.377530
 183.000000 1.371763
 184.000000 1.369834
 185.000000 1.372130
 186.000000 1.378455
 187.000000 1.387817
 188.000000 1.398990
 189.000000 1.410405
 190.000000 1.420397
 191.000000 1.427779
 192.000000 1.431675
 193.000000 1.431661
 194.000000 1.427878
 195.000000 1.421037
 196.000000 1.412154
 197.000000 1.402651
 198.000000 1.393871
 199.000000 1.386983
 200.000000 1.382795
 201.000000 1.381783
 202.000000 1.383862
 203.000000 1.388462
 204.000000 1.394563
 205.000000 1.401225
 206.000000 1.407350
 207.000000 1.412123
 208.000000 1.415017
 209.000000 1.415765
 210.000000 1.414373
 211.000000 1.411026
 212.000000 1.406056
 213.000000 1.399969
 214.000000 1.393550
 215.000000 1.387412
 216.000000 1.382158
 217.000000 1.378323
 218.000000 1.376230
 219.000000 1.376071
 220.000000 1.377828
 221.000000 1.381305
 222.000000 1.386072
 223.000000 1.391631
 224.000000 1.397235
 225.000000 1.402114
 226.000000 1.405668
 227.000000 1.407492
 228.000000 1.407459
 229.000000 1.405654
 230.000000 1.402344
 231.000000 1.398037
 232.000000 1.393397
 233.000000 1.389188
 234.000000 1.386154
 235.000000 1.384881
 236.000000 1.385687
 237.000000 1.388527
 238.000000 1.393003
 239.000000 1.398373
 240.000000 1.403740
 241.000000 1.408140
 242.000000 1.410744
 243.000000 1.411005
 244.000000 1.408653
 245.000000 1.403840
 246.000000 1.397136
 247.000000 1.389489
 248.000000 1.382054
 249.000000 1.375950
 250.000000 1.372296
 251.000000 1.371864
 252.000000 1.374934
 253.000000 1.381325
 254.000000 1.390359
 255.000000 1.400912
 256.000000 1.411580
 257.000000 1.421133
 258.000000 1.428646
 259.000000 1.433251
 260.000000 1.434568
 261.000000 1.432528
 262.000000 1.427428
 263.000000 1.419863
 264.000000 1.410689
 265.000000 1.400936
 266.000000 1.391738
 267.000000 1.384114
 268.000000 1.379002
 269.000000 1.376959
 270.000000 1.378197
 271.000000 1.382556
 272.000000 1.389526
 273.000000 1.398365
 274.000000 1.407994
 275.000000 1.417395
 276.000000 1.425632
 277.000000 1.431740
 278.000000 1.434963
 279.000000 1.434852
 280.000000 1.431296
 281.000000 1.424560
 282.000000 1.415193
 283.000000 1.404154
 284.000000 1.392699
 285.000000 1.382327
 286.000000 1.374369
 287.000000 1.369931
 288.000000 1.369673
 289.000000 1.373602
 290.000000 1.381009
 291.000000 1.390711
 292.000000 1.401131
 293.000000 1.410567
 294.000000 1.417481
 295.000000 1.420777
 296.000000 1.419898
 297.000000 1.414966
 298.000000 1.406718
 299.000000 1.396612
 300.000000 1.386303
 301.000000 1.377666
 302.000000 1.372349
 303.000000 1.371379
 304.000000 1.375071
 305.000000 1.383017
 306.000000 1.394113
 307.000000 1.406822
 308.000000 1.419371
 309.000000 1.430056
 310.000000 1.437682
 311.000000 1.441480
 312.000000 1.440962
 313.000000 1.436196
 314.000000 1.427678
 315.000000 1.416283
 316.000000 1.403346
 317.000000 1.390151
 318.000000 1.378220
 319.000000 1.369047
 320.000000 1.363577
 321.000000 1.362393
 322.000000 1.365478
 323.000000 1.372198
 324.000000 1.381670
 325.000000 1.392685
 326.000000 1.403763
 327.000000 1.413616
 328.000000 1.421095
 329.000000 1.425379
 330.000000 1.426045
 331.000000 1.423120
 332.000000 1.417025
 333.000000 1.408463
 334.000000 1.398483
 335.000000 1.388217
 336.000000 1.379061
 337.000000 1.372289
 338.000000 1.368926
 339.000000 1.369558
 340.000000 1.374200
 341.000000 1.382353
 342.000000 1.392850
 343.000000 1.404344
 344.000000 1.415425
 345.000000 1.424760
 346.000000 1.431297
 347.000000 1.434214
 348.000000 1.433220
 349.000000 1.428477
 350.000000 1.420681
 351.000000 1.410881
 352.000000 1.400403
 353.000000 1.390749
 354.000000 1.383427
 355.000000 1.379730
 356.000000 1.380344
 357.000000 1.385356
 358.000000 1.394163
 359.000000 1.405690
 360.000000 1.418609
 361.000000 1.431217
 362.000000 1.442155
 363.000000 1.450332
 364.000000 1.455044
 365.000000 1.456057
 366.000000 1.453456
 367.000000 1.447630
 368.000000 1.439273
 369.000000 1.429296
 370.000000 1.418750
 371.000000 1.408937
 372.000000 1.400920
 373.000000 1.395559
 374.000000 1.393430
 375.000000 1.394793
 376.000000 1.399387
 377.000000 1.406635
 378.000000 1.415761
 379.000000 1.425813
 380.000000 1.435666
 381.000000 1.444199
 382.000000 1.450677
 383.000000 1.454591
 384.000000 1.455675
 385.000000 1.453932
 386.000000 1.449621
 387.000000 1.443230
 388.000000 1.435492
 389.000000 1.427148
 390.000000 1.419129
 391.000000 1.412264
 392.000000 1.407299
 393.000000 1.404744
 394.000000 1.404788
 395.000000 1.407240
 396.000000 1.411579
 397.000000 1.416946
 398.000000 1.422415
 399.000000 1.427007
 400.000000 1.429890
 401.000000 1.430359
 402.000000 1.428048
 403.000000 1.423084
 404.000000 1.416047
 405.000000 1.408010
 406.000000 1.400200
 407.000000 1.393975
 408.000000 1.390368
 409.000000 1.390006
 410.000000 1.392930
 411.000000 1.398624
 412.000000 1.406070
 413.000000 1.414031
 414.000000 1.421086
 415.000000 1.426052
 416.000000 1.428218
 417.000000 1.427242
 418.000000 1.423245
 419.000000 1.416871
 420.000000 1.408959
 421.000000 1.400546
 422.000000 1.392967
 423.000000 1.387114
 424.000000 1.383650
 425.000000 1.382726
 426.000000 1.384079
 427.000000 1.387169
 428.000000 1.391340
 429.000000 1.396076
 430.000000 1.400980
 431.000000 1.405753
 432.000000 1.410273
 433.000000 1.414347
 434.000000 1.417724
 435.000000 1.420058
 436.000000 1.421056
 437.000000 1.420475
 438.000000 1.418245
 439.000000 1.414512
 440.000000 1.409610
 441.000000 1.404129
 442.000000 1.398861
 443.000000 1.394547
 444.000000 1.391835
 445.000000 1.391106
 446.000000 1.392355
 447.000000 1.395163
 448.000000 1.398765
 449.000000 1.402265
 450.000000 1.404787
 451.000000 1.405699
 452.000000 1.404712
 453.000000 1.401919
 454.000000 1.397801
 455.000000 1.393133
 456.000000 1.388785
 457.000000 1.385639
 458.000000 1.384407
 459.000000 1.385481
 460.000000 1.388906
 461.000000 1.394280
 462.000000 1.400896
 463.000000 1.407789
 464.000000 1.413901
 465.000000 1.418262
 466.000000 1.420030
 467.000000 1.418707
 468.000000 1.414179
 469.000000 1.406758
 470.000000 1.397285
 471.000000 1.386951
 472.000000 1.377261
 473.000000 1.369651
 474.000000 1.365282
 475.000000 1.364846
 476.000000 1.368430
 477.000000 1.375425
 478.000000 1.384705
 479.000000 1.395033
 480.000000 1.405160
 481.000000 1.414010
 482.000000 1.420784
 483.000000 1.424919
 484.000000 1.426157
 485.000000 1.424587
 486.000000 1.420565
 487.000000 1.414621
 488.000000 1.407459
 489.000000 1.399798
 490.000000 1.392371
 491.000000 1.385831
 492.000000 1.380810
 493.000000 1.377897
 494.000000 1.377614
 495.000000 1.380151
 496.000000 1.385332
 497.000000 1.392587
 498.000000 1.401040
 499.000000 1.409677
 500.000000 1.417481
 501.000000 1.423515
 502.000000 1.426989
 503.000000 1.427597
 504.000000 1.425290
 505.000000 1.420396
 506.000000 1.413541
 507.000000 1.405644
 508.000000 1.397732
 509.000000 1.390965
 510.000000 1.386334
 511.000000 1.384483
 512.000000 1.385729
 513.000000 1.389906
 514.000000 1.396430
 515.000000 1.404323
 516.000000 1.412536
 517.000000 1.419882
 518.000000 1.425273
 519.000000 1.428032
 520.000000 1.427924
 521.000000 1.425041
 522.000000 1.419762
 523.000000 1.412686
 524.000000 1.404438
 525.000000 1.395873
 526.000000 1.387908
 527.000000 1.381361
 528.000000 1.376873
 529.000000 1.374723
 530.000000 1.374850
 531.000000 1.376977
 532.000000 1.380654
 533.000000 1.385432
 534.000000 1.390709
 535.000000 1.395871
 536.000000 1.400432
 537.000000 1.403980
 538.000000 1.406233
 539.000000 1.407100
 540.000000 1.406602
 541.000000 1.404871
 542.000000 1.402110
 543.000000 1.398590
 544.000000 1.394732
 545.000000 1.390992
 546.000000 1.387953
 547.000000 1.386149
 548.000000 1.386002
 549.000000 1.387699
 550.000000 1.391116
 551.000000 1.395794
 552.000000 1.401073
 553.000000 1.406089
 554.000000 1.409945
 555.000000 1.411968
 556.000000 1.411666
 557.000000 1.408986
 558.000000 1.404311
 559.000000 1.398419
 560.000000 1.392337
 561.000000 1.387119
 562.000000 1.383652
 563.000000 1.382537
 564.000000 1.383978
 565.000000 1.387643
 566.000000 1.392841
 567.000000 1.398608
 568.000000 1.403942
 569.000000 1.407998
 570.000000 1.410137
 571.000000 1.410095
 572.000000 1.408028
 573.000000 1.404450
 574.000000 1.400005
 575.000000 1.395381
 576.000000 1.391196
 577.000000 1.388006
 578.000000 1.386128
 579.000000 1.385664
 580.000000 1.386464
 581.000000 1.388173
 582.000000 1.390338
 583.000000 1.392563
 584.000000 1.394594
 585.000000 1.396316
 586.000000 1.397704
 587.000000 1.398827
 588.000000 1.399718
 589.000000 1.400393
 590.000000 1.400810
 591.000000 1.400852
 592.000000 1.400356
 593.000000 1.399146
 594.000000 1.397086
 595.000000 1.394153
 596.000000 1.390492
 597.000000 1.386438
 598.000000 1.382480
 599.000000 1.379038
 600.000000 1.376480
 601.000000 1.375043
 602.000000 1.374797
 603.000000 1.375616
 604.000000 1.377172
 605.000000 1.379078
 606.000000 1.380988
 607.000000 1.382623
 608.000000 1.383869
 609.000000 1.384828
 610.000000 1.385763
 611.000000 1.386993
 612.000000 1.388786
 613.000000 1.391237
 614.000000 1.394189
 615.000000 1.397267
 616.000000 1.400051
 617.000000 1.402040
 618.000000 1.402785
 619.000000 1.401939
 620.000000 1.399359
 621.000000 1.395201
 622.000000 1.389945
 623.000000 1.384346
 624.000000 1.379234
 625.000000 1.375372
 626.000000 1.373439
 627.000000 1.373775
 628.000000 1.376347
 629.000000 1.380776
 630.000000 1.386466
 631.000000 1.392508
 632.000000 1.398008
 633.000000 1.402134
 634.000000 1.404315
 635.000000 1.404374
 636.000000 1.402467
 637.000000 1.399048
 638.000000 1.394719
 639.000000 1.390148
 640.000000 1.385952
 641.000000 1.382723
 642.000000 1.380808
 643.000000 1.380356
 644.000000 1.381264
 645.000000 1.383258
 646.000000 1.385966
 647.000000 1.389041
 648.000000 1.392243
 649.000000 1.395447
 650.000000 1.398573
 651.000000 1.401505
 652.000000 1.404037
 653.000000 1.405903
 654.000000 1.406814
 655.000000 1.406520
 656.000000 1.404855
 657.000000 1.401774
 658.000000 1.397406
 659.000000 1.392220
 660.000000 1.386876
 661.000000 1.382167
 662.000000 1.378991
 663.000000 1.378021
 664.000000 1.379693
 665.000000 1.384034
 666.000000 1.390617
 667.000000 1.398759
 668.000000 1.407370
 669.000000 1.415338
 670.000000 1.421652
 671.000000 1.425493
 672.000000 1.426346
 673.000000 1.424069
 674.000000 1.419067
 675.000000 1.412091
 676.000000 1.404270
 677.000000 1.396907
 678.000000 1.391188
 679.000000 1.388018
 680.000000 1.387899
 681.000000 1.390806
 682.000000 1.396215
 683.000000 1.403301
 684.000000 1.410994
 685.000000 1.418121
 686.000000 1.423785
 687.000000 1.427540
 688.000000 1.429107
 689.000000 1.428449
 690.000000 1.425711
 691.000000 1.421146
 692.000000 1.415170
 693.000000 1.408299
 694.000000 1.401136
 695.000000 1.394173
 696.000000 1.387933
 697.000000 1.382816
 698.000000 1.379161
 699.000000 1.377215
 700.000000 1.377091
 701.000000 1.378702
 702.000000 1.381759
 703.000000 1.385772
 704.000000 1.390137
 705.000000 1.394266
 706.000000 1.397697
 707.000000 1.400050
 708.000000 1.401048
 709.000000 1.400600
 710.000000 1.398774
 711.000000 1.395861
 712.000000 1.392489
 713.000000 1.389439
 714.000000 1.387522
 715.000000 1.387448
 716.000000 1.389594
 717.000000 1.393928
 718.000000 1.400075
 719.000000 1.407322
 720.000000 1.414598
 721.000000 1.420825
 722.000000 1.425021
 723.000000 1.426460
 724.000000 1.424842
 725.000000 1.420277
 726.000000 1.413274
 727.000000 1.404701
 728.000000 1.395523
 729.000000 1.386772
 730.000000 1.379440
 731.000000 1.374263
 732.000000 1.371635
 733.000000 1.371552
 734.000000 1.373680
 735.000000 1.377428
 736.000000 1.382139
 737.000000 1.387245
 738.000000 1.392328
 739.000000 1.397193
 740.000000 1.401723
 741.000000 1.405844
 742.000000 1.409400
 743.000000 1.412174
 744.000000 1.413944
 745.000000 1.414457
 746.000000 1.413488
 747.000000 1.410885
 748.000000 1.406661
 749.000000 1.401063
 750.000000 1.394496
 751.000000 1.387750
 752.000000 1.381706
 753.000000 1.377204
 754.000000 1.374870
 755.000000 1.374930
 756.000000 1.377246
 757.000000 1.381313
 758.000000 1.386415
 759.000000 1.391581
 760.000000 1.396013
 761.000000 1.399086
 762.000000 1.400571
 763.000000 1.400629
 764.000000 1.399690
 765.000000 1.398286
 766.000000 1.396918
 767.000000 1.395948
 768.000000 1.395546
 769.000000 1.395722
 770.000000 1.396340
 771.000000 1.397184
 772.000000 1.397998
 773.000000 1.398586
 774.000000 1.398868
 775.000000 1.398912
 776.000000 1.398938
 777.000000 1.399265
 778.000000 1.400224
 779.000000 1.402090
 780.000000 1.404944
 781.000000 1.408738
 782.000000 1.413258
 783.000000 1.418099
 784.000000 1.422761
 785.000000 1.426764
 786.000000 1.429602
 787.000000 1.430875
 788.000000 1.430482
 789.000000 1.428586
 790.000000 1.425560
 791.000000 1.421903
 792.000000 1.418175
 793.000000 1.414871
 794.000000 1.412402
 795.000000 1.411089
 796.000000 1.411068
 797.000000 1.412257
 798.000000 1.414361
 799.000000 1.416910
 800.000000 1.419341
 801.000000 1.421228
 802.000000 1.422241
 803.000000 1.422213
 804.000000 1.421154
 805.000000 1.419232
 806.000000 1.416713
 807.000000 1.413956
 808.000000 1.411356
 809.000000 1.409252
 810.000000 1.407832
 811.000000 1.407158
 812.000000 1.407149
 813.000000 1.407672
 814.000000 1.408622
 815.000000 1.409985
 816.000000 1.411790
 817.000000 1.414069
 818.000000 1.416798
 819.000000 1.419845
 820.000000 1.423055
 821.000000 1.426094
 822.000000 1.428623
 823.000000 1.430252
 824.000000 1.430563
 825.000000 1.429237
 826.000000 1.426163
 827.000000 1.421599
 828.000000 1.416003
 829.000000 1.410046
 830.000000 1.404389
 831.000000 1.399670
 832.000000 1.396429
 833.000000 1.394941
 834.000000 1.395340
 835.000000 1.397523
 836.000000 1.401173
 837.000000 1.405801
 838.000000 1.410744
 839.000000 1.415497
 840.000000 1.419724
 841.000000 1.423193
 842.000000 1.425810
 843.000000 1.427596
 844.000000 1.428604
 845.000000 1.428896
 846.000000 1.428527
 847.000000 1.427556
 848.000000 1.425996
 849.000000 1.423820
 850.000000 1.420890
 851.000000 1.417118
 852.000000 1.412506
 853.000000 1.407349
 854.000000 1.402189
 855.000000 1.397692
 856.000000 1.394466
 857.000000 1.392978
 858.000000 1.393429
 859.000000 1.395725
 860.000000 1.399467
 861.000000 1.404001
 862.000000 1.408631
 863.000000 1.412550
 864.000000 1.415121
 865.000000 1.415954
 866.000000 1.415007
 867.000000 1.412590
 868.000000 1.409250
 869.000000 1.405594
 870.000000 1.402180
 871.000000 1.399502
 872.000000 1.397864
 873.000000 1.397398
 874.000000 1.398084
 875.000000 1.399723
 876.000000 1.401947
 877.000000 1.404378
 878.000000 1.406635
 879.000000 1.408489
 880.000000 1.409892
 881.000000 1.410922
 882.000000 1.411730
 883.000000 1.412420
 884.000000 1.413001
 885.000000 1.413412
 886.000000 1.413530
 887.000000 1.413209
 888.000000 1.412305
 889.000000 1.410710
 890.000000 1.408445
 891.000000 1.405699
 892.000000 1.402847
 893.000000 1.400480
 894.000000 1.399184
 895.000000 1.399369
 896.000000 1.401128
 897.000000 1.404219
 898.000000 1.408143
 899.000000 1.412216
 900.000000 1.415660
 901.000000 1.417775
 902.000000 1.417982
 903.000000 1.415984
 904.000000 1.411834
 905.000000 1.405942
 906.000000 1.399191
 907.000000 1.392462
 908.000000 1.386776
 909.000000 1.383009
 910.000000 1.381751
 911.000000 1.383238
 912.000000 1.387325
 913.000000 1.393481
 914.000000 1.400871
 915.000000 1.408460
 916.000000 1.415179
 917.000000 1.420318
 918.000000 1.423511
 919.000000 1.424751
 920.000000 1.424318
 921.000000 1.422603
 922.000000 1.420090
 923.000000 1.417245
 924.000000 1.414497
 925.000000 1.412186
 926.000000 1.410509
 927.000000 1.409527
 928.000000 1.409161
 929.000000 1.409295
 930.000000 1.409839
 931.000000 1.410789
 932.000000 1.412180
 933.000000 1.414060
 934.000000 1.416415
 935.000000 1.419168
 936.000000 1.422104
 937.000000 1.425005
 938.000000 1.427590
 939.000000 1.429521
 940.000000 1.430391
 941.000000 1.429842
 942.000000 1.427701
 943.000000 1.424107
 944.000000 1.419674
 945.000000 1.415282
 946.000000 1.411899
 947.000000 1.410420
 948.000000 1.411424
 949.000000 1.415052
 950.000000 1.421078
 951.000000 1.428759
 952.000000 1.437126
 953.000000 1.444927
 954.000000 1.451172
 955.000000 1.455040
 956.000000 1.455988
 957.000000 1.453967
 958.000000 1.449355
 959.000000 1.442845
 960.000000 1.435334
 961.000000 1.427661
 962.000000 1.420695
 963.000000 1.415050
 964.000000 1.411192
 965.000000 1.409353
 966.000000 1.409359
 967.000000 1.410788
 968.000000 1.413079
 969.000000 1.415723
 970.000000 1.418393
 971.000000 1.420961
 972.000000 1.423391
 973.000000 1.425645
 974.000000 1.427631
 975.000000 1.429236
 976.000000 1.430322
 977.000000 1.430746
 978.000000 1.430413
 979.000000 1.429292
 980.000000 1.427450
 981.000000 1.425107
 982.000000 1.422692
 983.000000 1.420801
 984.000000 1.420090
 985.000000 1.421135
 986.000000 1.424251
 987.000000 1.429390
 988.000000 1.436119
 989.000000 1.443763
 990.000000 1.451502
 991.000000 1.458410
 992.000000 1.463532
 993.000000 1.465893
 994.000000 1.464919
 995.000000 1.460422
 996.000000 1.452779
 997.000000 1.442805
 998.000000 1.431820
 999.000000 1.421146
 1000.000000 1.411883
 1001.000000 1.405241
 1002.000000 1.401849
 1003.000000 1.401698
 1004.000000 1.404475
 1005.000000 1.409543
 1006.000000 1.415997
 1007.000000 1.422870
 1008.000000 1.429305
 1009.000000 1.434655
 1010.000000 1.438424
 1011.000000 1.440325
 1012.000000 1.440236
 1013.000000 1.438218
 1014.000000 1.434543
 1015.000000 1.429654
 1016.000000 1.424162
 1017.000000 1.418565
 1018.000000 1.413280
 1019.000000 1.408667
 1020.000000 1.404964
 1021.000000 1.402299
 1022.000000 1.400840
 1023.000000 1.400770
 1024.000000 1.402156
 1025.000000 1.404875
 1026.000000 1.408570
 1027.000000 1.412738
 1028.000000 1.416749
 1029.000000 1.419994
 1030.000000 1.421871
 1031.000000 1.421912
 1032.000000 1.419822
 1033.000000 1.415545
 1034.000000 1.409445
 1035.000000 1.402256
 1036.000000 1.394924
 1037.000000 1.388632
 1038.000000 1.384358
 1039.000000 1.382738
 1040.000000 1.384025
 1041.000000 1.388058
 1042.000000 1.394253
 1043.000000 1.401670
 1044.000000 1.409201
 1045.000000 1.415667
 1046.000000 1.420175
 1047.000000 1.422155
 1048.000000 1.421494
 1049.000000 1.418544
 1050.000000 1.413991
 1051.000000 1.408598
 1052.000000 1.403199
 1053.000000 1.398371
 1054.000000 1.394623
 1055.000000 1.392156
 1056.000000 1.390946
 1057.000000 1.390706
 1058.000000 1.390959
 1059.000000 1.391208
 1060.000000 1.391086
 1061.000000 1.390473
 1062.000000 1.389498
 1063.000000 1.388444
 1064.000000 1.387614
 1065.000000 1.387234
 1066.000000 1.387367
 1067.000000 1.387945
 1068.000000 1.388784
 1069.000000 1.389629
 1070.000000 1.390175
 1071.000000 1.390123
 1072.000000 1.389270
 1073.000000 1.387624
 1074.000000 1.385439
 1075.000000 1.383151
 1076.000000 1.381299
 1077.000000 1.380322
 1078.000000 1.380472
 1079.000000 1.381779
 1080.000000 1.384079
 1081.000000 1.386960
 1082.000000 1.389949
 1083.000000 1.392504
 1084.000000 1.394118
 1085.000000 1.394437
 1086.000000 1.393418
 1087.000000 1.391354
 1088.000000 1.388810
 1089.000000 1.386436
 1090.000000 1.384865
 1091.000000 1.384559
 1092.000000 1.385711
 1093.000000 1.388250
 1094.000000 1.391814
 1095.000000 1.395819
 1096.000000 1.399434
 1097.000000 1.401953
 1098.000000 1.402914
 1099.000000 1.402225
 1100.000000 1.400178
 1101.000000 1.397332
 1102.000000 1.394305
 1103.000000 1.391626
 1104.000000 1.389765
 1105.000000 1.389029
 1106.000000 1.389474
 1107.000000 1.390939
 1108.000000 1.393048
 1109.000000 1.395268
 1110.000000 1.397031
 1111.000000 1.397865
 1112.000000 1.397585
 1113.000000 1.396314
 1114.000000 1.394436
 1115.000000 1.392457
 1116.000000 1.390885
 1117.000000 1.390142
 1118.000000 1.390522
 1119.000000 1.392098
 1120.000000 1.394727
 1121.000000 1.397999
 1122.000000 1.401340
 1123.000000 1.404219
 1124.000000 1.406258
 1125.000000 1.407427
 1126.000000 1.408031
 1127.000000 1.408491
 1128.000000 1.409176
 1129.000000 1.410283
 1130.000000 1.411843
 1131.000000 1.413789
 1132.000000 1.415917
 1133.000000 1.417888
 1134.000000 1.419388
 1135.000000 1.420154
 1136.000000 1.420006
 1137.000000 1.418839
 1138.000000 1.416751
 1139.000000 1.414142
 1140.000000 1.411583
 1141.000000 1.409683
 1142.000000 1.408892
 1143.000000 1.409438
 1144.000000 1.411294
 1145.000000 1.414180
 1146.000000 1.417588
 1147.000000 1.420925
 1148.000000 1.423624
 1149.000000 1.425227
 1150.000000 1.425516
 1151.000000 1.424611
 1152.000000 1.422905
 1153.000000 1.420942
 1154.000000 1.419273
 1155.000000 1.418368
 1156.000000 1.418548
 1157.000000 1.419938
 1158.000000 1.422501
 1159.000000 1.425931
 1160.000000 1.429727
 1161.000000 1.433178
 1162.000000 1.435628
 1163.000000 1.436627
 1164.000000 1.436037
 1165.000000 1.434095
 1166.000000 1.431264
 1167.000000 1.428064
 1168.000000 1.424942
 1169.000000 1.422251
 1170.000000 1.420160
 1171.000000 1.418761
 1172.000000 1.418004
 1173.000000 1.417739
 1174.000000 1.417746
 1175.000000 1.417811
 1176.000000 1.417840
 1177.000000 1.417904
 1178.000000 1.418188
 1179.000000 1.418876
 1180.000000 1.420065
 1181.000000 1.421717
 1182.000000 1.423673
 1183.000000 1.425702
 1184.000000 1.427546
 1185.000000 1.428902
 1186.000000 1.429485
 1187.000000 1.429061
 1188.000000 1.427502
 1189.000000 1.424836
 1190.000000 1.421337
 1191.000000 1.417512
 1192.000000 1.413945
 1193.000000 1.411204
 1194.000000 1.409653
 1195.000000 1.409428
 1196.000000 1.410460
 1197.000000 1.412458
 1198.000000 1.414953
 1199.000000 1.417338
 1200.000000 1.419025
 1201.000000 1.419549
 1202.000000 1.418708
 1203.000000 1.416715
 1204.000000 1.414163
 1205.000000 1.411833
 1206.000000 1.410441
 1207.000000 1.410430
 1208.000000 1.411928
 1209.000000 1.414756
 1210.000000 1.418436
 1211.000000 1.422307
 1212.000000 1.425478
 1213.000000 1.427113
 1214.000000 1.426540
 1215.000000 1.423424
 1216.000000 1.417904
 1217.000000 1.410495
 1218.000000 1.401972
 1219.000000 1.393220
 1220.000000 1.385266
 1221.000000 1.378933
 1222.000000 1.374713
 1223.000000 1.372935
 1224.000000 1.373479
 1225.000000 1.375958
 1226.000000 1.379780
 1227.000000 1.384310
 1228.000000 1.389060
 1229.000000 1.393803
 1230.000000 1.398488
 1231.000000 1.403218
 1232.000000 1.408124
 1233.000000 1.413193
 1234.000000 1.418196
 1235.000000 1.422766
 1236.000000 1.426542
 1237.000000 1.428979
 1238.000000 1.429609
 1239.000000 1.428070
 1240.000000 1.424278
 1241.000000 1.418526
 1242.000000 1.411487
 1243.000000 1.404119
 1244.000000 1.397494
 1245.000000 1.392392
 1246.000000 1.389257
 1247.000000 1.388196
 1248.000000 1.388913
 1249.000000 1.390845
 1250.000000 1.393240
 1251.000000 1.395358
 1252.000000 1.396516
 1253.000000 1.396285
 1254.000000 1.394606
 1255.000000 1.391832
 1256.000000 1.388584
 1257.000000 1.385690
 1258.000000 1.383915
 1259.000000 1.383782
 1260.000000 1.385556
 1261.000000 1.389135
 1262.000000 1.394140
 1263.000000 1.399883
 1264.000000 1.405636
 1265.000000 1.410707
 1266.000000 1.414443
 1267.000000 1.416560
 1268.000000 1.417014
 1269.000000 1.416050
 1270.000000 1.414071
 1271.000000 1.411543
 1272.000000 1.408883
 1273.000000 1.406365
 1274.000000 1.404078
 1275.000000 1.401982
 1276.000000 1.399984
 1277.000000 1.397965
 1278.000000 1.395889
 1279.000000 1.393926
 1280.000000 1.392401
 1281.000000 1.391766
 1282.000000 1.392410
 1283.000000 1.394524
 1284.000000 1.398061
 1285.000000 1.402644
 1286.000000 1.407652
 1287.000000 1.412392
 1288.000000 1.416283
 1289.000000 1.418797
 1290.000000 1.419507
 1291.000000 1.418219
 1292.000000 1.415042
 1293.000000 1.410418
 1294.000000 1.405046
 1295.000000 1.399822
 1296.000000 1.395747
 1297.000000 1.393559
 1298.000000 1.393659
 1299.000000 1.396059
 1300.000000 1.400326
 1301.000000 1.405586
 1302.000000 1.410787
 1303.000000 1.414772
 1304.000000 1.416627
 1305.000000 1.415869
 1306.000000 1.412628
 1307.000000 1.407611
 1308.000000 1.401801
 1309.000000 1.396330
 1310.000000 1.392358
 1311.000000 1.390734
 1312.000000 1.391786
 1313.000000 1.395378
 1314.000000 1.400836
 1315.000000 1.407188
 1316.000000 1.413405
 1317.000000 1.418482
 1318.000000 1.421808
 1319.000000 1.423061
 1320.000000 1.422336
 1321.000000 1.420140
 1322.000000 1.417241
 1323.000000 1.414480
 1324.000000 1.412407
 1325.000000 1.411131
 1326.000000 1.410581
 1327.000000 1.410872
 1328.000000 1.412228
 1329.000000 1.414716
 1330.000000 1.418143
 1331.000000 1.422126
 1332.000000 1.426254
 1333.000000 1.430127
 1334.000000 1.433498
 1335.000000 1.436189
 1336.000000 1.438019
 1337.000000 1.438786
 1338.000000 1.438306
 1339.000000 1.436465
 1340.000000 1.433285
 1341.000000 1.428925
 1342.000000 1.423734
 1343.000000 1.418067
 1344.000000 1.412439
 1345.000000 1.407460
 1346.000000 1.403810
 1347.000000 1.402097
 1348.000000 1.402720
 1349.000000 1.405881
 1350.000000 1.411441
 1351.000000 1.418758
 1352.000000 1.426769
 1353.000000 1.434148
 1354.000000 1.439564
 1355.000000 1.442021
 1356.000000 1.440917
 1357.000000 1.436238
 1358.000000 1.428497
 1359.000000 1.418686
 1360.000000 1.408057
 1361.000000 1.398107
 1362.000000 1.390086
 1363.000000 1.385084
 1364.000000 1.383602
 1365.000000 1.385716
 1366.000000 1.390867
 1367.000000 1.398029
 1368.000000 1.405827
 1369.000000 1.412975
 1370.000000 1.418439
 1371.000000 1.421742
 1372.000000 1.422879
 1373.000000 1.422145
 1374.000000 1.420011
 1375.000000 1.417074
 1376.000000 1.413944
 1377.000000 1.411183
 1378.000000 1.409262
 1379.000000 1.408434
 1380.000000 1.408718
 1381.000000 1.409900
 1382.000000 1.411667
 1383.000000 1.413737
 1384.000000 1.415885
 1385.000000 1.417979
 1386.000000 1.419912
 1387.000000 1.421510
 1388.000000 1.422554
 1389.000000 1.422824
 1390.000000 1.422122
 1391.000000 1.420291
 1392.000000 1.417184
 1393.000000 1.412772
 1394.000000 1.407177
 1395.000000 1.400677
 1396.000000 1.393807
 1397.000000 1.387396
 1398.000000 1.382296
 1399.000000 1.379340
 1400.000000 1.379135
 1401.000000 1.381923
 1402.000000 1.387501
 1403.000000 1.395299
 1404.000000 1.404441
 1405.000000 1.413724
 1406.000000 1.422040
 1407.000000 1.428186
 1408.000000 1.431364
 1409.000000 1.431218
 1410.000000 1.427950
 1411.000000 1.422147
 1412.000000 1.414690
 1413.000000 1.406465
 1414.000000 1.398398
 1415.000000 1.391366
 1416.000000 1.385954
 1417.000000 1.382463
 1418.000000 1.380878
 1419.000000 1.380820
 1420.000000 1.381645
 1421.000000 1.382674
 1422.000000 1.383394
 1423.000000 1.383570
 1424.000000 1.383237
 1425.000000 1.382630
 1426.000000 1.382076
 1427.000000 1.381925
 1428.000000 1.382484
 1429.000000 1.383957
 1430.000000 1.386372
 1431.000000 1.389530
 1432.000000 1.393039
 1433.000000 1.396385
 1434.000000 1.399104
 1435.000000 1.400937
 1436.000000 1.401946
 1437.000000 1.402387
 1438.000000 1.402571
 1439.000000 1.402752
 1440.000000 1.403074
 1441.000000 1.403566
 1442.000000 1.404147
 1443.000000 1.404633
 1444.000000 1.404762
 1445.000000 1.404205
 1446.000000 1.402630
 1447.000000 1.399838
 1448.000000 1.395867
 1449.000000 1.391039
 1450.000000 1.385925
 1451.000000 1.381274
 1452.000000 1.377824
 1453.000000 1.376091
 1454.000000 1.376373
 1455.000000 1.378712
 1456.000000 1.382842
 1457.000000 1.388159
 1458.000000 1.393872
 1459.000000 1.399136
 1460.000000 1.403193
 1461.000000 1.405768
 1462.000000 1.406991
 1463.000000 1.407287
 1464.000000 1.407198
 1465.000000 1.407218
 1466.000000 1.407683
 1467.000000 1.408718
 1468.000000 1.410263
 1469.000000 1.412066
 1470.000000 1.413693
 1471.000000 1.414646
 1472.000000 1.414411
 1473.000000 1.412644
 1474.000000 1.409344
 1475.000000 1.404914
 1476.000000 1.400026
 1477.000000 1.395556
 1478.000000 1.392205
 1479.000000 1.390483
 1480.000000 1.390612
 1481.000000 1.392437
 1482.000000 1.395496
 1483.000000 1.399143
 1484.000000 1.402595
 1485.000000 1.405209
 1486.000000 1.406511
 1487.000000 1.406348
 1488.000000 1.404888
 1489.000000 1.402537
 1490.000000 1.399796
 1491.000000 1.397163
 1492.000000 1.395037
 1493.000000 1.393674
 1494.000000 1.393173
 1495.000000 1.393473
 1496.000000 1.394321
 1497.000000 1.395319
 1498.000000 1.396024
 1499.000000 1.396084
 1500.000000 1.395399
 1501.000000 1.394156
 1502.000000 1.392803
 1503.000000 1.391871
 1504.000000 1.391814
 1505.000000 1.392942
 1506.000000 1.395387
 1507.000000 1.399066
 1508.000000 1.403742
 1509.000000 1.408964
 1510.000000 1.414043
 1511.000000 1.418304
 1512.000000 1.421202
 1513.000000 1.422425
 1514.000000 1.422001
 1515.000000 1.420220
 1516.000000 1.417545
 1517.000000 1.414419
 1518.000000 1.411274
 1519.000000 1.408358
 1520.000000 1.405857
 1521.000000 1.403862
 1522.000000 1.402304
 1523.000000 1.401020
 1524.000000 1.399805
 1525.000000 1.398571
 1526.000000 1.397428
 1527.000000 1.396664
 1528.000000 1.396625
 1529.000000 1.397592
 1530.000000 1.399658
 1531.000000 1.402746
 1532.000000 1.406591
 1533.000000 1.410811
 1534.000000 1.414805
 1535.000000 1.417944
 1536.000000 1.419652
 1537.000000 1.419527
 1538.000000 1.417462
 1539.000000 1.413737
 1540.000000 1.408967
 1541.000000 1.403956
 1542.000000 1.399480
 1543.000000 1.396124
 1544.000000 1.394282
 1545.000000 1.394097
 1546.000000 1.395415
 1547.000000 1.397797
 1548.000000 1.400598
 1549.000000 1.403119
 1550.000000 1.404688
 1551.000000 1.404913
 1552.000000 1.403721
 1553.000000 1.401292
 1554.000000 1.398026
 1555.000000 1.394367
 1556.000000 1.390793
 1557.000000 1.387789
 1558.000000 1.385713
 1559.000000 1.384787
 1560.000000 1.385038
 1561.000000 1.386293
 1562.000000 1.388252
 1563.000000 1.390528
 1564.000000 1.392856
 1565.000000 1.395088
 1566.000000 1.397215
 1567.000000 1.399223
 1568.000000 1.401053
 1569.000000 1.402542
 1570.000000 1.403529
 1571.000000 1.403894
 1572.000000 1.403537
 1573.000000 1.402412
 1574.000000 1.400480
 1575.000000 1.397769
 1576.000000 1.394366
 1577.000000 1.390588
 1578.000000 1.386993
 1579.000000 1.384220
 1580.000000 1.382949
 1581.000000 1.383645
 1582.000000 1.386504
 1583.000000 1.391428
 1584.000000 1.398003
 1585.000000 1.405516
 1586.000000 1.413149
 1587.000000 1.419943
 1588.000000 1.424977
 1589.000000 1.427647
 1590.000000 1.427604
 1591.000000 1.424883
 1592.000000 1.419937
 1593.000000 1.413541
 1594.000000 1.406622
 1595.000000 1.400148
 1596.000000 1.395000
 1597.000000 1.391852
 1598.000000 1.391036
 1599.000000 1.392440
 1600.000000 1.395582
 1601.000000 1.399705
 1602.000000 1.403905
 1603.000000 1.407377
 1604.000000 1.409508
 1605.000000 1.410065
 1606.000000 1.409098
 1607.000000 1.406926
 1608.000000 1.404014
 1609.000000 1.400830
 1610.000000 1.397779
 1611.000000 1.395231
 1612.000000 1.393472
 1613.000000 1.392635
 1614.000000 1.392696
 1615.000000 1.393572
 1616.000000 1.395200
 1617.000000 1.397553
 1618.000000 1.400597
 1619.000000 1.404235
 1620.000000 1.408276
 1621.000000 1.412418
 1622.000000 1.416316
 1623.000000 1.419579
 1624.000000 1.421896
 1625.000000 1.422889
 1626.000000 1.422231
 1627.000000 1.419694
 1628.000000 1.415234
 1629.000000 1.409228
 1630.000000 1.402360
 1631.000000 1.395685
 1632.000000 1.390315
 1633.000000 1.387242
 1634.000000 1.387094
 1635.000000 1.390048
 1636.000000 1.395751
 1637.000000 1.403417
 1638.000000 1.411955
 1639.000000 1.420086
 1640.000000 1.426597
 1641.000000 1.430524
 1642.000000 1.431241
 1643.000000 1.428709
 1644.000000 1.423388
 1645.000000 1.416128
 1646.000000 1.408029
 1647.000000 1.400262
 1648.000000 1.393935
 1649.000000 1.389943
 1650.000000 1.388822
 1651.000000 1.390639
 1652.000000 1.394944
 1653.000000 1.400773
 1654.000000 1.406993
 1655.000000 1.412467
 1656.000000 1.416359
 1657.000000 1.418232
 1658.000000 1.417968
 1659.000000 1.415712
 1660.000000 1.411785
 1661.000000 1.406698
 1662.000000 1.401133
 1663.000000 1.395761
 1664.000000 1.391217
 1665.000000 1.387977
 1666.000000 1.386245
 1667.000000 1.386021
 1668.000000 1.387203
 1669.000000 1.389668
 1670.000000 1.393282
 1671.000000 1.397836
 1672.000000 1.402972
 1673.000000 1.408153
 1674.000000 1.412835
 1675.000000 1.416463
 1676.000000 1.418612
 1677.000000 1.418970
 1678.000000 1.417339
 1679.000000 1.413694
 1680.000000 1.408282
 1681.000000 1.401731
 1682.000000 1.395049
 1683.000000 1.389574
 1684.000000 1.386493
 1685.000000 1.386627
 1686.000000 1.390264
 1687.000000 1.397031
 1688.000000 1.405918
 1689.000000 1.415614
 1690.000000 1.424452
 1691.000000 1.431029
 1692.000000 1.434177
 1693.000000 1.433235
 1694.000000 1.428195
 1695.000000 1.419660
 1696.000000 1.409024
 1697.000000 1.398028
 1698.000000 1.388347
 1699.000000 1.381452
 1700.000000 1.378322
 1701.000000 1.379394
 1702.000000 1.384378
 1703.000000 1.392285
 1704.000000 1.401608
 1705.000000 1.410823
 1706.000000 1.418488
 1707.000000 1.423594
 1708.000000 1.425715
 1709.000000 1.424905
 1710.000000 1.421504
 1711.000000 1.416079
 1712.000000 1.409206
 1713.000000 1.401646
 1714.000000 1.394135
 1715.000000 1.387440
 1716.000000 1.382307
 1717.000000 1.379201
 1718.000000 1.378308
 1719.000000 1.379565
 1720.000000 1.382699
 1721.000000 1.387409
 1722.000000 1.393357
 1723.000000 1.400154
 1724.000000 1.407320
 1725.000000 1.414193
 1726.000000 1.420060
 1727.000000 1.424212
 1728.000000 1.426180
 1729.000000 1.425744
 1730.000000 1.422910
 1731.000000 1.417995
 1732.000000 1.411469
 1733.000000 1.404125
 1734.000000 1.397032
 1735.000000 1.391408
 1736.000000 1.388412
 1737.000000 1.388860
 1738.000000 1.392962
 1739.000000 1.400362
 1740.000000 1.410216
 1741.000000 1.421462
 1742.000000 1.433140
 1743.000000 1.443993
 1744.000000 1.452977
 1745.000000 1.459193
 1746.000000 1.461995
 1747.000000 1.461310
 1748.000000 1.457511
 1749.000000 1.451424
 1750.000000 1.444160
 1751.000000 1.436756
 1752.000000 1.430585
 1753.000000 1.426538
 1754.000000 1.425095
 1755.000000 1.426340
 1756.000000 1.429825
 1757.000000 1.434736
 1758.000000 1.439965
 1759.000000 1.444478
 1760.000000 1.447545
 1761.000000 1.448717
 1762.000000 1.447853
 1763.000000 1.445072
 1764.000000 1.440678
 1765.000000 1.435292
 1766.000000 1.429622
 1767.000000 1.424394
 1768.000000 1.420214
 1769.000000 1.417706
 1770.000000 1.417148
 1771.000000 1.418484
 1772.000000 1.421438
 1773.000000 1.425616
 1774.000000 1.430614
 1775.000000 1.436053
 1776.000000 1.441508
 1777.000000 1.446433
 1778.000000 1.450381
 1779.000000 1.452993
 1780.000000 1.453925
 1781.000000 1.452955
 1782.000000 1.449966
 1783.000000 1.444973
 1784.000000 1.438197
 1785.000000 1.430153
 1786.000000 1.421706
 1787.000000 1.414067
 1788.000000 1.408538
 1789.000000 1.406297
 1790.000000 1.408037
 1791.000000 1.413844
 1792.000000 1.423079
 1793.000000 1.434556
 1794.000000 1.447016
 1795.000000 1.458898
 1796.000000 1.468486
 1797.000000 1.474395
 1798.000000 1.475876
 1799.000000 1.472747
 1800.000000 1.465460
 1801.000000 1.455029
 1802.000000 1.442735
 1803.000000 1.430114
 1804.000000 1.418530
 1805.000000 1.409430
 1806.000000 1.403761
 1807.000000 1.401997
 1808.000000 1.404060
 1809.000000 1.409305
 1810.000000 1.416630
 1811.000000 1.424869
 1812.000000 1.432905
 1813.000000 1.439959
 1814.000000 1.445597
 1815.000000 1.449557
 1816.000000 1.451757
 1817.000000 1.452147
 1818.000000 1.450750
 1819.000000 1.447661
 1820.000000 1.443061
 1821.000000 1.437161
 1822.000000 1.430206
 1823.000000 1.422608
 1824.000000 1.414915
 1825.000000 1.407944
 1826.000000 1.402773
 1827.000000 1.400337
 1828.000000 1.401211
 1829.000000 1.405495
 1830.000000 1.412710
 1831.000000 1.421861
 1832.000000 1.431791
 1833.000000 1.441240
 1834.000000 1.448891
 1835.000000 1.453643
 1836.000000 1.454810
 1837.000000 1.452197
 1838.000000 1.446140
 1839.000000 1.437623
 1840.000000 1.427936
 1841.000000 1.418644
 1842.000000 1.411200
 1843.000000 1.406818
 1844.000000 1.406101
 1845.000000 1.409199
 1846.000000 1.415603
 1847.000000 1.424203
 1848.000000 1.433697
 1849.000000 1.442485
 1850.000000 1.449114
 1851.000000 1.452561
 1852.000000 1.452327
 1853.000000 1.448431
 1854.000000 1.441388
 1855.000000 1.432070
 1856.000000 1.421702
 1857.000000 1.411586
 1858.000000 1.402939
 1859.000000 1.396964
 1860.000000 1.394378
 1861.000000 1.395417
 1862.000000 1.399790
 1863.000000 1.406817
 1864.000000 1.415592
 1865.000000 1.425153
 1866.000000 1.434663
 1867.000000 1.443223
 1868.000000 1.450154
 1869.000000 1.454660
 1870.000000 1.456237
 1871.000000 1.454649
 1872.000000 1.449950
 1873.000000 1.442423
 1874.000000 1.432656
 1875.000000 1.421714
 1876.000000 1.410582
 1877.000000 1.400394
 1878.000000 1.392508
 1879.000000 1.388161
 1880.000000 1.388026
 1881.000000 1.392138
 1882.000000 1.399877
 1883.000000 1.410190
 1884.000000 1.421638
 1885.000000 1.432886
 1886.000000 1.442550
 1887.000000 1.449567
 1888.000000 1.453252
 1889.000000 1.453427
 1890.000000 1.450297
 1891.000000 1.444547
 1892.000000 1.437017
 1893.000000 1.428689
 1894.000000 1.420624
 1895.000000 1.413675
 1896.000000 1.408571
 1897.000000 1.405858
 1898.000000 1.405874
 1899.000000 1.408590
 1900.000000 1.413617
 1901.000000 1.420311
 1902.000000 1.427814
 1903.000000 1.435252
 1904.000000 1.441806
 1905.000000 1.446652
 1906.000000 1.449181
 1907.000000 1.448963
 1908.000000 1.445896
 1909.000000 1.440287
 1910.000000 1.432858
 1911.000000 1.424521
 1912.000000 1.416409
 1913.000000 1.409592
 1914.000000 1.404626
 1915.000000 1.401996
 1916.000000 1.402031
 1917.000000 1.404837
 1918.000000 1.410260
 1919.000000 1.417830
 1920.000000 1.426703
 1921.000000 1.435906
 1922.000000 1.444439
 1923.000000 1.451295
 1924.000000 1.455731
 1925.000000 1.457139
 1926.000000 1.455215
 1927.000000 1.449963
 1928.000000 1.441832
 1929.000000 1.431519
 1930.000000 1.420130
 1931.000000 1.408882
 1932.000000 1.398953
 1933.000000 1.391197
 1934.000000 1.386432
 1935.000000 1.385101
 1936.000000 1.387273
 1937.000000 1.392550
 1938.000000 1.400141
 1939.000000 1.408863
 1940.000000 1.417399
 1941.000000 1.424611
 1942.000000 1.429586
 1943.000000 1.431882
 1944.000000 1.431591
 1945.000000 1.429255
 1946.000000 1.425650
 1947.000000 1.421573
 1948.000000 1.417662
 1949.000000 1.414406
 1950.000000 1.412082
 1951.000000 1.410801
 1952.000000 1.410562
 1953.000000 1.411250
 1954.000000 1.412651
 1955.000000 1.414544
 1956.000000 1.416720
 1957.000000 1.419055
 1958.000000 1.421474
 1959.000000 1.423939
 1960.000000 1.426410
 1961.000000 1.428814
 1962.000000 1.430964
 1963.000000 1.432624
 1964.000000 1.433509
 1965.000000 1.433301
 1966.000000 1.431789
 1967.000000 1.428974
 1968.000000 1.425120
 1969.000000 1.420842
 1970.000000 1.416996
 1971.000000 1.414363
 1972.000000 1.413520
 1973.000000 1.414603
 1974.000000 1.417287
 1975.000000 1.420845
 1976.000000 1.424388
 1977.000000 1.427025
 1978.000000 1.428091
 1979.000000 1.427298
 1980.000000 1.424785
 1981.000000 1.421040
 1982.000000 1.416811
 1983.000000 1.412939
 1984.000000 1.410335
 1985.000000 1.409699
 1986.000000 1.411445
 1987.000000 1.415599
 1988.000000 1.421792
 1989.000000 1.429309
 1990.000000 1.437149
 1991.000000 1.444332
 1992.000000 1.449775
 1993.000000 1.452959
 1994.000000 1.453640
 1995.000000 1.451976
 1996.000000 1.448443
 1997.000000 1.443699
 1998.000000 1.438520
 1999.000000 1.433689
 2000.000000 1.429867
 2001.000000 1.427479
 2002.000000 1.426774
 2003.000000 1.427781
 2004.000000 1.430296
 2005.000000 1.433927
 2006.000000 1.438231
 2007.000000 1.442724
 2008.000000 1.446978
 2009.000000 1.450673
 2010.000000 1.453604
 2011.000000 1.455723
 2012.000000 1.456999
 2013.000000 1.457512
 2014.000000 1.457401
 2015.000000 1.456831
 2016.000000 1.455957
 2017.000000 1.454887
 2018.000000 1.453680
 2019.000000 1.452360
 2020.000000 1.451013
 2021.000000 1.449751
 2022.000000 1.448743
 2023.000000 1.448153
 2024.000000 1.448092
 2025.000000 1.448567
 2026.000000 1.449461
 2027.000000 1.450522
 2028.000000 1.451441
 2029.000000 1.451884
 2030.000000 1.451561
 2031.000000 1.450294
 2032.000000 1.448041
 2033.000000 1.444937
 2034.000000 1.441323
 2035.000000 1.437644
 2036.000000 1.434410
 2037.000000 1.432162
 2038.000000 1.431358
 2039.000000 1.432229
 2040.000000 1.434795
 2041.000000 1.438860
 2042.000000 1.443961
 2043.000000 1.449371
 2044.000000 1.454390
 2045.000000 1.458264
 2046.000000 1.460353
 2047.000000 1.460235
 2048.000000 1.457763
 2049.000000 1.453126
 2050.000000 1.446886
 2051.000000 1.439815
 2052.000000 1.432693
 2053.000000 1.426414
 2054.000000 1.421440
 2055.000000 1.418156
 2056.000000 1.416747
 2057.000000 1.417199
 2058.000000 1.419307
 2059.000000 1.422728
 2060.000000 1.427019
 2061.000000 1.431620
 2062.000000 1.435976
 2063.000000 1.439563
 2064.000000 1.441968
 2065.000000 1.442866
 2066.000000 1.442183
 2067.000000 1.440063
 2068.000000 1.436836
 2069.000000 1.432969
 2070.000000 1.428980
 2071.000000 1.425361
 2072.000000 1.422665
 2073.000000 1.421268
 2074.000000 1.421413
 2075.000000 1.423140
 2076.000000 1.426250
 2077.000000 1.430335
 2078.000000 1.434875
 2079.000000 1.439233
 2080.000000 1.442807
 2081.000000 1.445045
 2082.000000 1.445516
 2083.000000 1.444003
 2084.000000 1.440531
 2085.000000 1.435389
 2086.000000 1.429118
 2087.000000 1.422459
 2088.000000 1.416254
 2089.000000 1.411301
 2090.000000 1.408112
 2091.000000 1.406856
 2092.000000 1.407483
 2093.000000 1.409632
 2094.000000 1.412733
 2095.000000 1.416162
 2096.000000 1.419292
 2097.000000 1.421540
 2098.000000 1.422563
 2099.000000 1.422228
 2100.000000 1.420601
 2101.000000 1.417888
 2102.000000 1.414399
 2103.000000 1.410567
 2104.000000 1.406791
 2105.000000 1.403551
 2106.000000 1.401314
 2107.000000 1.400374
 2108.000000 1.400925
 2109.000000 1.402962
 2110.000000 1.406292
 2111.000000 1.410640
 2112.000000 1.415666
 2113.000000 1.420967
 2114.000000 1.426175
 2115.000000 1.430861
 2116.000000 1.434769
 2117.000000 1.437617
 2118.000000 1.439194
 2119.000000 1.439370
 2120.000000 1.438108
 2121.000000 1.435510
 2122.000000 1.431842
 2123.000000 1.427625
 2124.000000 1.423483
 2125.000000 1.420107
 2126.000000 1.418202
 2127.000000 1.418167
 2128.000000 1.420001
 2129.000000 1.423308
 2130.000000 1.427512
 2131.000000 1.431896
 2132.000000 1.435742
 2133.000000 1.438461
 2134.000000 1.439626
 2135.000000 1.438991
 2136.000000 1.436552
 2137.000000 1.432539
 2138.000000 1.427415
 2139.000000 1.421845
 2140.000000 1.416544
 2141.000000 1.412193
 2142.000000 1.409390
 2143.000000 1.408637
 2144.000000 1.410198
 2145.000000 1.413964
 2146.000000 1.419392
 2147.000000 1.425738
 2148.000000 1.432179
 2149.000000 1.437898
 2150.000000 1.442402
 2151.000000 1.445447
 2152.000000 1.447029
 2153.000000 1.447221
 2154.000000 1.446145
 2155.000000 1.443967
 2156.000000 1.440946
 2157.000000 1.437346
 2158.000000 1.433557
 2159.000000 1.429924
 2160.000000 1.426733
 2161.000000 1.424267
 2162.000000 1.422813
 2163.000000 1.422614
 2164.000000 1.423853
 2165.000000 1.426581
 2166.000000 1.430647
 2167.000000 1.435708
 2168.000000 1.441160
 2169.000000 1.446296
 2170.000000 1.450415
 2171.000000 1.453073
 2172.000000 1.453928
 2173.000000 1.452941
 2174.000000 1.450335
 2175.000000 1.446572
 2176.000000 1.442278
 2177.000000 1.438153
 2178.000000 1.434904
 2179.000000 1.433100
 2180.000000 1.433134
 2181.000000 1.435093
 2182.000000 1.438783
 2183.000000 1.443732
 2184.000000 1.449350
 2185.000000 1.454994
 2186.000000 1.459831
 2187.000000 1.463171
 2188.000000 1.464375
 2189.000000 1.463086
 2190.000000 1.459258
 2191.000000 1.453107
 2192.000000 1.445380
 2193.000000 1.436991
 2194.000000 1.429028
 2195.000000 1.422571
 2196.000000 1.418620
 2197.000000 1.417790
 2198.000000 1.420240
 2199.000000 1.425614
 2200.000000 1.433150
 2201.000000 1.441764
 2202.000000 1.450386
 2203.000000 1.457908
 2204.000000 1.463522
 2205.000000 1.466620
 2206.000000 1.466900
 2207.000000 1.464335
 2208.000000 1.459157
 2209.000000 1.451831
 2210.000000 1.443135
 2211.000000 1.434124
 2212.000000 1.425719
 2213.000000 1.418777
 2214.000000 1.414095
 2215.000000 1.412256
 2216.000000 1.413418
 2217.000000 1.417314
 2218.000000 1.423336
 2219.000000 1.430621
 2220.000000 1.438184
 2221.000000 1.444914
 2222.000000 1.449828
 2223.000000 1.452199
 2224.000000 1.451637
 2225.000000 1.448072
 2226.000000 1.441801
 2227.000000 1.433513
 2228.000000 1.424025
 2229.000000 1.414428
 2230.000000 1.405878
 2231.000000 1.399417
 2232.000000 1.396009
 2233.000000 1.396117
 2234.000000 1.399787
 2235.000000 1.406557
 2236.000000 1.415478
 2237.000000 1.425262
 2238.000000 1.434512
 2239.000000 1.442003
 2240.000000 1.446804
 2241.000000 1.448243
 2242.000000 1.446173
 2243.000000 1.440874
 2244.000000 1.433071
 2245.000000 1.423725
 2246.000000 1.414118
 2247.000000 1.405484
 2248.000000 1.398857
 2249.000000 1.394906
 2250.000000 1.394045
 2251.000000 1.396241
 2252.000000 1.401101
 2253.000000 1.407941
 2254.000000 1.416023
 2255.000000 1.424499
 2256.000000 1.432574
 2257.000000 1.439577
 2258.000000 1.444951
 2259.000000 1.448324
 2260.000000 1.449425
 2261.000000 1.448185
 2262.000000 1.444697
 2263.000000 1.439266
 2264.000000 1.432426
 2265.000000 1.424958
 2266.000000 1.417676
 2267.000000 1.411557
 2268.000000 1.407528
 2269.000000 1.406264
 2270.000000 1.408093
 2271.000000 1.412926
 2272.000000 1.420209
 2273.000000 1.428952
 2274.000000 1.438025
 2275.000000 1.446274
 2276.000000 1.452645
 2277.000000 1.456516
 2278.000000 1.457498
 2279.000000 1.455556
 2280.000000 1.450973
 2281.000000 1.444429
 2282.000000 1.436903
 2283.000000 1.429331
 2284.000000 1.422712
 2285.000000 1.417904
 2286.000000 1.415436
 2287.000000 1.415470
 2288.000000 1.417781
 2289.000000 1.421817
 2290.000000 1.426904
 2291.000000 1.432163
 2292.000000 1.436810
 2293.000000 1.440316
 2294.000000 1.442362
 2295.000000 1.442894
 2296.000000 1.442081
 2297.000000 1.440250
 2298.000000 1.437835
 2299.000000 1.435343
 2300.000000 1.433200
 2301.000000 1.431717
 2302.000000 1.431028
 2303.000000 1.431151
 2304.000000 1.431965
 2305.000000 1.433265
 2306.000000 1.434826
 2307.000000 1.436458
 2308.000000 1.437962
 2309.000000 1.439206
 2310.000000 1.440074
 2311.000000 1.440504
 2312.000000 1.440473
 2313.000000 1.440002
 2314.000000 1.439152
 2315.000000 1.438021
 2316.000000 1.436749
 2317.000000 1.435486
 2318.000000 1.434420
 2319.000000 1.433712
 2320.000000 1.433516
 2321.000000 1.433949
 2322.000000 1.435037
 2323.000000 1.436710
 2324.000000 1.438790
 2325.000000 1.441080
 2326.000000 1.443347
 2327.000000 1.445300
 2328.000000 1.446647
 2329.000000 1.447142
 2330.000000 1.446613
 2331.000000 1.444996
 2332.000000 1.442392
 2333.000000 1.439016
 2334.000000 1.435200
 2335.000000 1.431395
 2336.000000 1.428119
 2337.000000 1.425817
 2338.000000 1.424850
 2339.000000 1.425400
 2340.000000 1.427420
 2341.000000 1.430629
 2342.000000 1.434618
 2343.000000 1.438874
 2344.000000 1.442885
 2345.000000 1.446117
 2346.000000 1.448147
 2347.000000 1.448696
 2348.000000 1.447690
 2349.000000 1.445223
 2350.000000 1.441556
 2351.000000 1.437064
 2352.000000 1.432193
 2353.000000 1.427417
 2354.000000 1.423116
 2355.000000 1.419650
 2356.000000 1.417249
 2357.000000 1.416046
 2358.000000 1.416058
 2359.000000 1.417228
 2360.000000 1.419442
 2361.000000 1.422557
 2362.000000 1.426417
 2363.000000 1.430817
 2364.000000 1.435471
 2365.000000 1.440151
 2366.000000 1.444619
 2367.000000 1.448738
 2368.000000 1.452337
 2369.000000 1.455252
 2370.000000 1.457299
 2371.000000 1.458294
 2372.000000 1.458060
 2373.000000 1.456504
 2374.000000 1.453674
 2375.000000 1.449753
 2376.000000 1.445044
 2377.000000 1.439989
 2378.000000 1.435140
 2379.000000 1.431048
 2380.000000 1.428155
 2381.000000 1.426758
 2382.000000 1.427016
 2383.000000 1.428860
 2384.000000 1.432062
 2385.000000 1.436241
 2386.000000 1.441005
 2387.000000 1.445870
 2388.000000 1.450478
 2389.000000 1.454545
 2390.000000 1.457770
 2391.000000 1.459961
 2392.000000 1.460990
 2393.000000 1.460823
 2394.000000 1.459455
 2395.000000 1.456963
 2396.000000 1.453528
 2397.000000 1.449488
 2398.000000 1.445209
 2399.000000 1.441216
 2400.000000 1.438015
 2401.000000 1.436033
 2402.000000 1.435549
 2403.000000 1.436620
 2404.000000 1.439108
 2405.000000 1.442686
 2406.000000 1.446793
 2407.000000 1.450903
 2408.000000 1.454538
 2409.000000 1.457300
 2410.000000 1.458895
 2411.000000 1.459194
 2412.000000 1.458234
 2413.000000 1.456214
 2414.000000 1.453443
 2415.000000 1.450257
 2416.000000 1.447023
 2417.000000 1.444018
 2418.000000 1.441460
 2419.000000 1.439452
 2420.000000 1.438008
 2421.000000 1.437044
 2422.000000 1.436461
 2423.000000 1.436184
 2424.000000 1.436167
 2425.000000 1.436400
 2426.000000 1.436881
 2427.000000 1.437604
 2428.000000 1.438515
 2429.000000 1.439486
 2430.000000 1.440357
 2431.000000 1.440925
 2432.000000 1.441027
 2433.000000 1.440539
 2434.000000 1.439423
 2435.000000 1.437780
 2436.000000 1.435826
 2437.000000 1.433842
 2438.000000 1.432162
 2439.000000 1.431114
 2440.000000 1.430925
 2441.000000 1.431673
 2442.000000 1.433285
 2443.000000 1.435556
 2444.000000 1.438166
 2445.000000 1.440725
 2446.000000 1.442866
 2447.000000 1.444250
 2448.000000 1.444694
 2449.000000 1.444161
 2450.000000 1.442763
 2451.000000 1.440730
 2452.000000 1.438375
 2453.000000 1.435972
 2454.000000 1.433777
 2455.000000 1.431944
 2456.000000 1.430527
 2457.000000 1.429532
 2458.000000 1.428916
 2459.000000 1.428619
 2460.000000 1.428611
 2461.000000 1.428933
 2462.000000 1.429689
 2463.000000 1.431009
 2464.000000 1.433008
 2465.000000 1.435684
 2466.000000 1.438892
 2467.000000 1.442373
 2468.000000 1.445799
 2469.000000 1.448782
 2470.000000 1.450879
 2471.000000 1.451711
 2472.000000 1.451061
 2473.000000 1.448901
 2474.000000 1.445425
 2475.000000 1.440938
 2476.000000 1.435927
 2477.000000 1.430953
 2478.000000 1.426595
 2479.000000 1.423416
 2480.000000 1.421846
 2481.000000 1.422067
 2482.000000 1.424084
 2483.000000 1.427710
 2484.000000 1.432612
 2485.000000 1.438296
 2486.000000 1.444141
 2487.000000 1.449587
 2488.000000 1.454093
 2489.000000 1.457271
 2490.000000 1.458834
 2491.000000 1.458691
 2492.000000 1.456885
 2493.000000 1.453631
 2494.000000 1.449285
 2495.000000 1.444309
 2496.000000 1.439220
 2497.000000 1.434534
 2498.000000 1.430776
 2499.000000 1.428419
 2500.000000 1.427781
 2501.000000 1.428967
 2502.000000 1.431780
 2503.000000 1.435766
 2504.000000 1.440323
 2505.000000 1.444771
 2506.000000 1.448353
 2507.000000 1.450439
 2508.000000 1.450649
 2509.000000 1.448874
 2510.000000 1.445332
 2511.000000 1.440541
 2512.000000 1.435201
 2513.000000 1.430182
 2514.000000 1.426433
 2515.000000 1.424699
 2516.000000 1.425461
 2517.000000 1.428823
 2518.000000 1.434442
 2519.000000 1.441713
 2520.000000 1.449678
 2521.000000 1.457343
 2522.000000 1.463661
 2523.000000 1.467720
 2524.000000 1.468933
 2525.000000 1.467002
 2526.000000 1.462000
 2527.000000 1.454444
 2528.000000 1.445186
 2529.000000 1.435140
 2530.000000 1.425421
 2531.000000 1.417279
 2532.000000 1.411605
 2533.000000 1.409048
 2534.000000 1.409909
 2535.000000 1.414012
 2536.000000 1.420807
 2537.000000 1.429484
 2538.000000 1.439121
 2539.000000 1.448698
 2540.000000 1.457230
 2541.000000 1.463885
 2542.000000 1.468138
 2543.000000 1.469582
 2544.000000 1.468199
 2545.000000 1.464232
 2546.000000 1.458163
 2547.000000 1.450688
 2548.000000 1.442611
 2549.000000 1.434623
 2550.000000 1.427490
 2551.000000 1.422075
 2552.000000 1.418883
 2553.000000 1.418239
 2554.000000 1.420195
 2555.000000 1.424563
 2556.000000 1.430892
 2557.000000 1.438404
 2558.000000 1.446301
 2559.000000 1.453526
 2560.000000 1.459138
 2561.000000 1.462432
 2562.000000 1.462972
 2563.000000 1.460575
 2564.000000 1.455400
 2565.000000 1.447977
 2566.000000 1.439021
 2567.000000 1.429552
 2568.000000 1.420486
 2569.000000 1.412917
 2570.000000 1.407784
 2571.000000 1.405656
 2572.000000 1.406745
 2573.000000 1.410916
 2574.000000 1.417636
 2575.000000 1.425997
 2576.000000 1.435032
 2577.000000 1.443565
 2578.000000 1.450560
 2579.000000 1.455282
 2580.000000 1.457289
 2581.000000 1.456463
 2582.000000 1.453000
 2583.000000 1.447432
 2584.000000 1.440420
 2585.000000 1.432814
 2586.000000 1.425575
 2587.000000 1.419670
 2588.000000 1.415836
 2589.000000 1.414502
 2590.000000 1.415847
 2591.000000 1.419704
 2592.000000 1.425607
 2593.000000 1.432928
 2594.000000 1.440799
 2595.000000 1.448364
 2596.000000 1.454741
 2597.000000 1.459216
 2598.000000 1.461253
 2599.000000 1.460490
 2600.000000 1.456831
 2601.000000 1.450467
 2602.000000 1.441847
 2603.000000 1.431609
 2604.000000 1.420748
 2605.000000 1.410362
 2606.000000 1.401475
 2607.000000 1.395255
 2608.000000 1.392491
 2609.000000 1.393661
 2610.000000 1.398747
 2611.000000 1.407215
 2612.000000 1.418289
 2613.000000 1.430476
 2614.000000 1.442359
 2615.000000 1.452361
 2616.000000 1.459197
 2617.000000 1.461978
 2618.000000 1.460340
 2619.000000 1.454385
 2620.000000 1.444683
 2621.000000 1.432256
 2622.000000 1.418469
 2623.000000 1.405099
 2624.000000 1.393889
 2625.000000 1.386157
 2626.000000 1.382808
 2627.000000 1.384053
 2628.000000 1.389442
 2629.000000 1.397961
 2630.000000 1.408321
 2631.000000 1.419275
 2632.000000 1.429625
 2633.000000 1.438162
 2634.000000 1.444133
 2635.000000 1.447080
 2636.000000 1.446830
 2637.000000 1.443530
 2638.000000 1.437594
 2639.000000 1.429602
 2640.000000 1.420431
 2641.000000 1.411304
 2642.000000 1.403081
 2643.000000 1.396818
 2644.000000 1.393378
 2645.000000 1.393231
 2646.000000 1.396373
 2647.000000 1.402442
 2648.000000 1.410686
 2649.000000 1.420076
 2650.000000 1.429597
 2651.000000 1.438157
 2652.000000 1.444870
 2653.000000 1.449060
 2654.000000 1.450382
 2655.000000 1.448830
 2656.000000 1.444732
 2657.000000 1.438645
 2658.000000 1.431386
 2659.000000 1.423788
 2660.000000 1.416786
 2661.000000 1.411245
 2662.000000 1.407778
 2663.000000 1.406658
 2664.000000 1.407891
 2665.000000 1.411173
 2666.000000 1.415892
 2667.000000 1.421233
 2668.000000 1.426339
 2669.000000 1.430396
 2670.000000 1.432867
 2671.000000 1.433428
 2672.000000 1.432058
 2673.000000 1.429009
 2674.000000 1.424757
 2675.000000 1.419955
 2676.000000 1.415393
 2677.000000 1.411832
 2678.000000 1.409872
 2679.000000 1.410051
 2680.000000 1.412627
 2681.000000 1.417576
 2682.000000 1.424505
 2683.000000 1.432844
 2684.000000 1.441899
 2685.000000 1.450869
 2686.000000 1.458723
 2687.000000 1.464509
 2688.000000 1.467537
 2689.000000 1.467437
 2690.000000 1.464086
 2691.000000 1.457769
 2692.000000 1.449069
 2693.000000 1.438758
 2694.000000 1.427721
 2695.000000 1.417119
 2696.000000 1.407933
 2697.000000 1.401049
 2698.000000 1.397269
 2699.000000 1.396937
 2700.000000 1.400011
 2701.000000 1.406043
 2702.000000 1.414206
 2703.000000 1.423490
 2704.000000 1.432759
 2705.000000 1.441138
 2706.000000 1.447696
 2707.000000 1.451822
 2708.000000 1.453183
 2709.000000 1.451805
 2710.000000 1.448014
 2711.000000 1.442404
 2712.000000 1.435702
 2713.000000 1.428853
 2714.000000 1.422591
 2715.000000 1.417564
 2716.000000 1.414149
 2717.000000 1.412562
 2718.000000 1.412747
 2719.000000 1.414462
 2720.000000 1.417309
 2721.000000 1.420836
 2722.000000 1.424645
 2723.000000 1.428247
 2724.000000 1.431325
 2725.000000 1.433712
 2726.000000 1.435263
 2727.000000 1.435890
 2728.000000 1.435521
 2729.000000 1.434147
 2730.000000 1.431850
 2731.000000 1.428837
 2732.000000 1.425436
 2733.000000 1.422080
 2734.000000 1.419172
 2735.000000 1.417066
 2736.000000 1.416041
 2737.000000 1.416258
 2738.000000 1.417727
 2739.000000 1.420289
 2740.000000 1.423679
 2741.000000 1.427486
 2742.000000 1.431280
 2743.000000 1.434688
 2744.000000 1.437300
 2745.000000 1.438858
 2746.000000 1.439261
 2747.000000 1.438514
 2748.000000 1.436764
 2749.000000 1.434281
 2750.000000 1.431391
 2751.000000 1.428442
 2752.000000 1.425720
 2753.000000 1.423542
 2754.000000 1.422114
 2755.000000 1.421575
 2756.000000 1.421919
 2757.000000 1.423056
 2758.000000 1.424839
 2759.000000 1.427090
 2760.000000 1.429638
 2761.000000 1.432273
 2762.000000 1.434707
 2763.000000 1.436656
 2764.000000 1.437936
 2765.000000 1.438387
 2766.000000 1.437880
 2767.000000 1.436342
 2768.000000 1.433806
 2769.000000 1.430432
 2770.000000 1.426499
 2771.000000 1.422414
 2772.000000 1.418534
 2773.000000 1.415303
 2774.000000 1.412936
 2775.000000 1.411574
 2776.000000 1.411211
 2777.000000 1.411754
 2778.000000 1.413053
 2779.000000 1.414990
 2780.000000 1.417437
 2781.000000 1.420269
 2782.000000 1.423368
 2783.000000 1.426589
 2784.000000 1.429791
 2785.000000 1.432786
 2786.000000 1.435428
 2787.000000 1.437609
 2788.000000 1.439307
 2789.000000 1.440557
 2790.000000 1.441405
 2791.000000 1.441901
 2792.000000 1.442052
 2793.000000 1.441782
 2794.000000 1.440953
 2795.000000 1.439428
 2796.000000 1.437103
 2797.000000 1.433990
 2798.000000 1.430232
 2799.000000 1.426121
 2800.000000 1.421969
 2801.000000 1.418218
 2802.000000 1.415270
 2803.000000 1.413464
 2804.000000 1.412888
 2805.000000 1.413379
 2806.000000 1.414565
 2807.000000 1.416005
 2808.000000 1.417281
 2809.000000 1.418101
 2810.000000 1.418302
 2811.000000 1.417862
 2812.000000 1.416895
 2813.000000 1.415638
 2814.000000 1.414340
 2815.000000 1.413249
 2816.000000 1.412577
 2817.000000 1.412433
 2818.000000 1.412845
 2819.000000 1.413754
 2820.000000 1.415042
 2821.000000 1.416572
 2822.000000 1.418192
 2823.000000 1.419771
 2824.000000 1.421221
 2825.000000 1.422496
 2826.000000 1.423576
 2827.000000 1.424427
 2828.000000 1.425019
 2829.000000 1.425282
 2830.000000 1.425157
