#! FIELDS time d
 0.000000 1.425431
 1.000000 1.423688
 2.000000 1.417453
 3.000000 1.407262
 4.000000 1.394388
 5.000000 1.380666
 6.000000 1.368469
 7.000000 1.359863
 8.000000 1.356390
 9.000000 1.358669
 10.000000 1.366348
 11.000000 1.378130
 12.000000 1.392260
 13.000000 1.406529
 14.000000 1.419002
 15.000000 1.428114
 16.000000 1.432922
 17.000000 1.433159
 18.000000 1.429031
 19.000000 1.421156
 20.000000 1.410724
 21.000000 1.399146
 22.000000 1.387724
 23.000000 1.378054
 24.000000 1.371455
 25.000000 1.368763
 26.000000 1.370206
 27.000000 1.375309
 28.000000 1.382971
 29.000000 1.391941
 30.000000 1.400890
 31.000000 1.409020
 32.000000 1.415640
 33.000000 1.420297
 34.000000 1.423002
 35.000000 1.423758
 36.000000 1.422706
 37.000000 1.420043
 38.000000 1.415923
 39.000000 1.410588
 40.000000 1.404349
 41.000000 1.397551
 42.000000 1.390883
 43.000000 1.385144
 44.000000 1.381182
 45.000000 1.379622
 46.000000 1.380792
 47.000000 1.384597
 48.000000 1.390496
 49.000000 1.397675
 50.000000 1.405037
 51.000000 1.411334
 52.000000 1.415296
 53.000000 1.415980
 54.000000 1.413069
 55.000000 1.406976
 56.000000 1.398957
 57.000000 1.390577
 58.000000 1.383600
 59.000000 1.379517
 60.000000 1.379053
 61.000000 1.382285
 62.000000 1.388647
 63.000000 1.397133
 64.000000 1.406518
 65.000000 1.415603
 66.000000 1.423161
 67.000000 1.428213
 68.000000 1.430228
 69.000000 1.429155
 70.000000 1.425269
 71.000000 1.419062
 72.000000 1.411179
 73.000000 1.402421
 74.000000 1.393671
 75.000000 1.385845
 76.000000 1.379807
 77.000000 1.376283
 78.000000 1.375751
 79.000000 1.378274
 80.000000 1.383646
 81.000000 1.391326
 82.000000 1.400613
 83.000000 1.410519
 84.000000 1.419913
 85.000000 1.427713
 86.000000 1.432809
 87.000000 1.434500
 88.000000 1.432381
 89.000000 1.426432
 90.000000 1.417112
 91.000000 1.405171
 92.000000 1.391605
 93.000000 1.378092
 94.000000 1.366255
 95.000000 1.357706
 96.000000 1.353774
 97.000000 1.355305
 98.000000 1.362359
 99.000000 1.374077
 100.000000 1.389022
 101.000000 1.405311
 102.000000 1.420704
 103.000000 1.433414
 104.000000 1.441841
 105.000000 1.444833
 106.000000 1.442130
 107.000000 1.434061
 108.000000 1.421490
 109.000000 1.406098
 110.000000 1.389951
 111.000000 1.375058
 112.000000 1.363421
 113.000000 1.356337
 114.000000 1.354246
 115.000000 1.356713
 116.000000 1.362612
 117.000000 1.370622
 118.000000 1.379578
 119.000000 1.388668
 120.000000 1.397403
 121.000000 1.405200
 122.000000 1.411252
 123.000000 1.415038
 124.000000 1.416227
 125.000000 1.414697
 126.000000 1.410564
 127.000000 1.404224
 128.000000 1.396257
 129.000000 1.387612
 130.000000 1.379478
 131.000000 1.372950
 132.000000 1.369184
 133.000000 1.368948
 134.000000 1.372566
 135.000000 1.379792
 136.000000 1.389768
 137.000000 1.401281
 138.000000 1.412922
 139.000000 1.423139
 140.000000 1.430781
 141.000000 1.434714
 142.000000 1.434403
 143.000000 1.429775
 144.000000 1.421259
 145.000000 1.409800
 146.000000 1.396898
 147.000000 1.384134
 148.000000 1.373238
 149.000000 1.365976
 150.000000 1.363423
 151.000000 1.366075
 152.000000 1.373694
 153.000000 1.385272
 154.000000 1.399024
 155.000000 1.413016
 156.000000 1.425418
 157.000000 1.434717
 158.000000 1.439907
 159.000000 1.440459
 160.000000 1.436611
 161.000000 1.429152
 162.000000 1.419350
 163.000000 1.408380
 164.000000 1.397650
 165.000000 1.388430
 166.000000 1.381814
 167.000000 1.378504
 168.000000 1.378758
 169.000000 1.382398
 170.000000 1.388904
 171.000000 1.397412
 172.000000 1.406732
 173.000000 1.415347
 174.000000 1.421809
 175.000000 1.424863
 176.000000 1.423820
 177.000000 1.418705
 178.000000 1.410162
 179.000000 1.399324
 180.000000 1.387733
 181.000000 1.376559
 182.000000 1.367256
 183.000000 1.361176
 184.000000 1.359156
 185.000000 1.361488
 186.000000 1.367895
 187.000000 1.377333
 188.000000 1.388567
 189.000000 1.400078
 190.000000 1.410299
 191.000000 1.418157
 192.000000 1.422834
 193.000000 1.423852
 194.000000 1.421199
 195.000000 1.415370
 196.000000 1.407211
 197.000000 1.398069
 198.000000 1.389336
 199.000000 1.382322
 200.000000 1.378030
 201.000000 1.377138
 202.000000 1.379731
 203.000000 1.385339
 204.000000 1.392896
 205.000000 1.401318
 206.000000 1.409164
 207.000000 1.415185
 208.000000 1.418415
 209.000000 1.418255
 210.000000 1.414609
 211.000000 1.407856
 212.000000 1.398760
 213.000000 1.388476
 214.000000 1.378572
 215.000000 1.370027
 216.000000 1.363609
 217.000000 1.359925
 218.000000 1.359288
 219.000000 1.361826
 220.000000 1.367321
 221.000000 1.375368
 222.000000 1.385215
 223.000000 1.396061
 224.000000 1.406611
 225.000000 1.415527
 226.000000 1.421873
 227.000000 1.425123
 228.000000 1.425262
 229.000000 1.422606
 230.000000 1.417689
 231.000000 1.411259
 232.000000 1.404077
 233.000000 1.396889
 234.000000 1.390375
 235.000000 1.385165
 236.000000 1.381897
 237.000000 1.380792
 238.000000 1.381788
 239.000000 1.384545
 240.000000 1.388514
 241.000000 1.392992
 242.000000 1.397270
 243.000000 1.400726
 244.000000 1.402752
 245.000000 1.402899
 246.000000 1.400916
 247.000000 1.396808
 248.000000 1.390944
 249.000000 1.383974
 250.000000 1.376954
 251.000000 1.371014
 252.000000 1.367150
 253.000000 1.366047
 254.000000 1.367870
 255.000000 1.372273
 256.000000 1.378490
 257.000000 1.385699
 258.000000 1.393247
 259.000000 1.400446
 260.000000 1.406930
 261.000000 1.412317
 262.000000 1.416292
 263.000000 1.418585
 264.000000 1.419007
 265.000000 1.417534
 266.000000 1.414315
 267.000000 1.409683
 268.000000 1.404216
 269.000000 1.398578
 270.000000 1.393528
 271.000000 1.389753
 272.000000 1.387720
 273.000000 1.387578
 274.000000 1.389125
 275.000000 1.391913
 276.000000 1.395349
 277.000000 1.398683
 278.000000 1.401198
 279.000000 1.402456
 280.000000 1.402371
 281.000000 1.401141
 282.000000 1.399123
 283.000000 1.396742
 284.000000 1.394390
 285.000000 1.392250
 286.000000 1.390318
 287.000000 1.388581
 288.000000 1.387072
 289.000000 1.385870
 290.000000 1.385132
 291.000000 1.385042
 292.000000 1.385755
 293.000000 1.387296
 294.000000 1.389468
 295.000000 1.391840
 296.000000 1.393795
 297.000000 1.394706
 298.000000 1.394149
 299.000000 1.392045
 300.000000 1.388747
 301.000000 1.384997
 302.000000 1.381734
 303.000000 1.379751
 304.000000 1.379523
 305.000000 1.381152
 306.000000 1.384331
 307.000000 1.388453
 308.000000 1.392732
 309.000000 1.396380
 310.000000 1.398834
 311.000000 1.399762
 312.000000 1.399030
 313.000000 1.396742
 314.000000 1.393160
 315.000000 1.388637
 316.000000 1.383601
 317.000000 1.378366
 318.000000 1.373336
 319.000000 1.369036
 320.000000 1.366002
 321.000000 1.364889
 322.000000 1.366219
 323.000000 1.370175
 324.000000 1.376587
 325.000000 1.384786
 326.000000 1.393588
 327.000000 1.401703
 328.000000 1.407832
 329.000000 1.410953
 330.000000 1.410491
 331.000000 1.406484
 332.000000 1.399581
 333.000000 1.390899
 334.000000 1.381976
 335.000000 1.374267
 336.000000 1.369051
 337.000000 1.366941
 338.000000 1.367818
 339.000000 1.370952
 340.000000 1.375349
 341.000000 1.380157
 342.000000 1.384767
 343.000000 1.388958
 344.000000 1.392675
 345.000000 1.395810
 346.000000 1.398134
 347.000000 1.399255
 348.000000 1.398803
 349.000000 1.396516
 350.000000 1.392389
 351.000000 1.386686
 352.000000 1.379964
 353.000000 1.373068
 354.000000 1.367081
 355.000000 1.363189
 356.000000 1.362314
 357.000000 1.364981
 358.000000 1.371048
 359.000000 1.379719
 360.000000 1.389716
 361.000000 1.399306
 362.000000 1.407061
 363.000000 1.412004
 364.000000 1.413748
 365.000000 1.412513
 366.000000 1.408932
 367.000000 1.403892
 368.000000 1.398486
 369.000000 1.393783
 370.000000 1.390622
 371.000000 1.389545
 372.000000 1.390650
 373.000000 1.393733
 374.000000 1.398403
 375.000000 1.404080
 376.000000 1.409987
 377.000000 1.415509
 378.000000 1.420043
 379.000000 1.422978
 380.000000 1.423733
 381.000000 1.421976
 382.000000 1.417596
 383.000000 1.410821
 384.000000 1.402363
 385.000000 1.393376
 386.000000 1.385478
 387.000000 1.380224
 388.000000 1.378818
 389.000000 1.381688
 390.000000 1.388439
 391.000000 1.398070
 392.000000 1.409153
 393.000000 1.420152
 394.000000 1.429731
 395.000000 1.436927
 396.000000 1.441181
 397.000000 1.442295
 398.000000 1.440540
 399.000000 1.436456
 400.000000 1.430645
 401.000000 1.423781
 402.000000 1.416354
 403.000000 1.408849
 404.000000 1.401464
 405.000000 1.394425
 406.000000 1.388055
 407.000000 1.383092
 408.000000 1.380460
 409.000000 1.381090
 410.000000 1.385498
 411.000000 1.393543
 412.000000 1.404362
 413.000000 1.416573
 414.000000 1.428192
 415.000000 1.437266
 416.000000 1.442359
 417.000000 1.442453
 418.000000 1.437298
 419.000000 1.427535
 420.000000 1.414323
 421.000000 1.399409
 422.000000 1.385368
 423.000000 1.374266
 424.000000 1.367969
 425.000000 1.367407
 426.000000 1.372493
 427.000000 1.382240
 428.000000 1.394834
 429.000000 1.408388
 430.000000 1.421096
 431.000000 1.431522
 432.000000 1.439060
 433.000000 1.443423
 434.000000 1.444648
 435.000000 1.442974
 436.000000 1.438804
 437.000000 1.432779
 438.000000 1.425660
 439.000000 1.418358
 440.000000 1.411650
 441.000000 1.406329
 442.000000 1.403009
 443.000000 1.401948
 444.000000 1.403115
 445.000000 1.406163
 446.000000 1.410550
 447.000000 1.415553
 448.000000 1.420280
 449.000000 1.423787
 450.000000 1.425092
 451.000000 1.423428
 452.000000 1.418454
 453.000000 1.410448
 454.000000 1.400336
 455.000000 1.389502
 456.000000 1.379314
 457.000000 1.371035
 458.000000 1.365609
 459.000000 1.363442
 460.000000 1.364696
 461.000000 1.369110
 462.000000 1.376095
 463.000000 1.384829
 464.000000 1.394432
 465.000000 1.404078
 466.000000 1.412891
 467.000000 1.420016
 468.000000 1.424576
 469.000000 1.425815
 470.000000 1.423117
 471.000000 1.416271
 472.000000 1.405798
 473.000000 1.392922
 474.000000 1.379625
 475.000000 1.368235
 476.000000 1.360974
 477.000000 1.359505
 478.000000 1.364311
 479.000000 1.374659
 480.000000 1.388693
 481.000000 1.403890
 482.000000 1.417618
 483.000000 1.427581
 484.000000 1.432267
 485.000000 1.431252
 486.000000 1.425051
 487.000000 1.414847
 488.000000 1.402319
 489.000000 1.389211
 490.000000 1.377203
 491.000000 1.367620
 492.000000 1.361431
 493.000000 1.359146
 494.000000 1.360888
 495.000000 1.366356
 496.000000 1.374987
 497.000000 1.386037
 498.000000 1.398596
 499.000000 1.411635
 500.000000 1.424002
 501.000000 1.434429
 502.000000 1.441597
 503.000000 1.444796
 504.000000 1.443601
 505.000000 1.438103
 506.000000 1.428858
 507.000000 1.416882
 508.000000 1.403439
 509.000000 1.390183
 510.000000 1.378783
 511.000000 1.370598
 512.000000 1.366810
 513.000000 1.367865
 514.000000 1.373538
 515.000000 1.382918
 516.000000 1.394825
 517.000000 1.407766
 518.000000 1.420088
 519.000000 1.430395
 520.000000 1.437609
 521.000000 1.440954
 522.000000 1.439983
 523.000000 1.434629
 524.000000 1.425216
 525.000000 1.412673
 526.000000 1.398442
 527.000000 1.384311
 528.000000 1.372265
 529.000000 1.363922
 530.000000 1.360277
 531.000000 1.361835
 532.000000 1.368135
 533.000000 1.378065
 534.000000 1.389709
 535.000000 1.400936
 536.000000 1.410078
 537.000000 1.415979
 538.000000 1.418166
 539.000000 1.416813
 540.000000 1.412540
 541.000000 1.406316
 542.000000 1.399138
 543.000000 1.391935
 544.000000 1.385668
 545.000000 1.380950
 546.000000 1.378241
 547.000000 1.377724
 548.000000 1.379411
 549.000000 1.383131
 550.000000 1.388502
 551.000000 1.394920
 552.000000 1.401697
 553.000000 1.407980
 554.000000 1.412874
 555.000000 1.415660
 556.000000 1.415620
 557.000000 1.412312
 558.000000 1.405629
 559.000000 1.395988
 560.000000 1.384462
 561.000000 1.372714
 562.000000 1.362693
 563.000000 1.356242
 564.000000 1.354831
 565.000000 1.358936
 566.000000 1.368041
 567.000000 1.380834
 568.000000 1.395608
 569.000000 1.410733
 570.000000 1.424494
 571.000000 1.435483
 572.000000 1.442751
 573.000000 1.445708
 574.000000 1.444384
 575.000000 1.439238
 576.000000 1.431064
 577.000000 1.420930
 578.000000 1.409915
 579.000000 1.399101
 580.000000 1.389628
 581.000000 1.382385
 582.000000 1.377982
 583.000000 1.376623
 584.000000 1.378148
 585.000000 1.382053
 586.000000 1.387518
 587.000000 1.393714
 588.000000 1.399668
 589.000000 1.404559
 590.000000 1.407723
 591.000000 1.408639
 592.000000 1.407154
 593.000000 1.403474
 594.000000 1.398087
 595.000000 1.391679
 596.000000 1.385028
 597.000000 1.378914
 598.000000 1.374040
 599.000000 1.370797
 600.000000 1.369421
 601.000000 1.370011
 602.000000 1.372480
 603.000000 1.376643
 604.000000 1.382152
 605.000000 1.388592
 606.000000 1.395548
 607.000000 1.402418
 608.000000 1.408526
 609.000000 1.413265
 610.000000 1.416113
 611.000000 1.416731
 612.000000 1.415067
 613.000000 1.411378
 614.000000 1.406190
 615.000000 1.400271
 616.000000 1.394365
 617.000000 1.389260
 618.000000 1.385548
 619.000000 1.383599
 620.000000 1.383457
 621.000000 1.384847
 622.000000 1.387222
 623.000000 1.389911
 624.000000 1.392323
 625.000000 1.394078
 626.000000 1.395029
 627.000000 1.395321
 628.000000 1.395310
 629.000000 1.395422
 630.000000 1.396055
 631.000000 1.397487
 632.000000 1.399847
 633.000000 1.403072
 634.000000 1.406909
 635.000000 1.411048
 636.000000 1.415021
 637.000000 1.418276
 638.000000 1.420379
 639.000000 1.421033
 640.000000 1.420126
 641.000000 1.417755
 642.000000 1.414134
 643.000000 1.409637
 644.000000 1.404710
 645.000000 1.399743
 646.000000 1.395218
 647.000000 1.391547
 648.000000 1.389040
 649.000000 1.387865
 650.000000 1.388055
 651.000000 1.389519
 652.000000 1.392076
 653.000000 1.395438
 654.000000 1.399244
 655.000000 1.403104
 656.000000 1.406580
 657.000000 1.409256
 658.000000 1.410802
 659.000000 1.410960
 660.000000 1.409643
 661.000000 1.406919
 662.000000 1.403034
 663.000000 1.398345
 664.000000 1.393489
 665.000000 1.389028
 666.000000 1.385670
 667.000000 1.384014
 668.000000 1.384517
 669.000000 1.387321
 670.000000 1.392270
 671.000000 1.398908
 672.000000 1.406639
 673.000000 1.414533
 674.000000 1.421624
 675.000000 1.427180
 676.000000 1.430558
 677.000000 1.431369
 678.000000 1.429611
 679.000000 1.425648
 680.000000 1.420138
 681.000000 1.413912
 682.000000 1.407887
 683.000000 1.402798
 684.000000 1.399265
 685.000000 1.397689
 686.000000 1.398126
 687.000000 1.400333
 688.000000 1.403851
 689.000000 1.408119
 690.000000 1.412533
 691.000000 1.416636
 692.000000 1.420071
 693.000000 1.422579
 694.000000 1.424019
 695.000000 1.424369
 696.000000 1.423705
 697.000000 1.422192
 698.000000 1.420052
 699.000000 1.417555
 700.000000 1.414953
 701.000000 1.412453
 702.000000 1.410275
 703.000000 1.408629
 704.000000 1.407745
 705.000000 1.407830
 706.000000 1.409062
 707.000000 1.411483
 708.000000 1.414948
 709.000000 1.419186
 710.000000 1.423758
 711.000000 1.428090
 712.000000 1.431506
 713.000000 1.433466
 714.000000 1.433625
 715.000000 1.431881
 716.000000 1.428498
 717.000000 1.424039
 718.000000 1.419244
 719.000000 1.414961
 720.000000 1.412025
 721.000000 1.410998
 722.000000 1.412070
 723.000000 1.415079
 724.000000 1.419496
 725.000000 1.424588
 726.000000 1.429453
 727.000000 1.433134
 728.000000 1.434873
 729.000000 1.434137
 730.000000 1.430723
 731.000000 1.424809
 732.000000 1.416930
 733.000000 1.407940
 734.000000 1.398899
 735.000000 1.391140
 736.000000 1.385808
 737.000000 1.383774
 738.000000 1.385459
 739.000000 1.390786
 740.000000 1.399180
 741.000000 1.409782
 742.000000 1.421400
 743.000000 1.432776
 744.000000 1.442873
 745.000000 1.450758
 746.000000 1.455845
 747.000000 1.457723
 748.000000 1.456231
 749.000000 1.451486
 750.000000 1.443721
 751.000000 1.433550
 752.000000 1.421743
 753.000000 1.409311
 754.000000 1.397489
 755.000000 1.387332
 756.000000 1.379915
 757.000000 1.376053
 758.000000 1.376114
 759.000000 1.380023
 760.000000 1.387212
 761.000000 1.396612
 762.000000 1.406901
 763.000000 1.416705
 764.000000 1.424878
 765.000000 1.430517
 766.000000 1.432999
 767.000000 1.432125
 768.000000 1.428130
 769.000000 1.421684
 770.000000 1.413741
 771.000000 1.405442
 772.000000 1.398157
 773.000000 1.392990
 774.000000 1.390677
 775.000000 1.391557
 776.000000 1.395417
 777.000000 1.401620
 778.000000 1.409189
 779.000000 1.417156
 780.000000 1.424396
 781.000000 1.430099
 782.000000 1.433773
 783.000000 1.435163
 784.000000 1.434298
 785.000000 1.431396
 786.000000 1.426830
 787.000000 1.421126
 788.000000 1.414762
 789.000000 1.408289
 790.000000 1.402191
 791.000000 1.396926
 792.000000 1.392892
 793.000000 1.390338
 794.000000 1.389393
 795.000000 1.390095
 796.000000 1.392330
 797.000000 1.395923
 798.000000 1.400517
 799.000000 1.405637
 800.000000 1.410685
 801.000000 1.415193
 802.000000 1.418587
 803.000000 1.420360
 804.000000 1.420177
 805.000000 1.417974
 806.000000 1.413955
 807.000000 1.408640
 808.000000 1.402812
 809.000000 1.397371
 810.000000 1.393075
 811.000000 1.390564
 812.000000 1.390158
 813.000000 1.391892
 814.000000 1.395482
 815.000000 1.400446
 816.000000 1.406098
 817.000000 1.411734
 818.000000 1.416731
 819.000000 1.420567
 820.000000 1.423017
 821.000000 1.423984
 822.000000 1.423604
 823.000000 1.422153
 824.000000 1.420001
 825.000000 1.417554
 826.000000 1.415128
 827.000000 1.413014
 828.000000 1.411312
 829.000000 1.410007
 830.000000 1.408965
 831.000000 1.408002
 832.000000 1.406932
 833.000000 1.405592
 834.000000 1.403916
 835.000000 1.401889
 836.000000 1.399570
 837.000000 1.397097
 838.000000 1.394723
 839.000000 1.392700
 840.000000 1.391294
 841.000000 1.390747
 842.000000 1.391163
 843.000000 1.392502
 844.000000 1.394654
 845.000000 1.397465
 846.000000 1.400770
 847.000000 1.404358
 848.000000 1.408001
 849.000000 1.411345
 850.000000 1.414093
 851.000000 1.415868
 852.000000 1.416359
 853.000000 1.415338
 854.000000 1.412710
 855.000000 1.408549
 856.000000 1.403075
 857.000000 1.396701
 858.000000 1.390048
 859.000000 1.383758
 860.000000 1.378537
 861.000000 1.374937
 862.000000 1.373219
 863.000000 1.373415
 864.000000 1.375301
 865.000000 1.378420
 866.000000 1.382130
 867.000000 1.385776
 868.000000 1.388702
 869.000000 1.390404
 870.000000 1.390623
 871.000000 1.389339
 872.000000 1.386814
 873.000000 1.383536
 874.000000 1.380203
 875.000000 1.377523
 876.000000 1.376139
 877.000000 1.376448
 878.000000 1.378585
 879.000000 1.382385
 880.000000 1.387378
 881.000000 1.392888
 882.000000 1.398195
 883.000000 1.402615
 884.000000 1.405569
 885.000000 1.406809
 886.000000 1.406259
 887.000000 1.404070
 888.000000 1.400561
 889.000000 1.396142
 890.000000 1.391360
 891.000000 1.386730
 892.000000 1.382629
 893.000000 1.379416
 894.000000 1.377288
 895.000000 1.376316
 896.000000 1.376457
 897.000000 1.377606
 898.000000 1.379611
 899.000000 1.382278
 900.000000 1.385336
 901.000000 1.388489
 902.000000 1.391371
 903.000000 1.393628
 904.000000 1.394964
 905.000000 1.395205
 906.000000 1.394325
 907.000000 1.392494
 908.000000 1.390094
 909.000000 1.387656
 910.000000 1.385808
 911.000000 1.385154
 912.000000 1.386171
 913.000000 1.389132
 914.000000 1.394026
 915.000000 1.400497
 916.000000 1.407830
 917.000000 1.415230
 918.000000 1.421764
 919.000000 1.426567
 920.000000 1.428956
 921.000000 1.428488
 922.000000 1.425157
 923.000000 1.419363
 924.000000 1.411894
 925.000000 1.403758
 926.000000 1.395988
 927.000000 1.389574
 928.000000 1.385182
 929.000000 1.383269
 930.000000 1.383895
 931.000000 1.386700
 932.000000 1.390946
 933.000000 1.395738
 934.000000 1.400168
 935.000000 1.403505
 936.000000 1.405202
 937.000000 1.405097
 938.000000 1.403338
 939.000000 1.400298
 940.000000 1.396553
 941.000000 1.392724
 942.000000 1.389356
 943.000000 1.386851
 944.000000 1.385406
 945.000000 1.384975
 946.000000 1.385333
 947.000000 1.386196
 948.000000 1.387322
 949.000000 1.388580
 950.000000 1.389998
 951.000000 1.391632
 952.000000 1.393537
 953.000000 1.395647
 954.000000 1.397823
 955.000000 1.399797
 956.000000 1.401167
 957.000000 1.401514
 958.000000 1.400479
 959.000000 1.397891
 960.000000 1.393856
 961.000000 1.388741
 962.000000 1.383223
 963.000000 1.378062
 964.000000 1.374078
 965.000000 1.371997
 966.000000 1.372172
 967.000000 1.374629
 968.000000 1.379027
 969.000000 1.384722
 970.000000 1.390891
 971.000000 1.396698
 972.000000 1.401370
 973.000000 1.404324
 974.000000 1.405259
 975.000000 1.404256
 976.000000 1.401670
 977.000000 1.398120
 978.000000 1.394258
 979.000000 1.390714
 980.000000 1.387986
 981.000000 1.386352
 982.000000 1.385854
 983.000000 1.386310
 984.000000 1.387397
 985.000000 1.388749
 986.000000 1.390111
 987.000000 1.391392
 988.000000 1.392674
 989.000000 1.394134
 990.000000 1.395939
 991.000000 1.398149
 992.000000 1.400652
 993.000000 1.403112
 994.000000 1.405130
 995.000000 1.406200
 996.000000 1.405891
 997.000000 1.403932
 998.000000 1.400340
 999.000000 1.395425
 1000.000000 1.389727
 1001.000000 1.384237
 1002.000000 1.379868
 1003.000000 1.377265
 1004.000000 1.376926
 1005.000000 1.378971
 1006.000000 1.383105
 1007.000000 1.388637
 1008.000000 1.394609
 1009.000000 1.399964
 1010.000000 1.403680
 1011.000000 1.405041
 1012.000000 1.403752
 1013.000000 1.399997
 1014.000000 1.394478
 1015.000000 1.388246
 1016.000000 1.382602
 1017.000000 1.378658
 1018.000000 1.377268
 1019.000000 1.378882
 1020.000000 1.383346
 1021.000000 1.389950
 1022.000000 1.397658
 1023.000000 1.405233
 1024.000000 1.411617
 1025.000000 1.416068
 1026.000000 1.418218
 1027.000000 1.418113
 1028.000000 1.416047
 1029.000000 1.412460
 1030.000000 1.407903
 1031.000000 1.402903
 1032.000000 1.398011
 1033.000000 1.393606
 1034.000000 1.389974
 1035.000000 1.387219
 1036.000000 1.385242
 1037.000000 1.383862
 1038.000000 1.382852
 1039.000000 1.382043
 1040.000000 1.381371
 1041.000000 1.380881
 1042.000000 1.380672
 1043.000000 1.380880
 1044.000000 1.381615
 1045.000000 1.382922
 1046.000000 1.384765
 1047.000000 1.386983
 1048.000000 1.389310
 1049.000000 1.391431
 1050.000000 1.393055
 1051.000000 1.394064
 1052.000000 1.394513
 1053.000000 1.394626
 1054.000000 1.394704
 1055.000000 1.395017
 1056.000000 1.395704
 1057.000000 1.396723
 1058.000000 1.397886
 1059.000000 1.398816
 1060.000000 1.399030
 1061.000000 1.398027
 1062.000000 1.395434
 1063.000000 1.391139
 1064.000000 1.385383
 1065.000000 1.378811
 1066.000000 1.372192
 1067.000000 1.366467
 1068.000000 1.362569
 1069.000000 1.361167
 1070.000000 1.362564
 1071.000000 1.366635
 1072.000000 1.372819
 1073.000000 1.380214
 1074.000000 1.387764
 1075.000000 1.394426
 1076.000000 1.399214
 1077.000000 1.401536
 1078.000000 1.401243
 1079.000000 1.398598
 1080.000000 1.394176
 1081.000000 1.388921
 1082.000000 1.383735
 1083.000000 1.379503
 1084.000000 1.376933
 1085.000000 1.376447
 1086.000000 1.378079
 1087.000000 1.381511
 1088.000000 1.386156
 1089.000000 1.391386
 1090.000000 1.396574
 1091.000000 1.401208
 1092.000000 1.404930
 1093.000000 1.407496
 1094.000000 1.408717
 1095.000000 1.408491
 1096.000000 1.406813
 1097.000000 1.403741
 1098.000000 1.399376
 1099.000000 1.393862
 1100.000000 1.387507
 1101.000000 1.380767
 1102.000000 1.374215
 1103.000000 1.368488
 1104.000000 1.364437
 1105.000000 1.362832
 1106.000000 1.364063
 1107.000000 1.368101
 1108.000000 1.374443
 1109.000000 1.382223
 1110.000000 1.390361
 1111.000000 1.397602
 1112.000000 1.402954
 1113.000000 1.405590
 1114.000000 1.405080
 1115.000000 1.401505
 1116.000000 1.395429
 1117.000000 1.387842
 1118.000000 1.380059
 1119.000000 1.373524
 1120.000000 1.369470
 1121.000000 1.368736
 1122.000000 1.371565
 1123.000000 1.377674
 1124.000000 1.386163
 1125.000000 1.395779
 1126.000000 1.405253
 1127.000000 1.413275
 1128.000000 1.418820
 1129.000000 1.421268
 1130.000000 1.420473
 1131.000000 1.416698
 1132.000000 1.410524
 1133.000000 1.402801
 1134.000000 1.394451
 1135.000000 1.386591
 1136.000000 1.380185
 1137.000000 1.375796
 1138.000000 1.373891
 1139.000000 1.374599
 1140.000000 1.377691
 1141.000000 1.382703
 1142.000000 1.389094
 1143.000000 1.396162
 1144.000000 1.403225
 1145.000000 1.409581
 1146.000000 1.414512
 1147.000000 1.417511
 1148.000000 1.418293
 1149.000000 1.416792
 1150.000000 1.413165
 1151.000000 1.407701
 1152.000000 1.400889
 1153.000000 1.393408
 1154.000000 1.386126
 1155.000000 1.380106
 1156.000000 1.376399
 1157.000000 1.375851
 1158.000000 1.378848
 1159.000000 1.385218
 1160.000000 1.394292
 1161.000000 1.404829
 1162.000000 1.415476
 1163.000000 1.424858
 1164.000000 1.431510
 1165.000000 1.434290
 1166.000000 1.432578
 1167.000000 1.426387
 1168.000000 1.416370
 1169.000000 1.403868
 1170.000000 1.390365
 1171.000000 1.377797
 1172.000000 1.367810
 1173.000000 1.361793
 1174.000000 1.360551
 1175.000000 1.364036
 1176.000000 1.371571
 1177.000000 1.381676
 1178.000000 1.392633
 1179.000000 1.402684
 1180.000000 1.410589
 1181.000000 1.415466
 1182.000000 1.416915
 1183.000000 1.415007
 1184.000000 1.410148
 1185.000000 1.403132
 1186.000000 1.394963
 1187.000000 1.386705
 1188.000000 1.379411
 1189.000000 1.373815
 1190.000000 1.370409
 1191.000000 1.369414
 1192.000000 1.370751
 1193.000000 1.374174
 1194.000000 1.379390
 1195.000000 1.386020
 1196.000000 1.393516
 1197.000000 1.401228
 1198.000000 1.408442
 1199.000000 1.414389
 1200.000000 1.418468
 1201.000000 1.420189
 1202.000000 1.419212
 1203.000000 1.415425
 1204.000000 1.409030
 1205.000000 1.400590
 1206.000000 1.391119
 1207.000000 1.381791
 1208.000000 1.373989
 1209.000000 1.368972
 1210.000000 1.367601
 1211.000000 1.370129
 1212.000000 1.376149
 1213.000000 1.384727
 1214.000000 1.394398
 1215.000000 1.403595
 1216.000000 1.410875
 1217.000000 1.415171
 1218.000000 1.415901
 1219.000000 1.413106
 1220.000000 1.407443
 1221.000000 1.399971
 1222.000000 1.391965
 1223.000000 1.384965
 1224.000000 1.380175
 1225.000000 1.378540
 1226.000000 1.380491
 1227.000000 1.385796
 1228.000000 1.393638
 1229.000000 1.402845
 1230.000000 1.412045
 1231.000000 1.420109
 1232.000000 1.426295
 1233.000000 1.430107
 1234.000000 1.431297
 1235.000000 1.429893
 1236.000000 1.426154
 1237.000000 1.420604
 1238.000000 1.413861
 1239.000000 1.406635
 1240.000000 1.399658
 1241.000000 1.393548
 1242.000000 1.388755
 1243.000000 1.385601
 1244.000000 1.384347
 1245.000000 1.385134
 1246.000000 1.387997
 1247.000000 1.392762
 1248.000000 1.398970
 1249.000000 1.405929
 1250.000000 1.412609
 1251.000000 1.418036
 1252.000000 1.421199
 1253.000000 1.421347
 1254.000000 1.418125
 1255.000000 1.411695
 1256.000000 1.402666
 1257.000000 1.392349
 1258.000000 1.382391
 1259.000000 1.374343
 1260.000000 1.369855
 1261.000000 1.369989
 1262.000000 1.375084
 1263.000000 1.384613
 1264.000000 1.397407
 1265.000000 1.411837
 1266.000000 1.425840
 1267.000000 1.437817
 1268.000000 1.446342
 1269.000000 1.450653
 1270.000000 1.450674
 1271.000000 1.446924
 1272.000000 1.440338
 1273.000000 1.432057
 1274.000000 1.423142
 1275.000000 1.414554
 1276.000000 1.407236
 1277.000000 1.401855
 1278.000000 1.398797
 1279.000000 1.398213
 1280.000000 1.399898
 1281.000000 1.403384
 1282.000000 1.408128
 1283.000000 1.413550
 1284.000000 1.419230
 1285.000000 1.424742
 1286.000000 1.429716
 1287.000000 1.433854
 1288.000000 1.436960
 1289.000000 1.438838
 1290.000000 1.439309
 1291.000000 1.438296
 1292.000000 1.435862
 1293.000000 1.432224
 1294.000000 1.427716
 1295.000000 1.422827
 1296.000000 1.418234
 1297.000000 1.414553
 1298.000000 1.412251
 1299.000000 1.411596
 1300.000000 1.412555
 1301.000000 1.414750
 1302.000000 1.417596
 1303.000000 1.420388
 1304.000000 1.422488
 1305.000000 1.423419
 1306.000000 1.422927
 1307.000000 1.420984
 1308.000000 1.417762
 1309.000000 1.413623
 1310.000000 1.409189
 1311.000000 1.405155
 1312.000000 1.402055
 1313.000000 1.400315
 1314.000000 1.400147
 1315.000000 1.401536
 1316.000000 1.404320
 1317.000000 1.408237
 1318.000000 1.412998
 1319.000000 1.418140
 1320.000000 1.423079
 1321.000000 1.427391
 1322.000000 1.430861
 1323.000000 1.433343
 1324.000000 1.434768
 1325.000000 1.435082
 1326.000000 1.434306
 1327.000000 1.432592
 1328.000000 1.430277
 1329.000000 1.427854
 1330.000000 1.425812
 1331.000000 1.424554
 1332.000000 1.424324
 1333.000000 1.425168
 1334.000000 1.426945
 1335.000000 1.429436
 1336.000000 1.432394
 1337.000000 1.435553
 1338.000000 1.438590
 1339.000000 1.441057
 1340.000000 1.442409
 1341.000000 1.442148
 1342.000000 1.439940
 1343.000000 1.435707
 1344.000000 1.429730
 1345.000000 1.422545
 1346.000000 1.414952
 1347.000000 1.407867
 1348.000000 1.402105
 1349.000000 1.398411
 1350.000000 1.397313
 1351.000000 1.398991
 1352.000000 1.403272
 1353.000000 1.409655
 1354.000000 1.417350
 1355.000000 1.425526
 1356.000000 1.433163
 1357.000000 1.439513
 1358.000000 1.443974
 1359.000000 1.446067
 1360.000000 1.445625
 1361.000000 1.442816
 1362.000000 1.438213
 1363.000000 1.432766
 1364.000000 1.427451
 1365.000000 1.423379
 1366.000000 1.421415
 1367.000000 1.421991
 1368.000000 1.425098
 1369.000000 1.430306
 1370.000000 1.436747
 1371.000000 1.443425
 1372.000000 1.449388
 1373.000000 1.453897
 1374.000000 1.456500
 1375.000000 1.457176
 1376.000000 1.456149
 1377.000000 1.453759
 1378.000000 1.450340
 1379.000000 1.446196
 1380.000000 1.441678
 1381.000000 1.437083
 1382.000000 1.432672
 1383.000000 1.428681
 1384.000000 1.425374
 1385.000000 1.422906
 1386.000000 1.421384
 1387.000000 1.420946
 1388.000000 1.421723
 1389.000000 1.423795
 1390.000000 1.427173
 1391.000000 1.431639
 1392.000000 1.436925
 1393.000000 1.442501
 1394.000000 1.447699
 1395.000000 1.451856
 1396.000000 1.454302
 1397.000000 1.454420
 1398.000000 1.451797
 1399.000000 1.446373
 1400.000000 1.438591
 1401.000000 1.429590
 1402.000000 1.420848
 1403.000000 1.413825
 1404.000000 1.409785
 1405.000000 1.409625
 1406.000000 1.413596
 1407.000000 1.421324
 1408.000000 1.431860
 1409.000000 1.443742
 1410.000000 1.455448
 1411.000000 1.465541
 1412.000000 1.472756
 1413.000000 1.476399
 1414.000000 1.476187
 1415.000000 1.472230
 1416.000000 1.464985
 1417.000000 1.455128
 1418.000000 1.443754
 1419.000000 1.432116
 1420.000000 1.421497
 1421.000000 1.412862
 1422.000000 1.406940
 1423.000000 1.404121
 1424.000000 1.404429
 1425.000000 1.407539
 1426.000000 1.412968
 1427.000000 1.420127
 1428.000000 1.428315
 1429.000000 1.436888
 1430.000000 1.445065
 1431.000000 1.452082
 1432.000000 1.457297
 1433.000000 1.460187
 1434.000000 1.460387
 1435.000000 1.457754
 1436.000000 1.452385
 1437.000000 1.444666
 1438.000000 1.435373
 1439.000000 1.425672
 1440.000000 1.416763
 1441.000000 1.409723
 1442.000000 1.405466
 1443.000000 1.404498
 1444.000000 1.406817
 1445.000000 1.411964
 1446.000000 1.419183
 1447.000000 1.427488
 1448.000000 1.435833
 1449.000000 1.443304
 1450.000000 1.449201
 1451.000000 1.453023
 1452.000000 1.454616
 1453.000000 1.454165
 1454.000000 1.452074
 1455.000000 1.448811
 1456.000000 1.444815
 1457.000000 1.440489
 1458.000000 1.436128
 1459.000000 1.431999
 1460.000000 1.428435
 1461.000000 1.425690
 1462.000000 1.424027
 1463.000000 1.423696
 1464.000000 1.424907
 1465.000000 1.427717
 1466.000000 1.431969
 1467.000000 1.437134
 1468.000000 1.442477
 1469.000000 1.447103
 1470.000000 1.450052
 1471.000000 1.450632
 1472.000000 1.448469
 1473.000000 1.443634
 1474.000000 1.436598
 1475.000000 1.428164
 1476.000000 1.419271
 1477.000000 1.411147
 1478.000000 1.404847
 1479.000000 1.401362
 1480.000000 1.401474
 1481.000000 1.405430
 1482.000000 1.412964
 1483.000000 1.423357
 1484.000000 1.435363
 1485.000000 1.447675
 1486.000000 1.458692
 1487.000000 1.466894
 1488.000000 1.471090
 1489.000000 1.470368
 1490.000000 1.464383
 1491.000000 1.453489
 1492.000000 1.438762
 1493.000000 1.421795
 1494.000000 1.404633
 1495.000000 1.389795
 1496.000000 1.379528
 1497.000000 1.375388
 1498.000000 1.378009
 1499.000000 1.386972
 1500.000000 1.400945
 1501.000000 1.418174
 1502.000000 1.436353
 1503.000000 1.453164
 1504.000000 1.466986
 1505.000000 1.476662
 1506.000000 1.481610
 1507.000000 1.481598
 1508.000000 1.476858
 1509.000000 1.467965
 1510.000000 1.455940
 1511.000000 1.441953
 1512.000000 1.427351
 1513.000000 1.413658
 1514.000000 1.402192
 1515.000000 1.394050
 1516.000000 1.390278
 1517.000000 1.391322
 1518.000000 1.397152
 1519.000000 1.407366
 1520.000000 1.420987
 1521.000000 1.436517
 1522.000000 1.452255
 1523.000000 1.466388
 1524.000000 1.477473
 1525.000000 1.484228
 1526.000000 1.485862
 1527.000000 1.482097
 1528.000000 1.473120
 1529.000000 1.459424
 1530.000000 1.442472
 1531.000000 1.423929
 1532.000000 1.405900
 1533.000000 1.390462
 1534.000000 1.379909
 1535.000000 1.375760
 1536.000000 1.378588
 1537.000000 1.387941
 1538.000000 1.402373
 1539.000000 1.419681
 1540.000000 1.437396
 1541.000000 1.453087
 1542.000000 1.464821
 1543.000000 1.471366
 1544.000000 1.472098
 1545.000000 1.467068
 1546.000000 1.456955
 1547.000000 1.443172
 1548.000000 1.427481
 1549.000000 1.411718
 1550.000000 1.398074
 1551.000000 1.388186
 1552.000000 1.383289
 1553.000000 1.383846
 1554.000000 1.389510
 1555.000000 1.399291
 1556.000000 1.411793
 1557.000000 1.425370
 1558.000000 1.438552
 1559.000000 1.450023
 1560.000000 1.458714
 1561.000000 1.463812
 1562.000000 1.464922
 1563.000000 1.461953
 1564.000000 1.455152
 1565.000000 1.445142
 1566.000000 1.432787
 1567.000000 1.419259
 1568.000000 1.405799
 1569.000000 1.394044
 1570.000000 1.385358
 1571.000000 1.380792
 1572.000000 1.381055
 1573.000000 1.386139
 1574.000000 1.395477
 1575.000000 1.407861
 1576.000000 1.421957
 1577.000000 1.436112
 1578.000000 1.448628
 1579.000000 1.458266
 1580.000000 1.463898
 1581.000000 1.464982
 1582.000000 1.461439
 1583.000000 1.453753
 1584.000000 1.442996
 1585.000000 1.430751
 1586.000000 1.418661
 1587.000000 1.408387
 1588.000000 1.401297
 1589.000000 1.398089
 1590.000000 1.398939
 1591.000000 1.403383
 1592.000000 1.410337
 1593.000000 1.418355
 1594.000000 1.425980
 1595.000000 1.431960
 1596.000000 1.435384
 1597.000000 1.435762
 1598.000000 1.433067
 1599.000000 1.427740
 1600.000000 1.420598
 1601.000000 1.412684
 1602.000000 1.405175
 1603.000000 1.399108
 1604.000000 1.395327
 1605.000000 1.394240
 1606.000000 1.395974
 1607.000000 1.400365
 1608.000000 1.407045
 1609.000000 1.415564
 1610.000000 1.425416
 1611.000000 1.435811
 1612.000000 1.445678
 1613.000000 1.453932
 1614.000000 1.459707
 1615.000000 1.462206
 1616.000000 1.461031
 1617.000000 1.456082
 1618.000000 1.447643
 1619.000000 1.436412
 1620.000000 1.423457
 1621.000000 1.410344
 1622.000000 1.398930
 1623.000000 1.391199
 1624.000000 1.388603
 1625.000000 1.392014
 1626.000000 1.401379
 1627.000000 1.415668
 1628.000000 1.433316
 1629.000000 1.452062
 1630.000000 1.469773
 1631.000000 1.484297
 1632.000000 1.493979
 1633.000000 1.497670
 1634.000000 1.494918
 1635.000000 1.485909
 1636.000000 1.471561
 1637.000000 1.453392
 1638.000000 1.433386
 1639.000000 1.413903
 1640.000000 1.397215
 1641.000000 1.385315
 1642.000000 1.379887
 1643.000000 1.381622
 1644.000000 1.390181
 1645.000000 1.404296
 1646.000000 1.422013
 1647.000000 1.441099
 1648.000000 1.459357
 1649.000000 1.474887
 1650.000000 1.486252
 1651.000000 1.492537
 1652.000000 1.493447
 1653.000000 1.489184
 1654.000000 1.480373
 1655.000000 1.468031
 1656.000000 1.453449
 1657.000000 1.438055
 1658.000000 1.423397
 1659.000000 1.411117
 1660.000000 1.402620
 1661.000000 1.399033
 1662.000000 1.400958
 1663.000000 1.408269
 1664.000000 1.420125
 1665.000000 1.435021
 1666.000000 1.451085
 1667.000000 1.466288
 1668.000000 1.478808
 1669.000000 1.487019
 1670.000000 1.489900
 1671.000000 1.486850
 1672.000000 1.477893
 1673.000000 1.463806
 1674.000000 1.445936
 1675.000000 1.426272
 1676.000000 1.406956
 1677.000000 1.390158
 1678.000000 1.378170
 1679.000000 1.372671
 1680.000000 1.374481
 1681.000000 1.383445
 1682.000000 1.398422
 1683.000000 1.417293
 1684.000000 1.437649
 1685.000000 1.457173
 1686.000000 1.473484
 1687.000000 1.484963
 1688.000000 1.490597
 1689.000000 1.490157
 1690.000000 1.484020
 1691.000000 1.473076
 1692.000000 1.458835
 1693.000000 1.443040
 1694.000000 1.427414
 1695.000000 1.413669
 1696.000000 1.403476
 1697.000000 1.397935
 1698.000000 1.397323
 1699.000000 1.401362
 1700.000000 1.409316
 1701.000000 1.420026
 1702.000000 1.432070
 1703.000000 1.443946
 1704.000000 1.454184
 1705.000000 1.461756
 1706.000000 1.465928
 1707.000000 1.466412
 1708.000000 1.463324
 1709.000000 1.457120
 1710.000000 1.448467
 1711.000000 1.438327
 1712.000000 1.427612
 1713.000000 1.417532
 1714.000000 1.409212
 1715.000000 1.403753
 1716.000000 1.402024
 1717.000000 1.404385
 1718.000000 1.410669
 1719.000000 1.420132
 1720.000000 1.431515
 1721.000000 1.443493
 1722.000000 1.454630
 1723.000000 1.463608
 1724.000000 1.469433
 1725.000000 1.471451
 1726.000000 1.469558
 1727.000000 1.464227
 1728.000000 1.456349
 1729.000000 1.446994
 1730.000000 1.437416
 1731.000000 1.429076
 1732.000000 1.423057
 1733.000000 1.420157
 1734.000000 1.420714
 1735.000000 1.424567
 1736.000000 1.431122
 1737.000000 1.439318
 1738.000000 1.448016
 1739.000000 1.456061
 1740.000000 1.462409
 1741.000000 1.466362
 1742.000000 1.467607
 1743.000000 1.466043
 1744.000000 1.461837
 1745.000000 1.455431
 1746.000000 1.447530
 1747.000000 1.438926
 1748.000000 1.430521
 1749.000000 1.423176
 1750.000000 1.417605
 1751.000000 1.414120
 1752.000000 1.413071
 1753.000000 1.414584
 1754.000000 1.418761
 1755.000000 1.425550
 1756.000000 1.434553
 1757.000000 1.445159
 1758.000000 1.456288
 1759.000000 1.466761
 1760.000000 1.475482
 1761.000000 1.481270
 1762.000000 1.483143
 1763.000000 1.480477
 1764.000000 1.473051
 1765.000000 1.461377
 1766.000000 1.446592
 1767.000000 1.430368
 1768.000000 1.414619
 1769.000000 1.402069
 1770.000000 1.394877
 1771.000000 1.394310
 1772.000000 1.400679
 1773.000000 1.413113
 1774.000000 1.429735
 1775.000000 1.448117
 1776.000000 1.465580
 1777.000000 1.479448
 1778.000000 1.487978
 1779.000000 1.490306
 1780.000000 1.486206
 1781.000000 1.476324
 1782.000000 1.461890
 1783.000000 1.444583
 1784.000000 1.426552
 1785.000000 1.410064
 1786.000000 1.397101
 1787.000000 1.389153
 1788.000000 1.386923
 1789.000000 1.390384
 1790.000000 1.398790
 1791.000000 1.410900
 1792.000000 1.425085
 1793.000000 1.439674
 1794.000000 1.453490
 1795.000000 1.465298
 1796.000000 1.473903
 1797.000000 1.478487
 1798.000000 1.478686
 1799.000000 1.474448
 1800.000000 1.466067
 1801.000000 1.454190
 1802.000000 1.439724
 1803.000000 1.424016
 1804.000000 1.408538
 1805.000000 1.395353
 1806.000000 1.386301
 1807.000000 1.382843
 1808.000000 1.385703
 1809.000000 1.394600
 1810.000000 1.408223
 1811.000000 1.424668
 1812.000000 1.441473
 1813.000000 1.456301
 1814.000000 1.467301
 1815.000000 1.473145
 1816.000000 1.473277
 1817.000000 1.467779
 1818.000000 1.457324
 1819.000000 1.443344
 1820.000000 1.427870
 1821.000000 1.413075
 1822.000000 1.401032
 1823.000000 1.393588
 1824.000000 1.391885
 1825.000000 1.396371
 1826.000000 1.406477
 1827.000000 1.420831
 1828.000000 1.437635
 1829.000000 1.454954
 1830.000000 1.470586
 1831.000000 1.482491
 1832.000000 1.489418
 1833.000000 1.490649
 1834.000000 1.486057
 1835.000000 1.476182
 1836.000000 1.462006
 1837.000000 1.445047
 1838.000000 1.427009
 1839.000000 1.410095
 1840.000000 1.396128
 1841.000000 1.386669
 1842.000000 1.382642
 1843.000000 1.384292
 1844.000000 1.391227
 1845.000000 1.402403
 1846.000000 1.416366
 1847.000000 1.431304
 1848.000000 1.445639
 1849.000000 1.457594
 1850.000000 1.465654
 1851.000000 1.468786
 1852.000000 1.466502
 1853.000000 1.458867
 1854.000000 1.446544
 1855.000000 1.430661
 1856.000000 1.412937
 1857.000000 1.395359
 1858.000000 1.380040
 1859.000000 1.369371
 1860.000000 1.365083
 1861.000000 1.368083
 1862.000000 1.378146
 1863.000000 1.393976
 1864.000000 1.413381
 1865.000000 1.433722
 1866.000000 1.452535
 1867.000000 1.467458
 1868.000000 1.476965
 1869.000000 1.479865
 1870.000000 1.476008
 1871.000000 1.466156
 1872.000000 1.451793
 1873.000000 1.434804
 1874.000000 1.417517
 1875.000000 1.402611
 1876.000000 1.391948
 1877.000000 1.386816
 1878.000000 1.387815
 1879.000000 1.394565
 1880.000000 1.405896
 1881.000000 1.420034
 1882.000000 1.435100
 1883.000000 1.449493
 1884.000000 1.461690
 1885.000000 1.470680
 1886.000000 1.475632
 1887.000000 1.476146
 1888.000000 1.472214
 1889.000000 1.464203
 1890.000000 1.453074
 1891.000000 1.440102
 1892.000000 1.426599
 1893.000000 1.413991
 1894.000000 1.403843
 1895.000000 1.397438
 1896.000000 1.395881
 1897.000000 1.399906
 1898.000000 1.409489
 1899.000000 1.423753
 1900.000000 1.441269
 1901.000000 1.460245
 1902.000000 1.478604
 1903.000000 1.494389
 1904.000000 1.505930
 1905.000000 1.511813
 1906.000000 1.511241
 1907.000000 1.504014
 1908.000000 1.490632
 1909.000000 1.472313
 1910.000000 1.450915
 1911.000000 1.428492
 1912.000000 1.407697
 1913.000000 1.391281
 1914.000000 1.380863
 1915.000000 1.377618
 1916.000000 1.381760
 1917.000000 1.392357
 1918.000000 1.407668
 1919.000000 1.425430
 1920.000000 1.443101
 1921.000000 1.458649
 1922.000000 1.470617
 1923.000000 1.478013
 1924.000000 1.480509
 1925.000000 1.478151
 1926.000000 1.471357
 1927.000000 1.460885
 1928.000000 1.447877
 1929.000000 1.433492
 1930.000000 1.419178
 1931.000000 1.406387
 1932.000000 1.396480
 1933.000000 1.390525
 1934.000000 1.389541
 1935.000000 1.394036
 1936.000000 1.403798
 1937.000000 1.417768
 1938.000000 1.434334
 1939.000000 1.451403
 1940.000000 1.466951
 1941.000000 1.479407
 1942.000000 1.487462
 1943.000000 1.490311
 1944.000000 1.487727
 1945.000000 1.480075
 1946.000000 1.468250
 1947.000000 1.453630
 1948.000000 1.438036
 1949.000000 1.423788
 1950.000000 1.412947
 1951.000000 1.406977
 1952.000000 1.406752
 1953.000000 1.412359
 1954.000000 1.422934
 1955.000000 1.436881
 1956.000000 1.451858
 1957.000000 1.465505
 1958.000000 1.475650
 1959.000000 1.480855
 1960.000000 1.480446
 1961.000000 1.474561
 1962.000000 1.463979
 1963.000000 1.449910
 1964.000000 1.433935
 1965.000000 1.418322
 1966.000000 1.405177
 1967.000000 1.396331
 1968.000000 1.392919
 1969.000000 1.395239
 1970.000000 1.402658
 1971.000000 1.413947
 1972.000000 1.427415
 1973.000000 1.441564
 1974.000000 1.454721
 1975.000000 1.465482
 1976.000000 1.472981
 1977.000000 1.476661
 1978.000000 1.476369
 1979.000000 1.472414
 1980.000000 1.465500
 1981.000000 1.456537
 1982.000000 1.446525
 1983.000000 1.436369
 1984.000000 1.427126
 1985.000000 1.419719
 1986.000000 1.415085
 1987.000000 1.413941
 1988.000000 1.416594
 1989.000000 1.422822
 1990.000000 1.431763
 1991.000000 1.442172
 1992.000000 1.452208
 1993.000000 1.460442
 1994.000000 1.465443
 1995.000000 1.466200
 1996.000000 1.462267
 1997.000000 1.453804
 1998.000000 1.441664
 1999.000000 1.427408
 2000.000000 1.412989
 2001.000000 1.400336
 2002.000000 1.391196
 2003.000000 1.386969
 2004.000000 1.388427
 2005.000000 1.395463
 2006.000000 1.407285
 2007.000000 1.422414
 2008.000000 1.438989
 2009.000000 1.455038
 2010.000000 1.468731
 2011.000000 1.478790
 2012.000000 1.484008
 2013.000000 1.483911
 2014.000000 1.478690
 2015.000000 1.469008
 2016.000000 1.456090
 2017.000000 1.441435
 2018.000000 1.426822
 2019.000000 1.413880
 2020.000000 1.404435
 2021.000000 1.399559
 2022.000000 1.399697
 2023.000000 1.404618
 2024.000000 1.413509
 2025.000000 1.425159
 2026.000000 1.438274
 2027.000000 1.451315
 2028.000000 1.463119
 2029.000000 1.472460
 2030.000000 1.478203
 2031.000000 1.479661
 2032.000000 1.476449
 2033.000000 1.468528
 2034.000000 1.456453
 2035.000000 1.441156
 2036.000000 1.423980
 2037.000000 1.406899
 2038.000000 1.392247
 2039.000000 1.382137
 2040.000000 1.378248
 2041.000000 1.381426
 2042.000000 1.391582
 2043.000000 1.407467
 2044.000000 1.427337
 2045.000000 1.448827
 2046.000000 1.469459
 2047.000000 1.486984
 2048.000000 1.499131
 2049.000000 1.504512
 2050.000000 1.502497
 2051.000000 1.493294
 2052.000000 1.477982
 2053.000000 1.458853
 2054.000000 1.438130
 2055.000000 1.418663
 2056.000000 1.403047
 2057.000000 1.393366
 2058.000000 1.390816
 2059.000000 1.395409
 2060.000000 1.406064
 2061.000000 1.420729
 2062.000000 1.437040
 2063.000000 1.452731
 2064.000000 1.466007
 2065.000000 1.475229
 2066.000000 1.479554
 2067.000000 1.478738
 2068.000000 1.472968
 2069.000000 1.462942
 2070.000000 1.449718
 2071.000000 1.434546
 2072.000000 1.419223
 2073.000000 1.405362
 2074.000000 1.394466
 2075.000000 1.387679
 2076.000000 1.385924
 2077.000000 1.389593
 2078.000000 1.398489
 2079.000000 1.411674
 2080.000000 1.427781
 2081.000000 1.445008
 2082.000000 1.461350
 2083.000000 1.475010
 2084.000000 1.484597
 2085.000000 1.489208
 2086.000000 1.488317
 2087.000000 1.481930
 2088.000000 1.470683
 2089.000000 1.455856
 2090.000000 1.439182
 2091.000000 1.422369
 2092.000000 1.407734
 2093.000000 1.397245
 2094.000000 1.392344
 2095.000000 1.393564
 2096.000000 1.400651
 2097.000000 1.412409
 2098.000000 1.427162
 2099.000000 1.442857
 2100.000000 1.457291
 2101.000000 1.468731
 2102.000000 1.475933
 2103.000000 1.478039
 2104.000000 1.474829
 2105.000000 1.466659
 2106.000000 1.454477
 2107.000000 1.439439
 2108.000000 1.423334
 2109.000000 1.408073
 2110.000000 1.395604
 2111.000000 1.387319
 2112.000000 1.384086
 2113.000000 1.386154
 2114.000000 1.393084
 2115.000000 1.403728
 2116.000000 1.416899
 2117.000000 1.431101
 2118.000000 1.444934
 2119.000000 1.457154
 2120.000000 1.466441
 2121.000000 1.471838
 2122.000000 1.472765
 2123.000000 1.468980
 2124.000000 1.460695
 2125.000000 1.448536
 2126.000000 1.433785
 2127.000000 1.417945
 2128.000000 1.402843
 2129.000000 1.390472
 2130.000000 1.382398
 2131.000000 1.379973
 2132.000000 1.383706
 2133.000000 1.393258
 2134.000000 1.407487
 2135.000000 1.424533
 2136.000000 1.442439
 2137.000000 1.459102
 2138.000000 1.472447
 2139.000000 1.480813
 2140.000000 1.483163
 2141.000000 1.479180
 2142.000000 1.469281
 2143.000000 1.454753
 2144.000000 1.437374
 2145.000000 1.419506
 2146.000000 1.403810
 2147.000000 1.392548
 2148.000000 1.387486
 2149.000000 1.389522
 2150.000000 1.398392
 2151.000000 1.412733
 2152.000000 1.430474
 2153.000000 1.449008
 2154.000000 1.466157
 2155.000000 1.479747
 2156.000000 1.487925
 2157.000000 1.489657
 2158.000000 1.484473
 2159.000000 1.472789
 2160.000000 1.455886
 2161.000000 1.435900
 2162.000000 1.415471
 2163.000000 1.397384
 2164.000000 1.384529
 2165.000000 1.378861
 2166.000000 1.381309
 2167.000000 1.391623
 2168.000000 1.408396
 2169.000000 1.429436
 2170.000000 1.452080
 2171.000000 1.474119
 2172.000000 1.492899
 2173.000000 1.506643
 2174.000000 1.513818
 2175.000000 1.513600
 2176.000000 1.505794
 2177.000000 1.490807
 2178.000000 1.469741
 2179.000000 1.444223
 2180.000000 1.417064
 2181.000000 1.391535
 2182.000000 1.370858
 2183.000000 1.358061
 2184.000000 1.354972
 2185.000000 1.361921
 2186.000000 1.377667
 2187.000000 1.399927
 2188.000000 1.425239
 2189.000000 1.450220
 2190.000000 1.471993
 2191.000000 1.488881
 2192.000000 1.499144
 2193.000000 1.502103
 2194.000000 1.497800
 2195.000000 1.486871
 2196.000000 1.470685
 2197.000000 1.451059
 2198.000000 1.430635
 2199.000000 1.411899
 2200.000000 1.397239
 2201.000000 1.388766
 2202.000000 1.387511
 2203.000000 1.393395
 2204.000000 1.405351
 2205.000000 1.421530
 2206.000000 1.439851
 2207.000000 1.457851
 2208.000000 1.473846
 2209.000000 1.486459
 2210.000000 1.494557
 2211.000000 1.497308
 2212.000000 1.494543
 2213.000000 1.486485
 2214.000000 1.473911
 2215.000000 1.458005
 2216.000000 1.440390
 2217.000000 1.423166
 2218.000000 1.408164
 2219.000000 1.397109
 2220.000000 1.391437
 2221.000000 1.392052
 2222.000000 1.398989
 2223.000000 1.411343
 2224.000000 1.427640
 2225.000000 1.445735
 2226.000000 1.463177
 2227.000000 1.477690
 2228.000000 1.487745
 2229.000000 1.492221
 2230.000000 1.490681
 2231.000000 1.483333
 2232.000000 1.471189
 2233.000000 1.455720
 2234.000000 1.439029
 2235.000000 1.423441
 2236.000000 1.411286
 2237.000000 1.404362
 2238.000000 1.403678
 2239.000000 1.409226
 2240.000000 1.420168
 2241.000000 1.434665
 2242.000000 1.450768
 2243.000000 1.466403
 2244.000000 1.479517
 2245.000000 1.488679
 2246.000000 1.492808
 2247.000000 1.491529
 2248.000000 1.485021
 2249.000000 1.473880
 2250.000000 1.459348
 2251.000000 1.442969
 2252.000000 1.426457
 2253.000000 1.411805
 2254.000000 1.400605
 2255.000000 1.394214
 2256.000000 1.393327
 2257.000000 1.397879
 2258.000000 1.407159
 2259.000000 1.419954
 2260.000000 1.434559
 2261.000000 1.449330
 2262.000000 1.462534
 2263.000000 1.472544
 2264.000000 1.478010
 2265.000000 1.478136
 2266.000000 1.472734
 2267.000000 1.462311
 2268.000000 1.447992
 2269.000000 1.431349
 2270.000000 1.414175
 2271.000000 1.398784
 2272.000000 1.387343
 2273.000000 1.381762
 2274.000000 1.382981
 2275.000000 1.390996
 2276.000000 1.404736
 2277.000000 1.422552
 2278.000000 1.442240
 2279.000000 1.461641
 2280.000000 1.478519
 2281.000000 1.490721
 2282.000000 1.496624
 2283.000000 1.495590
 2284.000000 1.487534
 2285.000000 1.473259
 2286.000000 1.454149
 2287.000000 1.432334
 2288.000000 1.410503
 2289.000000 1.391667
 2290.000000 1.378075
 2291.000000 1.371827
 2292.000000 1.373788
 2293.000000 1.383605
 2294.000000 1.399753
 2295.000000 1.419835
 2296.000000 1.441108
 2297.000000 1.461436
 2298.000000 1.478695
 2299.000000 1.490871
 2300.000000 1.496811
 2301.000000 1.496003
 2302.000000 1.488649
 2303.000000 1.475667
 2304.000000 1.458426
 2305.000000 1.439010
 2306.000000 1.419635
 2307.000000 1.402383
 2308.000000 1.389697
 2309.000000 1.383320
 2310.000000 1.384324
 2311.000000 1.392784
 2312.000000 1.407743
 2313.000000 1.427175
 2314.000000 1.448878
 2315.000000 1.470425
 2316.000000 1.489272
 2317.000000 1.503451
 2318.000000 1.511233
 2319.000000 1.511833
 2320.000000 1.505094
 2321.000000 1.491569
 2322.000000 1.472472
 2323.000000 1.449671
 2324.000000 1.426025
 2325.000000 1.404256
 2326.000000 1.387018
 2327.000000 1.376728
 2328.000000 1.374821
 2329.000000 1.381379
 2330.000000 1.395155
 2331.000000 1.414016
 2332.000000 1.434987
 2333.000000 1.455317
 2334.000000 1.472768
 2335.000000 1.485468
 2336.000000 1.492114
 2337.000000 1.492203
 2338.000000 1.485923
 2339.000000 1.474127
 2340.000000 1.458163
 2341.000000 1.440078
 2342.000000 1.421865
 2343.000000 1.405624
 2344.000000 1.393176
 2345.000000 1.386141
 2346.000000 1.385352
 2347.000000 1.390778
 2348.000000 1.401519
 2349.000000 1.416051
 2350.000000 1.432491
 2351.000000 1.448882
 2352.000000 1.463388
 2353.000000 1.474452
 2354.000000 1.481129
 2355.000000 1.482836
 2356.000000 1.479466
 2357.000000 1.471413
 2358.000000 1.459278
 2359.000000 1.444021
 2360.000000 1.427037
 2361.000000 1.409960
 2362.000000 1.394748
 2363.000000 1.383397
 2364.000000 1.377726
 2365.000000 1.378683
 2366.000000 1.386230
 2367.000000 1.399343
 2368.000000 1.416132
 2369.000000 1.434123
 2370.000000 1.450668
 2371.000000 1.463388
 2372.000000 1.470360
 2373.000000 1.470496
 2374.000000 1.463661
 2375.000000 1.450715
 2376.000000 1.433417
 2377.000000 1.414358
 2378.000000 1.396656
 2379.000000 1.383286
 2380.000000 1.376435
 2381.000000 1.377206
 2382.000000 1.385553
 2383.000000 1.400052
 2384.000000 1.418564
 2385.000000 1.438410
 2386.000000 1.457246
 2387.000000 1.472748
 2388.000000 1.483524
 2389.000000 1.488776
 2390.000000 1.488088
 2391.000000 1.481543
 2392.000000 1.469717
 2393.000000 1.453270
 2394.000000 1.433642
 2395.000000 1.412797
 2396.000000 1.392916
 2397.000000 1.376353
 2398.000000 1.364756
 2399.000000 1.359431
 2400.000000 1.360869
 2401.000000 1.368660
 2402.000000 1.381662
 2403.000000 1.398295
 2404.000000 1.416600
 2405.000000 1.434491
 2406.000000 1.449651
 2407.000000 1.460580
 2408.000000 1.466298
 2409.000000 1.466268
 2410.000000 1.460423
 2411.000000 1.449245
 2412.000000 1.433915
 2413.000000 1.416062
 2414.000000 1.397957
 2415.000000 1.381946
 2416.000000 1.370523
 2417.000000 1.365454
 2418.000000 1.367664
 2419.000000 1.376877
 2420.000000 1.391633
 2421.000000 1.409945
 2422.000000 1.429259
 2423.000000 1.446789
 2424.000000 1.460241
 2425.000000 1.467888
 2426.000000 1.468778
 2427.000000 1.462831
 2428.000000 1.450768
 2429.000000 1.434189
 2430.000000 1.415065
 2431.000000 1.395954
 2432.000000 1.378874
 2433.000000 1.366002
 2434.000000 1.358835
 2435.000000 1.358193
 2436.000000 1.363883
 2437.000000 1.374883
 2438.000000 1.389570
 2439.000000 1.405903
 2440.000000 1.421839
 2441.000000 1.435685
 2442.000000 1.446102
 2443.000000 1.452356
 2444.000000 1.454002
 2445.000000 1.451025
 2446.000000 1.443807
 2447.000000 1.433213
 2448.000000 1.420497
 2449.000000 1.407054
 2450.000000 1.394374
 2451.000000 1.384027
 2452.000000 1.377504
 2453.000000 1.375697
 2454.000000 1.379041
 2455.000000 1.387330
 2456.000000 1.399735
 2457.000000 1.414730
 2458.000000 1.430307
 2459.000000 1.444618
 2460.000000 1.456148
 2461.000000 1.463546
 2462.000000 1.465930
 2463.000000 1.462909
 2464.000000 1.454563
 2465.000000 1.441575
 2466.000000 1.425280
 2467.000000 1.407425
 2468.000000 1.389940
 2469.000000 1.374876
 2470.000000 1.364390
 2471.000000 1.360138
 2472.000000 1.362822
 2473.000000 1.372107
 2474.000000 1.386612
 2475.000000 1.404531
 2476.000000 1.423548
 2477.000000 1.441397
 2478.000000 1.456131
 2479.000000 1.466199
 2480.000000 1.470693
 2481.000000 1.469560
 2482.000000 1.463277
 2483.000000 1.452734
 2484.000000 1.439074
 2485.000000 1.423816
 2486.000000 1.408803
 2487.000000 1.395693
 2488.000000 1.385967
 2489.000000 1.380501
 2490.000000 1.379652
 2491.000000 1.383156
 2492.000000 1.390331
 2493.000000 1.400184
 2494.000000 1.411489
 2495.000000 1.422894
 2496.000000 1.433091
 2497.000000 1.440906
 2498.000000 1.445412
 2499.000000 1.445975
 2500.000000 1.442514
 2501.000000 1.435386
 2502.000000 1.425377
 2503.000000 1.413504
 2504.000000 1.400854
 2505.000000 1.388638
 2506.000000 1.378389
 2507.000000 1.371536
 2508.000000 1.369067
 2509.000000 1.371465
 2510.000000 1.378503
 2511.000000 1.389315
 2512.000000 1.402691
 2513.000000 1.417106
 2514.000000 1.430762
 2515.000000 1.442104
 2516.000000 1.449827
 2517.000000 1.453027
 2518.000000 1.451224
 2519.000000 1.444712
 2520.000000 1.434399
 2521.000000 1.421613
 2522.000000 1.408131
 2523.000000 1.395857
 2524.000000 1.386408
 2525.000000 1.381051
 2526.000000 1.380309
 2527.000000 1.383780
 2528.000000 1.390213
 2529.000000 1.398029
 2530.000000 1.405670
 2531.000000 1.411943
 2532.000000 1.416397
 2533.000000 1.418979
 2534.000000 1.419750
 2535.000000 1.418813
 2536.000000 1.416235
 2537.000000 1.412131
 2538.000000 1.406745
 2539.000000 1.400565
 2540.000000 1.394280
 2541.000000 1.388682
 2542.000000 1.384496
 2543.000000 1.382538
 2544.000000 1.383440
 2545.000000 1.387668
 2546.000000 1.395307
 2547.000000 1.405871
 2548.000000 1.418338
 2549.000000 1.431511
 2550.000000 1.443813
 2551.000000 1.453302
 2552.000000 1.458567
 2553.000000 1.458531
 2554.000000 1.452728
 2555.000000 1.441346
 2556.000000 1.425399
 2557.000000 1.406980
 2558.000000 1.388462
 2559.000000 1.372823
 2560.000000 1.362429
 2561.000000 1.358643
 2562.000000 1.361794
 2563.000000 1.371293
 2564.000000 1.385405
 2565.000000 1.401770
 2566.000000 1.418090
 2567.000000 1.432084
 2568.000000 1.442218
 2569.000000 1.447365
 2570.000000 1.447162
 2571.000000 1.441946
 2572.000000 1.432569
 2573.000000 1.420159
 2574.000000 1.406151
 2575.000000 1.392237
 2576.000000 1.379861
 2577.000000 1.370515
 2578.000000 1.365223
 2579.000000 1.364335
 2580.000000 1.367628
 2581.000000 1.374399
 2582.000000 1.383654
 2583.000000 1.394303
 2584.000000 1.405432
 2585.000000 1.416039
 2586.000000 1.425103
 2587.000000 1.431704
 2588.000000 1.435276
 2589.000000 1.435635
 2590.000000 1.432855
 2591.000000 1.427274
 2592.000000 1.419438
 2593.000000 1.409999
 2594.000000 1.399987
 2595.000000 1.390620
 2596.000000 1.383354
 2597.000000 1.379443
 2598.000000 1.379668
 2599.000000 1.384130
 2600.000000 1.392148
 2601.000000 1.402427
 2602.000000 1.413346
 2603.000000 1.423279
 2604.000000 1.430559
 2605.000000 1.433900
 2606.000000 1.432651
 2607.000000 1.426809
 2608.000000 1.417078
 2609.000000 1.405048
 2610.000000 1.392436
 2611.000000 1.381245
 2612.000000 1.373174
 2613.000000 1.369851
 2614.000000 1.372110
 2615.000000 1.379903
 2616.000000 1.392234
 2617.000000 1.407386
 2618.000000 1.423427
 2619.000000 1.438020
 2620.000000 1.449169
 2621.000000 1.455537
 2622.000000 1.456552
 2623.000000 1.452359
 2624.000000 1.443793
 2625.000000 1.432065
 2626.000000 1.418837
 2627.000000 1.405871
 2628.000000 1.394752
 2629.000000 1.386853
 2630.000000 1.382841
 2631.000000 1.382711
 2632.000000 1.385968
 2633.000000 1.391775
 2634.000000 1.399290
 2635.000000 1.407768
 2636.000000 1.416391
 2637.000000 1.424304
 2638.000000 1.430853
 2639.000000 1.435630
 2640.000000 1.438307
 2641.000000 1.438648
 2642.000000 1.436551
 2643.000000 1.431972
 2644.000000 1.424970
 2645.000000 1.415853
 2646.000000 1.405372
 2647.000000 1.394785
 2648.000000 1.385923
 2649.000000 1.380673
 2650.000000 1.380367
 2651.000000 1.385556
 2652.000000 1.395891
 2653.000000 1.410024
 2654.000000 1.425956
 2655.000000 1.441549
 2656.000000 1.454713
 2657.000000 1.463838
 2658.000000 1.467761
 2659.000000 1.465996
 2660.000000 1.458803
 2661.000000 1.447237
 2662.000000 1.432987
 2663.000000 1.417989
 2664.000000 1.404611
 2665.000000 1.394607
 2666.000000 1.389438
 2667.000000 1.389818
 2668.000000 1.395404
 2669.000000 1.404974
 2670.000000 1.416765
 2671.000000 1.428774
 2672.000000 1.439386
 2673.000000 1.447462
 2674.000000 1.452494
 2675.000000 1.454244
 2676.000000 1.452724
 2677.000000 1.448135
 2678.000000 1.440832
 2679.000000 1.431578
 2680.000000 1.421444
 2681.000000 1.411486
 2682.000000 1.402796
 2683.000000 1.396136
 2684.000000 1.392036
 2685.000000 1.390916
 2686.000000 1.393143
 2687.000000 1.398759
 2688.000000 1.407437
 2689.000000 1.418528
 2690.000000 1.430823
 2691.000000 1.442834
 2692.000000 1.453164
 2693.000000 1.460661
 2694.000000 1.464336
 2695.000000 1.463366
 2696.000000 1.457331
 2697.000000 1.446307
 2698.000000 1.431269
 2699.000000 1.413580
 2700.000000 1.395451
 2701.000000 1.379357
 2702.000000 1.367596
 2703.000000 1.361860
 2704.000000 1.363008
 2705.000000 1.370804
 2706.000000 1.383958
 2707.000000 1.400460
 2708.000000 1.417648
 2709.000000 1.433086
 2710.000000 1.444912
 2711.000000 1.452056
 2712.000000 1.454357
 2713.000000 1.452297
 2714.000000 1.446865
 2715.000000 1.439271
 2716.000000 1.430689
 2717.000000 1.422413
 2718.000000 1.415440
 2719.000000 1.410474
 2720.000000 1.407867
 2721.000000 1.407531
 2722.000000 1.409010
 2723.000000 1.411618
 2724.000000 1.414722
 2725.000000 1.417888
 2726.000000 1.420772
 2727.000000 1.423154
 2728.000000 1.424900
 2729.000000 1.426153
 2730.000000 1.427210
 2731.000000 1.428430
 2732.000000 1.430007
 2733.000000 1.431766
 2734.000000 1.433154
 2735.000000 1.433400
 2736.000000 1.431867
 2737.000000 1.428417
 2738.000000 1.423574
 2739.000000 1.418395
 2740.000000 1.414013
 2741.000000 1.411539
 2742.000000 1.411676
 2743.000000 1.414676
 2744.000000 1.420220
 2745.000000 1.427576
 2746.000000 1.435703
 2747.000000 1.443145
 2748.000000 1.448502
 2749.000000 1.450604
 2750.000000 1.448756
 2751.000000 1.442882
 2752.000000 1.433396
 2753.000000 1.421534
 2754.000000 1.408948
 2755.000000 1.397903
 2756.000000 1.390268
 2757.000000 1.387614
 2758.000000 1.390541
 2759.000000 1.398509
 2760.000000 1.410130
 2761.000000 1.423363
 2762.000000 1.435872
 2763.000000 1.445825
 2764.000000 1.452502
 2765.000000 1.455789
 2766.000000 1.455894
 2767.000000 1.453233
 2768.000000 1.448273
 2769.000000 1.441488
 2770.000000 1.433350
 2771.000000 1.424423
 2772.000000 1.415117
 2773.000000 1.406123
 2774.000000 1.397835
 2775.000000 1.390859
 2776.000000 1.385779
 2777.000000 1.383303
 2778.000000 1.383979
 2779.000000 1.387986
 2780.000000 1.395017
 2781.000000 1.404322
 2782.000000 1.414910
 2783.000000 1.425619
 2784.000000 1.435298
 2785.000000 1.442650
 2786.000000 1.446538
 2787.000000 1.446098
 2788.000000 1.440964
 2789.000000 1.431446
 2790.000000 1.418942
 2791.000000 1.405408
 2792.000000 1.393074
 2793.000000 1.383826
 2794.000000 1.379011
 2795.000000 1.379139
 2796.000000 1.383713
 2797.000000 1.391486
