#! FIELDS time d
 0.000000 1.425431
 1.000000 1.424331
 2.000000 1.419223
 3.000000 1.410921
 4.000000 1.400688
 5.000000 1.390038
 6.000000 1.380740
 7.000000 1.374240
 8.000000 1.371548
 9.000000 1.372983
 10.000000 1.378158
 11.000000 1.386030
 12.000000 1.395276
 13.000000 1.404352
 14.000000 1.411972
 15.000000 1.417146
 16.000000 1.419289
 17.000000 1.418229
 18.000000 1.414107
 19.000000 1.407336
 20.000000 1.398796
 21.000000 1.389532
 22.000000 1.380485
 23.000000 1.372828
 24.000000 1.367540
 25.000000 1.365271
 26.000000 1.366304
 27.000000 1.370483
 28.000000 1.377180
 29.000000 1.385524
 30.000000 1.394280
 31.000000 1.402394
 32.000000 1.408800
 33.000000 1.412722
 34.000000 1.413991
 35.000000 1.412677
 36.000000 1.409157
 37.000000 1.404006
 38.000000 1.397826
 39.000000 1.391427
 40.000000 1.385630
 41.000000 1.381092
 42.000000 1.378457
 43.000000 1.378099
 44.000000 1.380105
 45.000000 1.384251
 46.000000 1.389964
 47.000000 1.396486
 48.000000 1.402898
 49.000000 1.408305
 50.000000 1.411849
 51.000000 1.412803
 52.000000 1.410636
 53.000000 1.405254
 54.000000 1.397079
 55.000000 1.386999
 56.000000 1.376568
 57.000000 1.367289
 58.000000 1.360721
 59.000000 1.358074
 60.000000 1.359799
 61.000000 1.365756
 62.000000 1.375129
 63.000000 1.386701
 64.000000 1.399085
 65.000000 1.410986
 66.000000 1.421061
 67.000000 1.428203
 68.000000 1.431748
 69.000000 1.431537
 70.000000 1.427830
 71.000000 1.421257
 72.000000 1.412749
 73.000000 1.403421
 74.000000 1.394432
 75.000000 1.386899
 76.000000 1.381761
 77.000000 1.379702
 78.000000 1.381042
 79.000000 1.385643
 80.000000 1.393051
 81.000000 1.402356
 82.000000 1.412493
 83.000000 1.422180
 84.000000 1.430164
 85.000000 1.435412
 86.000000 1.437055
 87.000000 1.434690
 88.000000 1.428264
 89.000000 1.418227
 90.000000 1.405630
 91.000000 1.391809
 92.000000 1.378262
 93.000000 1.366988
 94.000000 1.359562
 95.000000 1.357073
 96.000000 1.359935
 97.000000 1.367762
 98.000000 1.379467
 99.000000 1.393224
 100.000000 1.407173
 101.000000 1.419533
 102.000000 1.428709
 103.000000 1.433782
 104.000000 1.434280
 105.000000 1.430264
 106.000000 1.422301
 107.000000 1.411345
 108.000000 1.398684
 109.000000 1.386078
 110.000000 1.375282
 111.000000 1.367676
 112.000000 1.364294
 113.000000 1.365527
 114.000000 1.371065
 115.000000 1.379883
 116.000000 1.390469
 117.000000 1.401218
 118.000000 1.410597
 119.000000 1.417348
 120.000000 1.420613
 121.000000 1.420027
 122.000000 1.415814
 123.000000 1.408698
 124.000000 1.399789
 125.000000 1.390375
 126.000000 1.381916
 127.000000 1.375625
 128.000000 1.372297
 129.000000 1.372383
 130.000000 1.375864
 131.000000 1.382300
 132.000000 1.390790
 133.000000 1.400418
 134.000000 1.409979
 135.000000 1.418304
 136.000000 1.424386
 137.000000 1.427468
 138.000000 1.427123
 139.000000 1.423218
 140.000000 1.415954
 141.000000 1.406100
 142.000000 1.394627
 143.000000 1.382963
 144.000000 1.372614
 145.000000 1.365126
 146.000000 1.361869
 147.000000 1.363511
 148.000000 1.370039
 149.000000 1.380556
 150.000000 1.393765
 151.000000 1.408089
 152.000000 1.421660
 153.000000 1.432830
 154.000000 1.440142
 155.000000 1.442795
 156.000000 1.440586
 157.000000 1.433730
 158.000000 1.423010
 159.000000 1.409832
 160.000000 1.395837
 161.000000 1.382753
 162.000000 1.372340
 163.000000 1.365576
 164.000000 1.363189
 165.000000 1.365180
 166.000000 1.370923
 167.000000 1.379198
 168.000000 1.388613
 169.000000 1.397744
 170.000000 1.405267
 171.000000 1.410185
 172.000000 1.411915
 173.000000 1.410182
 174.000000 1.405093
 175.000000 1.397211
 176.000000 1.387545
 177.000000 1.377464
 178.000000 1.368414
 179.000000 1.361717
 180.000000 1.358562
 181.000000 1.359571
 182.000000 1.364830
 183.000000 1.373721
 184.000000 1.385196
 185.000000 1.398042
 186.000000 1.410985
 187.000000 1.422341
 188.000000 1.431021
 189.000000 1.436165
 190.000000 1.437301
 191.000000 1.434425
 192.000000 1.427933
 193.000000 1.418628
 194.000000 1.407603
 195.000000 1.396284
 196.000000 1.386042
 197.000000 1.378276
 198.000000 1.373961
 199.000000 1.373592
 200.000000 1.377107
 201.000000 1.383893
 202.000000 1.392839
 203.000000 1.402680
 204.000000 1.411840
 205.000000 1.419219
 206.000000 1.423701
 207.000000 1.424656
 208.000000 1.422018
 209.000000 1.416315
 210.000000 1.408501
 211.000000 1.399944
 212.000000 1.392022
 213.000000 1.386065
 214.000000 1.383185
 215.000000 1.383810
 216.000000 1.387840
 217.000000 1.394713
 218.000000 1.403542
 219.000000 1.413209
 220.000000 1.422369
 221.000000 1.429912
 222.000000 1.434523
 223.000000 1.435149
 224.000000 1.431171
 225.000000 1.422667
 226.000000 1.410558
 227.000000 1.396540
 228.000000 1.382711
 229.000000 1.371587
 230.000000 1.364940
 231.000000 1.363718
 232.000000 1.367991
 233.000000 1.376991
 234.000000 1.389473
 235.000000 1.403773
 236.000000 1.417721
 237.000000 1.429868
 238.000000 1.438873
 239.000000 1.443572
 240.000000 1.443349
 241.000000 1.438161
 242.000000 1.428481
 243.000000 1.415183
 244.000000 1.399697
 245.000000 1.383812
 246.000000 1.369585
 247.000000 1.359110
 248.000000 1.354008
 249.000000 1.355074
 250.000000 1.361747
 251.000000 1.372264
 252.000000 1.384287
 253.000000 1.395544
 254.000000 1.404213
 255.000000 1.409202
 256.000000 1.410286
 257.000000 1.408033
 258.000000 1.403469
 259.000000 1.397876
 260.000000 1.392123
 261.000000 1.387038
 262.000000 1.383400
 263.000000 1.381784
 264.000000 1.382505
 265.000000 1.385482
 266.000000 1.390236
 267.000000 1.395986
 268.000000 1.401702
 269.000000 1.406438
 270.000000 1.409410
 271.000000 1.410166
 272.000000 1.408699
 273.000000 1.405407
 274.000000 1.401043
 275.000000 1.396416
 276.000000 1.392285
 277.000000 1.389348
 278.000000 1.388049
 279.000000 1.388247
 280.000000 1.389305
 281.000000 1.390377
 282.000000 1.390709
 283.000000 1.389774
 284.000000 1.387420
 285.000000 1.383976
 286.000000 1.380144
 287.000000 1.376866
 288.000000 1.375112
 289.000000 1.375571
 290.000000 1.378322
 291.000000 1.382836
 292.000000 1.388231
 293.000000 1.393458
 294.000000 1.397499
 295.000000 1.399603
 296.000000 1.399379
 297.000000 1.396868
 298.000000 1.392466
 299.000000 1.386945
 300.000000 1.381163
 301.000000 1.376108
 302.000000 1.372701
 303.000000 1.371583
 304.000000 1.373051
 305.000000 1.377028
 306.000000 1.383013
 307.000000 1.390188
 308.000000 1.397500
 309.000000 1.403855
 310.000000 1.408407
 311.000000 1.410548
 312.000000 1.409858
 313.000000 1.406305
 314.000000 1.400204
 315.000000 1.392214
 316.000000 1.383410
 317.000000 1.374925
 318.000000 1.368090
 319.000000 1.364142
 320.000000 1.363796
 321.000000 1.367233
 322.000000 1.374006
 323.000000 1.383047
 324.000000 1.393292
 325.000000 1.403481
 326.000000 1.412278
 327.000000 1.418750
 328.000000 1.422276
 329.000000 1.422637
 330.000000 1.419978
 331.000000 1.414788
 332.000000 1.407733
 333.000000 1.399433
 334.000000 1.390608
 335.000000 1.381899
 336.000000 1.374206
 337.000000 1.368494
 338.000000 1.365735
 339.000000 1.366674
 340.000000 1.371604
 341.000000 1.380292
 342.000000 1.391693
 343.000000 1.404220
 344.000000 1.415761
 345.000000 1.424244
 346.000000 1.428105
 347.000000 1.426414
 348.000000 1.419165
 349.000000 1.407277
 350.000000 1.392667
 351.000000 1.377631
 352.000000 1.364578
 353.000000 1.355618
 354.000000 1.352123
 355.000000 1.354636
 356.000000 1.362639
 357.000000 1.374682
 358.000000 1.388593
 359.000000 1.402108
 360.000000 1.413253
 361.000000 1.420397
 362.000000 1.422810
 363.000000 1.420569
 364.000000 1.414324
 365.000000 1.405208
 366.000000 1.394704
 367.000000 1.384179
 368.000000 1.375033
 369.000000 1.368386
 370.000000 1.364910
 371.000000 1.364869
 372.000000 1.367986
 373.000000 1.373634
 374.000000 1.380993
 375.000000 1.389074
 376.000000 1.396801
 377.000000 1.403546
 378.000000 1.408888
 379.000000 1.412503
 380.000000 1.414111
 381.000000 1.413549
 382.000000 1.410730
 383.000000 1.405840
 384.000000 1.399404
 385.000000 1.392196
 386.000000 1.385265
 387.000000 1.379636
 388.000000 1.376237
 389.000000 1.375585
 390.000000 1.377789
 391.000000 1.382515
 392.000000 1.389006
 393.000000 1.396199
 394.000000 1.402955
 395.000000 1.408242
 396.000000 1.411273
 397.000000 1.411547
 398.000000 1.408981
 399.000000 1.403815
 400.000000 1.396464
 401.000000 1.387678
 402.000000 1.378350
 403.000000 1.369798
 404.000000 1.363232
 405.000000 1.359796
 406.000000 1.360297
 407.000000 1.365039
 408.000000 1.373716
 409.000000 1.385362
 410.000000 1.398680
 411.000000 1.411958
 412.000000 1.423496
 413.000000 1.431949
 414.000000 1.436245
 415.000000 1.435889
 416.000000 1.431009
 417.000000 1.422366
 418.000000 1.411032
 419.000000 1.398710
 420.000000 1.386881
 421.000000 1.376958
 422.000000 1.370351
 423.000000 1.367581
 424.000000 1.368651
 425.000000 1.372943
 426.000000 1.379435
 427.000000 1.387274
 428.000000 1.395540
 429.000000 1.403592
 430.000000 1.410861
 431.000000 1.416812
 432.000000 1.421131
 433.000000 1.423505
 434.000000 1.423746
 435.000000 1.421855
 436.000000 1.418064
 437.000000 1.412938
 438.000000 1.407231
 439.000000 1.401846
 440.000000 1.397542
 441.000000 1.394993
 442.000000 1.394582
 443.000000 1.396282
 444.000000 1.399669
 445.000000 1.403949
 446.000000 1.408178
 447.000000 1.411403
 448.000000 1.412900
 449.000000 1.412379
 450.000000 1.409964
 451.000000 1.406100
 452.000000 1.401384
 453.000000 1.396452
 454.000000 1.391862
 455.000000 1.388023
 456.000000 1.385108
 457.000000 1.383153
 458.000000 1.382098
 459.000000 1.381843
 460.000000 1.382346
 461.000000 1.383579
 462.000000 1.385479
 463.000000 1.387855
 464.000000 1.390338
 465.000000 1.392419
 466.000000 1.393516
 467.000000 1.393209
 468.000000 1.391418
 469.000000 1.388499
 470.000000 1.385227
 471.000000 1.382530
 472.000000 1.381272
 473.000000 1.382012
 474.000000 1.384871
 475.000000 1.389574
 476.000000 1.395508
 477.000000 1.401760
 478.000000 1.407379
 479.000000 1.411588
 480.000000 1.413801
 481.000000 1.413713
 482.000000 1.411358
 483.000000 1.407088
 484.000000 1.401487
 485.000000 1.395209
 486.000000 1.388781
 487.000000 1.382505
 488.000000 1.376599
 489.000000 1.371217
 490.000000 1.366677
 491.000000 1.363462
 492.000000 1.362202
 493.000000 1.363441
 494.000000 1.367383
 495.000000 1.373777
 496.000000 1.381911
 497.000000 1.390789
 498.000000 1.399318
 499.000000 1.406543
 500.000000 1.411773
 501.000000 1.414610
 502.000000 1.414972
 503.000000 1.413169
 504.000000 1.409750
 505.000000 1.405487
 506.000000 1.401168
 507.000000 1.397503
 508.000000 1.394968
 509.000000 1.393808
 510.000000 1.393989
 511.000000 1.395295
 512.000000 1.397411
 513.000000 1.400052
 514.000000 1.402971
 515.000000 1.405920
 516.000000 1.408678
 517.000000 1.410940
 518.000000 1.412355
 519.000000 1.412637
 520.000000 1.411660
 521.000000 1.409508
 522.000000 1.406538
 523.000000 1.403346
 524.000000 1.400580
 525.000000 1.398871
 526.000000 1.398606
 527.000000 1.399778
 528.000000 1.401984
 529.000000 1.404587
 530.000000 1.406948
 531.000000 1.408468
 532.000000 1.408883
 533.000000 1.408263
 534.000000 1.406949
 535.000000 1.405409
 536.000000 1.404028
 537.000000 1.403016
 538.000000 1.402361
 539.000000 1.401855
 540.000000 1.401209
 541.000000 1.400172
 542.000000 1.398615
 543.000000 1.396612
 544.000000 1.394489
 545.000000 1.392671
 546.000000 1.391626
 547.000000 1.391670
 548.000000 1.392869
 549.000000 1.394954
 550.000000 1.397319
 551.000000 1.399143
 552.000000 1.399653
 553.000000 1.398350
 554.000000 1.395226
 555.000000 1.390723
 556.000000 1.385789
 557.000000 1.381500
 558.000000 1.378841
 559.000000 1.378501
 560.000000 1.380744
 561.000000 1.385406
 562.000000 1.391975
 563.000000 1.399748
 564.000000 1.407717
 565.000000 1.414912
 566.000000 1.420639
 567.000000 1.424301
 568.000000 1.425553
 569.000000 1.424262
 570.000000 1.420538
 571.000000 1.414683
 572.000000 1.407176
 573.000000 1.398716
 574.000000 1.389968
 575.000000 1.381812
 576.000000 1.375044
 577.000000 1.370433
 578.000000 1.368415
 579.000000 1.369131
 580.000000 1.372323
 581.000000 1.377436
 582.000000 1.383705
 583.000000 1.390367
 584.000000 1.396744
 585.000000 1.402263
 586.000000 1.406466
 587.000000 1.409199
 588.000000 1.410314
 589.000000 1.409781
 590.000000 1.407601
 591.000000 1.403845
 592.000000 1.398655
 593.000000 1.392394
 594.000000 1.385619
 595.000000 1.379122
 596.000000 1.373838
 597.000000 1.370668
 598.000000 1.370277
 599.000000 1.372848
 600.000000 1.378102
 601.000000 1.385344
 602.000000 1.393478
 603.000000 1.401332
 604.000000 1.407761
 605.000000 1.411902
 606.000000 1.413351
 607.000000 1.412078
 608.000000 1.408502
 609.000000 1.403338
 610.000000 1.397484
 611.000000 1.391890
 612.000000 1.387324
 613.000000 1.384338
 614.000000 1.383211
 615.000000 1.383931
 616.000000 1.386229
 617.000000 1.389646
 618.000000 1.393650
 619.000000 1.397725
 620.000000 1.401454
 621.000000 1.404529
 622.000000 1.406795
 623.000000 1.408234
 624.000000 1.408965
 625.000000 1.409183
 626.000000 1.409111
 627.000000 1.408952
 628.000000 1.408829
 629.000000 1.408753
 630.000000 1.408632
 631.000000 1.408326
 632.000000 1.407731
 633.000000 1.406860
 634.000000 1.405870
 635.000000 1.404997
 636.000000 1.404520
 637.000000 1.404655
 638.000000 1.405476
 639.000000 1.406888
 640.000000 1.408640
 641.000000 1.410322
 642.000000 1.411524
 643.000000 1.411883
 644.000000 1.411209
 645.000000 1.409532
 646.000000 1.407114
 647.000000 1.404383
 648.000000 1.401813
 649.000000 1.399799
 650.000000 1.398582
 651.000000 1.398203
 652.000000 1.398505
 653.000000 1.399140
 654.000000 1.399642
 655.000000 1.399534
 656.000000 1.398439
 657.000000 1.396170
 658.000000 1.392798
 659.000000 1.388724
 660.000000 1.384480
 661.000000 1.380618
 662.000000 1.377683
 663.000000 1.376014
 664.000000 1.375844
 665.000000 1.377159
 666.000000 1.379769
 667.000000 1.383379
 668.000000 1.387529
 669.000000 1.391784
 670.000000 1.395810
 671.000000 1.399408
 672.000000 1.402533
 673.000000 1.405153
 674.000000 1.407275
 675.000000 1.408932
 676.000000 1.410072
 677.000000 1.410583
 678.000000 1.410326
 679.000000 1.409180
 680.000000 1.407078
 681.000000 1.404072
 682.000000 1.400371
 683.000000 1.396287
 684.000000 1.392291
 685.000000 1.388935
 686.000000 1.386642
 687.000000 1.385596
 688.000000 1.385828
 689.000000 1.387165
 690.000000 1.389268
 691.000000 1.391725
 692.000000 1.394063
 693.000000 1.395818
 694.000000 1.396633
 695.000000 1.396351
 696.000000 1.395052
 697.000000 1.393046
 698.000000 1.390816
 699.000000 1.388917
 700.000000 1.387832
 701.000000 1.387859
 702.000000 1.389089
 703.000000 1.391359
 704.000000 1.394290
 705.000000 1.397354
 706.000000 1.400016
 707.000000 1.401774
 708.000000 1.402287
 709.000000 1.401503
 710.000000 1.399613
 711.000000 1.397002
 712.000000 1.394208
 713.000000 1.391699
 714.000000 1.389817
 715.000000 1.388775
 716.000000 1.388608
 717.000000 1.389176
 718.000000 1.390239
 719.000000 1.391530
 720.000000 1.392791
 721.000000 1.393853
 722.000000 1.394618
 723.000000 1.395028
 724.000000 1.395027
 725.000000 1.394549
 726.000000 1.393530
 727.000000 1.391964
 728.000000 1.389918
 729.000000 1.387563
 730.000000 1.385170
 731.000000 1.383053
 732.000000 1.381526
 733.000000 1.380872
 734.000000 1.381326
 735.000000 1.383044
 736.000000 1.386049
 737.000000 1.390200
 738.000000 1.395175
 739.000000 1.400574
 740.000000 1.405903
 741.000000 1.410691
 742.000000 1.414459
 743.000000 1.416828
 744.000000 1.417590
 745.000000 1.416692
 746.000000 1.414227
 747.000000 1.410461
 748.000000 1.405820
 749.000000 1.400835
 750.000000 1.396017
 751.000000 1.392009
 752.000000 1.389387
 753.000000 1.388577
 754.000000 1.389759
 755.000000 1.392837
 756.000000 1.397430
 757.000000 1.402938
 758.000000 1.408751
 759.000000 1.414137
 760.000000 1.418647
 761.000000 1.421958
 762.000000 1.423977
 763.000000 1.424771
 764.000000 1.424507
 765.000000 1.423392
 766.000000 1.421651
 767.000000 1.419496
 768.000000 1.417098
 769.000000 1.414657
 770.000000 1.412356
 771.000000 1.410371
 772.000000 1.408907
 773.000000 1.408117
 774.000000 1.408104
 775.000000 1.408911
 776.000000 1.410466
 777.000000 1.412602
 778.000000 1.415037
 779.000000 1.417457
 780.000000 1.419458
 781.000000 1.420703
 782.000000 1.420969
 783.000000 1.420170
 784.000000 1.418404
 785.000000 1.415909
 786.000000 1.413074
 787.000000 1.410387
 788.000000 1.408262
 789.000000 1.407024
 790.000000 1.406811
 791.000000 1.407605
 792.000000 1.409239
 793.000000 1.411468
 794.000000 1.414001
 795.000000 1.416518
 796.000000 1.418706
 797.000000 1.420378
 798.000000 1.421341
 799.000000 1.421502
 800.000000 1.420856
 801.000000 1.419495
 802.000000 1.417634
 803.000000 1.415562
 804.000000 1.413596
 805.000000 1.412032
 806.000000 1.411100
 807.000000 1.410959
 808.000000 1.411658
 809.000000 1.413143
 810.000000 1.415284
 811.000000 1.417826
 812.000000 1.420488
 813.000000 1.422910
 814.000000 1.424700
 815.000000 1.425549
 816.000000 1.425199
 817.000000 1.423562
 818.000000 1.420754
 819.000000 1.417121
 820.000000 1.413081
 821.000000 1.409221
 822.000000 1.405984
 823.000000 1.403679
 824.000000 1.402489
 825.000000 1.402452
 826.000000 1.403477
 827.000000 1.405364
 828.000000 1.407873
 829.000000 1.410697
 830.000000 1.413540
 831.000000 1.416101
 832.000000 1.418124
 833.000000 1.419488
 834.000000 1.420125
 835.000000 1.420069
 836.000000 1.419420
 837.000000 1.418333
 838.000000 1.417038
 839.000000 1.415786
 840.000000 1.414858
 841.000000 1.414531
 842.000000 1.414995
 843.000000 1.416307
 844.000000 1.418407
 845.000000 1.421079
 846.000000 1.423981
 847.000000 1.426664
 848.000000 1.428672
 849.000000 1.429534
 850.000000 1.428888
 851.000000 1.426487
 852.000000 1.422237
 853.000000 1.416320
 854.000000 1.409127
 855.000000 1.401227
 856.000000 1.393277
 857.000000 1.386044
 858.000000 1.380332
 859.000000 1.376773
 860.000000 1.375822
 861.000000 1.377569
 862.000000 1.381806
 863.000000 1.387925
 864.000000 1.395191
 865.000000 1.402728
 866.000000 1.409630
 867.000000 1.415267
 868.000000 1.419141
 869.000000 1.421003
 870.000000 1.420853
 871.000000 1.418846
 872.000000 1.415294
 873.000000 1.410611
 874.000000 1.405365
 875.000000 1.400102
 876.000000 1.395415
 877.000000 1.391722
 878.000000 1.389475
 879.000000 1.389018
 880.000000 1.390544
 881.000000 1.394042
 882.000000 1.399241
 883.000000 1.405620
 884.000000 1.412376
 885.000000 1.418744
 886.000000 1.423892
 887.000000 1.427035
 888.000000 1.427658
 889.000000 1.425559
 890.000000 1.420913
 891.000000 1.414215
 892.000000 1.406190
 893.000000 1.397900
 894.000000 1.390483
 895.000000 1.384998
 896.000000 1.382250
 897.000000 1.382658
 898.000000 1.386199
 899.000000 1.392452
 900.000000 1.400628
 901.000000 1.409819
 902.000000 1.418927
 903.000000 1.426922
 904.000000 1.432930
 905.000000 1.436344
 906.000000 1.436757
 907.000000 1.434201
 908.000000 1.429068
 909.000000 1.422060
 910.000000 1.414162
 911.000000 1.406444
 912.000000 1.399877
 913.000000 1.395404
 914.000000 1.393658
 915.000000 1.394852
 916.000000 1.398740
 917.000000 1.404770
 918.000000 1.412095
 919.000000 1.419822
 920.000000 1.427059
 921.000000 1.432983
 922.000000 1.436892
 923.000000 1.438320
 924.000000 1.437048
 925.000000 1.433094
 926.000000 1.426715
 927.000000 1.418429
 928.000000 1.408852
 929.000000 1.398918
 930.000000 1.389710
 931.000000 1.382222
 932.000000 1.377476
 933.000000 1.376099
 934.000000 1.378259
 935.000000 1.383654
 936.000000 1.391425
 937.000000 1.400463
 938.000000 1.409467
 939.000000 1.417176
 940.000000 1.422442
 941.000000 1.424539
 942.000000 1.423271
 943.000000 1.418912
 944.000000 1.412303
 945.000000 1.404525
 946.000000 1.396769
 947.000000 1.390254
 948.000000 1.385985
 949.000000 1.384595
 950.000000 1.386219
 951.000000 1.390569
 952.000000 1.397025
 953.000000 1.404622
 954.000000 1.412496
 955.000000 1.419806
 956.000000 1.425715
 957.000000 1.429612
 958.000000 1.431076
 959.000000 1.429944
 960.000000 1.426258
 961.000000 1.420303
 962.000000 1.412742
 963.000000 1.404374
 964.000000 1.396203
 965.000000 1.389348
 966.000000 1.384565
 967.000000 1.382457
 968.000000 1.383210
 969.000000 1.386684
 970.000000 1.392385
 971.000000 1.399603
 972.000000 1.407451
 973.000000 1.414986
 974.000000 1.421276
 975.000000 1.425602
 976.000000 1.427383
 977.000000 1.426256
 978.000000 1.422173
 979.000000 1.415477
 980.000000 1.406924
 981.000000 1.397647
 982.000000 1.389088
 983.000000 1.382700
 984.000000 1.379679
 985.000000 1.380852
 986.000000 1.386372
 987.000000 1.395678
 988.000000 1.407542
 989.000000 1.420416
 990.000000 1.432652
 991.000000 1.442636
 992.000000 1.448955
 993.000000 1.450449
 994.000000 1.446683
 995.000000 1.437868
 996.000000 1.424924
 997.000000 1.409258
 998.000000 1.392989
 999.000000 1.378268
 1000.000000 1.366998
 1001.000000 1.361121
 1002.000000 1.361648
 1003.000000 1.368488
 1004.000000 1.380770
 1005.000000 1.397096
 1006.000000 1.415321
 1007.000000 1.433252
 1008.000000 1.448957
 1009.000000 1.460966
 1010.000000 1.468189
 1011.000000 1.470117
 1012.000000 1.466741
 1013.000000 1.458459
 1014.000000 1.446164
 1015.000000 1.431049
 1016.000000 1.414772
 1017.000000 1.398820
 1018.000000 1.384776
 1019.000000 1.374366
 1020.000000 1.368904
 1021.000000 1.368868
 1022.000000 1.374124
 1023.000000 1.383810
 1024.000000 1.396570
 1025.000000 1.410708
 1026.000000 1.424394
 1027.000000 1.436134
 1028.000000 1.444677
 1029.000000 1.449281
 1030.000000 1.449538
 1031.000000 1.445437
 1032.000000 1.437362
 1033.000000 1.425918
 1034.000000 1.412254
 1035.000000 1.397893
 1036.000000 1.384502
 1037.000000 1.374072
 1038.000000 1.368191
 1039.000000 1.367800
 1040.000000 1.373134
 1041.000000 1.383588
 1042.000000 1.397794
 1043.000000 1.413819
 1044.000000 1.429685
 1045.000000 1.443470
 1046.000000 1.453857
 1047.000000 1.459910
 1048.000000 1.461164
 1049.000000 1.457644
 1050.000000 1.449833
 1051.000000 1.438490
 1052.000000 1.424859
 1053.000000 1.410089
 1054.000000 1.395785
 1055.000000 1.383258
 1056.000000 1.373742
 1057.000000 1.368126
 1058.000000 1.366651
 1059.000000 1.369282
 1060.000000 1.375560
 1061.000000 1.384621
 1062.000000 1.395253
 1063.000000 1.406132
 1064.000000 1.415973
 1065.000000 1.423560
 1066.000000 1.428215
 1067.000000 1.429546
 1068.000000 1.427566
 1069.000000 1.422637
 1070.000000 1.415442
 1071.000000 1.406877
 1072.000000 1.398112
 1073.000000 1.390368
 1074.000000 1.384778
 1075.000000 1.382238
 1076.000000 1.383284
 1077.000000 1.387807
 1078.000000 1.395155
 1079.000000 1.404113
 1080.000000 1.413310
 1081.000000 1.421017
 1082.000000 1.425925
 1083.000000 1.427010
 1084.000000 1.423788
 1085.000000 1.416383
 1086.000000 1.405555
 1087.000000 1.392676
 1088.000000 1.379538
 1089.000000 1.367934
 1090.000000 1.359630
 1091.000000 1.355955
 1092.000000 1.357486
 1093.000000 1.364059
 1094.000000 1.374713
 1095.000000 1.387962
 1096.000000 1.401660
 1097.000000 1.414010
 1098.000000 1.423546
 1099.000000 1.429256
 1100.000000 1.430526
 1101.000000 1.427345
 1102.000000 1.420193
 1103.000000 1.409915
 1104.000000 1.397914
 1105.000000 1.386000
 1106.000000 1.375895
 1107.000000 1.369071
 1108.000000 1.366485
 1109.000000 1.368500
 1110.000000 1.374831
 1111.000000 1.384569
 1112.000000 1.396672
 1113.000000 1.409758
 1114.000000 1.422375
 1115.000000 1.433231
 1116.000000 1.441274
 1117.000000 1.445729
 1118.000000 1.446034
 1119.000000 1.442042
 1120.000000 1.433922
 1121.000000 1.422306
 1122.000000 1.408240
 1123.000000 1.392923
 1124.000000 1.378131
 1125.000000 1.365735
 1126.000000 1.357288
 1127.000000 1.354077
 1128.000000 1.356652
 1129.000000 1.364609
 1130.000000 1.376768
 1131.000000 1.391469
 1132.000000 1.406669
 1133.000000 1.420269
 1134.000000 1.430618
 1135.000000 1.436363
 1136.000000 1.436887
 1137.000000 1.432220
 1138.000000 1.423010
 1139.000000 1.410632
 1140.000000 1.396806
 1141.000000 1.383496
 1142.000000 1.372434
 1143.000000 1.365157
 1144.000000 1.362573
 1145.000000 1.364865
 1146.000000 1.371401
 1147.000000 1.380934
 1148.000000 1.391960
 1149.000000 1.402920
 1150.000000 1.412402
 1151.000000 1.419602
 1152.000000 1.424067
 1153.000000 1.425722
 1154.000000 1.424794
 1155.000000 1.421723
 1156.000000 1.417108
 1157.000000 1.411694
 1158.000000 1.406065
 1159.000000 1.400889
 1160.000000 1.396702
 1161.000000 1.393943
 1162.000000 1.392837
 1163.000000 1.393468
 1164.000000 1.395752
 1165.000000 1.399374
 1166.000000 1.403800
 1167.000000 1.408313
 1168.000000 1.412124
 1169.000000 1.414478
 1170.000000 1.414908
 1171.000000 1.413288
 1172.000000 1.409855
 1173.000000 1.405216
 1174.000000 1.400202
 1175.000000 1.395730
 1176.000000 1.392604
 1177.000000 1.391548
 1178.000000 1.392975
 1179.000000 1.396933
 1180.000000 1.403137
 1181.000000 1.410924
 1182.000000 1.419387
 1183.000000 1.427506
 1184.000000 1.434271
 1185.000000 1.438614
 1186.000000 1.439684
 1187.000000 1.436964
 1188.000000 1.430425
 1189.000000 1.420522
 1190.000000 1.408313
 1191.000000 1.395356
 1192.000000 1.383335
 1193.000000 1.373897
 1194.000000 1.368129
 1195.000000 1.366486
 1196.000000 1.368845
 1197.000000 1.374417
 1198.000000 1.381953
 1199.000000 1.389921
 1200.000000 1.396965
 1201.000000 1.402037
 1202.000000 1.404528
 1203.000000 1.404277
 1204.000000 1.401647
 1205.000000 1.397312
 1206.000000 1.392177
 1207.000000 1.387101
 1208.000000 1.382906
 1209.000000 1.380209
 1210.000000 1.379306
 1211.000000 1.380110
 1212.000000 1.382221
 1213.000000 1.385105
 1214.000000 1.388214
 1215.000000 1.391196
 1216.000000 1.393892
 1217.000000 1.396258
 1218.000000 1.398254
 1219.000000 1.399802
 1220.000000 1.400752
 1221.000000 1.400958
 1222.000000 1.400323
 1223.000000 1.398812
 1224.000000 1.396442
 1225.000000 1.393323
 1226.000000 1.389672
 1227.000000 1.385840
 1228.000000 1.382286
 1229.000000 1.379509
 1230.000000 1.377960
 1231.000000 1.377897
 1232.000000 1.379352
 1233.000000 1.382167
 1234.000000 1.385976
 1235.000000 1.390304
 1236.000000 1.394709
 1237.000000 1.398598
 1238.000000 1.401464
 1239.000000 1.402883
 1240.000000 1.402635
 1241.000000 1.400801
 1242.000000 1.397752
 1243.000000 1.394076
 1244.000000 1.390466
 1245.000000 1.387496
 1246.000000 1.385556
 1247.000000 1.384829
 1248.000000 1.385205
 1249.000000 1.386312
 1250.000000 1.387555
 1251.000000 1.388282
 1252.000000 1.387913
 1253.000000 1.386181
 1254.000000 1.383233
 1255.000000 1.379673
 1256.000000 1.376316
 1257.000000 1.374097
 1258.000000 1.373734
 1259.000000 1.375606
 1260.000000 1.379678
 1261.000000 1.385518
 1262.000000 1.392422
 1263.000000 1.399358
 1264.000000 1.405349
 1265.000000 1.409588
 1266.000000 1.411491
 1267.000000 1.410982
 1268.000000 1.408369
 1269.000000 1.404308
 1270.000000 1.399594
 1271.000000 1.395055
 1272.000000 1.391429
 1273.000000 1.389224
 1274.000000 1.388644
 1275.000000 1.389612
 1276.000000 1.391754
 1277.000000 1.394518
 1278.000000 1.397331
 1279.000000 1.399691
 1280.000000 1.401385
 1281.000000 1.402431
 1282.000000 1.403073
 1283.000000 1.403646
 1284.000000 1.404477
 1285.000000 1.405788
 1286.000000 1.407653
 1287.000000 1.409986
 1288.000000 1.412610
 1289.000000 1.415226
 1290.000000 1.417448
 1291.000000 1.418948
 1292.000000 1.419564
 1293.000000 1.419352
 1294.000000 1.418555
 1295.000000 1.417494
 1296.000000 1.416487
 1297.000000 1.415720
 1298.000000 1.415222
 1299.000000 1.414876
 1300.000000 1.414430
 1301.000000 1.413530
 1302.000000 1.411771
 1303.000000 1.408811
 1304.000000 1.404499
 1305.000000 1.398980
 1306.000000 1.392813
 1307.000000 1.386911
 1308.000000 1.382167
 1309.000000 1.379457
 1310.000000 1.379450
 1311.000000 1.382364
 1312.000000 1.387962
 1313.000000 1.395552
 1314.000000 1.403988
 1315.000000 1.412016
 1316.000000 1.418486
 1317.000000 1.422346
 1318.000000 1.423061
 1319.000000 1.420574
 1320.000000 1.415468
 1321.000000 1.408701
 1322.000000 1.401355
 1323.000000 1.394633
 1324.000000 1.389577
 1325.000000 1.386929
 1326.000000 1.386858
 1327.000000 1.389114
 1328.000000 1.393091
 1329.000000 1.397905
 1330.000000 1.402679
 1331.000000 1.406649
 1332.000000 1.409246
 1333.000000 1.410097
 1334.000000 1.409109
 1335.000000 1.406376
 1336.000000 1.402148
 1337.000000 1.396822
 1338.000000 1.390900
 1339.000000 1.384990
 1340.000000 1.379732
 1341.000000 1.375616
 1342.000000 1.373012
 1343.000000 1.372027
 1344.000000 1.372633
 1345.000000 1.374743
 1346.000000 1.378195
 1347.000000 1.382752
 1348.000000 1.388110
 1349.000000 1.393810
 1350.000000 1.399288
 1351.000000 1.403944
 1352.000000 1.407225
 1353.000000 1.408631
 1354.000000 1.407779
 1355.000000 1.404484
 1356.000000 1.398917
 1357.000000 1.391528
 1358.000000 1.383143
 1359.000000 1.374974
 1360.000000 1.368284
 1361.000000 1.364238
 1362.000000 1.363476
 1363.000000 1.366114
 1364.000000 1.371771
 1365.000000 1.379498
 1366.000000 1.388015
 1367.000000 1.396047
 1368.000000 1.402312
 1369.000000 1.405850
 1370.000000 1.406128
 1371.000000 1.403191
 1372.000000 1.397615
 1373.000000 1.390386
 1374.000000 1.382765
 1375.000000 1.375968
 1376.000000 1.370974
 1377.000000 1.368398
 1378.000000 1.368565
 1379.000000 1.371416
 1380.000000 1.376511
 1381.000000 1.383147
 1382.000000 1.390454
 1383.000000 1.397504
 1384.000000 1.403338
 1385.000000 1.407305
 1386.000000 1.409048
 1387.000000 1.408442
 1388.000000 1.405686
 1389.000000 1.401296
 1390.000000 1.395985
 1391.000000 1.390768
 1392.000000 1.386481
 1393.000000 1.383887
 1394.000000 1.383400
 1395.000000 1.385046
 1396.000000 1.388601
 1397.000000 1.393672
 1398.000000 1.399840
 1399.000000 1.406550
 1400.000000 1.413161
 1401.000000 1.418891
 1402.000000 1.423112
 1403.000000 1.425432
 1404.000000 1.425641
 1405.000000 1.423686
 1406.000000 1.419642
 1407.000000 1.413717
 1408.000000 1.406214
 1409.000000 1.397703
 1410.000000 1.388958
 1411.000000 1.381042
 1412.000000 1.375254
 1413.000000 1.372653
 1414.000000 1.373962
 1415.000000 1.379366
 1416.000000 1.388445
 1417.000000 1.400294
 1418.000000 1.413364
 1419.000000 1.425899
 1420.000000 1.436202
 1421.000000 1.443051
 1422.000000 1.445582
 1423.000000 1.443461
 1424.000000 1.437025
 1425.000000 1.427248
 1426.000000 1.415482
 1427.000000 1.403346
 1428.000000 1.392575
 1429.000000 1.384477
 1430.000000 1.380030
 1431.000000 1.379508
 1432.000000 1.382420
 1433.000000 1.387650
 1434.000000 1.393803
 1435.000000 1.399631
 1436.000000 1.404517
 1437.000000 1.408337
 1438.000000 1.411150
 1439.000000 1.412925
 1440.000000 1.413525
 1441.000000 1.412751
 1442.000000 1.410438
 1443.000000 1.406605
 1444.000000 1.401386
 1445.000000 1.395157
 1446.000000 1.388344
 1447.000000 1.381476
 1448.000000 1.375252
 1449.000000 1.370501
 1450.000000 1.368094
 1451.000000 1.368718
 1452.000000 1.372505
 1453.000000 1.379054
 1454.000000 1.387424
 1455.000000 1.396361
 1456.000000 1.404644
 1457.000000 1.411087
 1458.000000 1.414720
 1459.000000 1.414872
 1460.000000 1.411290
 1461.000000 1.404328
 1462.000000 1.395046
 1463.000000 1.384958
 1464.000000 1.375941
 1465.000000 1.369739
 1466.000000 1.367425
 1467.000000 1.369452
 1468.000000 1.375530
 1469.000000 1.384654
 1470.000000 1.395122
 1471.000000 1.405035
 1472.000000 1.412351
 1473.000000 1.415448
 1474.000000 1.413645
 1475.000000 1.407279
 1476.000000 1.397587
 1477.000000 1.386572
 1478.000000 1.376243
 1479.000000 1.368500
 1480.000000 1.364827
 1481.000000 1.365723
 1482.000000 1.370966
 1483.000000 1.379594
 1484.000000 1.390056
 1485.000000 1.400766
 1486.000000 1.410062
 1487.000000 1.416635
 1488.000000 1.419775
 1489.000000 1.419244
 1490.000000 1.415340
 1491.000000 1.408794
 1492.000000 1.400634
 1493.000000 1.392016
 1494.000000 1.384154
 1495.000000 1.378281
 1496.000000 1.375253
 1497.000000 1.375396
 1498.000000 1.378498
 1499.000000 1.383896
 1500.000000 1.390814
 1501.000000 1.398578
 1502.000000 1.406362
 1503.000000 1.413245
 1504.000000 1.418444
 1505.000000 1.421304
 1506.000000 1.421473
 1507.000000 1.418920
 1508.000000 1.413903
 1509.000000 1.406899
 1510.000000 1.398615
 1511.000000 1.389753
 1512.000000 1.381119
 1513.000000 1.373724
 1514.000000 1.368572
 1515.000000 1.366508
 1516.000000 1.368057
 1517.000000 1.373087
 1518.000000 1.380815
 1519.000000 1.390271
 1520.000000 1.400198
 1521.000000 1.409289
 1522.000000 1.416483
 1523.000000 1.420947
 1524.000000 1.422270
 1525.000000 1.420390
 1526.000000 1.415742
 1527.000000 1.409227
 1528.000000 1.402031
 1529.000000 1.395336
 1530.000000 1.390459
 1531.000000 1.388258
 1532.000000 1.389162
 1533.000000 1.393126
 1534.000000 1.399535
 1535.000000 1.407321
 1536.000000 1.415125
 1537.000000 1.421505
 1538.000000 1.425133
 1539.000000 1.425173
 1540.000000 1.421569
 1541.000000 1.415048
 1542.000000 1.406857
 1543.000000 1.398365
 1544.000000 1.390925
 1545.000000 1.385644
 1546.000000 1.383053
 1547.000000 1.383229
 1548.000000 1.385795
 1549.000000 1.390008
 1550.000000 1.394858
 1551.000000 1.399469
 1552.000000 1.403144
 1553.000000 1.405579
 1554.000000 1.406783
 1555.000000 1.407055
 1556.000000 1.406806
 1557.000000 1.406453
 1558.000000 1.406293
 1559.000000 1.406426
 1560.000000 1.406709
 1561.000000 1.406778
 1562.000000 1.406149
 1563.000000 1.404364
 1564.000000 1.401138
 1565.000000 1.396600
 1566.000000 1.391359
 1567.000000 1.386474
 1568.000000 1.383096
 1569.000000 1.382183
 1570.000000 1.384093
 1571.000000 1.388577
 1572.000000 1.394882
 1573.000000 1.401782
 1574.000000 1.407978
 1575.000000 1.412156
 1576.000000 1.413308
 1577.000000 1.410759
 1578.000000 1.404410
 1579.000000 1.394763
 1580.000000 1.383043
 1581.000000 1.370703
 1582.000000 1.359600
 1583.000000 1.351306
 1584.000000 1.346995
 1585.000000 1.347270
 1586.000000 1.352060
 1587.000000 1.360651
 1588.000000 1.371851
 1589.000000 1.384351
 1590.000000 1.396692
 1591.000000 1.407514
 1592.000000 1.415633
 1593.000000 1.420364
 1594.000000 1.421487
 1595.000000 1.419180
 1596.000000 1.413914
 1597.000000 1.406486
 1598.000000 1.397940
 1599.000000 1.389366
 1600.000000 1.381868
 1601.000000 1.376327
 1602.000000 1.373321
 1603.000000 1.372899
 1604.000000 1.374652
 1605.000000 1.377806
 1606.000000 1.381489
 1607.000000 1.384839
 1608.000000 1.387158
 1609.000000 1.388002
 1610.000000 1.387183
 1611.000000 1.384811
 1612.000000 1.381367
 1613.000000 1.377586
 1614.000000 1.374250
 1615.000000 1.372063
 1616.000000 1.371389
 1617.000000 1.372304
 1618.000000 1.374602
 1619.000000 1.377902
 1620.000000 1.381799
 1621.000000 1.385893
 1622.000000 1.389818
 1623.000000 1.393172
 1624.000000 1.395642
 1625.000000 1.396920
 1626.000000 1.396866
 1627.000000 1.395485
 1628.000000 1.392895
 1629.000000 1.389353
 1630.000000 1.385114
 1631.000000 1.380479
 1632.000000 1.375765
 1633.000000 1.371408
 1634.000000 1.368008
 1635.000000 1.366289
 1636.000000 1.366840
 1637.000000 1.369913
 1638.000000 1.375310
 1639.000000 1.382347
 1640.000000 1.390101
 1641.000000 1.397529
 1642.000000 1.403515
 1643.000000 1.407174
 1644.000000 1.407955
 1645.000000 1.405666
 1646.000000 1.400540
 1647.000000 1.393315
 1648.000000 1.385230
 1649.000000 1.377833
 1650.000000 1.372661
 1651.000000 1.370919
 1652.000000 1.373200
 1653.000000 1.379367
 1654.000000 1.388675
 1655.000000 1.399821
 1656.000000 1.411212
 1657.000000 1.421227
 1658.000000 1.428365
 1659.000000 1.431464
 1660.000000 1.429968
 1661.000000 1.424044
 1662.000000 1.414603
 1663.000000 1.402987
 1664.000000 1.390889
 1665.000000 1.380148
 1666.000000 1.372390
 1667.000000 1.368811
 1668.000000 1.369943
 1669.000000 1.375577
 1670.000000 1.384825
 1671.000000 1.396379
 1672.000000 1.408743
 1673.000000 1.420428
 1674.000000 1.430386
 1675.000000 1.437835
 1676.000000 1.442365
 1677.000000 1.443805
 1678.000000 1.442162
 1679.000000 1.437663
 1680.000000 1.430745
 1681.000000 1.422025
 1682.000000 1.412197
 1683.000000 1.402117
 1684.000000 1.392486
 1685.000000 1.383920
 1686.000000 1.377247
 1687.000000 1.373225
 1688.000000 1.372497
 1689.000000 1.375318
 1690.000000 1.381400
 1691.000000 1.390007
 1692.000000 1.399892
 1693.000000 1.409686
 1694.000000 1.418175
 1695.000000 1.424314
 1696.000000 1.427298
 1697.000000 1.426780
 1698.000000 1.422959
 1699.000000 1.416479
 1700.000000 1.408376
 1701.000000 1.400067
 1702.000000 1.393019
 1703.000000 1.388427
 1704.000000 1.387019
 1705.000000 1.388902
 1706.000000 1.393603
 1707.000000 1.400144
 1708.000000 1.407280
 1709.000000 1.413651
 1710.000000 1.417972
 1711.000000 1.419214
 1712.000000 1.416911
 1713.000000 1.411260
 1714.000000 1.403070
 1715.000000 1.393601
 1716.000000 1.384432
 1717.000000 1.376961
 1718.000000 1.372277
 1719.000000 1.371043
 1720.000000 1.373330
 1721.000000 1.378641
 1722.000000 1.385996
 1723.000000 1.394141
 1724.000000 1.401814
 1725.000000 1.407900
 1726.000000 1.411727
 1727.000000 1.413136
 1728.000000 1.412484
 1729.000000 1.410385
 1730.000000 1.407528
 1731.000000 1.404605
 1732.000000 1.402093
 1733.000000 1.400281
 1734.000000 1.399222
 1735.000000 1.398747
 1736.000000 1.398518
 1737.000000 1.398104
 1738.000000 1.397118
 1739.000000 1.395362
 1740.000000 1.392900
 1741.000000 1.389972
 1742.000000 1.386829
 1743.000000 1.383769
 1744.000000 1.380996
 1745.000000 1.378675
 1746.000000 1.376932
 1747.000000 1.375779
 1748.000000 1.375170
 1749.000000 1.375011
 1750.000000 1.375227
 1751.000000 1.375841
 1752.000000 1.377001
 1753.000000 1.379001
 1754.000000 1.382166
 1755.000000 1.386627
 1756.000000 1.392226
 1757.000000 1.398630
 1758.000000 1.405227
 1759.000000 1.411364
 1760.000000 1.416445
 1761.000000 1.419812
 1762.000000 1.420867
 1763.000000 1.419167
 1764.000000 1.414485
 1765.000000 1.407089
 1766.000000 1.397697
 1767.000000 1.387367
 1768.000000 1.377206
 1769.000000 1.368730
 1770.000000 1.363044
 1771.000000 1.360728
 1772.000000 1.361902
 1773.000000 1.366137
 1774.000000 1.372561
 1775.000000 1.380025
 1776.000000 1.387240
 1777.000000 1.392944
 1778.000000 1.396355
 1779.000000 1.397205
 1780.000000 1.395617
 1781.000000 1.392130
 1782.000000 1.387504
 1783.000000 1.382601
 1784.000000 1.378343
 1785.000000 1.375556
 1786.000000 1.374811
 1787.000000 1.376299
 1788.000000 1.379726
 1789.000000 1.384319
 1790.000000 1.389068
 1791.000000 1.393017
 1792.000000 1.395597
 1793.000000 1.396860
 1794.000000 1.397398
 1795.000000 1.397945
 1796.000000 1.399070
 1797.000000 1.400981
 1798.000000 1.403583
 1799.000000 1.406477
 1800.000000 1.409104
 1801.000000 1.410902
 1802.000000 1.411416
 1803.000000 1.410316
 1804.000000 1.407488
 1805.000000 1.403183
 1806.000000 1.397957
 1807.000000 1.392617
 1808.000000 1.388058
 1809.000000 1.384992
 1810.000000 1.383918
 1811.000000 1.385042
 1812.000000 1.388277
 1813.000000 1.393228
 1814.000000 1.398963
 1815.000000 1.404266
 1816.000000 1.407924
 1817.000000 1.408891
 1818.000000 1.406765
 1819.000000 1.402026
 1820.000000 1.395954
 1821.000000 1.390152
 1822.000000 1.386107
 1823.000000 1.384931
 1824.000000 1.387141
 1825.000000 1.392726
 1826.000000 1.401015
 1827.000000 1.410915
 1828.000000 1.421098
 1829.000000 1.430129
 1830.000000 1.436423
 1831.000000 1.438634
 1832.000000 1.436089
 1833.000000 1.428733
 1834.000000 1.417289
 1835.000000 1.403172
 1836.000000 1.388151
 1837.000000 1.374322
 1838.000000 1.363598
 1839.000000 1.357692
 1840.000000 1.357413
 1841.000000 1.362627
 1842.000000 1.372259
 1843.000000 1.384480
 1844.000000 1.397602
 1845.000000 1.409706
 1846.000000 1.419352
 1847.000000 1.425473
 1848.000000 1.427571
 1849.000000 1.425489
 1850.000000 1.419493
 1851.000000 1.410324
 1852.000000 1.399157
 1853.000000 1.387483
 1854.000000 1.376893
 1855.000000 1.368689
 1856.000000 1.363801
 1857.000000 1.362699
 1858.000000 1.365546
 1859.000000 1.372175
 1860.000000 1.381941
 1861.000000 1.393791
 1862.000000 1.406247
 1863.000000 1.417770
 1864.000000 1.426845
 1865.000000 1.432243
 1866.000000 1.433251
 1867.000000 1.429592
 1868.000000 1.421455
 1869.000000 1.409688
 1870.000000 1.395667
 1871.000000 1.381262
 1872.000000 1.368530
 1873.000000 1.359374
 1874.000000 1.355460
 1875.000000 1.357662
 1876.000000 1.365815
 1877.000000 1.378906
 1878.000000 1.395043
 1879.000000 1.411783
 1880.000000 1.426919
 1881.000000 1.438385
 1882.000000 1.444627
 1883.000000 1.444854
 1884.000000 1.439038
 1885.000000 1.427911
 1886.000000 1.412973
 1887.000000 1.396187
 1888.000000 1.379725
 1889.000000 1.365550
 1890.000000 1.355871
 1891.000000 1.352013
 1892.000000 1.354464
 1893.000000 1.362710
 1894.000000 1.375305
 1895.000000 1.390069
 1896.000000 1.404637
 1897.000000 1.416952
 1898.000000 1.425259
 1899.000000 1.428540
 1900.000000 1.426748
 1901.000000 1.420605
 1902.000000 1.411456
 1903.000000 1.400914
 1904.000000 1.390580
 1905.000000 1.381980
 1906.000000 1.376124
 1907.000000 1.373522
 1908.000000 1.374104
 1909.000000 1.377476
 1910.000000 1.383047
 1911.000000 1.390221
 1912.000000 1.398221
 1913.000000 1.406154
 1914.000000 1.413446
 1915.000000 1.419440
 1916.000000 1.423537
 1917.000000 1.425272
 1918.000000 1.424454
 1919.000000 1.421102
 1920.000000 1.415453
 1921.000000 1.407939
 1922.000000 1.399209
 1923.000000 1.390306
 1924.000000 1.382462
 1925.000000 1.377071
 1926.000000 1.375132
 1927.000000 1.377144
 1928.000000 1.382896
 1929.000000 1.391685
 1930.000000 1.402271
 1931.000000 1.413221
 1932.000000 1.423113
 1933.000000 1.430857
 1934.000000 1.435402
 1935.000000 1.436096
 1936.000000 1.432731
 1937.000000 1.425657
 1938.000000 1.415675
 1939.000000 1.404035
 1940.000000 1.392188
 1941.000000 1.381504
 1942.000000 1.373353
 1943.000000 1.368784
 1944.000000 1.368302
 1945.000000 1.371732
 1946.000000 1.378324
 1947.000000 1.386881
 1948.000000 1.396013
 1949.000000 1.404278
 1950.000000 1.410656
 1951.000000 1.414665
 1952.000000 1.416206
 1953.000000 1.415494
 1954.000000 1.413099
 1955.000000 1.409763
 1956.000000 1.406319
 1957.000000 1.403428
 1958.000000 1.401469
 1959.000000 1.400412
 1960.000000 1.399900
 1961.000000 1.399441
 1962.000000 1.398671
 1963.000000 1.397509
 1964.000000 1.396133
 1965.000000 1.394863
 1966.000000 1.393947
 1967.000000 1.393504
 1968.000000 1.393513
 1969.000000 1.393859
 1970.000000 1.394377
 1971.000000 1.394907
 1972.000000 1.395291
 1973.000000 1.395414
 1974.000000 1.395234
 1975.000000 1.394848
 1976.000000 1.394497
 1977.000000 1.394494
 1978.000000 1.395114
 1979.000000 1.396492
 1980.000000 1.398585
 1981.000000 1.401206
 1982.000000 1.404052
 1983.000000 1.406749
 1984.000000 1.408806
 1985.000000 1.409725
 1986.000000 1.409041
 1987.000000 1.406503
 1988.000000 1.402230
 1989.000000 1.396823
 1990.000000 1.391320
 1991.000000 1.386848
 1992.000000 1.384528
 1993.000000 1.384942
 1994.000000 1.388238
 1995.000000 1.394107
 1996.000000 1.401914
 1997.000000 1.410781
 1998.000000 1.419558
 1999.000000 1.426976
 2000.000000 1.431912
 2001.000000 1.433707
 2002.000000 1.432141
 2003.000000 1.427488
 2004.000000 1.420441
 2005.000000 1.411970
 2006.000000 1.403079
 2007.000000 1.394863
 2008.000000 1.388299
 2009.000000 1.384073
 2010.000000 1.382483
 2011.000000 1.383346
 2012.000000 1.386109
 2013.000000 1.389979
 2014.000000 1.394054
 2015.000000 1.397657
 2016.000000 1.400299
 2017.000000 1.401751
 2018.000000 1.401993
 2019.000000 1.401211
 2020.000000 1.399781
 2021.000000 1.398180
 2022.000000 1.396890
 2023.000000 1.396258
 2024.000000 1.396416
 2025.000000 1.397235
 2026.000000 1.398428
 2027.000000 1.399702
 2028.000000 1.400994
 2029.000000 1.402455
 2030.000000 1.404327
 2031.000000 1.406799
 2032.000000 1.409864
 2033.000000 1.413251
 2034.000000 1.416451
 2035.000000 1.418846
 2036.000000 1.419767
 2037.000000 1.418587
 2038.000000 1.414849
 2039.000000 1.408476
 2040.000000 1.399772
 2041.000000 1.389438
 2042.000000 1.378687
 2043.000000 1.369117
 2044.000000 1.362007
 2045.000000 1.358435
 2046.000000 1.358955
 2047.000000 1.363520
 2048.000000 1.371419
 2049.000000 1.381545
 2050.000000 1.392475
 2051.000000 1.402839
 2052.000000 1.411541
 2053.000000 1.417545
 2054.000000 1.420582
 2055.000000 1.420810
 2056.000000 1.418789
 2057.000000 1.415364
 2058.000000 1.411484
 2059.000000 1.408005
 2060.000000 1.405593
 2061.000000 1.404682
 2062.000000 1.405350
 2063.000000 1.407326
 2064.000000 1.410046
 2065.000000 1.412695
 2066.000000 1.414524
 2067.000000 1.415036
 2068.000000 1.414035
 2069.000000 1.411632
 2070.000000 1.408095
 2071.000000 1.403717
 2072.000000 1.398871
 2073.000000 1.393837
 2074.000000 1.388878
 2075.000000 1.384231
 2076.000000 1.380230
 2077.000000 1.377175
 2078.000000 1.375325
 2079.000000 1.374942
 2080.000000 1.376276
 2081.000000 1.379517
 2082.000000 1.384708
 2083.000000 1.391657
 2084.000000 1.399940
 2085.000000 1.408918
 2086.000000 1.417779
 2087.000000 1.425640
 2088.000000 1.431611
 2089.000000 1.434887
 2090.000000 1.434979
 2091.000000 1.431664
 2092.000000 1.425076
 2093.000000 1.415787
 2094.000000 1.404864
 2095.000000 1.393572
 2096.000000 1.383421
 2097.000000 1.376029
 2098.000000 1.372415
 2099.000000 1.372995
 2100.000000 1.377520
 2101.000000 1.385179
 2102.000000 1.394764
 2103.000000 1.404736
 2104.000000 1.413776
 2105.000000 1.420600
 2106.000000 1.424260
 2107.000000 1.424469
 2108.000000 1.421387
 2109.000000 1.415664
 2110.000000 1.408316
 2111.000000 1.400436
 2112.000000 1.393173
 2113.000000 1.387658
 2114.000000 1.384724
 2115.000000 1.384800
 2116.000000 1.387804
 2117.000000 1.393200
 2118.000000 1.400169
 2119.000000 1.407822
 2120.000000 1.415202
 2121.000000 1.421640
 2122.000000 1.426795
 2123.000000 1.430447
 2124.000000 1.432641
 2125.000000 1.433544
 2126.000000 1.433340
 2127.000000 1.432222
 2128.000000 1.430339
 2129.000000 1.427789
 2130.000000 1.424588
 2131.000000 1.420835
 2132.000000 1.416784
 2133.000000 1.412850
 2134.000000 1.409598
 2135.000000 1.407624
 2136.000000 1.407259
 2137.000000 1.408490
 2138.000000 1.410926
 2139.000000 1.413864
 2140.000000 1.416503
 2141.000000 1.418125
 2142.000000 1.418213
 2143.000000 1.416516
 2144.000000 1.413040
 2145.000000 1.408069
 2146.000000 1.402148
 2147.000000 1.395929
 2148.000000 1.390184
 2149.000000 1.385778
 2150.000000 1.383370
 2151.000000 1.383386
 2152.000000 1.385935
 2153.000000 1.390799
 2154.000000 1.397566
 2155.000000 1.405512
 2156.000000 1.413684
 2157.000000 1.421256
 2158.000000 1.427210
 2159.000000 1.430816
 2160.000000 1.431813
 2161.000000 1.430352
 2162.000000 1.426929
 2163.000000 1.422285
 2164.000000 1.417364
 2165.000000 1.413053
 2166.000000 1.410137
 2167.000000 1.409100
 2168.000000 1.410092
 2169.000000 1.412868
 2170.000000 1.416888
 2171.000000 1.421554
 2172.000000 1.426158
 2173.000000 1.430208
 2174.000000 1.433280
 2175.000000 1.435075
 2176.000000 1.435373
 2177.000000 1.434047
 2178.000000 1.431112
 2179.000000 1.426726
 2180.000000 1.421314
 2181.000000 1.415432
 2182.000000 1.409665
 2183.000000 1.404669
 2184.000000 1.401026
 2185.000000 1.399264
 2186.000000 1.399932
 2187.000000 1.403405
 2188.000000 1.409690
 2189.000000 1.418413
 2190.000000 1.428840
 2191.000000 1.440195
 2192.000000 1.451086
 2193.000000 1.460297
 2194.000000 1.466663
 2195.000000 1.469139
 2196.000000 1.466891
 2197.000000 1.459509
 2198.000000 1.447360
 2199.000000 1.431392
 2200.000000 1.413224
 2201.000000 1.395183
 2202.000000 1.379556
 2203.000000 1.368554
 2204.000000 1.363571
 2205.000000 1.365180
 2206.000000 1.372939
 2207.000000 1.385332
 2208.000000 1.400494
 2209.000000 1.416331
 2210.000000 1.430671
 2211.000000 1.441516
 2212.000000 1.447752
 2213.000000 1.448796
 2214.000000 1.444590
 2215.000000 1.435569
 2216.000000 1.422831
 2217.000000 1.408115
 2218.000000 1.393216
 2219.000000 1.380015
 2220.000000 1.370221
 2221.000000 1.365188
 2222.000000 1.365506
 2223.000000 1.370929
 2224.000000 1.380630
 2225.000000 1.393280
 2226.000000 1.407298
 2227.000000 1.421118
 2228.000000 1.433626
 2229.000000 1.443789
 2230.000000 1.450847
 2231.000000 1.454332
 2232.000000 1.453957
 2233.000000 1.449772
 2234.000000 1.442094
 2235.000000 1.431514
 2236.000000 1.418953
 2237.000000 1.405608
 2238.000000 1.392859
 2239.000000 1.382086
 2240.000000 1.374540
 2241.000000 1.371327
 2242.000000 1.372807
 2243.000000 1.378667
 2244.000000 1.387828
 2245.000000 1.398728
 2246.000000 1.409345
 2247.000000 1.417817
 2248.000000 1.422753
 2249.000000 1.423453
 2250.000000 1.419840
 2251.000000 1.412512
 2252.000000 1.402601
 2253.000000 1.391706
 2254.000000 1.381429
 2255.000000 1.373415
 2256.000000 1.368960
 2257.000000 1.368792
 2258.000000 1.373027
 2259.000000 1.381148
 2260.000000 1.392013
 2261.000000 1.404259
 2262.000000 1.416277
 2263.000000 1.426446
 2264.000000 1.433330
 2265.000000 1.435931
 2266.000000 1.433828
 2267.000000 1.427218
 2268.000000 1.416850
 2269.000000 1.403923
 2270.000000 1.389887
 2271.000000 1.376631
 2272.000000 1.365943
 2273.000000 1.359422
 2274.000000 1.357899
 2275.000000 1.361502
 2276.000000 1.369631
 2277.000000 1.381319
 2278.000000 1.395227
 2279.000000 1.409949
 2280.000000 1.423891
 2281.000000 1.435339
 2282.000000 1.442855
 2283.000000 1.445723
 2284.000000 1.443576
 2285.000000 1.436659
 2286.000000 1.425662
 2287.000000 1.411785
 2288.000000 1.396621
 2289.000000 1.382063
 2290.000000 1.369689
 2291.000000 1.361374
 2292.000000 1.358483
 2293.000000 1.361671
 2294.000000 1.370780
 2295.000000 1.384755
 2296.000000 1.401844
 2297.000000 1.420286
 2298.000000 1.437933
 2299.000000 1.452411
 2300.000000 1.462007
 2301.000000 1.465560
 2302.000000 1.462662
 2303.000000 1.453531
 2304.000000 1.439018
 2305.000000 1.420843
 2306.000000 1.401150
 2307.000000 1.382217
 2308.000000 1.366929
 2309.000000 1.357524
 2310.000000 1.355534
 2311.000000 1.361244
 2312.000000 1.373684
 2313.000000 1.390676
 2314.000000 1.409780
 2315.000000 1.428423
 2316.000000 1.444121
 2317.000000 1.455184
 2318.000000 1.460467
 2319.000000 1.459829
 2320.000000 1.453736
 2321.000000 1.443180
 2322.000000 1.429542
 2323.000000 1.414487
 2324.000000 1.400105
 2325.000000 1.388127
 2326.000000 1.380001
 2327.000000 1.376842
 2328.000000 1.379125
 2329.000000 1.386595
 2330.000000 1.398319
 2331.000000 1.413010
 2332.000000 1.428888
 2333.000000 1.444337
 2334.000000 1.457991
 2335.000000 1.468540
 2336.000000 1.474866
 2337.000000 1.476285
 2338.000000 1.472523
 2339.000000 1.463804
 2340.000000 1.450822
 2341.000000 1.434981
 2342.000000 1.417838
 2343.000000 1.401262
 2344.000000 1.387074
 2345.000000 1.377131
 2346.000000 1.372696
 2347.000000 1.374250
 2348.000000 1.381332
 2349.000000 1.392792
 2350.000000 1.407046
 2351.000000 1.422422
 2352.000000 1.437358
 2353.000000 1.450485
 2354.000000 1.460912
 2355.000000 1.467934
 2356.000000 1.471249
 2357.000000 1.470910
 2358.000000 1.467255
 2359.000000 1.460890
 2360.000000 1.452654
 2361.000000 1.443477
 2362.000000 1.434374
 2363.000000 1.426318
 2364.000000 1.420238
 2365.000000 1.416700
 2366.000000 1.415984
 2367.000000 1.417991
 2368.000000 1.422333
 2369.000000 1.428279
 2370.000000 1.434845
 2371.000000 1.440913
 2372.000000 1.445361
 2373.000000 1.447346
 2374.000000 1.446480
 2375.000000 1.442923
 2376.000000 1.437292
 2377.000000 1.430535
 2378.000000 1.423770
 2379.000000 1.418060
 2380.000000 1.414242
 2381.000000 1.412917
 2382.000000 1.414454
 2383.000000 1.418827
 2384.000000 1.425696
 2385.000000 1.434344
 2386.000000 1.443927
 2387.000000 1.453265
 2388.000000 1.461323
 2389.000000 1.467133
 2390.000000 1.469760
 2391.000000 1.468627
 2392.000000 1.463601
 2393.000000 1.454874
 2394.000000 1.443252
 2395.000000 1.430029
 2396.000000 1.416773
 2397.000000 1.405296
 2398.000000 1.397050
 2399.000000 1.393330
 2400.000000 1.394830
 2401.000000 1.401442
 2402.000000 1.412313
 2403.000000 1.426074
 2404.000000 1.440956
 2405.000000 1.455082
 2406.000000 1.466466
 2407.000000 1.473881
 2408.000000 1.476629
 2409.000000 1.474487
 2410.000000 1.467700
 2411.000000 1.456979
 2412.000000 1.443572
 2413.000000 1.428914
 2414.000000 1.414715
 2415.000000 1.402468
 2416.000000 1.393613
 2417.000000 1.389054
 2418.000000 1.389280
 2419.000000 1.394183
 2420.000000 1.403082
 2421.000000 1.415060
 2422.000000 1.428871
 2423.000000 1.443026
 2424.000000 1.456130
 2425.000000 1.466855
 2426.000000 1.474055
 2427.000000 1.477079
 2428.000000 1.475577
 2429.000000 1.469571
 2430.000000 1.459519
 2431.000000 1.446428
 2432.000000 1.431373
 2433.000000 1.416038
 2434.000000 1.402103
 2435.000000 1.391482
 2436.000000 1.385689
 2437.000000 1.385484
 2438.000000 1.390904
 2439.000000 1.401147
 2440.000000 1.414690
 2441.000000 1.429648
 2442.000000 1.444022
 2443.000000 1.456228
 2444.000000 1.464903
 2445.000000 1.469142
 2446.000000 1.468596
 2447.000000 1.463400
 2448.000000 1.454278
 2449.000000 1.442280
 2450.000000 1.428727
 2451.000000 1.415175
 2452.000000 1.403332
 2453.000000 1.394423
 2454.000000 1.389447
 2455.000000 1.388842
 2456.000000 1.392510
 2457.000000 1.399844
 2458.000000 1.409753
 2459.000000 1.421083
 2460.000000 1.432724
 2461.000000 1.443487
 2462.000000 1.452366
 2463.000000 1.458606
 2464.000000 1.461721
 2465.000000 1.461384
 2466.000000 1.457599
 2467.000000 1.450621
 2468.000000 1.440910
 2469.000000 1.429101
 2470.000000 1.416278
 2471.000000 1.403839
 2472.000000 1.393142
 2473.000000 1.385395
 2474.000000 1.381576
 2475.000000 1.382113
 2476.000000 1.386890
 2477.000000 1.395248
 2478.000000 1.406102
 2479.000000 1.417983
 2480.000000 1.429341
 2481.000000 1.439062
 2482.000000 1.446069
 2483.000000 1.449622
 2484.000000 1.449449
 2485.000000 1.445610
 2486.000000 1.438648
 2487.000000 1.429446
 2488.000000 1.419230
 2489.000000 1.409341
 2490.000000 1.401150
 2491.000000 1.395670
 2492.000000 1.393661
 2493.000000 1.395296
 2494.000000 1.400243
 2495.000000 1.407747
 2496.000000 1.416792
 2497.000000 1.426335
 2498.000000 1.435327
 2499.000000 1.442848
 2500.000000 1.448209
 2501.000000 1.450927
 2502.000000 1.450848
 2503.000000 1.448078
 2504.000000 1.442942
 2505.000000 1.435905
 2506.000000 1.427706
 2507.000000 1.419231
 2508.000000 1.411364
 2509.000000 1.405112
 2510.000000 1.401291
 2511.000000 1.400520
 2512.000000 1.402997
 2513.000000 1.408488
 2514.000000 1.416186
 2515.000000 1.424942
 2516.000000 1.433448
 2517.000000 1.440428
 2518.000000 1.444710
 2519.000000 1.445828
 2520.000000 1.443766
 2521.000000 1.439021
 2522.000000 1.432480
 2523.000000 1.425230
 2524.000000 1.418349
 2525.000000 1.412880
 2526.000000 1.409648
 2527.000000 1.409164
 2528.000000 1.411521
 2529.000000 1.416463
 2530.000000 1.423391
 2531.000000 1.431354
 2532.000000 1.439389
 2533.000000 1.446417
 2534.000000 1.451344
 2535.000000 1.453455
 2536.000000 1.452327
 2537.000000 1.447912
 2538.000000 1.440469
 2539.000000 1.430610
 2540.000000 1.419244
 2541.000000 1.407532
 2542.000000 1.396665
 2543.000000 1.388156
 2544.000000 1.383038
 2545.000000 1.382033
 2546.000000 1.385304
 2547.000000 1.392348
 2548.000000 1.402144
 2549.000000 1.413554
 2550.000000 1.425244
 2551.000000 1.435640
 2552.000000 1.443701
 2553.000000 1.448624
 2554.000000 1.450012
 2555.000000 1.447738
 2556.000000 1.441976
 2557.000000 1.433269
 2558.000000 1.422311
 2559.000000 1.410292
 2560.000000 1.398496
 2561.000000 1.388105
 2562.000000 1.380179
 2563.000000 1.375489
 2564.000000 1.374680
 2565.000000 1.377748
 2566.000000 1.384157
 2567.000000 1.392857
 2568.000000 1.402735
 2569.000000 1.412390
 2570.000000 1.420445
 2571.000000 1.425824
 2572.000000 1.427713
 2573.000000 1.425603
 2574.000000 1.419458
 2575.000000 1.409837
 2576.000000 1.397753
 2577.000000 1.384915
 2578.000000 1.373266
 2579.000000 1.364571
 2580.000000 1.360206
 2581.000000 1.360908
 2582.000000 1.366679
 2583.000000 1.376692
 2584.000000 1.389716
 2585.000000 1.404095
 2586.000000 1.417976
 2587.000000 1.429556
 2588.000000 1.437503
 2589.000000 1.441034
 2590.000000 1.439711
 2591.000000 1.433651
 2592.000000 1.423509
 2593.000000 1.410304
 2594.000000 1.395626
 2595.000000 1.381193
 2596.000000 1.368875
 2597.000000 1.360181
 2598.000000 1.356120
 2599.000000 1.357090
 2600.000000 1.362737
 2601.000000 1.372095
 2602.000000 1.383855
 2603.000000 1.396653
 2604.000000 1.408968
 2605.000000 1.419532
 2606.000000 1.427533
 2607.000000 1.432299
 2608.000000 1.433645
 2609.000000 1.431666
 2610.000000 1.426684
 2611.000000 1.419228
 2612.000000 1.409819
 2613.000000 1.399485
 2614.000000 1.389244
 2615.000000 1.380452
 2616.000000 1.374418
 2617.000000 1.372194
 2618.000000 1.374284
 2619.000000 1.380570
 2620.000000 1.390298
 2621.000000 1.402191
 2622.000000 1.414699
 2623.000000 1.426038
 2624.000000 1.434609
 2625.000000 1.439251
 2626.000000 1.439210
 2627.000000 1.434380
 2628.000000 1.425327
 2629.000000 1.413361
 2630.000000 1.400201
 2631.000000 1.387629
 2632.000000 1.377394
 2633.000000 1.371091
 2634.000000 1.369555
 2635.000000 1.373000
 2636.000000 1.380885
 2637.000000 1.391961
 2638.000000 1.404687
 2639.000000 1.417570
 2640.000000 1.429042
 2641.000000 1.437563
 2642.000000 1.442407
 2643.000000 1.443049
 2644.000000 1.439440
 2645.000000 1.432046
 2646.000000 1.421783
 2647.000000 1.409823
 2648.000000 1.397704
 2649.000000 1.387052
 2650.000000 1.379151
 2651.000000 1.375021
 2652.000000 1.375182
 2653.000000 1.379571
 2654.000000 1.387572
 2655.000000 1.398183
 2656.000000 1.410069
 2657.000000 1.421890
 2658.000000 1.432240
 2659.000000 1.439980
 2660.000000 1.444093
 2661.000000 1.443847
 2662.000000 1.438953
 2663.000000 1.429555
 2664.000000 1.416472
 2665.000000 1.400695
 2666.000000 1.383956
 2667.000000 1.368399
 2668.000000 1.356137
 2669.000000 1.349108
 2670.000000 1.348378
 2671.000000 1.354129
 2672.000000 1.365495
 2673.000000 1.380690
 2674.000000 1.397563
 2675.000000 1.413798
 2676.000000 1.427200
 2677.000000 1.436120
 2678.000000 1.439710
 2679.000000 1.437544
 2680.000000 1.429956
 2681.000000 1.417836
 2682.000000 1.402785
 2683.000000 1.386665
 2684.000000 1.371495
 2685.000000 1.359272
 2686.000000 1.351938
 2687.000000 1.350618
 2688.000000 1.355389
 2689.000000 1.365375
 2690.000000 1.378825
 2691.000000 1.393536
 2692.000000 1.407487
 2693.000000 1.419115
 2694.000000 1.427238
 2695.000000 1.430927
 2696.000000 1.429847
 2697.000000 1.424169
 2698.000000 1.414688
 2699.000000 1.402452
 2700.000000 1.389042
 2701.000000 1.376229
 2702.000000 1.365750
 2703.000000 1.359018
 2704.000000 1.356999
 2705.000000 1.359945
 2706.000000 1.367458
 2707.000000 1.378514
 2708.000000 1.391424
 2709.000000 1.404408
 2710.000000 1.415833
 2711.000000 1.424327
 2712.000000 1.428993
 2713.000000 1.429325
 2714.000000 1.425454
 2715.000000 1.417984
 2716.000000 1.407855
 2717.000000 1.396540
 2718.000000 1.385547
 2719.000000 1.376416
 2720.000000 1.370549
 2721.000000 1.368865
 2722.000000 1.371675
 2723.000000 1.378607
 2724.000000 1.388705
 2725.000000 1.400718
 2726.000000 1.413055
 2727.000000 1.424218
 2728.000000 1.432631
 2729.000000 1.437401
 2730.000000 1.437913
 2731.000000 1.434081
 2732.000000 1.426306
 2733.000000 1.415518
 2734.000000 1.402971
 2735.000000 1.390112
 2736.000000 1.378550
 2737.000000 1.369791
 2738.000000 1.365007
 2739.000000 1.364850
 2740.000000 1.369235
 2741.000000 1.377437
 2742.000000 1.388156
 2743.000000 1.399972
 2744.000000 1.411094
 2745.000000 1.420079
 2746.000000 1.425925
 2747.000000 1.427823
 2748.000000 1.425509
 2749.000000 1.419264
 2750.000000 1.409836
 2751.000000 1.398405
 2752.000000 1.386278
 2753.000000 1.375275
 2754.000000 1.367024
 2755.000000 1.362947
 2756.000000 1.363596
 2757.000000 1.368828
 2758.000000 1.377798
 2759.000000 1.389221
 2760.000000 1.401792
 2761.000000 1.414176
 2762.000000 1.425042
 2763.000000 1.433323
 2764.000000 1.438525
 2765.000000 1.440375
 2766.000000 1.438854
 2767.000000 1.434246
 2768.000000 1.427143
 2769.000000 1.418361
 2770.000000 1.408879
 2771.000000 1.399842
 2772.000000 1.392187
 2773.000000 1.386955
 2774.000000 1.384673
 2775.000000 1.385570
 2776.000000 1.389454
 2777.000000 1.395610
 2778.000000 1.402898
 2779.000000 1.410190
 2780.000000 1.416187
 2781.000000 1.419807
 2782.000000 1.420418
 2783.000000 1.417895
 2784.000000 1.412588
 2785.000000 1.405364
 2786.000000 1.397372
 2787.000000 1.389917
 2788.000000 1.384106
 2789.000000 1.380812
 2790.000000 1.380615
 2791.000000 1.383658
 2792.000000 1.389638
 2793.000000 1.397948
 2794.000000 1.407651
 2795.000000 1.417499
 2796.000000 1.426406
 2797.000000 1.433394
 2798.000000 1.437665
 2799.000000 1.438591
 2800.000000 1.435900
 2801.000000 1.429673
 2802.000000 1.420370
 2803.000000 1.408888
 2804.000000 1.396388
 2805.000000 1.384644
