2.6171831283e-05
2.6418820324e-08
9.3888033896e-09
6.8789276955e-10
2.8189873408e-06
1.0788733752e-08
2.9143196960e-06
3.1517240884e-08
1.2874148446e-07
1.2874148446e-07
6.2524036455e-08
1.0379712788e-07
8.1040782384e-09
8.4314700976e-08
7.3807220960e-07
4.8503589646e-06
4.3212642444e-07
1.9475547452e-10
4.1300998007e-11
7.4707929587e-07
2.1810382965e-07
3.9565319784e-07
4.9085882130e-07
5.7198869140e-08
1.1842520667e-06
3.8960836887e-08
6.8582143481e-08
5.3852811623e-07
5.1190021606e-07
4.8405042837e-07
