358856
26582.2
1.6932e+06
28930.2
60593.5
715494
25385.4
538179
103273
257872
14941.7
434928
195271
1.04555e+06
29671.8
792819
219511
659950
609542
973227
1.27034e+06
165504
49676
238815
464339
110463
1.08557e+06
1.36734e+06
172730
2989.21
424343
605803
8426.52
82518
159351
400164
203499
5.74369e+06
1.1272e+06
1.19137e+06
605956
87585.4
205141
228770
352199
1.57918e+06
397634
32699.5
1.1119e+06
84665.9
847607
743152
361002
1.75126e+06
63009
460752
1.56714e+06
69170.4
613305
353423
1.56386e+06
607822
599202
424960
113612
241971
1.32755e+06
378950
136477
11714.8
101003
257236
646235
209784
1.72839e+06
709294
864307
3.97233e+06
353336
391489
227558
394928
503873
327789
79718.6
179007
1.88876e+06
614713
223214
1.46458e+06
565900
