#! FIELDS time coord1.mean dist1 coord2.mean dist2
 0.000000 69.847801 0.191337 67.408231 0.316866
 1.000000 69.553388 0.206681 69.071190 0.286565
 2.000000 67.829009 0.271797 70.361351 0.231663
 3.000000 69.845132 0.244175 70.458036 0.268587
 4.000000 68.835088 0.260060 70.027812 0.299328
 5.000000 70.980639 0.186682 70.079829 0.298427
 6.000000 68.943235 0.244508 70.524746 0.254889
 7.000000 71.712221 0.172993 69.352985 0.309544
 8.000000 70.116648 0.217928 70.831827 0.237119
 9.000000 69.787357 0.178395 67.876362 0.310419
 10.000000 73.385831 0.127368 68.035953 0.341055
 11.000000 67.816515 0.265137 70.882494 0.263657
 12.000000 70.701232 0.202582 68.448133 0.331699
 13.000000 71.491850 0.139968 68.642320 0.349022
 14.000000 69.422427 0.249489 69.682782 0.282235
 15.000000 73.034589 0.162073 67.732321 0.353087
 16.000000 70.752843 0.156692 67.490767 0.332385
 17.000000 67.683071 0.303434 72.675302 0.203317
 18.000000 66.973749 0.318260 72.098307 0.238942
 19.000000 70.824530 0.193269 69.856312 0.300268
 20.000000 70.421644 0.193585 68.408725 0.295132
 21.000000 68.178373 0.300463 73.007809 0.214341
 22.000000 68.523880 0.199973 67.055848 0.284464
 23.000000 71.126984 0.160795 68.731458 0.316238
 24.000000 67.703382 0.299537 71.251456 0.239793
 25.000000 69.850387 0.170571 68.389309 0.287126
 26.000000 70.097060 0.217618 69.401854 0.261040
 27.000000 69.962169 0.230103 70.698367 0.267058
 28.000000 69.046272 0.224497 70.477394 0.281521
 29.000000 69.505523 0.282172 72.948893 0.195865
 30.000000 68.441308 0.232129 70.474519 0.238230
 31.000000 69.885470 0.221174 70.682593 0.267099
 32.000000 71.122325 0.153053 67.874178 0.357851
 33.000000 66.493319 0.288910 70.970049 0.198239
 34.000000 71.653477 0.229023 71.155805 0.225400
 35.000000 71.247202 0.122009 68.031235 0.353473
 36.000000 71.647428 0.195618 70.833690 0.269101
 37.000000 71.234174 0.159304 69.152092 0.299621
 38.000000 67.242347 0.255768 68.784427 0.261747
 39.000000 72.080639 0.110254 68.887749 0.342925
 40.000000 70.938786 0.258851 71.011531 0.243657
 41.000000 71.929911 0.128949 66.315397 0.337562
 42.000000 70.925069 0.130230 67.797453 0.328261
 43.000000 67.263627 0.208039 67.674769 0.312212
 44.000000 69.808233 0.254573 71.724015 0.259843
 45.000000 72.610400 0.139933 68.416903 0.377119
 46.000000 70.428176 0.237378 71.474118 0.266225
 47.000000 69.552654 0.252286 70.784461 0.213481
 48.000000 67.433353 0.309275 71.052152 0.250713
 49.000000 69.330872 0.203144 69.385286 0.270189
 50.000000 66.830389 0.343910 71.525393 0.234638
 51.000000 68.555883 0.242292 70.348327 0.252581
 52.000000 66.329507 0.295257 70.373229 0.230571
 53.000000 69.577520 0.281625 71.915530 0.218651
 54.000000 67.371295 0.236308 69.727845 0.237468
 55.000000 70.510071 0.137921 67.867027 0.304639
 56.000000 72.302104 0.158073 70.606911 0.296890
 57.000000 72.037272 0.096299 66.264430 0.354073
 58.000000 72.820100 0.114407 68.213348 0.337578
 59.000000 70.148686 0.199322 69.445511 0.274365
 60.000000 73.631930 0.172919 70.961631 0.323748
 61.000000 71.905748 0.109432 66.998696 0.343798
 62.000000 67.248843 0.205429 67.352940 0.272955
 63.000000 68.181581 0.316819 72.860904 0.267830
 64.000000 66.733524 0.317540 72.011980 0.257909
 65.000000 68.494238 0.236312 67.931136 0.268867
 66.000000 67.121456 0.270766 70.616015 0.247912
 67.000000 69.247449 0.195333 66.661583 0.307833
 68.000000 69.467948 0.153288 67.036293 0.314704
 69.000000 68.341124 0.249325 71.792530 0.229516
 70.000000 69.762305 0.241095 71.388566 0.248505
 71.000000 73.999919 0.084930 66.977041 0.388997
 72.000000 68.813093 0.191447 68.250556 0.269252
 73.000000 71.320559 0.128284 63.633167 0.446973
 74.000000 66.047143 0.303380 69.638032 0.240391
 75.000000 73.559503 0.179752 69.720193 0.331062
 76.000000 68.951129 0.255585 71.784857 0.212302
 77.000000 71.484811 0.184404 68.684826 0.329925
 78.000000 68.738350 0.196598 68.420949 0.310790
 79.000000 65.940136 0.350516 72.421648 0.248047
 80.000000 70.090960 0.215285 69.916080 0.268104
 81.000000 68.204036 0.330995 75.014748 0.173373
 82.000000 69.356645 0.277272 73.108085 0.174870
 83.000000 63.395934 0.358373 71.340766 0.190416
 84.000000 65.596745 0.399667 72.519181 0.252332
 85.000000 57.906202 0.546918 76.365219 0.134100
 86.000000 61.434832 0.517104 75.905224 0.208174
 87.000000 60.000036 0.531945 76.230925 0.159451
 88.000000 62.899534 0.463489 73.805054 0.205301
 89.000000 65.776906 0.393701 71.661895 0.234895
 90.000000 69.822272 0.308067 73.254067 0.199958
 91.000000 73.932887 0.199680 72.517325 0.247867
 92.000000 71.926977 0.213691 71.588407 0.250650
 93.000000 70.999420 0.240213 71.676086 0.224750
 94.000000 68.575099 0.345787 74.331625 0.187780
 95.000000 73.985547 0.197172 71.671203 0.247486
 96.000000 71.765617 0.246193 70.859285 0.249046
 97.000000 74.737503 0.134796 67.994078 0.316542
 98.000000 73.105346 0.195422 70.858321 0.288713
 99.000000 72.007516 0.254507 70.512236 0.259410
 100.000000 65.946085 0.380047 71.297583 0.216274
 101.000000 71.521699 0.234237 71.212086 0.226640
 102.000000 75.832471 0.162249 71.252509 0.293519
 103.000000 58.861138 0.524637 75.542261 0.158770
 104.000000 65.765653 0.430108 73.359269 0.212359
 105.000000 74.094368 0.186755 71.654188 0.284156
 106.000000 65.760335 0.383359 72.681833 0.237487
 107.000000 64.576252 0.420744 72.823418 0.218081
 108.000000 66.221054 0.402242 74.245458 0.166588
 109.000000 71.370886 0.291947 71.875979 0.261993
 110.000000 64.433905 0.432186 73.139922 0.226135
 111.000000 66.423985 0.410341 75.170756 0.184056
 112.000000 66.831813 0.378196 74.219436 0.190245
 113.000000 58.477565 0.534425 75.444371 0.182470
 114.000000 58.393979 0.538145 75.201116 0.142903
 115.000000 62.263276 0.478268 74.328606 0.199474
 116.000000 62.755025 0.483857 76.096907 0.190610
 117.000000 64.669611 0.375132 68.251891 0.291371
 118.000000 63.022185 0.414486 71.402607 0.234163
 119.000000 64.428451 0.356408 69.460724 0.251916
 120.000000 68.233837 0.175210 67.091199 0.290169
 121.000000 73.959855 0.148856 69.882538 0.320727
 122.000000 69.576619 0.184779 66.665583 0.311028
 123.000000 70.894667 0.131747 66.343213 0.329878
 124.000000 70.551813 0.180046 68.341967 0.282208
 125.000000 68.092412 0.259765 71.241234 0.228492
 126.000000 73.657781 0.129040 68.453600 0.375018
 127.000000 69.665407 0.220264 70.959076 0.255158
 128.000000 68.098869 0.242592 68.523517 0.282563
 129.000000 69.747387 0.180236 69.000585 0.298227
 130.000000 68.662864 0.283157 70.668430 0.256062
 131.000000 73.195005 0.135771 68.757589 0.336890
 132.000000 72.752211 0.090914 66.382745 0.390251
 133.000000 65.457434 0.283608 69.397102 0.241189
 134.000000 65.572393 0.336549 73.767004 0.177716
 135.000000 70.654286 0.194712 71.025761 0.256546
 136.000000 72.375795 0.104106 67.490982 0.359077
 137.000000 67.416574 0.298829 73.156072 0.188646
 138.000000 71.936816 0.191848 69.992754 0.288464
 139.000000 73.080946 0.135749 69.962960 0.334983
 140.000000 73.344211 0.098917 67.082248 0.375196
 141.000000 70.785809 0.232252 72.398217 0.271631
 142.000000 72.262338 0.111726 67.402334 0.336341
 143.000000 72.476422 0.081352 65.716901 0.343780
 144.000000 72.522573 0.178759 69.932041 0.329013
 145.000000 71.591794 0.197163 69.748003 0.322637
 146.000000 74.224881 0.155514 70.304663 0.320382
 147.000000 66.631746 0.250412 68.882494 0.238417
 148.000000 72.004276 0.226433 70.277509 0.334186
 149.000000 66.123593 0.294144 69.614934 0.204678
 150.000000 72.196071 0.264546 73.077016 0.269491
 151.000000 65.643052 0.336900 73.592526 0.183828
 152.000000 70.421925 0.150300 65.738896 0.361886
 153.000000 71.883185 0.199247 70.590558 0.293040
 154.000000 71.697493 0.272660 73.444701 0.259311
 155.000000 65.542620 0.313479 71.600736 0.209196
 156.000000 68.181579 0.215963 70.320813 0.279124
 157.000000 71.128069 0.083004 65.388207 0.385785
 158.000000 68.870952 0.168895 66.588942 0.318564
 159.000000 72.010781 0.113485 68.677554 0.303632
 160.000000 72.155797 0.160644 69.539823 0.313311
 161.000000 71.650938 0.165666 70.731408 0.273540
 162.000000 66.946547 0.338468 69.992735 0.303934
 163.000000 67.302364 0.329614 70.093720 0.292301
 164.000000 66.201185 0.332974 70.915951 0.288131
 165.000000 72.659883 0.216468 70.428551 0.329111
 166.000000 68.649691 0.210889 68.933107 0.247003
 167.000000 67.669355 0.237538 69.420477 0.253758
 168.000000 73.841845 0.102555 69.404943 0.341999
 169.000000 72.276773 0.139164 68.416809 0.347857
 170.000000 70.373819 0.222307 71.352081 0.234310
 171.000000 68.175117 0.238043 69.075897 0.277164
 172.000000 74.160953 0.124587 69.688568 0.361803
 173.000000 65.838400 0.288542 69.094890 0.228024
 174.000000 68.248971 0.282659 71.350794 0.231759
 175.000000 69.450102 0.141800 65.591466 0.334202
 176.000000 72.979446 0.106222 67.954096 0.339096
 177.000000 73.237548 0.103912 68.876279 0.348756
 178.000000 70.196752 0.233392 70.188021 0.261204
 179.000000 72.903994 0.240911 71.373228 0.320063
 180.000000 63.684996 0.393857 71.709922 0.223894
 181.000000 70.865797 0.141333 67.357504 0.329737
 182.000000 68.217883 0.264751 70.412985 0.252573
 183.000000 70.106035 0.123392 67.152431 0.330296
 184.000000 69.587573 0.250735 72.070999 0.247014
 185.000000 74.675076 0.092572 67.406600 0.397004
 186.000000 70.911310 0.252132 72.481066 0.260987
 187.000000 65.940916 0.256962 67.946923 0.266741
 188.000000 71.611925 0.206713 70.786565 0.308536
 189.000000 73.005023 0.093801 67.946887 0.350884
 190.000000 72.806255 0.227670 70.659253 0.371083
 191.000000 72.281417 0.269291 72.265960 0.274999
 192.000000 64.022678 0.388646 69.737385 0.272703
 193.000000 69.872569 0.204524 68.969727 0.297335
 194.000000 69.463585 0.190100 70.027511 0.251147
 195.000000 69.357434 0.161278 68.035494 0.284960
 196.000000 74.262697 0.075093 68.569392 0.368716
 197.000000 72.799530 0.183257 70.541349 0.309896
 198.000000 68.562491 0.216974 68.953742 0.279910
 199.000000 67.485656 0.306221 72.415970 0.232639
 200.000000 68.559331 0.286390 73.159169 0.207327
 201.000000 68.587885 0.216693 68.982784 0.236136
 202.000000 66.323125 0.270567 69.587533 0.233121
 203.000000 62.210242 0.382857 70.100152 0.234189
 204.000000 59.258217 0.530076 75.080315 0.169147
 205.000000 70.947349 0.310175 73.982937 0.223461
 206.000000 73.936700 0.199993 72.655304 0.247795
 207.000000 69.573935 0.306160 73.399540 0.223642
 208.000000 71.121837 0.270562 73.491258 0.202954
 209.000000 70.877818 0.287433 72.107075 0.223494
 210.000000 64.287868 0.394251 70.849919 0.233410
 211.000000 72.527962 0.261554 73.358265 0.202841
 212.000000 75.407341 0.132519 69.995770 0.328798
 213.000000 69.688960 0.316187 72.742105 0.213665
 214.000000 69.751038 0.307494 72.269263 0.228259
 215.000000 59.902520 0.520854 75.525735 0.169583
 216.000000 63.546179 0.434010 71.097486 0.240881
 217.000000 69.519449 0.302386 73.728637 0.175809
 218.000000 73.345072 0.251546 74.095225 0.223697
 219.000000 74.358227 0.180613 71.206229 0.269857
 220.000000 72.283987 0.277774 73.921990 0.197800
 221.000000 67.208823 0.394472 72.406758 0.277262
 222.000000 61.373390 0.435650 70.170306 0.210743
 223.000000 64.298588 0.412027 70.729167 0.243605
 224.000000 68.953474 0.357839 72.578302 0.270059
 225.000000 67.179074 0.390032 74.017102 0.218919
 226.000000 60.352477 0.524238 74.639590 0.202064
 227.000000 68.237988 0.366663 74.836996 0.251928
 228.000000 68.809873 0.346879 72.661386 0.247953
 229.000000 60.780909 0.473457 71.191905 0.226161
 230.000000 69.804070 0.350121 73.700103 0.264134
 231.000000 63.948417 0.457984 74.287652 0.224711
 232.000000 60.963547 0.499424 73.402292 0.213000
 233.000000 61.070144 0.478828 74.266328 0.181137
 234.000000 59.807616 0.486831 73.496435 0.162734
 235.000000 62.320640 0.453110 72.974497 0.193759
 236.000000 63.683636 0.408897 74.535335 0.143684
 237.000000 71.644592 0.296387 71.784252 0.258723
 238.000000 73.646237 0.156365 68.791163 0.315546
 239.000000 74.619644 0.144616 68.799881 0.328378
 240.000000 68.454084 0.346560 72.725511 0.249503
 241.000000 74.837375 0.213104 72.167917 0.268571
 242.000000 65.914933 0.375851 70.188700 0.278770
 243.000000 71.442089 0.287062 72.600455 0.216552
 244.000000 67.353656 0.347807 73.288183 0.192732
 245.000000 73.354211 0.198137 72.485786 0.265309
 246.000000 68.997230 0.346181 74.788977 0.195154
 247.000000 68.929979 0.379713 73.136617 0.234719
 248.000000 58.401371 0.551472 77.484901 0.133548
 249.000000 59.209527 0.534345 75.989297 0.152246
 250.000000 60.437060 0.521851 74.172258 0.186596
 251.000000 71.644151 0.172150 68.446574 0.310560
 252.000000 68.231627 0.210001 68.957466 0.288564
 253.000000 67.446531 0.226879 69.201466 0.274765
 254.000000 64.265544 0.328929 68.894665 0.236194
 255.000000 69.761327 0.185934 68.870662 0.282195
 256.000000 70.905351 0.188883 70.688326 0.278462
 257.000000 66.942047 0.275728 71.215417 0.237959
 258.000000 64.698108 0.368342 72.809650 0.202343
 259.000000 73.632512 0.132046 68.151088 0.332978
 260.000000 71.102405 0.089443 66.521668 0.333575
 261.000000 71.564247 0.245072 71.810454 0.274397
 262.000000 64.942795 0.345800 70.504868 0.244072
 263.000000 66.476438 0.310389 72.958267 0.182998
 264.000000 65.568511 0.289247 70.683140 0.204200
 265.000000 71.798294 0.152799 67.605036 0.353017
 266.000000 72.896004 0.113944 68.544242 0.355193
 267.000000 67.035109 0.219786 69.113472 0.233600
 268.000000 69.861892 0.276289 72.171319 0.249878
 269.000000 67.014115 0.325454 71.933832 0.259825
 270.000000 67.450565 0.268065 70.808291 0.200651
 271.000000 71.275032 0.128431 66.795133 0.364840
 272.000000 68.584753 0.314570 73.361578 0.209993
 273.000000 71.452316 0.299895 74.737966 0.247870
 274.000000 71.555995 0.267679 75.028674 0.183244
 275.000000 71.572424 0.255039 71.573200 0.282653
 276.000000 67.278553 0.294373 72.139413 0.195173
 277.000000 59.368535 0.525169 76.401882 0.111519
 278.000000 59.338604 0.540648 76.418827 0.184063
 279.000000 58.047524 0.576994 77.480794 0.162410
 280.000000 56.498748 0.571249 78.414501 0.131876
 281.000000 59.179881 0.526714 75.631962 0.161375
 282.000000 65.731628 0.260361 67.933413 0.274581
 283.000000 67.289100 0.307380 73.348123 0.187723
 284.000000 62.845024 0.351234 69.406637 0.215897
 285.000000 64.108251 0.394463 71.796819 0.218337
 286.000000 66.651261 0.305219 71.527572 0.199828
 287.000000 70.829356 0.212382 70.642218 0.295782
 288.000000 67.463054 0.253192 69.709990 0.269198
 289.000000 70.070622 0.211691 71.174356 0.252264
 290.000000 65.287872 0.335713 71.800394 0.216783
 291.000000 73.361280 0.123444 68.123812 0.336116
 292.000000 72.855102 0.116093 68.895184 0.351881
 293.000000 72.424991 0.187572 69.496050 0.313878
 294.000000 69.840643 0.142317 68.097875 0.316481
 295.000000 71.199518 0.175238 68.674233 0.307730
 296.000000 71.591723 0.161182 69.114958 0.316111
 297.000000 73.834977 0.060600 67.330047 0.368660
 298.000000 72.514645 0.130758 69.380991 0.304886
 299.000000 73.244207 0.223658 73.597552 0.249851
 300.000000 70.874927 0.194152 69.505709 0.305398
 301.000000 72.957232 0.139912 68.437992 0.349577
 302.000000 67.202022 0.217099 69.102243 0.264702
 303.000000 69.145060 0.228371 69.918739 0.281636
 304.000000 66.800019 0.204772 66.917973 0.297818
 305.000000 71.557629 0.179436 70.368244 0.290979
 306.000000 69.531825 0.209715 69.577955 0.266524
 307.000000 66.503705 0.248043 69.042852 0.242830
 308.000000 70.772723 0.187381 70.833465 0.317653
 309.000000 72.349116 0.194217 70.011620 0.340249
 310.000000 73.256685 0.157335 70.427576 0.334613
 311.000000 74.242974 0.093437 68.563599 0.386432
 312.000000 71.656362 0.206016 71.112022 0.288084
 313.000000 74.222677 0.074918 68.448924 0.366198
 314.000000 71.687742 0.188437 69.995050 0.305618
 315.000000 73.422095 0.065520 58.682600 0.557340
 316.000000 62.846754 0.421381 73.285207 0.198382
 317.000000 56.197168 0.589173 76.593403 0.127333
 318.000000 56.836489 0.561240 73.410401 0.151270
 319.000000 63.739131 0.500569 78.624392 0.132867
 320.000000 64.971480 0.459523 74.729722 0.205611
 321.000000 57.031328 0.548499 74.214480 0.162690
 322.000000 57.251079 0.570995 77.442293 0.172501
 323.000000 61.191615 0.487310 74.198547 0.214203
 324.000000 63.350259 0.477855 74.859250 0.177905
 325.000000 56.622025 0.556720 73.345047 0.188837
 326.000000 64.829770 0.459943 74.793780 0.246200
 327.000000 53.878085 0.614328 74.363777 0.142898
 328.000000 52.798445 0.642668 76.219860 0.168080
 329.000000 60.355992 0.489139 73.294460 0.196712
 330.000000 58.378915 0.567760 77.087960 0.172439
 331.000000 58.594195 0.519879 74.574602 0.201797
 332.000000 60.704818 0.443042 70.039436 0.265313
 333.000000 72.948844 0.076212 67.730733 0.346817
 334.000000 69.221912 0.206396 68.608098 0.298141
 335.000000 72.835182 0.155975 70.048097 0.311580
 336.000000 72.316099 0.194015 69.822555 0.312488
 337.000000 68.294992 0.296166 72.291037 0.215097
 338.000000 64.903003 0.324980 70.817533 0.197852
 339.000000 67.122856 0.244771 69.066526 0.247621
 340.000000 69.979258 0.169091 69.202816 0.302552
 341.000000 72.707317 0.094196 67.392396 0.342373
 342.000000 62.894983 0.402693 72.457790 0.215157
 343.000000 67.008908 0.203812 67.752848 0.258205
 344.000000 68.178555 0.285801 71.979415 0.260542
 345.000000 71.104032 0.201216 70.134606 0.274963
 346.000000 68.748750 0.254248 71.203716 0.243406
 347.000000 69.229170 0.122420 65.090483 0.345001
 348.000000 73.777274 0.088830 64.801242 0.408375
 349.000000 70.186337 0.211673 69.551408 0.277024
 350.000000 68.453331 0.212982 69.807755 0.266722
 351.000000 69.357126 0.156748 67.040595 0.312302
 352.000000 67.954360 0.318217 71.654650 0.215043
 353.000000 62.479087 0.494609 77.634115 0.165290
 354.000000 67.736309 0.333405 71.772606 0.237342
 355.000000 60.336714 0.516854 74.533982 0.176636
 356.000000 62.820566 0.419828 72.632088 0.167224
 357.000000 61.976915 0.395713 73.016686 0.146711
 358.000000 65.275585 0.297157 71.584823 0.165338
 359.000000 63.615552 0.342518 70.373932 0.226077
 360.000000 69.433921 0.153611 67.751272 0.295272
 361.000000 73.155904 0.166923 70.152349 0.320088
 362.000000 73.500423 0.171475 69.800589 0.350914
 363.000000 67.241824 0.235662 69.498906 0.264761
 364.000000 72.704376 0.192263 70.922204 0.307024
 365.000000 71.949531 0.151875 68.863859 0.327168
 366.000000 69.633733 0.162502 67.939587 0.298832
 367.000000 71.956090 0.146564 68.450360 0.321372
 368.000000 66.483387 0.315799 72.248418 0.221182
 369.000000 74.094939 0.153027 70.890538 0.311724
 370.000000 66.601231 0.272504 70.140800 0.217046
 371.000000 63.136380 0.363657 70.931763 0.236290
 372.000000 62.442662 0.374000 68.412770 0.277703
 373.000000 57.906133 0.527225 73.909532 0.203611
 374.000000 62.560906 0.493274 76.755175 0.162798
 375.000000 65.250604 0.359072 75.202615 0.163521
 376.000000 63.596970 0.344847 69.580364 0.238781
 377.000000 66.966034 0.329573 74.158807 0.177965
 378.000000 69.331640 0.187744 67.446370 0.322280
 379.000000 68.002114 0.202386 68.279568 0.289762
 380.000000 71.019678 0.105141 66.284640 0.370670
 381.000000 69.818948 0.293819 72.929395 0.243588
 382.000000 74.046888 0.232532 67.239776 0.456405
 383.000000 72.761824 0.262104 71.837732 0.325452
 384.000000 72.588252 0.273639 72.859678 0.250222
 385.000000 70.768716 0.232774 71.177268 0.252175
 386.000000 66.854518 0.286918 73.646927 0.169034
 387.000000 71.685733 0.118472 68.508768 0.341275
 388.000000 73.235865 0.165152 69.357914 0.348244
 389.000000 68.430858 0.256122 69.995695 0.257724
 390.000000 72.546298 0.236580 71.913337 0.245711
 391.000000 72.384307 0.072421 66.042920 0.352719
 392.000000 70.060114 0.161618 69.736111 0.310237
 393.000000 65.853952 0.271144 67.934611 0.284754
 394.000000 71.129742 0.232218 70.931984 0.253318
 395.000000 73.003791 0.070397 67.516392 0.371783
 396.000000 70.590099 0.262523 72.847511 0.264406
 397.000000 73.255946 0.179826 70.104868 0.323966
 398.000000 68.178482 0.269725 71.243358 0.248805
 399.000000 73.294662 0.226979 67.664264 0.428275
 400.000000 72.538716 0.249629 69.733521 0.337790
 401.000000 68.942874 0.302532 71.068251 0.317379
 402.000000 73.604921 0.270894 70.393756 0.391097
 403.000000 66.638843 0.219971 64.900474 0.343907
 404.000000 66.505902 0.249162 69.612920 0.198345
 405.000000 72.894720 0.199225 73.899773 0.239281
 406.000000 66.633067 0.217494 67.228490 0.294604
 407.000000 69.933890 0.143344 66.498592 0.329162
 408.000000 71.423489 0.211930 71.102979 0.308467
 409.000000 75.130231 0.140739 71.215846 0.310423
 410.000000 72.056864 0.163370 67.466139 0.383088
 411.000000 73.453032 0.161997 71.491322 0.303816
 412.000000 63.330401 0.397320 71.005191 0.259455
 413.000000 56.305253 0.609323 77.956128 0.125086
 414.000000 68.313247 0.350316 71.038135 0.271905
 415.000000 66.877714 0.374697 71.945089 0.229760
 416.000000 68.342267 0.367305 72.991042 0.242198
 417.000000 64.172161 0.436304 72.442354 0.254646
 418.000000 54.212667 0.617904 75.932948 0.146188
 419.000000 55.362608 0.625625 77.944395 0.125696
 420.000000 59.199457 0.520561 74.891257 0.164919
 421.000000 55.499225 0.575120 77.768515 0.082572
 422.000000 62.854764 0.475205 74.035246 0.232402
 423.000000 59.113686 0.508825 72.656384 0.201294
 424.000000 64.517208 0.427532 75.445702 0.166973
 425.000000 66.060507 0.412579 73.655102 0.233178
 426.000000 69.253978 0.364260 76.396120 0.176895
 427.000000 63.538158 0.423049 72.612829 0.208494
 428.000000 70.408933 0.309895 74.890515 0.187126
 429.000000 73.102679 0.259079 70.729343 0.287519
 430.000000 67.983579 0.355560 70.648633 0.273541
 431.000000 70.664719 0.302479 71.731990 0.273782
 432.000000 68.887994 0.331164 71.749299 0.215739
 433.000000 70.512860 0.301519 74.016088 0.184855
 434.000000 74.411635 0.147367 69.572652 0.322903
 435.000000 67.272892 0.375410 71.191900 0.261699
 436.000000 70.081567 0.297720 71.996124 0.241491
 437.000000 66.928010 0.348238 72.818834 0.189260
 438.000000 69.801223 0.328579 73.444923 0.283902
 439.000000 74.017682 0.170744 70.804598 0.279306
 440.000000 71.910726 0.208359 71.759673 0.240376
 441.000000 73.079235 0.186021 70.357301 0.281528
 442.000000 68.750603 0.343835 70.944881 0.297528
 443.000000 66.485545 0.364685 71.108729 0.250395
 444.000000 66.597159 0.399872 73.762022 0.192175
 445.000000 73.009285 0.212321 71.796676 0.251026
 446.000000 63.702119 0.394559 71.820031 0.165140
 447.000000 75.683227 0.154858 72.086415 0.293095
 448.000000 73.331417 0.234076 74.142699 0.225642
 449.000000 62.845520 0.386597 70.338290 0.200117
 450.000000 73.570180 0.251570 71.912046 0.303022
 451.000000 71.643247 0.278030 74.370297 0.222026
 452.000000 74.893219 0.135760 68.842908 0.338316
 453.000000 74.717966 0.164293 70.808745 0.304928
 454.000000 74.165438 0.189188 72.285887 0.249604
 455.000000 74.317592 0.153667 70.257410 0.302127
 456.000000 74.633254 0.239302 74.996451 0.234984
 457.000000 74.970477 0.239914 73.099774 0.267752
 458.000000 67.523948 0.391452 74.901928 0.194522
 459.000000 58.367907 0.497843 72.623976 0.208612
 460.000000 61.460094 0.529512 75.770872 0.212967
 461.000000 59.927564 0.560298 78.663360 0.131315
 462.000000 59.012296 0.595183 79.719716 0.163570
 463.000000 60.118055 0.540150 76.224431 0.181578
 464.000000 65.987942 0.369479 70.324718 0.322653
 465.000000 71.734743 0.275315 72.136463 0.251915
 466.000000 75.502774 0.150588 70.660600 0.284177
 467.000000 74.214226 0.164256 70.129776 0.301375
 468.000000 72.450709 0.226018 70.700185 0.294662
 469.000000 71.889862 0.317679 73.039289 0.244534
 470.000000 71.845938 0.263264 72.917372 0.209014
 471.000000 72.195903 0.272582 71.947233 0.243347
 472.000000 55.387623 0.595681 74.071925 0.176739
 473.000000 54.250942 0.616774 78.103590 0.098158
 474.000000 61.078830 0.440239 72.402864 0.187692
 475.000000 60.420126 0.440478 69.235550 0.232512
 476.000000 64.949594 0.397546 71.688211 0.252773
 477.000000 62.943449 0.363297 69.144892 0.274438
 478.000000 62.969286 0.421922 74.033667 0.182505
 479.000000 61.050062 0.495829 70.579626 0.256480
 480.000000 66.762421 0.224723 67.356816 0.278306
 481.000000 63.899829 0.353507 70.600444 0.199146
 482.000000 68.230244 0.271736 71.520493 0.223310
 483.000000 69.501035 0.188690 68.572582 0.275086
 484.000000 73.433828 0.092154 68.755183 0.343497
 485.000000 72.770023 0.186074 71.716309 0.303465
 486.000000 75.384998 0.067797 68.642502 0.388660
 487.000000 72.320718 0.161212 69.247953 0.309009
 488.000000 68.809970 0.156322 66.921796 0.316967
 489.000000 73.505679 0.128435 68.389733 0.367095
 490.000000 74.938224 0.112925 67.604567 0.386380
 491.000000 70.213888 0.178099 69.186553 0.279063
 492.000000 69.506720 0.266934 71.805544 0.207380
 493.000000 67.090662 0.291205 71.618475 0.227895
 494.000000 64.989718 0.331829 70.843711 0.230953
 495.000000 65.512621 0.319775 72.571575 0.178696
 496.000000 60.695010 0.474096 72.111450 0.214492
 497.000000 63.546887 0.473420 72.408457 0.300973
 498.000000 57.462579 0.563254 75.078375 0.169532
 499.000000 60.204853 0.554076 77.577081 0.150515
 500.000000 56.199703 0.554808 75.941912 0.132981
 501.000000 66.266002 0.302482 69.657724 0.253688
 502.000000 68.455244 0.220007 68.164885 0.250188
 503.000000 57.476733 0.551461 75.200046 0.158673
 504.000000 61.589577 0.415319 67.375853 0.282922
 505.000000 56.661077 0.595586 78.984379 0.118652
 506.000000 59.490244 0.476547 73.281025 0.167461
 507.000000 70.539176 0.247330 73.469489 0.263748
 508.000000 76.297171 0.113780 70.591278 0.358992
 509.000000 69.576600 0.152490 68.450125 0.312681
 510.000000 64.366593 0.288069 66.984402 0.279707
 511.000000 67.362264 0.316067 72.830877 0.219226
 512.000000 63.311690 0.394708 73.949835 0.166587
 513.000000 56.403059 0.527566 75.076663 0.125789
 514.000000 59.544023 0.451721 73.218997 0.152916
 515.000000 73.321905 0.121533 68.699764 0.346495
 516.000000 75.950373 0.119590 70.476077 0.356235
 517.000000 68.765412 0.140459 66.760589 0.342404
 518.000000 70.815122 0.082291 65.636905 0.380585
 519.000000 71.613696 0.161234 70.374396 0.302245
 520.000000 68.650420 0.181745 67.610081 0.299096
 521.000000 68.446061 0.165441 66.669147 0.291035
 522.000000 71.862326 0.119264 67.130761 0.361654
 523.000000 75.168907 0.122779 69.715055 0.346359
 524.000000 72.120833 0.083322 65.078292 0.404972
 525.000000 74.551950 0.064878 67.876099 0.376786
 526.000000 65.325261 0.302266 70.242801 0.206673
 527.000000 65.945094 0.251653 67.394893 0.251348
 528.000000 67.819427 0.242843 69.945603 0.256317
 529.000000 67.561589 0.274836 69.877976 0.271501
 530.000000 65.977004 0.355137 73.708544 0.189770
 531.000000 62.428631 0.436949 71.648855 0.280585
 532.000000 64.815708 0.428795 75.032519 0.200907
 533.000000 68.040227 0.396134 75.971763 0.186581
 534.000000 73.856863 0.213548 71.631175 0.259278
 535.000000 68.961752 0.376636 74.766808 0.205579
 536.000000 65.694786 0.432027 75.420834 0.205153
 537.000000 70.010565 0.346122 75.403223 0.190248
 538.000000 74.370345 0.251637 74.319458 0.220707
 539.000000 70.820949 0.305072 73.777405 0.242801
 540.000000 74.009073 0.206886 71.906276 0.278264
 541.000000 73.221199 0.198781 70.026746 0.287754
 542.000000 74.613221 0.084063 67.627703 0.369742
 543.000000 76.431844 0.158656 70.858508 0.317312
 544.000000 74.745841 0.149309 70.419924 0.308719
 545.000000 74.081594 0.209616 72.509597 0.268209
 546.000000 73.543591 0.217989 72.293238 0.255989
 547.000000 71.506213 0.238663 71.751658 0.227931
 548.000000 72.165405 0.169908 69.209394 0.294668
 549.000000 75.870188 0.128544 69.453363 0.320421
 550.000000 67.146934 0.360848 72.653769 0.183423
 551.000000 70.116843 0.305819 72.816204 0.231644
 552.000000 72.693726 0.271778 73.684477 0.228388
 553.000000 66.267772 0.414313 73.883602 0.222488
 554.000000 74.009767 0.206339 71.666067 0.280432
 555.000000 68.114862 0.362554 74.867917 0.207302
 556.000000 74.539656 0.215380 71.242637 0.279457
 557.000000 71.799200 0.247864 71.350253 0.245133
 558.000000 71.434240 0.299130 73.334213 0.230006
 559.000000 69.601667 0.336160 74.276153 0.172860
 560.000000 67.255502 0.351454 71.897037 0.217920
 561.000000 74.244585 0.139839 68.270443 0.319873
 562.000000 74.420881 0.148084 68.460579 0.335633
 563.000000 75.416863 0.152013 72.197320 0.289442
 564.000000 73.031193 0.221676 73.236560 0.239085
 565.000000 74.669992 0.188956 70.509059 0.309079
 566.000000 74.929963 0.243500 75.561809 0.220169
 567.000000 65.917695 0.381359 73.869156 0.171799
 568.000000 67.712048 0.393701 74.716852 0.267424
 569.000000 65.926292 0.429872 74.734605 0.197022
 570.000000 65.593451 0.449639 76.130513 0.192387
 571.000000 63.323309 0.449521 73.035245 0.196472
 572.000000 52.984756 0.629395 74.959758 0.170155
 573.000000 54.665441 0.621423 74.789052 0.170468
 574.000000 50.558643 0.665925 76.453566 0.112604
 575.000000 51.252647 0.637278 74.267670 0.149871
 576.000000 50.341405 0.671356 74.641890 0.158741
 577.000000 50.814659 0.664089 76.816939 0.128111
 578.000000 55.390933 0.580235 72.087674 0.197332
 579.000000 50.159303 0.677607 73.958675 0.165380
 580.000000 47.942622 0.711431 73.360545 0.193713
 581.000000 50.009026 0.721310 73.506521 0.220235
 582.000000 45.175276 0.767343 73.515419 0.197280
 583.000000 49.476811 0.708974 73.111096 0.222317
 584.000000 44.261343 0.810388 75.993029 0.168306
 585.000000 46.441333 0.763056 74.922160 0.173661
 586.000000 51.549350 0.679438 73.593311 0.231452
 587.000000 57.633366 0.627076 73.411032 0.262235
 588.000000 61.135364 0.440489 72.216814 0.217770
 589.000000 61.083210 0.421660 69.273430 0.268405
 590.000000 68.351282 0.276783 70.998378 0.216489
 591.000000 65.562930 0.302683 70.761890 0.223462
 592.000000 69.466115 0.283045 69.916538 0.233381
 593.000000 71.645671 0.165358 70.072301 0.306896
 594.000000 68.541734 0.231222 69.529572 0.275660
 595.000000 65.409611 0.269379 67.734730 0.270237
 596.000000 67.044177 0.221310 67.490435 0.297247
 597.000000 66.402813 0.234032 65.546435 0.314590
 598.000000 65.470527 0.294366 70.213593 0.215564
 599.000000 64.199128 0.376997 70.497537 0.248534
 600.000000 69.078479 0.253094 70.474337 0.293214
 601.000000 70.060725 0.231371 70.471657 0.275593
 602.000000 64.678667 0.331498 70.980794 0.212428
 603.000000 73.842212 0.077025 67.056292 0.383448
 604.000000 68.791682 0.190379 66.687631 0.321492
 605.000000 71.227062 0.135629 67.402786 0.341458
 606.000000 67.649642 0.237885 68.652471 0.288881
 607.000000 73.293814 0.073034 67.573391 0.374846
 608.000000 67.802709 0.166979 65.700744 0.324493
 609.000000 73.222259 0.037833 65.067122 0.390028
 610.000000 71.705389 0.115682 66.294847 0.358079
 611.000000 74.211203 0.103446 67.765028 0.370314
 612.000000 64.675488 0.297272 69.588524 0.222568
 613.000000 67.134926 0.220646 67.859361 0.286912
 614.000000 71.855230 0.130959 68.699506 0.318658
 615.000000 69.770332 0.156923 67.590289 0.296164
 616.000000 67.912928 0.186693 68.157632 0.275906
 617.000000 66.816127 0.312634 72.439633 0.167718
 618.000000 67.961816 0.162494 65.647147 0.333754
 619.000000 67.211044 0.236030 70.651706 0.236091
 620.000000 63.604408 0.344105 71.042601 0.178642
 621.000000 67.490901 0.289652 71.144543 0.230619
 622.000000 72.893123 0.055153 66.867225 0.388164
 623.000000 75.743265 0.064125 67.766261 0.401446
 624.000000 66.441655 0.304819 71.838596 0.178573
 625.000000 67.198228 0.335350 74.542677 0.169553
 626.000000 69.958669 0.144623 67.053704 0.359420
 627.000000 68.615773 0.164059 67.236898 0.311462
 628.000000 66.614440 0.236003 67.604340 0.270960
 629.000000 63.936814 0.296546 67.757382 0.236634
 630.000000 65.133367 0.305697 67.148725 0.266828
 631.000000 67.016100 0.274580 69.342657 0.229720
 632.000000 63.790683 0.346836 69.920480 0.204090
 633.000000 60.962033 0.426503 70.013193 0.254416
 634.000000 62.807693 0.375732 70.872322 0.224923
 635.000000 64.128666 0.332926 66.783406 0.301620
 636.000000 71.356914 0.219660 70.498265 0.278846
 637.000000 68.187165 0.307452 73.491553 0.231752
 638.000000 68.169408 0.185566 66.086344 0.302894
 639.000000 69.845073 0.150338 66.953779 0.339510
 640.000000 69.895313 0.207392 70.943035 0.284162
 641.000000 66.556170 0.272313 68.408270 0.294701
 642.000000 68.639198 0.142551 64.597282 0.371698
 643.000000 71.104478 0.194201 69.997148 0.296594
 644.000000 70.531086 0.120533 65.807984 0.354782
 645.000000 73.686775 0.171273 71.200368 0.273610
 646.000000 69.580464 0.213186 69.290264 0.264194
 647.000000 66.897754 0.262290 69.997476 0.237818
 648.000000 72.826947 0.058689 66.086861 0.378642
 649.000000 67.505451 0.181728 64.725845 0.311897
 650.000000 61.174189 0.466766 74.017782 0.189564
 651.000000 66.711372 0.242276 67.725933 0.274872
 652.000000 72.245480 0.184939 69.926833 0.314565
 653.000000 72.708191 0.140374 67.884246 0.350313
 654.000000 70.310292 0.131780 66.464035 0.318223
 655.000000 63.182195 0.344542 70.919641 0.208458
 656.000000 69.505578 0.192951 68.867938 0.295509
 657.000000 71.528967 0.071865 66.182821 0.341591
 658.000000 64.660995 0.397890 73.524283 0.247983
 659.000000 67.508651 0.220650 68.030250 0.234091
 660.000000 69.682589 0.175940 68.257980 0.311667
 661.000000 75.404579 0.118024 69.875677 0.356752
 662.000000 64.118455 0.254237 65.720738 0.282081
 663.000000 72.656940 0.191263 70.758361 0.299229
 664.000000 63.824188 0.266782 67.711856 0.242274
 665.000000 69.191127 0.134898 65.811740 0.334602
 666.000000 74.740952 0.060723 67.831162 0.388108
 667.000000 66.912854 0.263073 69.535172 0.281183
 668.000000 69.651247 0.134471 66.428450 0.357205
 669.000000 69.086752 0.205167 69.711538 0.263821
 670.000000 75.047829 0.106990 67.683337 0.403091
 671.000000 68.285494 0.189376 67.682817 0.304853
 672.000000 72.374778 0.103265 66.349520 0.377765
 673.000000 74.304300 0.045143 66.602620 0.384040
 674.000000 72.490457 0.155641 69.836381 0.294537
 675.000000 71.936830 0.165546 67.839380 0.337221
 676.000000 62.979233 0.388004 69.273292 0.241525
 677.000000 70.211787 0.246352 73.297154 0.250592
 678.000000 70.327436 0.125319 68.195087 0.315936
 679.000000 71.739618 0.053831 64.114574 0.397550
 680.000000 67.966238 0.243654 69.925206 0.242946
 681.000000 63.051443 0.382420 71.569215 0.225207
 682.000000 67.912799 0.193126 68.802815 0.268665
 683.000000 70.301233 0.142363 68.117167 0.314641
 684.000000 69.511938 0.141590 66.432235 0.318892
 685.000000 69.084673 0.240991 70.541289 0.272159
 686.000000 59.076480 0.508098 73.806912 0.190401
 687.000000 59.969913 0.531460 77.167094 0.175871
 688.000000 61.676853 0.447095 72.371593 0.238863
 689.000000 60.753809 0.492558 74.302642 0.165055
 690.000000 66.715842 0.415376 75.748761 0.183736
 691.000000 69.352910 0.360831 73.631518 0.209245
 692.000000 58.549059 0.491005 72.345366 0.197076
 693.000000 64.954291 0.450281 72.371270 0.247166
 694.000000 66.162160 0.212431 66.945425 0.275482
 695.000000 68.952948 0.160860 64.578036 0.344806
 696.000000 70.775864 0.165353 68.582545 0.291428
 697.000000 72.620723 0.093559 67.637332 0.351034
 698.000000 72.345616 0.175542 69.295893 0.317138
 699.000000 70.631910 0.167906 68.245269 0.301105
 700.000000 72.070989 0.176582 70.024908 0.286561
 701.000000 69.907018 0.124989 67.314543 0.334708
 702.000000 70.708087 0.107730 65.349057 0.359126
 703.000000 68.256764 0.247780 67.530771 0.321778
 704.000000 64.217343 0.300323 68.798282 0.211934
 705.000000 63.208376 0.386581 72.820802 0.175460
 706.000000 62.895469 0.418557 72.352691 0.197675
 707.000000 64.709735 0.291754 67.046268 0.268999
 708.000000 60.509992 0.464016 75.352402 0.127114
 709.000000 60.229085 0.488510 71.488562 0.249716
 710.000000 60.061980 0.495527 72.307769 0.213494
 711.000000 60.268267 0.560225 79.161954 0.145447
 712.000000 61.292213 0.534412 78.518823 0.127652
 713.000000 56.686433 0.576380 75.455363 0.161719
 714.000000 57.064623 0.499395 68.549881 0.239428
 715.000000 56.104099 0.527978 73.239696 0.179192
 716.000000 54.418258 0.621694 78.357989 0.154954
 717.000000 62.042539 0.477668 72.917320 0.213212
 718.000000 62.105461 0.455526 73.738625 0.219981
 719.000000 55.626240 0.593855 77.836948 0.138015
 720.000000 61.535277 0.510596 78.269218 0.135764
 721.000000 71.872514 0.296764 73.654715 0.219608
 722.000000 69.113433 0.335681 73.616500 0.217346
 723.000000 71.509413 0.315963 74.843730 0.200727
 724.000000 73.997450 0.219937 73.295602 0.233369
 725.000000 76.023767 0.146795 71.954673 0.292592
 726.000000 74.579930 0.174583 71.516829 0.291526
 727.000000 76.569798 0.152680 71.007038 0.329724
 728.000000 74.968562 0.152117 69.707932 0.318969
 729.000000 76.255519 0.148398 71.069922 0.326701
 730.000000 74.586894 0.196095 72.084307 0.278106
 731.000000 73.625852 0.262113 76.144813 0.200975
 732.000000 75.646368 0.155115 71.607173 0.301759
 733.000000 69.477243 0.351935 75.095899 0.169903
 734.000000 62.608282 0.401941 71.160358 0.181953
 735.000000 57.241475 0.568016 76.317060 0.131564
 736.000000 60.110782 0.445343 67.981545 0.273528
 737.000000 62.424942 0.461454 74.251947 0.191694
 738.000000 63.105780 0.335703 66.092751 0.295462
 739.000000 69.244028 0.342701 73.925793 0.192829
 740.000000 68.989254 0.373344 74.082500 0.199762
 741.000000 72.518112 0.238113 70.669207 0.287728
 742.000000 76.121228 0.115860 69.515947 0.354842
 743.000000 69.510720 0.304911 72.308277 0.230240
 744.000000 75.435444 0.189118 72.842052 0.260922
 745.000000 72.816532 0.106927 67.761590 0.335748
 746.000000 74.355781 0.242683 71.535854 0.283465
 747.000000 74.972954 0.217351 73.845458 0.265663
 748.000000 70.399683 0.340816 77.026033 0.186738
 749.000000 72.536273 0.305984 74.845901 0.237994
 750.000000 68.957454 0.354941 76.173708 0.154516
 751.000000 64.936830 0.446528 76.348647 0.169046
 752.000000 63.790649 0.451836 74.984446 0.197585
 753.000000 67.295061 0.317027 72.064376 0.199002
 754.000000 71.733298 0.286460 69.865000 0.348149
 755.000000 66.583264 0.384129 72.865642 0.239341
 756.000000 73.492028 0.202711 71.376462 0.247334
 757.000000 71.768413 0.257268 72.909234 0.222143
 758.000000 70.916457 0.275637 72.361801 0.234055
 759.000000 72.874350 0.235012 71.801318 0.266827
 760.000000 73.990129 0.243488 73.254853 0.247376
 761.000000 73.789204 0.287146 72.350994 0.346468
 762.000000 69.409597 0.317992 72.297967 0.214502
 763.000000 75.348854 0.110515 67.969373 0.339678
 764.000000 74.932720 0.195470 72.133697 0.285527
 765.000000 73.746576 0.264472 71.465858 0.327324
 766.000000 69.639543 0.342460 73.439758 0.202512
 767.000000 72.934473 0.230560 71.891830 0.252476
 768.000000 74.996965 0.218164 74.377945 0.225590
 769.000000 74.756386 0.144117 69.843064 0.307237
 770.000000 74.411440 0.160427 70.086334 0.313346
 771.000000 76.701249 0.153782 69.766113 0.336563
 772.000000 73.878477 0.212715 73.129477 0.239512
 773.000000 72.543270 0.182593 70.163054 0.287110
 774.000000 76.414477 0.108922 71.488408 0.334379
 775.000000 74.854985 0.104499 67.358041 0.360026
 776.000000 76.356181 0.092966 69.636200 0.360394
 777.000000 75.240956 0.152640 70.748047 0.318203
 778.000000 75.340967 0.158636 70.980181 0.324996
 779.000000 68.561751 0.345975 73.587671 0.222153
 780.000000 65.505884 0.426177 74.906920 0.224375
 781.000000 63.420445 0.466565 74.697980 0.187575
 782.000000 74.122090 0.240700 73.273860 0.228632
 783.000000 76.067307 0.119206 70.412327 0.331900
 784.000000 74.670775 0.161793 70.209002 0.310818
 785.000000 74.631030 0.170490 71.373472 0.305074
 786.000000 73.777362 0.148954 67.951579 0.310303
 787.000000 75.980344 0.170871 72.045942 0.310286
 788.000000 72.095000 0.204619 70.118512 0.255274
 789.000000 74.872049 0.095425 68.900669 0.345999
 790.000000 71.775879 0.269215 73.560826 0.210743
 791.000000 72.502787 0.291332 74.512194 0.216542
 792.000000 71.531177 0.258322 71.439553 0.240334
 793.000000 62.569387 0.518007 77.585543 0.142157
 794.000000 69.010616 0.351501 74.755946 0.212080
 795.000000 58.594532 0.521892 75.136828 0.161475
 796.000000 58.341633 0.561798 77.407946 0.146445
 797.000000 62.708353 0.466980 75.606048 0.196051
 798.000000 59.430696 0.454922 69.925201 0.276828
 799.000000 58.197939 0.538201 76.441040 0.134301
 800.000000 59.623773 0.534946 74.901136 0.199255
 801.000000 58.204479 0.590776 77.415002 0.155597
 802.000000 62.604893 0.402814 70.893529 0.203689
 803.000000 62.786709 0.461479 74.377193 0.176898
 804.000000 63.784813 0.499446 77.777512 0.166264
 805.000000 58.277533 0.563430 76.216526 0.166415
 806.000000 57.017769 0.522496 72.620123 0.188371
 807.000000 67.096127 0.255791 69.409025 0.263665
 808.000000 66.763396 0.222456 67.667165 0.275658
 809.000000 72.052535 0.137958 68.307218 0.350350
 810.000000 70.172513 0.107974 65.487300 0.368949
 811.000000 70.281182 0.184759 68.184700 0.343023
 812.000000 74.735663 0.071412 67.526350 0.389535
 813.000000 64.831530 0.318029 70.959965 0.207406
 814.000000 61.957057 0.425776 70.896270 0.243826
 815.000000 68.543683 0.261802 72.011717 0.251858
 816.000000 68.435278 0.304570 72.602756 0.225397
 817.000000 66.529625 0.210120 66.797182 0.281608
 818.000000 65.861449 0.292867 69.647489 0.244671
 819.000000 65.138937 0.334065 71.805360 0.189328
 820.000000 62.236462 0.393585 71.243439 0.202519
 821.000000 69.272126 0.169645 67.077531 0.302358
 822.000000 65.180814 0.313282 69.802288 0.229970
 823.000000 69.827886 0.180125 69.767947 0.300640
 824.000000 68.002612 0.144887 65.171877 0.333437
 825.000000 66.941778 0.230628 67.676870 0.260858
 826.000000 66.765103 0.345086 71.251248 0.245558
 827.000000 56.155076 0.540836 73.658198 0.182509
 828.000000 61.438761 0.514943 76.140946 0.214896
 829.000000 57.721997 0.591412 75.232663 0.191512
 830.000000 64.020739 0.474664 78.424021 0.158677
 831.000000 58.248496 0.508572 72.067384 0.211338
 832.000000 64.569290 0.402159 72.702340 0.215102
 833.000000 65.524014 0.383024 71.566525 0.231356
 834.000000 55.830510 0.554696 72.309288 0.183360
 835.000000 65.877985 0.326557 70.944943 0.239822
 836.000000 67.230889 0.234644 68.143238 0.296025
 837.000000 66.288078 0.266660 68.375787 0.268511
 838.000000 69.749910 0.271136 72.300273 0.249258
 839.000000 64.245723 0.320080 70.859354 0.174277
 840.000000 60.550790 0.438085 72.426517 0.162752
 841.000000 59.747534 0.487825 74.345748 0.195400
 842.000000 69.499033 0.152453 68.246136 0.273753
 843.000000 74.936345 0.067390 67.527701 0.401361
 844.000000 60.951073 0.426883 69.281227 0.269349
 845.000000 59.704731 0.493913 70.245351 0.253844
 846.000000 62.363322 0.370825 70.762150 0.211285
 847.000000 61.393341 0.410540 69.332617 0.268224
 848.000000 69.133869 0.248374 69.238005 0.286773
 849.000000 64.892829 0.285456 70.224567 0.204346
 850.000000 68.339185 0.243889 69.497513 0.246132
 851.000000 66.353104 0.322653 71.815192 0.190329
 852.000000 63.989329 0.324474 70.737327 0.228821
 853.000000 57.971788 0.546226 76.124870 0.123322
 854.000000 56.257243 0.546904 75.459238 0.121682
 855.000000 61.208637 0.548819 78.162922 0.152874
 856.000000 50.100992 0.642428 74.337634 0.119016
 857.000000 54.873563 0.588668 74.932391 0.163676
 858.000000 59.333916 0.512721 73.887477 0.162158
 859.000000 66.012910 0.297499 71.550458 0.200648
 860.000000 70.579698 0.122314 66.697825 0.341677
 861.000000 67.594736 0.199991 65.587544 0.314638
 862.000000 67.851426 0.288958 71.729169 0.254309
 863.000000 68.296276 0.173088 66.757985 0.326193
 864.000000 71.550304 0.255718 73.855164 0.254820
 865.000000 69.630273 0.265717 72.533214 0.230014
 866.000000 76.396759 0.110330 62.970556 0.503036
 867.000000 73.354710 0.128914 66.386046 0.396987
 868.000000 74.974509 0.111418 70.062700 0.345943
 869.000000 71.088782 0.159384 67.781664 0.321433
 870.000000 63.390788 0.400996 73.094437 0.208980
 871.000000 55.563351 0.565951 74.284258 0.149149
 872.000000 55.653576 0.591279 75.044500 0.188975
 873.000000 55.879742 0.526239 73.100243 0.156369
 874.000000 55.213620 0.587684 72.848724 0.206295
 875.000000 60.995305 0.450579 71.142637 0.193652
 876.000000 55.816048 0.561387 73.535681 0.196135
 877.000000 53.843462 0.634571 76.958358 0.114474
 878.000000 54.041301 0.593411 75.295571 0.148475
 879.000000 56.443545 0.547155 75.387622 0.138100
 880.000000 52.876907 0.609304 75.777014 0.109862
 881.000000 57.469925 0.527644 73.263232 0.183982
 882.000000 54.313676 0.571861 74.598787 0.157509
 883.000000 53.316742 0.597814 73.494496 0.164702
 884.000000 55.864870 0.564151 73.729446 0.145450
 885.000000 57.352236 0.531613 73.251870 0.197921
 886.000000 56.371024 0.516513 71.799185 0.174749
 887.000000 53.090648 0.623193 77.055084 0.135742
 888.000000 61.191978 0.532080 79.034605 0.167110
 889.000000 55.132938 0.645947 78.437800 0.090114
 890.000000 54.738784 0.548398 73.461961 0.171216
 891.000000 60.260268 0.489692 73.687581 0.170562
 892.000000 64.800240 0.470979 78.067384 0.132427
 893.000000 59.603110 0.461521 71.420265 0.202525
 894.000000 62.341997 0.449366 72.827571 0.219303
 895.000000 63.100991 0.353405 70.550553 0.229911
 896.000000 72.242106 0.095404 66.060684 0.376157
 897.000000 64.572405 0.308894 69.185536 0.254073
 898.000000 67.945321 0.285393 72.552994 0.198183
 899.000000 66.548118 0.236334 67.712722 0.234613
 900.000000 67.169236 0.313711 70.590404 0.269459
 901.000000 66.931357 0.288735 72.574495 0.192287
 902.000000 70.452095 0.258884 72.159397 0.278364
 903.000000 70.508027 0.184637 70.533949 0.284309
 904.000000 67.969545 0.276254 71.966526 0.218802
 905.000000 71.391087 0.096946 66.177860 0.360397
 906.000000 60.070057 0.453670 70.258776 0.245561
 907.000000 69.476940 0.281495 74.403991 0.174997
 908.000000 62.456006 0.395112 71.589348 0.193871
 909.000000 70.382752 0.080028 64.765173 0.346044
 910.000000 73.750426 0.094745 68.931929 0.363565
 911.000000 68.652726 0.162504 66.324847 0.306775
 912.000000 67.206167 0.224553 66.415611 0.283219
 913.000000 69.386147 0.251122 71.592733 0.228946
 914.000000 72.876437 0.155758 70.524855 0.277612
 915.000000 75.399224 0.070415 67.307310 0.419265
 916.000000 76.578209 0.086927 68.842036 0.384589
 917.000000 71.055404 0.149342 67.095674 0.350379
 918.000000 70.484685 0.149954 66.637451 0.330919
 919.000000 71.025378 0.154660 68.451973 0.308595
 920.000000 72.266794 0.088805 65.330412 0.385065
 921.000000 69.005378 0.222915 71.365379 0.239510
 922.000000 64.788385 0.236577 65.591283 0.288069
 923.000000 68.104244 0.216759 68.708948 0.260508
 924.000000 66.599744 0.313662 72.557048 0.200282
 925.000000 64.260187 0.300492 69.179692 0.208740
 926.000000 66.099911 0.228247 65.835047 0.253594
 927.000000 73.059142 0.196852 70.409643 0.299515
 928.000000 70.042470 0.173227 67.909339 0.325571
 929.000000 67.499549 0.229163 69.319001 0.251163
 930.000000 68.832718 0.177757 66.204487 0.331539
 931.000000 71.587312 0.246852 73.569224 0.224157
 932.000000 66.353061 0.383404 73.312498 0.231073
 933.000000 67.050406 0.397123 71.699570 0.257505
 934.000000 66.437585 0.404240 71.565674 0.250641
 935.000000 65.393913 0.413374 73.602565 0.200649
 936.000000 64.209373 0.448975 73.655700 0.227887
 937.000000 60.988465 0.449997 70.636745 0.249224
 938.000000 61.789024 0.477758 71.810567 0.241788
 939.000000 62.674871 0.398411 70.178973 0.219546
 940.000000 61.250187 0.443624 72.269120 0.236522
 941.000000 54.546935 0.584261 74.159526 0.151110
 942.000000 63.906013 0.366197 73.962867 0.168009
 943.000000 71.722948 0.181218 70.992162 0.276778
 944.000000 69.363757 0.144773 66.111548 0.307467
 945.000000 72.742026 0.129978 69.102908 0.322550
 946.000000 70.177665 0.202163 68.786290 0.296687
 947.000000 73.079653 0.114626 68.797794 0.340079
 948.000000 68.498206 0.156295 63.376484 0.385506
 949.000000 64.913495 0.360715 71.907143 0.226885
 950.000000 63.462820 0.338761 69.613160 0.271680
 951.000000 70.968256 0.078188 65.024456 0.374289
 952.000000 65.988620 0.267955 68.414796 0.270361
 953.000000 55.953706 0.557779 75.543830 0.136771
 954.000000 66.256684 0.412816 73.843585 0.245174
 955.000000 61.937341 0.493426 75.826857 0.160006
 956.000000 56.140380 0.576823 76.312570 0.138196
 957.000000 58.163427 0.549897 77.036041 0.139817
 958.000000 59.405535 0.539582 73.095492 0.246529
 959.000000 68.330094 0.388340 76.173238 0.166450
 960.000000 67.351018 0.398074 74.537529 0.233303
 961.000000 67.680861 0.398656 73.172991 0.244530
 962.000000 65.563868 0.407812 72.543147 0.231278
 963.000000 63.364538 0.458338 72.607545 0.227874
 964.000000 64.116425 0.436948 72.670440 0.247536
 965.000000 51.208665 0.644744 76.402936 0.093488
 966.000000 51.339665 0.650937 78.416010 0.081414
 967.000000 65.071962 0.447150 74.170798 0.275356
 968.000000 60.207372 0.557565 76.863796 0.182806
 969.000000 61.367780 0.499495 75.287527 0.189179
 970.000000 56.493971 0.593808 76.546423 0.131557
 971.000000 56.169518 0.557910 73.677335 0.185661
 972.000000 62.832971 0.505713 76.120347 0.193138
 973.000000 58.263455 0.575377 75.419181 0.193730
 974.000000 64.799858 0.462734 77.071552 0.181976
 975.000000 68.222493 0.403445 76.014031 0.205603
 976.000000 69.574491 0.335602 72.910951 0.251086
 977.000000 70.547332 0.330347 72.308064 0.268311
 978.000000 60.571972 0.492171 75.591613 0.151239
 979.000000 60.922705 0.510383 73.631028 0.205739
 980.000000 50.954765 0.657079 74.961407 0.145191
 981.000000 50.666249 0.663301 75.258718 0.164277
 982.000000 50.330926 0.644877 68.514673 0.276075
 983.000000 53.935829 0.620388 76.454375 0.125830
 984.000000 62.204602 0.496005 77.526093 0.121423
 985.000000 61.414023 0.529033 75.398405 0.189852
 986.000000 54.659353 0.630897 78.916145 0.063631
 987.000000 51.748691 0.690617 77.239489 0.124660
 988.000000 69.417364 0.347085 72.813207 0.251146
 989.000000 68.383692 0.403430 74.608658 0.225508
 990.000000 71.175067 0.289158 74.255839 0.177905
 991.000000 75.456590 0.203391 72.736020 0.277351
 992.000000 73.469375 0.241073 74.693698 0.193673
 993.000000 69.527716 0.337043 75.125351 0.169407
 994.000000 75.314076 0.177975 71.445305 0.292305
 995.000000 68.237194 0.372450 73.608255 0.199177
 996.000000 67.596004 0.366857 72.603035 0.208443
 997.000000 70.472393 0.329225 71.896822 0.263840
 998.000000 64.713094 0.406858 70.708427 0.233767
 999.000000 65.343637 0.410193 74.344592 0.182973
 1000.000000 70.924200 0.279653 75.278807 0.173686
 1001.000000 66.835095 0.391717 73.618265 0.206637
 1002.000000 65.544879 0.431293 73.987430 0.213029
 1003.000000 68.222921 0.320606 71.183247 0.256522
 1004.000000 71.332556 0.282017 75.490718 0.185782
 1005.000000 71.681804 0.282895 72.070414 0.279791
 1006.000000 74.757325 0.239832 72.115449 0.327745
 1007.000000 73.988195 0.175176 70.161631 0.295945
 1008.000000 73.673355 0.237168 72.897403 0.220181
 1009.000000 74.757616 0.216781 72.083973 0.260045
 1010.000000 76.095118 0.099841 68.979655 0.350180
 1011.000000 74.711677 0.160271 70.856130 0.296035
 1012.000000 73.594051 0.224019 72.926518 0.242386
 1013.000000 75.428629 0.190688 70.947077 0.319191
 1014.000000 70.164994 0.311825 72.815461 0.234932
 1015.000000 70.153134 0.343806 75.537746 0.205139
 1016.000000 72.851360 0.246344 71.897982 0.282931
 1017.000000 67.743998 0.417198 77.071525 0.203058
 1018.000000 65.182695 0.396663 74.061677 0.186649
 1019.000000 64.217283 0.461447 75.323022 0.196837
 1020.000000 65.929777 0.399671 74.238630 0.190289
 1021.000000 66.672268 0.448150 77.830731 0.201068
 1022.000000 69.797482 0.331052 73.151466 0.250574
 1023.000000 66.812954 0.366328 70.891615 0.201687
 1024.000000 69.077024 0.305157 69.547451 0.271601
 1025.000000 74.389129 0.226100 73.558529 0.208637
 1026.000000 71.988893 0.316870 74.426396 0.230224
 1027.000000 68.207670 0.335020 72.657907 0.223501
 1028.000000 75.539107 0.227151 74.264828 0.229202
 1029.000000 73.883817 0.151080 69.298357 0.308944
 1030.000000 70.940513 0.287220 71.961608 0.267843
 1031.000000 67.758955 0.346521 71.990690 0.213830
 1032.000000 70.655968 0.286394 74.578857 0.173362
 1033.000000 76.433764 0.165374 71.157593 0.305746
 1034.000000 75.862563 0.060716 67.227100 0.396832
 1035.000000 75.916600 0.138910 70.801774 0.307962
 1036.000000 71.972765 0.229393 72.221732 0.219380
 1037.000000 67.479729 0.397203 71.024233 0.290722
 1038.000000 66.287725 0.382854 72.621623 0.183711
 1039.000000 69.212478 0.375505 74.292186 0.218443
 1040.000000 76.370524 0.158334 70.834961 0.305947
 1041.000000 73.158971 0.225132 74.442776 0.203689
 1042.000000 73.213079 0.285533 75.375396 0.198357
 1043.000000 69.146493 0.332897 73.109774 0.216354
 1044.000000 64.770751 0.468520 77.259687 0.170711
 1045.000000 64.905577 0.461592 76.033771 0.162946
 1046.000000 64.205374 0.486538 76.816223 0.196411
 1047.000000 67.384212 0.325199 69.646163 0.285770
 1048.000000 69.223695 0.314402 71.389766 0.277337
 1049.000000 57.827471 0.515928 74.791585 0.124636
 1050.000000 70.258489 0.328331 72.615732 0.250982
 1051.000000 69.369633 0.325712 70.243905 0.294279
 1052.000000 75.859062 0.155744 70.192006 0.322834
 1053.000000 75.352114 0.178353 73.081275 0.280309
 1054.000000 75.250589 0.121560 70.610589 0.318144
 1055.000000 75.845758 0.112184 68.951857 0.344568
 1056.000000 75.168368 0.138990 69.220375 0.315252
 1057.000000 72.637694 0.228498 69.893540 0.302959
 1058.000000 76.329445 0.133930 71.571106 0.318047
 1059.000000 71.625034 0.293880 72.896696 0.270141
 1060.000000 74.723783 0.186695 71.721563 0.269123
 1061.000000 75.024941 0.182237 70.281246 0.300322
 1062.000000 71.218495 0.255965 72.306790 0.275594
 1063.000000 73.230580 0.230754 72.951530 0.244943
 1064.000000 71.804496 0.234095 71.839795 0.233574
 1065.000000 75.436162 0.228895 75.408776 0.235791
 1066.000000 74.114373 0.197369 71.783564 0.266834
 1067.000000 73.962691 0.107902 67.975046 0.339568
 1068.000000 75.104685 0.107311 69.345035 0.331849
 1069.000000 76.494365 0.174915 72.316731 0.287894
 1070.000000 72.241426 0.222885 72.993644 0.251154
 1071.000000 74.784103 0.211388 71.803159 0.285363
 1072.000000 73.433434 0.232669 71.558176 0.256491
 1073.000000 71.806367 0.303920 74.854252 0.210759
 1074.000000 64.254702 0.406678 73.479830 0.191105
 1075.000000 70.462330 0.322133 73.748405 0.213778
 1076.000000 65.128668 0.395936 71.805131 0.207782
 1077.000000 68.129329 0.349415 70.303803 0.303439
 1078.000000 66.349945 0.349608 72.199356 0.201406
 1079.000000 75.755319 0.207492 71.583882 0.302726
 1080.000000 72.788977 0.254261 75.082492 0.207649
 1081.000000 70.546267 0.284815 71.569451 0.229525
 1082.000000 68.709070 0.335976 73.678463 0.201258
 1083.000000 75.253964 0.238354 72.406285 0.285660
 1084.000000 74.013136 0.146608 68.092195 0.326378
 1085.000000 75.688017 0.172600 69.679736 0.336944
 1086.000000 74.173140 0.183462 71.591186 0.260864
 1087.000000 71.902506 0.229694 70.879357 0.250944
 1088.000000 76.440393 0.110684 68.150908 0.362931
 1089.000000 72.254068 0.242256 71.309167 0.276944
 1090.000000 66.733923 0.406637 72.971133 0.224651
 1091.000000 60.444192 0.440908 67.754636 0.290332
 1092.000000 64.006763 0.487033 76.210391 0.167038
 1093.000000 54.982379 0.600863 76.359609 0.127454
 1094.000000 55.569597 0.572705 75.223453 0.126395
 1095.000000 54.941162 0.581329 74.307150 0.163440
 1096.000000 62.443194 0.375956 69.077416 0.241174
 1097.000000 71.985074 0.155394 68.028375 0.345150
 1098.000000 72.176155 0.092819 65.420961 0.393687
 1099.000000 65.941958 0.241280 67.449001 0.258276
 1100.000000 68.407422 0.276991 72.917185 0.203006
 1101.000000 70.954750 0.153485 67.408706 0.319534
 1102.000000 72.151054 0.194039 71.414635 0.300327
 1103.000000 72.516196 0.124110 69.466198 0.303340
 1104.000000 70.128524 0.109333 66.589088 0.331711
 1105.000000 69.351967 0.175851 68.579016 0.295752
 1106.000000 69.811076 0.184873 68.822421 0.257207
 1107.000000 68.605417 0.183947 66.348486 0.328165
 1108.000000 68.251056 0.200759 68.972011 0.256713
 1109.000000 68.779984 0.252423 69.053013 0.258646
 1110.000000 58.240848 0.482665 73.151030 0.176731
 1111.000000 57.255786 0.499957 72.578741 0.203234
 1112.000000 56.891243 0.531220 76.078214 0.116906
 1113.000000 64.531836 0.291224 68.373287 0.242028
 1114.000000 67.479199 0.215757 67.517366 0.261843
 1115.000000 60.439722 0.432223 68.574803 0.249314
 1116.000000 62.837463 0.438368 73.973588 0.196769
 1117.000000 60.080160 0.464243 73.783937 0.178275
 1118.000000 70.452647 0.137604 66.303032 0.329271
 1119.000000 66.451570 0.225216 63.614591 0.346517
 1120.000000 69.567429 0.169466 68.165154 0.284061
 1121.000000 67.311892 0.240563 68.549449 0.240035
 1122.000000 69.959495 0.088614 64.638484 0.352874
 1123.000000 66.954595 0.258205 68.008340 0.296020
 1124.000000 69.060937 0.205673 68.452261 0.310314
 1125.000000 67.634024 0.178412 66.928222 0.325108
 1126.000000 65.235052 0.327506 69.081026 0.301936
 1127.000000 66.507718 0.206697 66.860747 0.292749
 1128.000000 62.370673 0.425760 73.506003 0.184157
 1129.000000 67.835916 0.198533 67.270601 0.277964
 1130.000000 69.722845 0.163111 67.298316 0.303969
 1131.000000 68.374981 0.105928 63.293635 0.380173
 1132.000000 67.658198 0.303612 72.737786 0.223476
 1133.000000 70.397275 0.060453 64.340822 0.347076
 1134.000000 66.059843 0.228563 65.536233 0.318752
 1135.000000 67.266381 0.141021 65.090268 0.299640
 1136.000000 69.535400 0.110707 65.556663 0.315617
 1137.000000 71.986207 0.054738 65.649600 0.356149
 1138.000000 68.668638 0.161860 67.330353 0.300302
 1139.000000 72.002878 0.179063 70.508006 0.271915
 1140.000000 66.778993 0.246538 69.848837 0.247158
 1141.000000 70.638977 0.160346 68.344255 0.302225
 1142.000000 67.862905 0.215191 67.019000 0.248560
 1143.000000 66.606160 0.253909 69.103942 0.264794
 1144.000000 63.942040 0.325886 69.705861 0.221791
 1145.000000 59.992655 0.427108 70.786095 0.190074
 1146.000000 66.379285 0.331252 73.361958 0.166536
 1147.000000 68.673515 0.255608 71.038680 0.222464
 1148.000000 63.449613 0.370744 69.795234 0.252972
 1149.000000 61.095430 0.408481 71.670030 0.185054
 1150.000000 68.428223 0.287260 71.297950 0.246870
 1151.000000 63.618271 0.413804 71.645670 0.221727
 1152.000000 68.632699 0.163794 69.338761 0.265253
 1153.000000 69.172683 0.263795 71.496058 0.243532
 1154.000000 71.824710 0.207545 71.026968 0.286280
 1155.000000 67.812053 0.274211 70.701755 0.225195
 1156.000000 66.035024 0.310451 71.277834 0.242087
 1157.000000 67.085983 0.239779 68.796253 0.238792
 1158.000000 61.605208 0.362913 66.388256 0.279101
 1159.000000 67.268915 0.304252 74.676910 0.156153
 1160.000000 68.788924 0.246541 70.321575 0.252665
 1161.000000 63.665007 0.380987 69.381640 0.275907
 1162.000000 66.902112 0.254920 69.664307 0.243593
 1163.000000 64.576309 0.337415 70.087315 0.193271
 1164.000000 64.541049 0.342169 70.851714 0.218554
 1165.000000 66.296727 0.272962 68.481489 0.264774
 1166.000000 66.624806 0.315320 73.551917 0.186889
 1167.000000 71.597006 0.126884 68.247386 0.304168
 1168.000000 72.094226 0.178704 71.151373 0.245663
 1169.000000 74.086802 0.083269 68.413482 0.370772
 1170.000000 67.725892 0.210077 66.818497 0.293102
 1171.000000 67.738908 0.158349 64.878381 0.307562
 1172.000000 66.566909 0.268063 69.442630 0.252639
 1173.000000 71.305881 0.166558 70.203572 0.293818
 1174.000000 74.110413 0.039982 66.867910 0.389739
 1175.000000 69.532862 0.184759 67.530800 0.301922
 1176.000000 69.370130 0.193278 68.932074 0.284857
 1177.000000 64.700144 0.247841 67.249488 0.240908
 1178.000000 70.780477 0.279492 71.989841 0.285082
 1179.000000 69.974599 0.249053 70.986161 0.272807
 1180.000000 61.917618 0.390723 71.487666 0.180123
 1181.000000 71.423399 0.190662 70.572386 0.277976
 1182.000000 66.793918 0.335697 72.821439 0.218310
 1183.000000 66.077636 0.221792 65.830177 0.321227
 1184.000000 68.739703 0.304446 75.225926 0.192401
 1185.000000 66.816465 0.283004 71.942265 0.220819
 1186.000000 69.676294 0.123777 65.089089 0.322188
 1187.000000 71.584068 0.159768 68.881367 0.309662
 1188.000000 71.102269 0.097981 66.563153 0.351690
 1189.000000 68.951465 0.109733 65.961254 0.317906
 1190.000000 68.578516 0.105852 64.292732 0.348945
 1191.000000 71.530448 0.207524 70.732412 0.276749
 1192.000000 62.760087 0.343621 67.729340 0.250329
 1193.000000 68.806735 0.281762 70.899842 0.259413
 1194.000000 72.484893 0.168724 69.962851 0.321934
 1195.000000 70.219171 0.061500 64.177132 0.364634
 1196.000000 72.206520 0.051248 65.425744 0.368411
 1197.000000 68.348459 0.289117 69.801922 0.278038
 1198.000000 69.849053 0.252032 69.936231 0.278623
 1199.000000 69.672711 0.165565 68.323499 0.282547
 1200.000000 71.038746 0.090855 65.146137 0.372137
 1201.000000 67.309256 0.205699 67.517527 0.323669
 1202.000000 74.728856 0.025002 62.961560 0.459274
 1203.000000 73.341559 0.109058 68.273460 0.317237
 1204.000000 67.189248 0.302804 71.181332 0.233693
 1205.000000 70.945360 0.194284 70.355455 0.275818
 1206.000000 65.388749 0.266730 67.940108 0.255789
 1207.000000 68.858889 0.280034 72.244397 0.236359
 1208.000000 67.284004 0.296683 71.975653 0.198901
 1209.000000 67.818567 0.178536 66.848752 0.302533
 1210.000000 67.903050 0.151641 67.115748 0.305911
 1211.000000 65.388450 0.329397 71.266762 0.206673
 1212.000000 69.564735 0.158465 67.602089 0.333028
 1213.000000 72.237898 0.130493 67.208290 0.338796
 1214.000000 70.784991 0.222912 70.621806 0.296588
 1215.000000 75.015009 0.056629 67.750256 0.386365
 1216.000000 67.935142 0.261198 70.456995 0.235346
 1217.000000 70.807006 0.207190 70.766582 0.254345
 1218.000000 68.550759 0.217461 68.438417 0.237657
 1219.000000 69.647713 0.205823 68.479617 0.279393
 1220.000000 69.924629 0.220944 72.112541 0.251238
 1221.000000 66.582521 0.307150 72.362875 0.220861
 1222.000000 72.214612 0.168757 69.720304 0.339550
 1223.000000 69.299546 0.130306 65.672353 0.332876
 1224.000000 75.329660 0.062147 67.782059 0.400003
 1225.000000 69.772513 0.165448 66.408663 0.345169
 1226.000000 72.850865 0.047411 65.750278 0.385412
 1227.000000 73.388132 0.051475 65.952194 0.381543
 1228.000000 68.741542 0.159228 67.096102 0.293144
 1229.000000 69.298564 0.253734 72.195733 0.227615
 1230.000000 67.257595 0.307051 72.507815 0.166922
 1231.000000 66.735185 0.217556 66.487024 0.298423
 1232.000000 67.390261 0.232297 68.702805 0.246689
 1233.000000 64.837897 0.304405 67.895974 0.250703
 1234.000000 74.248170 0.113607 69.115340 0.353926
 1235.000000 73.894459 0.108728 68.722020 0.323522
 1236.000000 72.476833 0.065515 65.554425 0.387397
 1237.000000 69.691570 0.126720 64.992077 0.350003
 1238.000000 71.430256 0.179734 67.798670 0.342439
 1239.000000 65.013208 0.254316 67.908805 0.231409
 1240.000000 67.730864 0.175437 66.312902 0.299847
 1241.000000 66.569997 0.297606 70.523236 0.224069
 1242.000000 67.318601 0.166141 64.755189 0.326080
 1243.000000 68.925719 0.100377 64.477821 0.341607
 1244.000000 61.791870 0.413052 70.168797 0.240459
 1245.000000 70.074287 0.273038 72.210234 0.265881
 1246.000000 71.538438 0.053603 64.773219 0.358197
 1247.000000 62.637281 0.367610 71.504524 0.206863
 1248.000000 69.996177 0.230190 70.839084 0.240214
 1249.000000 62.857347 0.353873 68.735448 0.249709
 1250.000000 68.676030 0.242578 70.067096 0.267899
 1251.000000 70.032891 0.249625 70.222656 0.290773
 1252.000000 71.402393 0.172406 68.382601 0.291390
 1253.000000 66.177510 0.257808 69.162606 0.257803
 1254.000000 70.180754 0.107780 65.574354 0.339565
 1255.000000 70.828499 0.115254 66.358003 0.351913
 1256.000000 67.183688 0.188421 66.728423 0.295035
 1257.000000 71.275326 0.083772 65.987780 0.381526
 1258.000000 73.285090 0.281171 72.684684 0.335398
 1259.000000 69.163124 0.302388 72.568718 0.248065
 1260.000000 63.430983 0.362374 68.136373 0.258679
 1261.000000 60.400517 0.516364 75.046157 0.184633
 1262.000000 55.468391 0.543133 72.991384 0.152509
 1263.000000 60.197329 0.544764 78.839824 0.144055
 1264.000000 58.148051 0.564060 76.818052 0.139017
 1265.000000 57.959541 0.504509 72.806590 0.189211
 1266.000000 63.358034 0.499783 77.288761 0.190527
 1267.000000 56.137320 0.533455 72.735431 0.177214
 1268.000000 55.561522 0.609125 76.789774 0.137962
 1269.000000 54.080972 0.590546 75.381228 0.118395
 1270.000000 56.012009 0.555247 73.310270 0.207803
 1271.000000 55.724091 0.595481 78.904999 0.088489
 1272.000000 58.871780 0.585393 77.418242 0.157181
 1273.000000 62.641536 0.498666 76.970063 0.153020
 1274.000000 50.537213 0.650912 75.464703 0.164978
 1275.000000 52.812142 0.651104 77.443468 0.114371
 1276.000000 51.712356 0.619814 74.081829 0.138547
 1277.000000 53.456381 0.666045 77.995628 0.119626
 1278.000000 48.967726 0.697679 77.249840 0.112866
 1279.000000 52.998744 0.630558 75.660012 0.120625
 1280.000000 52.842281 0.615503 72.239614 0.208777
 1281.000000 51.900747 0.635493 76.405350 0.110976
 1282.000000 47.147121 0.702340 77.552812 0.071295
 1283.000000 50.934819 0.650718 74.323890 0.166436
 1284.000000 48.420678 0.699979 75.525917 0.126770
 1285.000000 51.064579 0.621970 75.618645 0.086626
 1286.000000 48.257877 0.706697 75.893519 0.155015
 1287.000000 48.816940 0.662630 73.965117 0.167428
 1288.000000 51.765753 0.635649 74.300834 0.176654
 1289.000000 55.083344 0.596313 71.320169 0.242757
 1290.000000 50.500771 0.658833 76.321245 0.101517
 1291.000000 63.168366 0.487731 76.769269 0.180957
 1292.000000 62.990451 0.514854 75.372952 0.223740
 1293.000000 58.591389 0.507747 73.719639 0.173205
 1294.000000 59.650896 0.560708 78.669584 0.145109
 1295.000000 59.004781 0.600669 79.143033 0.123687
 1296.000000 66.429782 0.405671 74.558575 0.177870
 1297.000000 58.253217 0.556247 76.314239 0.150104
 1298.000000 58.524155 0.553496 74.861649 0.207180
 1299.000000 62.600557 0.537693 76.754328 0.195669
 1300.000000 59.112207 0.559416 76.623139 0.159869
 1301.000000 60.909010 0.551377 76.830197 0.174015
 1302.000000 68.488188 0.405564 75.043467 0.232397
 1303.000000 63.181244 0.498448 80.244986 0.132001
 1304.000000 61.166070 0.497950 76.375040 0.168933
 1305.000000 63.597218 0.479747 76.154960 0.165318
 1306.000000 58.777235 0.539354 75.334907 0.156955
 1307.000000 48.985897 0.672083 77.077427 0.097298
 1308.000000 62.769743 0.510014 79.927223 0.134681
 1309.000000 62.410719 0.488596 74.737886 0.186690
 1310.000000 51.437205 0.677439 77.414965 0.108849
 1311.000000 61.601762 0.543143 76.803644 0.210165
 1312.000000 60.632221 0.525855 75.057014 0.160685
 1313.000000 64.554067 0.499090 76.178448 0.240179
 1314.000000 58.359902 0.591289 76.471601 0.144187
 1315.000000 65.913596 0.454665 75.335502 0.229501
 1316.000000 69.474024 0.214214 68.835062 0.297032
 1317.000000 73.318048 0.124854 68.873035 0.339187
 1318.000000 71.304049 0.083593 66.904211 0.345450
 1319.000000 71.930283 0.189272 69.304014 0.313298
 1320.000000 65.020466 0.260032 67.486215 0.261581
 1321.000000 64.804350 0.262242 68.719476 0.237221
 1322.000000 63.479345 0.389980 71.878844 0.199416
 1323.000000 64.697674 0.343779 71.802735 0.199360
 1324.000000 71.471655 0.065821 64.798072 0.377612
 1325.000000 68.330209 0.281806 72.501532 0.184755
 1326.000000 68.963820 0.138165 65.884507 0.339569
 1327.000000 71.482963 0.202179 70.250365 0.301980
 1328.000000 57.707246 0.513491 74.938868 0.140325
 1329.000000 74.386758 0.128051 68.786527 0.359443
 1330.000000 68.210667 0.122904 63.300391 0.370598
 1331.000000 74.188225 0.159945 71.033667 0.315589
 1332.000000 63.409905 0.346730 69.683161 0.232672
 1333.000000 71.042585 0.184867 70.646871 0.297793
 1334.000000 70.748407 0.243870 71.982452 0.243625
 1335.000000 69.770975 0.187590 68.571452 0.279488
 1336.000000 71.910628 0.231540 71.355054 0.265200
 1337.000000 70.020573 0.178983 68.258324 0.288837
 1338.000000 57.037146 0.499534 70.603831 0.187821
 1339.000000 58.134349 0.572952 79.076890 0.128413
 1340.000000 62.390073 0.509091 75.984455 0.189126
 1341.000000 67.222652 0.399991 76.093624 0.158018
 1342.000000 72.499110 0.242780 72.253629 0.285554
 1343.000000 74.697606 0.244043 73.371044 0.255412
 1344.000000 70.759152 0.266505 74.041326 0.179778
 1345.000000 71.358778 0.348895 75.334169 0.218849
 1346.000000 65.107129 0.461763 70.675207 0.294550
 1347.000000 69.934217 0.347297 72.491627 0.274757
 1348.000000 66.468165 0.352132 71.561556 0.275234
 1349.000000 68.028662 0.382219 72.649100 0.265981
 1350.000000 69.519844 0.322333 72.587465 0.223681
 1351.000000 69.849161 0.359186 73.231823 0.226015
 1352.000000 65.069094 0.423799 75.029562 0.166553
 1353.000000 72.808916 0.307678 73.985774 0.250520
 1354.000000 61.237483 0.478349 71.090306 0.225241
 1355.000000 76.914333 0.199347 73.824262 0.253715
 1356.000000 72.123566 0.279501 73.285886 0.227426
 1357.000000 70.931179 0.324910 73.968328 0.225741
 1358.000000 74.414143 0.238215 73.131442 0.236908
 1359.000000 70.417667 0.334875 75.639598 0.195652
 1360.000000 74.413673 0.221402 73.784552 0.226073
 1361.000000 71.890276 0.338855 75.515041 0.182225
 1362.000000 73.732640 0.198493 71.536979 0.284053
 1363.000000 72.157474 0.314701 74.005368 0.226521
 1364.000000 60.867810 0.545392 76.454469 0.206805
 1365.000000 64.266140 0.460555 75.363636 0.213096
 1366.000000 66.673135 0.460292 76.088594 0.245765
 1367.000000 65.025636 0.445026 74.800718 0.204182
 1368.000000 55.312725 0.609148 77.140613 0.133682
 1369.000000 57.542252 0.592907 77.753892 0.160871
 1370.000000 58.193427 0.596907 80.695195 0.104371
 1371.000000 61.084996 0.528132 79.212903 0.090124
 1372.000000 59.057177 0.599808 77.938573 0.168615
 1373.000000 57.687198 0.506279 69.553022 0.277245
 1374.000000 46.584243 0.751213 76.257847 0.129184
 1375.000000 55.114208 0.653474 74.280608 0.252580
 1376.000000 51.776776 0.712736 74.684308 0.232093
 1377.000000 47.879556 0.720124 72.511635 0.208325
 1378.000000 42.702560 0.808953 79.912844 0.087063
 1379.000000 44.828304 0.727163 75.887467 0.119174
 1380.000000 47.064285 0.741395 76.623934 0.130554
 1381.000000 48.578110 0.732478 76.936278 0.153412
 1382.000000 50.939112 0.710418 77.966504 0.119754
 1383.000000 57.961926 0.611388 75.559547 0.228638
 1384.000000 51.858308 0.721085 77.734958 0.166278
 1385.000000 53.673895 0.671664 77.825785 0.167614
 1386.000000 43.678861 0.809099 77.822190 0.151282
 1387.000000 44.467667 0.788121 79.250635 0.070183
 1388.000000 51.588823 0.683105 74.881603 0.195401
 1389.000000 45.067065 0.774287 77.085458 0.112258
 1390.000000 51.426397 0.673325 74.008138 0.211286
 1391.000000 46.474479 0.766792 74.571187 0.176063
 1392.000000 43.749686 0.783448 75.870605 0.179931
 1393.000000 48.762404 0.684445 77.321764 0.122506
 1394.000000 49.005166 0.685980 75.827880 0.197981
 1395.000000 49.762164 0.735817 74.809966 0.227610
 1396.000000 39.740432 0.861413 74.202282 0.231017
 1397.000000 27.250506 1.043270 72.955191 0.205845
 1398.000000 28.978252 1.073376 72.264657 0.220287
 1399.000000 29.425777 1.087657 72.235089 0.242736
 1400.000000 30.668841 1.024440 73.273221 0.213864
 1401.000000 33.665018 0.983141 73.243000 0.251803
 1402.000000 33.521649 0.993724 71.097561 0.285650
 1403.000000 28.030477 1.101519 73.220630 0.194962
 1404.000000 29.872585 1.066262 72.522305 0.261838
 1405.000000 28.327755 1.093497 75.230741 0.216807
 1406.000000 29.647369 1.061323 70.373901 0.258118
 1407.000000 34.740454 0.961911 73.907292 0.154992
 1408.000000 27.792170 1.075508 75.587699 0.151127
 1409.000000 28.661663 1.115451 71.215543 0.230192
 1410.000000 30.197877 1.033991 72.295508 0.217375
 1411.000000 30.956679 1.005656 69.921686 0.286943
 1412.000000 27.250808 1.120986 76.198315 0.190953
 1413.000000 32.374680 0.971253 74.833024 0.203826
 1414.000000 33.331881 0.983006 72.644037 0.223766
 1415.000000 35.010204 0.933421 69.303430 0.268159
 1416.000000 32.190048 0.990137 71.298499 0.232719
 1417.000000 33.308594 0.974534 70.343856 0.292037
 1418.000000 35.713682 0.909823 72.358381 0.240957
 1419.000000 35.049556 0.975175 73.585219 0.211793
 1420.000000 31.509444 1.026830 71.159397 0.298104
 1421.000000 35.806382 0.917263 71.508309 0.231098
 1422.000000 33.837427 0.975392 71.052795 0.278216
 1423.000000 30.714688 1.000712 72.094302 0.274781
 1424.000000 32.878512 0.980825 74.733369 0.236140
 1425.000000 33.180519 0.993185 72.210727 0.243609
 1426.000000 33.894387 0.968751 73.047654 0.248729
 1427.000000 34.040032 0.923160 70.630921 0.275815
 1428.000000 35.894714 0.948525 71.368504 0.297226
 1429.000000 38.246413 0.877897 71.747286 0.267531
 1430.000000 36.508274 0.890350 70.429599 0.271192
 1431.000000 26.221923 1.145926 69.893102 0.231823
 1432.000000 16.681054 1.387030 71.601453 0.238760
 1433.000000 18.817562 1.320525 71.536613 0.229062
 1434.000000 14.950668 1.365851 69.929910 0.288443
 1435.000000 1.919137 1.877541 68.038227 0.317326
 1436.000000 0.691566 2.009565 75.484491 0.209417
 1437.000000 5.901236 1.831723 73.533331 0.199357
 1438.000000 1.296958 2.308689 74.436336 0.214173
 1439.000000 0.105029 2.558023 71.124309 0.243603
 1440.000000 0.107282 2.615043 68.989377 0.319401
 1441.000000 0.146878 2.386448 72.546941 0.241481
 1442.000000 0.387107 2.080020 71.262698 0.300416
 1443.000000 4.767291 1.552362 71.572736 0.229190
 1444.000000 15.628759 1.207909 73.899834 0.201110
 1445.000000 11.711721 1.296088 71.255685 0.244061
 1446.000000 4.665343 1.729439 70.238574 0.234872
 1447.000000 7.319072 1.738577 70.601096 0.241240
 1448.000000 7.725767 1.512995 75.469108 0.195301
 1449.000000 10.820034 1.522271 73.709229 0.217423
 1450.000000 6.374918 1.816422 71.732972 0.256693
 1451.000000 1.691068 2.112600 74.164970 0.185887
 1452.000000 0.182446 2.545586 70.847222 0.251551
 1453.000000 0.055714 2.652126 76.281904 0.176204
 1454.000000 0.262786 2.296008 70.976509 0.281895
 1455.000000 1.172863 2.189102 71.406592 0.226663
 1456.000000 0.180352 2.276458 72.123256 0.226897
 1457.000000 0.374292 2.285308 68.379318 0.274443
 1458.000000 0.028254 2.942295 72.763567 0.237282
 1459.000000 0.036298 2.838132 67.722720 0.306872
 1460.000000 0.017355 3.110131 75.956592 0.150519
 1461.000000 0.036821 2.702405 72.091458 0.297696
