199808
505597
39990.6
51776.4
330954
687281
121261
44433.1
324590
9912.63
388347
245748
172171
1.27622e+06
596597
1.30775e+06
600939
1.25477e+06
25158.8
206379
30283
49563.2
1.47456e+06
387120
272452
387210
8.06072e+06
1.08562e+06
291665
6159.45
837142
1.39529e+06
41114.9
136900
1.0669e+06
966499
946279
574543
963134
43415.3
189873
356692
98885.7
160396
65943.2
616647
2.04301e+06
99895
579020
115620
25435.2
46262.1
187232
296626
130402
16666.5
320160
283751
2.00555e+06
1.2427e+06
164399
362049
1.00874e+06
130333
461272
741763
1.19742e+06
119510
927455
3.07605e+06
1.06638e+06
59436
59093.8
932106
799914
190398
60295
902479
338668
634698
444662
2.98516e+06
33676.2
696638
851401
608374
562504
628691
558694
3.66047e+06
3.19731e+06
274180
18625.1
670581
57995
224170
148787
