#! FIELDS time coord1.mean dist1 coord2.mean dist2
 0.000000 70.184737 0.275059 72.765929 0.229191
 1.000000 69.698195 0.226836 69.192284 0.301679
 2.000000 70.227157 0.210502 70.921603 0.261292
 3.000000 69.810751 0.203905 70.260219 0.284938
 4.000000 69.558991 0.212846 69.282631 0.307962
 5.000000 71.325389 0.162013 69.546798 0.323341
 6.000000 68.430456 0.257035 71.393182 0.245324
 7.000000 70.994692 0.171666 68.821676 0.311443
 8.000000 71.431456 0.168613 69.785663 0.306409
 9.000000 68.877814 0.217155 69.721610 0.241360
 10.000000 68.230723 0.261395 71.355359 0.245873
 11.000000 70.267200 0.213044 70.361242 0.265372
 12.000000 72.081607 0.159348 68.640088 0.329158
 13.000000 70.593603 0.162479 68.373482 0.339344
 14.000000 68.261041 0.272925 72.548961 0.210730
 15.000000 71.238803 0.173571 71.215432 0.306321
 16.000000 68.305395 0.291351 72.546872 0.249004
 17.000000 70.694485 0.155142 69.323248 0.309099
 18.000000 72.455505 0.183262 71.030728 0.304921
 19.000000 70.290439 0.216912 70.367760 0.300769
 20.000000 70.567642 0.189220 68.172485 0.308322
 21.000000 68.759892 0.222058 68.213815 0.318638
 22.000000 71.970740 0.166392 69.040516 0.339372
 23.000000 68.371681 0.310291 74.990172 0.184491
 24.000000 65.468172 0.327977 72.839643 0.149296
 25.000000 68.794747 0.265242 71.029410 0.242673
 26.000000 68.917898 0.247199 70.172284 0.257093
 27.000000 69.487363 0.225664 70.492940 0.254780
 28.000000 71.789311 0.143556 67.366242 0.380698
 29.000000 68.704776 0.265389 71.243947 0.234084
 30.000000 65.942454 0.300502 70.918911 0.237582
 31.000000 68.498753 0.172330 68.738616 0.253646
 32.000000 68.359341 0.276358 70.892394 0.209439
 33.000000 70.991325 0.184345 70.328589 0.298072
 34.000000 72.143680 0.113857 66.775272 0.354127
 35.000000 66.614241 0.313763 70.587779 0.209048
 36.000000 68.313421 0.241166 70.306327 0.231370
 37.000000 67.490373 0.254734 69.431501 0.262862
 38.000000 69.567448 0.200271 68.444434 0.299889
 39.000000 69.765214 0.217976 68.478472 0.295537
 40.000000 70.435606 0.206627 69.527196 0.319626
 41.000000 66.941352 0.297671 71.498489 0.236436
 42.000000 68.073675 0.306026 72.916507 0.213354
 43.000000 69.217491 0.188553 68.631073 0.314751
 44.000000 67.417301 0.290300 71.887506 0.228237
 45.000000 69.376017 0.206553 70.104258 0.279711
 46.000000 72.801353 0.134051 68.672269 0.356686
 47.000000 72.533585 0.113662 67.303300 0.362129
 48.000000 71.405746 0.162792 68.599509 0.322517
 49.000000 70.487431 0.193421 68.923091 0.295769
 50.000000 71.063693 0.215672 70.781138 0.290235
 51.000000 71.861883 0.284211 70.138886 0.362815
 52.000000 69.450448 0.289534 74.065698 0.192399
 53.000000 68.129780 0.243578 70.032269 0.265801
 54.000000 67.425171 0.229317 67.287888 0.282211
 55.000000 71.805686 0.118712 67.430217 0.351136
 56.000000 63.065616 0.415062 71.870661 0.214847
 57.000000 67.683200 0.285209 71.027026 0.232279
 58.000000 69.219231 0.266898 71.743313 0.246920
 59.000000 68.969008 0.236568 70.016724 0.261798
 60.000000 69.783956 0.260489 72.315233 0.245658
 61.000000 67.099554 0.291440 72.179399 0.223372
 62.000000 69.175840 0.262073 70.303314 0.264743
 63.000000 69.993910 0.232300 70.157902 0.295007
 64.000000 65.477216 0.325785 72.681572 0.203035
 65.000000 64.889499 0.347159 70.832327 0.233808
 66.000000 68.472742 0.198824 68.266964 0.270578
 67.000000 70.222611 0.253386 72.236956 0.195777
 68.000000 71.475193 0.167670 70.058987 0.275796
 69.000000 70.801255 0.134873 67.195207 0.321570
 70.000000 71.522193 0.125052 65.463792 0.366417
 71.000000 67.717233 0.195844 69.284532 0.245516
 72.000000 70.754960 0.210489 70.042328 0.291900
 73.000000 70.716403 0.227337 71.033667 0.264811
 74.000000 66.851135 0.295667 69.742534 0.253604
 75.000000 71.537762 0.149299 69.582238 0.295776
 76.000000 68.969588 0.219703 69.012787 0.298947
 77.000000 72.700573 0.083497 66.493329 0.384761
 78.000000 70.967626 0.164222 68.460828 0.337459
 79.000000 73.521526 0.113358 69.540308 0.342634
 80.000000 71.702550 0.171918 70.025945 0.319217
 81.000000 71.325709 0.270551 72.444186 0.262790
 82.000000 68.827645 0.268173 72.570722 0.232462
 83.000000 72.469929 0.120700 68.591816 0.346324
 84.000000 70.425776 0.223154 71.105169 0.288137
 85.000000 69.050426 0.203901 68.152619 0.272506
 86.000000 71.884908 0.170153 68.970122 0.350551
 87.000000 71.848147 0.091546 65.874381 0.377482
 88.000000 68.364515 0.267150 70.557393 0.243958
 89.000000 71.595928 0.174596 70.860882 0.298676
 90.000000 70.369893 0.181308 66.493421 0.346635
 91.000000 71.090561 0.265956 72.185407 0.278366
 92.000000 71.180999 0.175759 70.308939 0.297567
 93.000000 69.334447 0.252231 71.573924 0.232979
 94.000000 70.148616 0.163979 68.315874 0.315109
 95.000000 66.015711 0.305985 70.278136 0.251885
 96.000000 67.715902 0.295839 71.122108 0.249875
 97.000000 65.180950 0.368153 73.073229 0.215653
 98.000000 67.013130 0.294051 72.098147 0.225044
 99.000000 71.098971 0.150153 70.213286 0.301876
 100.000000 69.080362 0.283773 73.343106 0.197216
 101.000000 72.983084 0.067310 64.384884 0.419722
 102.000000 71.279016 0.188681 70.144303 0.313928
 103.000000 66.743021 0.234647 67.916990 0.280186
 104.000000 71.335269 0.140870 69.104338 0.302809
 105.000000 74.594528 0.143218 68.423654 0.389322
 106.000000 72.826952 0.195887 71.522051 0.293070
 107.000000 69.144096 0.206169 68.667519 0.290983
 108.000000 66.624105 0.298229 70.091086 0.230172
 109.000000 65.264642 0.395896 74.166910 0.178215
 110.000000 63.109388 0.448838 74.256500 0.186356
 111.000000 66.577603 0.398009 76.269690 0.184246
 112.000000 60.237832 0.518536 75.342297 0.131472
 113.000000 64.797194 0.379304 72.837628 0.219143
 114.000000 64.574207 0.371063 73.486759 0.208231
 115.000000 59.559469 0.539920 72.940330 0.217029
 116.000000 64.038088 0.438004 72.131995 0.273671
 117.000000 63.272191 0.357316 71.643486 0.197273
 118.000000 69.146192 0.237737 70.497119 0.252858
 119.000000 65.909471 0.323270 72.470233 0.184651
 120.000000 68.267010 0.276063 71.926279 0.233800
 121.000000 66.253982 0.320686 69.359867 0.274667
 122.000000 67.106221 0.249589 68.844848 0.255303
 123.000000 67.219311 0.271345 69.284202 0.248785
 124.000000 64.456143 0.321491 68.577722 0.256956
 125.000000 67.534839 0.270014 69.441836 0.254860
 126.000000 68.420763 0.263400 72.038144 0.216247
 127.000000 68.491922 0.264639 71.560605 0.205264
 128.000000 66.046563 0.336540 71.585130 0.250713
 129.000000 73.059579 0.084678 67.260528 0.370264
 130.000000 70.566286 0.155033 67.808274 0.323231
 131.000000 65.464913 0.306658 71.778337 0.180904
 132.000000 71.962218 0.204943 70.488932 0.297037
 133.000000 68.419081 0.282087 73.509549 0.186401
 134.000000 70.879937 0.249417 72.621985 0.212194
 135.000000 71.082930 0.232216 70.226764 0.277392
 136.000000 69.969520 0.254922 73.026741 0.191430
 137.000000 69.226848 0.215907 68.235703 0.269681
 138.000000 65.544017 0.358278 71.834695 0.267386
 139.000000 63.702461 0.414360 74.494156 0.181917
 140.000000 66.017265 0.350120 71.549983 0.246046
 141.000000 64.875153 0.320822 70.044822 0.234450
 142.000000 66.053970 0.369164 71.377432 0.298762
 143.000000 62.492328 0.438555 71.536524 0.237580
 144.000000 59.667869 0.527739 73.920766 0.217454
 145.000000 68.417648 0.360868 72.486489 0.232006
 146.000000 68.134151 0.371760 73.568528 0.212839
 147.000000 69.324433 0.338527 73.272835 0.258830
 148.000000 72.587329 0.283441 73.170575 0.274668
 149.000000 67.191208 0.354565 72.383707 0.206194
 150.000000 69.210057 0.307728 72.287814 0.211927
 151.000000 75.251195 0.197053 71.917404 0.295956
 152.000000 71.996252 0.219360 71.808789 0.248658
 153.000000 71.455444 0.304532 74.605179 0.208049
 154.000000 72.117797 0.241598 73.134598 0.222142
 155.000000 67.788932 0.396193 74.627476 0.172610
 156.000000 64.126620 0.423790 72.016354 0.237594
 157.000000 61.958211 0.429803 73.303062 0.175420
 158.000000 73.256247 0.102591 68.198647 0.337599
 159.000000 74.397752 0.104581 70.337790 0.304776
 160.000000 69.764322 0.173132 68.958024 0.307756
 161.000000 71.599897 0.118413 66.217954 0.342412
 162.000000 68.855905 0.165094 64.822062 0.362040
 163.000000 64.324813 0.349924 71.112691 0.225090
 164.000000 72.076700 0.252419 71.549661 0.236391
 165.000000 63.831355 0.439655 71.971186 0.261115
 166.000000 65.350514 0.397759 72.676510 0.220379
 167.000000 70.137908 0.325731 71.302738 0.250527
 168.000000 69.141017 0.363193 71.768100 0.288975
 169.000000 58.515438 0.509528 71.440575 0.215081
 170.000000 59.413809 0.511341 73.890831 0.174796
 171.000000 71.004912 0.232367 72.614766 0.231736
 172.000000 68.302063 0.211052 68.544555 0.276801
 173.000000 67.620244 0.213942 68.086167 0.263581
 174.000000 68.557788 0.176821 67.217298 0.292276
 175.000000 70.132560 0.091408 65.406149 0.349135
 176.000000 66.443803 0.332256 73.902187 0.187318
 177.000000 64.407966 0.456731 73.584641 0.239955
 178.000000 58.691056 0.484736 72.231312 0.192571
 179.000000 61.786172 0.458444 71.278714 0.239857
 180.000000 63.583136 0.446330 72.690602 0.240692
 181.000000 62.070066 0.490599 76.674705 0.177070
 182.000000 64.899641 0.425705 73.584612 0.209421
 183.000000 73.131989 0.235716 71.978756 0.264792
 184.000000 71.514519 0.291908 72.185983 0.239097
 185.000000 67.958497 0.364488 74.016138 0.209928
 186.000000 74.764237 0.157063 69.958836 0.319842
 187.000000 72.910686 0.208460 71.342508 0.265350
 188.000000 72.662400 0.204079 70.633147 0.298752
 189.000000 74.092706 0.217190 72.157932 0.288638
 190.000000 75.028349 0.124105 70.232561 0.332980
 191.000000 74.009275 0.158151 68.098189 0.344782
 192.000000 75.881280 0.102862 70.017257 0.343837
 193.000000 72.154662 0.269184 73.418500 0.206827
 194.000000 74.903714 0.179798 72.332488 0.279305
 195.000000 74.914009 0.106128 70.056762 0.324849
 196.000000 71.420512 0.256005 71.882154 0.230181
 197.000000 72.385719 0.273454 73.167981 0.221086
 198.000000 69.189601 0.330673 73.385054 0.237915
 199.000000 70.159122 0.298228 74.844312 0.171116
 200.000000 72.331566 0.207349 68.342501 0.329975
 201.000000 70.200948 0.345345 73.846259 0.216406
 202.000000 67.681630 0.366106 75.231747 0.164765
 203.000000 72.161583 0.279936 73.435437 0.263598
 204.000000 74.271036 0.131538 68.518597 0.317476
 205.000000 75.231528 0.133567 70.465075 0.330831
 206.000000 71.054284 0.276323 70.953607 0.294924
 207.000000 73.013538 0.223161 71.355279 0.262139
 208.000000 73.335433 0.185788 70.336482 0.259424
 209.000000 72.121049 0.236681 71.514086 0.269723
 210.000000 64.213037 0.432430 72.698673 0.218338
 211.000000 74.270626 0.212544 74.537587 0.227191
 212.000000 71.917313 0.227610 69.662313 0.278782
 213.000000 73.292356 0.182772 70.174482 0.284531
 214.000000 73.444344 0.220756 72.831918 0.234444
 215.000000 74.696698 0.165339 71.785784 0.285349
 216.000000 73.608324 0.130330 68.900585 0.310724
 217.000000 74.082497 0.221596 74.061392 0.246424
 218.000000 56.735575 0.549895 74.868028 0.179365
 219.000000 61.076514 0.405477 69.857222 0.220761
 220.000000 66.367885 0.398345 71.462790 0.289270
 221.000000 58.328406 0.509717 72.147382 0.197193
 222.000000 61.339847 0.477111 73.235484 0.212978
 223.000000 66.552151 0.301075 72.274045 0.207177
 224.000000 72.698517 0.133077 69.484275 0.340715
 225.000000 70.179282 0.117459 66.378156 0.350152
 226.000000 63.670384 0.389447 72.252722 0.220687
 227.000000 64.118909 0.391552 70.615856 0.258640
 228.000000 67.290043 0.278220 70.914988 0.243204
 229.000000 70.985483 0.134128 67.822116 0.353020
 230.000000 68.094866 0.213649 67.844495 0.286208
 231.000000 64.885627 0.286399 69.018606 0.222004
 232.000000 68.391001 0.209878 68.980289 0.267425
 233.000000 71.296384 0.188490 70.773809 0.281770
 234.000000 67.997463 0.235950 67.775498 0.313841
 235.000000 68.990083 0.253490 71.345352 0.253996
 236.000000 70.969894 0.212647 69.654108 0.296812
 237.000000 66.034154 0.296891 71.354893 0.224529
 238.000000 64.994703 0.341796 72.667942 0.176363
 239.000000 71.354574 0.187601 71.748934 0.292979
 240.000000 70.569781 0.121042 67.032893 0.305978
 241.000000 69.026591 0.177307 69.128585 0.293160
 242.000000 71.829962 0.161294 69.332153 0.309291
 243.000000 70.037864 0.281802 71.583383 0.273577
 244.000000 71.780830 0.260160 71.578691 0.334746
 245.000000 66.391713 0.339252 73.698925 0.190587
 246.000000 76.272701 0.093108 70.569826 0.351257
 247.000000 71.856428 0.088854 65.835009 0.389231
 248.000000 66.401344 0.345888 72.808294 0.210032
 249.000000 71.417604 0.184921 71.140101 0.269644
 250.000000 69.985800 0.212702 69.633146 0.270348
 251.000000 71.013576 0.180344 69.598794 0.273527
 252.000000 68.451468 0.191226 68.141009 0.272137
 253.000000 65.605427 0.290504 69.112856 0.272630
 254.000000 67.333121 0.183279 66.696626 0.275843
 255.000000 61.244313 0.516317 75.072536 0.192175
 256.000000 57.044633 0.578336 78.000037 0.120483
 257.000000 64.055593 0.433225 72.925466 0.222819
 258.000000 57.366318 0.518581 74.719122 0.166790
 259.000000 55.234085 0.599848 76.702736 0.132358
 260.000000 61.667490 0.524531 76.528727 0.180460
 261.000000 62.956984 0.466961 76.032189 0.166973
 262.000000 72.201856 0.224627 71.683355 0.282578
 263.000000 62.163566 0.387008 72.604323 0.181112
 264.000000 70.317520 0.266008 72.633030 0.221778
 265.000000 67.390986 0.338300 73.764904 0.179870
 266.000000 65.235248 0.337261 71.968932 0.214373
 267.000000 68.496568 0.180502 68.491033 0.306791
 268.000000 69.099987 0.260856 71.232089 0.249420
 269.000000 66.976944 0.230587 69.563838 0.248894
 270.000000 73.735387 0.166886 71.127873 0.321966
 271.000000 70.050513 0.158714 66.814780 0.332406
 272.000000 73.308617 0.141794 70.731411 0.338891
 273.000000 67.300318 0.208421 65.202945 0.349058
 274.000000 73.444964 0.084970 65.593297 0.392297
 275.000000 71.175199 0.149595 67.534501 0.351563
 276.000000 71.120903 0.086480 64.411524 0.391596
 277.000000 66.934675 0.223655 68.201745 0.269731
 278.000000 73.506559 0.081658 66.462570 0.399779
 279.000000 72.394821 0.107981 66.012112 0.375043
 280.000000 68.910932 0.147679 65.409654 0.364274
 281.000000 66.104836 0.248990 68.320447 0.231248
 282.000000 72.643486 0.127722 67.832958 0.349450
 283.000000 67.859394 0.172597 66.083204 0.312482
 284.000000 65.378114 0.336179 71.704767 0.211409
 285.000000 68.159338 0.202495 66.146203 0.319306
 286.000000 72.161862 0.135262 67.774571 0.346942
 287.000000 73.827338 0.112094 68.199357 0.352855
 288.000000 67.455084 0.263138 69.886762 0.232769
 289.000000 74.175732 0.080859 68.387920 0.348310
 290.000000 65.332814 0.326716 71.314520 0.194463
 291.000000 67.272258 0.332738 73.950135 0.184633
 292.000000 73.967979 0.096428 67.876410 0.379820
 293.000000 73.407903 0.154925 72.178280 0.304349
 294.000000 68.321187 0.247660 70.825056 0.247300
 295.000000 74.276822 0.095114 68.205115 0.382953
 296.000000 74.168167 0.079411 68.016529 0.365243
 297.000000 72.916179 0.115287 68.679458 0.345392
 298.000000 69.063284 0.149154 64.684700 0.344965
 299.000000 73.333028 0.125887 70.973840 0.314072
 300.000000 66.387666 0.253313 68.102695 0.280561
 301.000000 64.571583 0.347065 70.256652 0.242752
 302.000000 63.941513 0.373682 73.212216 0.154046
 303.000000 66.071866 0.315626 70.062998 0.233285
 304.000000 64.866305 0.429158 72.448967 0.237302
 305.000000 69.382669 0.238099 70.683848 0.243551
 306.000000 70.725580 0.169279 70.375520 0.271738
 307.000000 68.037843 0.185797 67.538869 0.283782
 308.000000 68.576730 0.156648 67.699334 0.283125
 309.000000 74.227520 0.167165 67.562135 0.413744
 310.000000 66.774011 0.314120 74.375745 0.176817
 311.000000 70.378259 0.320047 75.347194 0.259742
 312.000000 73.018335 0.276578 74.158829 0.239647
 313.000000 65.624537 0.288529 68.092449 0.230373
 314.000000 70.376082 0.095312 64.011487 0.367406
 315.000000 66.099422 0.270037 69.211985 0.229792
 316.000000 67.557813 0.223143 68.670276 0.260969
 317.000000 74.705215 0.141534 69.869619 0.350545
 318.000000 73.244488 0.040616 66.783810 0.395960
 319.000000 70.236624 0.148729 67.314647 0.347802
 320.000000 66.257363 0.245531 68.847733 0.284936
 321.000000 63.905435 0.397951 73.318745 0.198420
 322.000000 66.849402 0.395661 72.906416 0.215584
 323.000000 70.587572 0.327850 73.113018 0.213078
 324.000000 64.534961 0.445353 74.431753 0.204194
 325.000000 61.635593 0.476752 74.878334 0.141095
 326.000000 66.211954 0.368888 70.616264 0.258343
 327.000000 62.682751 0.456031 71.946641 0.243737
 328.000000 56.618917 0.564847 76.357699 0.119884
 329.000000 53.606359 0.638925 76.858443 0.136001
 330.000000 60.166616 0.546697 76.026431 0.186580
 331.000000 53.630743 0.643654 75.787917 0.142407
 332.000000 60.448506 0.546675 76.181674 0.197171
 333.000000 61.244489 0.495738 77.472196 0.106797
 334.000000 59.641868 0.529850 75.008360 0.195359
 335.000000 66.437863 0.414909 75.320969 0.193216
 336.000000 69.582194 0.319053 73.226263 0.235792
 337.000000 60.018775 0.513562 72.383412 0.215312
 338.000000 65.608624 0.349717 70.573792 0.235427
 339.000000 67.433613 0.236966 69.175740 0.255412
 340.000000 66.314160 0.309665 72.661806 0.186395
 341.000000 71.832017 0.094864 66.098815 0.350673
 342.000000 66.011543 0.324670 71.261009 0.230772
 343.000000 60.546847 0.486209 72.485551 0.214311
 344.000000 59.834064 0.567208 78.859934 0.126035
 345.000000 64.090786 0.455748 73.339186 0.270581
 346.000000 63.845970 0.453244 75.554453 0.197284
 347.000000 72.052635 0.258474 73.514665 0.191317
 348.000000 69.527250 0.317170 72.525684 0.250144
 349.000000 65.727902 0.387261 71.929645 0.255978
 350.000000 71.193113 0.330988 73.515604 0.271380
 351.000000 65.881382 0.412018 75.272647 0.167662
 352.000000 62.840850 0.459131 75.227481 0.154762
 353.000000 70.025960 0.317980 72.058552 0.254768
 354.000000 74.340693 0.169287 70.658812 0.301240
 355.000000 71.619427 0.292594 70.528487 0.291877
 356.000000 68.718061 0.349979 72.616661 0.233095
 357.000000 67.577177 0.247216 68.290354 0.258589
 358.000000 68.321704 0.160004 65.454529 0.324582
 359.000000 67.065101 0.232825 68.597115 0.275382
 360.000000 68.535443 0.168561 66.070290 0.316017
 361.000000 71.780105 0.152870 69.181888 0.313745
 362.000000 71.773026 0.071693 65.696458 0.370011
 363.000000 66.455368 0.232000 66.298370 0.298856
 364.000000 59.737936 0.545145 76.667156 0.142477
 365.000000 55.710770 0.579855 74.443372 0.165833
 366.000000 55.158959 0.604864 76.075016 0.139275
 367.000000 54.816359 0.623398 76.403529 0.150075
 368.000000 64.964390 0.377329 69.648233 0.270592
 369.000000 69.968690 0.138834 66.746809 0.302026
 370.000000 67.984253 0.194365 66.817922 0.297873
 371.000000 66.718340 0.274115 69.560434 0.253562
 372.000000 72.916548 0.220679 71.297351 0.279386
 373.000000 72.602033 0.052342 64.892455 0.420683
 374.000000 69.911350 0.191769 69.997187 0.294149
 375.000000 74.618569 0.158154 70.096806 0.350449
 376.000000 66.884324 0.263567 69.513804 0.252213
 377.000000 75.171041 0.135075 70.302842 0.336604
 378.000000 69.940086 0.155118 66.704306 0.337668
 379.000000 71.963932 0.210647 70.749883 0.295839
 380.000000 68.739132 0.280720 72.407981 0.228320
 381.000000 66.354223 0.284759 69.566055 0.269381
 382.000000 69.350406 0.230379 69.441824 0.279784
 383.000000 63.893038 0.266163 65.336755 0.287640
 384.000000 68.187514 0.291565 72.524628 0.211817
 385.000000 73.610924 0.099826 66.315430 0.403928
 386.000000 72.530748 0.162853 70.061778 0.330700
 387.000000 74.692819 0.091712 68.832189 0.357424
 388.000000 72.783393 0.067167 65.748386 0.389231
 389.000000 70.586537 0.120324 66.251203 0.353387
 390.000000 72.816037 0.110327 67.660553 0.375580
 391.000000 70.386360 0.259977 73.730108 0.208926
 392.000000 67.860151 0.236988 70.338122 0.276825
 393.000000 65.967641 0.266072 68.150274 0.262690
 394.000000 66.453016 0.331455 71.981756 0.251663
 395.000000 67.551953 0.198119 68.262703 0.255828
 396.000000 71.754385 0.158613 68.878587 0.337606
 397.000000 71.578566 0.212062 72.294127 0.268639
 398.000000 74.911056 0.080066 63.273680 0.481945
 399.000000 69.496792 0.194835 69.485366 0.308983
 400.000000 72.323187 0.181082 71.067263 0.330603
 401.000000 68.743817 0.181606 65.183232 0.326468
 402.000000 67.481938 0.231699 69.141524 0.278885
 403.000000 66.655606 0.276630 68.634309 0.271851
 404.000000 68.308096 0.270327 71.591317 0.205574
 405.000000 66.021054 0.204178 66.825047 0.295800
 406.000000 67.703265 0.212287 68.805465 0.267753
 407.000000 73.404770 0.095892 68.564169 0.366259
 408.000000 73.774950 0.052395 64.134498 0.434586
 409.000000 74.232170 0.115291 67.890724 0.377983
 410.000000 68.360945 0.153619 65.346961 0.283660
 411.000000 69.939128 0.164691 66.739315 0.344718
 412.000000 70.823440 0.177344 69.285620 0.306426
 413.000000 69.306162 0.195173 68.796551 0.306796
 414.000000 76.159336 0.082043 68.922813 0.374061
 415.000000 68.876561 0.275742 72.760601 0.214809
 416.000000 65.901046 0.230510 66.103149 0.281552
 417.000000 63.974168 0.329748 69.161280 0.229832
 418.000000 65.964294 0.293617 70.328165 0.233117
 419.000000 68.941514 0.193266 69.028241 0.245140
 420.000000 65.041332 0.392345 73.816078 0.169347
 421.000000 65.782525 0.378891 73.305302 0.243440
 422.000000 69.713728 0.135088 66.335626 0.375273
 423.000000 69.807143 0.216561 69.554430 0.285356
 424.000000 67.262858 0.296936 73.782608 0.155022
 425.000000 65.665782 0.303808 71.123217 0.202461
 426.000000 59.062392 0.523150 75.764742 0.189869
 427.000000 64.064923 0.450844 75.661416 0.127876
 428.000000 71.622304 0.257003 74.101288 0.186966
 429.000000 74.970123 0.182545 72.113212 0.277179
 430.000000 67.281125 0.401729 75.228463 0.184354
 431.000000 72.236815 0.250227 69.877776 0.292911
 432.000000 75.455395 0.143272 70.738971 0.289211
 433.000000 70.912776 0.288619 73.840675 0.221217
 434.000000 67.183939 0.379525 75.160831 0.216458
 435.000000 68.664434 0.383976 72.562828 0.291333
 436.000000 61.945507 0.463638 73.853754 0.190492
 437.000000 55.886805 0.576707 76.879385 0.123585
 438.000000 56.651545 0.588726 77.875861 0.140803
 439.000000 55.428033 0.620520 77.720321 0.106234
 440.000000 54.563684 0.632723 78.017036 0.117791
 441.000000 68.159700 0.379646 75.003848 0.202657
 442.000000 61.859616 0.481054 74.393665 0.201140
 443.000000 70.639136 0.333249 74.806191 0.248659
 444.000000 66.427085 0.386168 75.145014 0.142495
 445.000000 74.519672 0.131811 69.685711 0.324725
 446.000000 71.932320 0.246632 72.045277 0.230140
 447.000000 73.019652 0.214337 70.856181 0.263886
 448.000000 71.465809 0.267585 73.919183 0.195830
 449.000000 72.804948 0.218224 71.010955 0.272461
 450.000000 63.938597 0.430777 74.784149 0.153670
 451.000000 65.342540 0.453086 75.537574 0.183001
 452.000000 71.513912 0.292737 73.950187 0.202490
 453.000000 75.717629 0.122802 70.390187 0.312987
 454.000000 75.569618 0.142627 70.919841 0.311251
 455.000000 75.761418 0.089458 67.607573 0.379331
 456.000000 72.538799 0.209709 71.834625 0.224850
 457.000000 73.400541 0.220215 73.736176 0.225442
 458.000000 72.456664 0.268984 73.615151 0.206534
 459.000000 73.928365 0.228256 73.871191 0.229894
 460.000000 72.029806 0.229880 71.761410 0.237627
 461.000000 69.515424 0.326725 72.213857 0.219894
 462.000000 72.215319 0.307714 75.365083 0.217196
 463.000000 73.128984 0.266913 73.989026 0.243666
 464.000000 73.936587 0.146324 68.104307 0.318367
 465.000000 73.049547 0.182010 72.659522 0.254976
 466.000000 72.287691 0.248642 74.315531 0.190098
 467.000000 75.503946 0.155838 71.693314 0.309112
 468.000000 67.600244 0.320340 74.021006 0.146667
 469.000000 66.683464 0.367342 72.116689 0.241898
 470.000000 69.482662 0.348721 73.623133 0.251960
 471.000000 70.591013 0.265748 72.898821 0.242487
 472.000000 74.240371 0.193147 72.056095 0.269197
 473.000000 75.536507 0.148689 71.304581 0.303028
 474.000000 74.662960 0.132471 68.428529 0.331825
 475.000000 75.728988 0.162125 71.730015 0.308457
 476.000000 71.146477 0.276094 68.983564 0.300354
 477.000000 74.287061 0.117362 68.850897 0.326660
 478.000000 75.034884 0.139897 69.814400 0.321840
 479.000000 73.954132 0.211378 72.308893 0.281574
 480.000000 76.771163 0.100694 69.767066 0.342983
 481.000000 73.082182 0.229918 71.437198 0.279775
 482.000000 74.722125 0.111605 68.076087 0.348709
 483.000000 62.045398 0.423344 70.507758 0.225893
 484.000000 59.669083 0.484590 71.010228 0.237983
 485.000000 57.901493 0.540968 75.053974 0.171494
 486.000000 53.207969 0.603924 74.818699 0.132991
 487.000000 55.274768 0.559034 74.885959 0.166004
 488.000000 60.083340 0.517287 72.741410 0.227309
 489.000000 58.361976 0.572886 78.941912 0.134586
 490.000000 61.031330 0.460546 72.005727 0.224308
 491.000000 60.259803 0.506729 77.101748 0.168327
 492.000000 69.763822 0.334842 74.206352 0.209835
 493.000000 71.168759 0.315936 75.232239 0.207984
 494.000000 74.681180 0.190110 72.282227 0.249167
 495.000000 71.546548 0.257052 72.065081 0.259161
 496.000000 66.704349 0.398190 75.734965 0.178260
 497.000000 69.166516 0.338000 71.685840 0.255346
 498.000000 68.462957 0.387503 73.714725 0.261092
 499.000000 69.988273 0.314166 71.355869 0.246868
 500.000000 64.772787 0.395406 69.890973 0.296259
 501.000000 63.206062 0.486653 74.854823 0.188949
 502.000000 69.716562 0.336379 72.539643 0.210278
 503.000000 63.887185 0.446930 73.545451 0.243130
 504.000000 68.463853 0.376549 72.140426 0.252439
 505.000000 66.083667 0.395583 72.815115 0.230532
 506.000000 70.896970 0.306604 70.613782 0.312233
 507.000000 64.347052 0.406295 71.805418 0.195838
 508.000000 62.539316 0.407149 70.421551 0.222501
 509.000000 61.560576 0.509128 74.608786 0.171951
 510.000000 61.863624 0.484076 73.351022 0.240744
 511.000000 55.314070 0.573423 74.867226 0.182019
 512.000000 61.547741 0.440209 70.617354 0.261351
 513.000000 52.648728 0.646452 78.146038 0.104690
 514.000000 58.258791 0.530992 76.596638 0.125475
 515.000000 63.758046 0.471614 77.017264 0.192554
 516.000000 59.693639 0.545217 77.449457 0.172390
 517.000000 60.477639 0.497983 72.805793 0.240759
 518.000000 61.169447 0.423626 71.564301 0.154409
 519.000000 62.283935 0.383713 69.367937 0.233307
 520.000000 57.266949 0.542013 73.921912 0.162554
 521.000000 56.995689 0.593505 76.276786 0.130367
 522.000000 59.580008 0.518658 73.537693 0.223829
 523.000000 67.408561 0.255003 69.757541 0.243006
 524.000000 62.315885 0.382230 69.705378 0.253115
 525.000000 54.539147 0.589914 75.585074 0.148673
 526.000000 55.678547 0.575114 76.288489 0.129986
 527.000000 62.298957 0.458396 70.239110 0.235265
 528.000000 53.575338 0.631687 77.437350 0.102242
 529.000000 58.147527 0.535551 75.252653 0.191464
 530.000000 56.448185 0.604577 76.675379 0.168011
 531.000000 62.697590 0.513458 77.984858 0.173355
 532.000000 62.307656 0.405188 69.588652 0.242451
 533.000000 73.801604 0.109805 69.495342 0.313918
 534.000000 71.092915 0.148019 69.622125 0.286695
 535.000000 68.821636 0.155775 65.692346 0.315896
 536.000000 66.703124 0.258599 68.874650 0.254515
 537.000000 68.779324 0.192331 69.202085 0.260806
 538.000000 68.326605 0.199797 67.917603 0.281518
 539.000000 66.067646 0.221765 66.412978 0.308738
 540.000000 70.762120 0.141106 67.543756 0.319507
 541.000000 67.258784 0.237358 69.811032 0.262147
 542.000000 67.131047 0.201772 66.757063 0.306271
 543.000000 65.589044 0.284731 67.536284 0.297659
 544.000000 66.673905 0.249501 69.493845 0.217500
 545.000000 68.270097 0.177110 66.713592 0.328190
 546.000000 72.430425 0.150291 69.942838 0.302756
 547.000000 69.779069 0.219579 70.542918 0.240390
 548.000000 62.787764 0.392558 69.870153 0.292186
 549.000000 67.662076 0.198977 65.774036 0.314619
 550.000000 67.585612 0.209670 67.221398 0.282774
 551.000000 69.649206 0.148129 66.459482 0.333282
 552.000000 67.004793 0.292509 71.480347 0.200144
 553.000000 66.251691 0.357880 70.049348 0.303181
 554.000000 63.887260 0.403859 71.860907 0.267426
 555.000000 67.904939 0.195792 68.722261 0.297629
 556.000000 70.465764 0.183930 68.658803 0.288069
 557.000000 70.886637 0.178824 69.153019 0.324923
 558.000000 67.250239 0.297950 71.476053 0.211390
 559.000000 68.745537 0.260996 71.683345 0.242192
 560.000000 71.022485 0.192362 69.873113 0.292551
 561.000000 66.900872 0.286143 70.869238 0.204653
 562.000000 69.009507 0.287767 72.492914 0.178280
 563.000000 67.169270 0.233350 68.777342 0.256876
 564.000000 68.190168 0.186759 67.219181 0.308403
 565.000000 64.075835 0.293094 68.823433 0.235372
 566.000000 68.678449 0.266466 71.871699 0.230403
 567.000000 71.169754 0.153589 67.854107 0.342747
 568.000000 68.697341 0.146784 66.479393 0.330007
 569.000000 73.099778 0.126065 68.764640 0.336936
 570.000000 66.629954 0.249812 69.915316 0.253385
 571.000000 67.108867 0.218986 67.580806 0.270855
 572.000000 70.782462 0.190480 69.925257 0.303989
 573.000000 67.627598 0.172383 66.974500 0.296737
 574.000000 70.414196 0.170040 68.838220 0.336342
 575.000000 69.919956 0.180072 68.085805 0.298539
 576.000000 73.328756 0.081693 67.548286 0.360736
 577.000000 68.831697 0.139814 65.094195 0.345931
 578.000000 69.625306 0.127775 66.232466 0.351903
 579.000000 70.025163 0.164985 67.514547 0.317898
 580.000000 67.910502 0.196188 65.323495 0.327697
 581.000000 68.958644 0.207831 68.292321 0.277685
 582.000000 65.740432 0.267724 69.112674 0.237729
 583.000000 68.593476 0.215493 69.276055 0.300644
 584.000000 72.388953 0.228640 73.983131 0.242109
 585.000000 60.914096 0.431180 72.195338 0.167972
 586.000000 55.501975 0.584171 77.736481 0.115769
 587.000000 55.604477 0.598737 76.096764 0.156304
 588.000000 63.001614 0.536551 78.206009 0.167279
 589.000000 59.213606 0.561845 78.244554 0.128538
 590.000000 60.775021 0.549005 77.243280 0.184027
 591.000000 63.398187 0.468817 73.237999 0.267920
 592.000000 60.509184 0.446422 71.421379 0.205533
 593.000000 64.050330 0.371695 72.124102 0.210203
 594.000000 64.455758 0.400334 71.433896 0.211859
 595.000000 68.453889 0.377149 73.147845 0.215166
 596.000000 74.551552 0.178568 70.866140 0.286950
 597.000000 71.488799 0.261614 73.160263 0.224494
 598.000000 71.455894 0.298124 73.580674 0.206172
 599.000000 74.461293 0.204328 71.848172 0.259798
 600.000000 71.005008 0.308947 72.862680 0.222281
 601.000000 70.778872 0.298087 74.599377 0.195706
 602.000000 68.598229 0.308981 71.938247 0.207193
 603.000000 70.144678 0.278895 73.394398 0.204557
 604.000000 59.905838 0.495004 72.917147 0.177756
 605.000000 62.814909 0.466155 75.022698 0.145608
 606.000000 51.274089 0.664736 78.087229 0.125712
 607.000000 65.500948 0.471655 77.949362 0.187488
 608.000000 64.543704 0.467004 73.344875 0.259751
 609.000000 63.516962 0.463472 75.129696 0.163214
 610.000000 64.032265 0.476157 75.424508 0.200762
 611.000000 63.571305 0.474500 74.782881 0.170695
 612.000000 59.523373 0.520843 74.993777 0.196392
 613.000000 55.067795 0.637143 76.211095 0.164848
 614.000000 58.755324 0.537877 73.172538 0.206879
 615.000000 59.058009 0.502042 74.313458 0.168032
 616.000000 60.413769 0.553849 77.255716 0.194571
 617.000000 59.129273 0.472158 70.521388 0.209507
 618.000000 59.943106 0.454956 67.676970 0.283997
 619.000000 61.639153 0.446419 72.028142 0.223305
 620.000000 65.316920 0.311090 71.231613 0.209080
 621.000000 74.469268 0.106445 69.416057 0.366062
 622.000000 70.327714 0.145112 67.675925 0.320058
 623.000000 69.399796 0.241563 71.292569 0.246982
 624.000000 67.008360 0.148714 65.415491 0.288727
 625.000000 67.297178 0.235026 67.541458 0.310247
 626.000000 60.777225 0.424140 70.011426 0.227706
 627.000000 66.979166 0.300700 71.206902 0.255983
 628.000000 74.732880 0.079718 67.824297 0.395201
 629.000000 67.646258 0.315053 72.762902 0.250882
 630.000000 71.680946 0.104747 66.372180 0.348991
 631.000000 63.638553 0.381624 71.566147 0.231351
 632.000000 63.876422 0.379633 70.419611 0.267600
 633.000000 72.838272 0.195956 70.537907 0.293660
 634.000000 72.192594 0.170604 69.353353 0.331458
 635.000000 63.822775 0.317508 69.560763 0.236673
 636.000000 69.349750 0.214528 68.528338 0.265096
 637.000000 66.936766 0.234456 67.601618 0.267212
 638.000000 70.263159 0.162210 66.882692 0.336387
 639.000000 73.335343 0.161750 70.049673 0.329819
 640.000000 72.871005 0.104819 67.309190 0.366268
 641.000000 70.534061 0.201929 69.645923 0.322611
 642.000000 65.716689 0.267433 68.306460 0.235213
 643.000000 71.658640 0.135762 68.196895 0.306001
 644.000000 71.622924 0.269810 73.145036 0.241487
 645.000000 57.104915 0.523128 75.188323 0.135296
 646.000000 60.696268 0.530765 76.732284 0.181000
 647.000000 58.762402 0.516282 72.241245 0.212989
 648.000000 66.808801 0.358146 73.484497 0.178673
 649.000000 60.938264 0.429930 69.836774 0.263162
 650.000000 63.991784 0.378618 72.520328 0.177426
 651.000000 63.438694 0.354030 72.300479 0.178347
 652.000000 61.435176 0.417477 71.682499 0.208788
 653.000000 62.856908 0.404653 71.638227 0.213731
 654.000000 61.587491 0.420357 69.954410 0.244099
 655.000000 60.022337 0.456762 70.818233 0.249868
 656.000000 63.602642 0.343279 71.641231 0.208346
 657.000000 65.543090 0.288354 69.647668 0.221802
 658.000000 70.160286 0.193692 68.592286 0.304631
 659.000000 70.429126 0.228222 72.732014 0.210781
 660.000000 68.841193 0.237943 71.824112 0.208001
 661.000000 67.466919 0.187479 66.047086 0.310972
 662.000000 65.816458 0.299171 69.543163 0.240935
 663.000000 72.294303 0.091846 67.742599 0.336211
 664.000000 70.114581 0.270642 72.265914 0.215967
 665.000000 68.561369 0.192506 68.155118 0.291261
 666.000000 74.688144 0.054511 67.713535 0.370670
 667.000000 75.090676 0.098591 69.238832 0.371285
 668.000000 67.810423 0.259721 70.413325 0.234607
 669.000000 66.144586 0.250514 66.504627 0.271281
 670.000000 61.587530 0.401099 69.597363 0.246840
 671.000000 57.348994 0.521164 75.135153 0.143793
 672.000000 54.008949 0.619276 77.009476 0.155626
 673.000000 67.678425 0.348897 75.663255 0.122594
 674.000000 71.707712 0.270417 72.069797 0.247478
 675.000000 73.838999 0.252325 71.249132 0.269808
 676.000000 72.611948 0.246125 72.156331 0.254492
 677.000000 73.945102 0.133345 68.754700 0.333601
 678.000000 76.182776 0.127896 68.445684 0.361022
 679.000000 76.075797 0.111105 69.362095 0.336183
 680.000000 73.552630 0.253237 73.247663 0.248542
 681.000000 74.594978 0.146137 70.223182 0.312477
 682.000000 73.346618 0.183529 70.052226 0.307626
 683.000000 70.992492 0.323912 73.917492 0.210132
 684.000000 69.808643 0.309702 73.916825 0.181171
 685.000000 74.592911 0.190664 71.115671 0.294275
 686.000000 73.621482 0.207188 71.951347 0.242628
 687.000000 70.637746 0.301472 74.883825 0.188217
 688.000000 65.950193 0.409596 74.570933 0.188042
 689.000000 71.624877 0.277053 72.096828 0.260326
 690.000000 66.033109 0.431999 75.745700 0.188753
 691.000000 68.155584 0.347644 71.272389 0.212666
 692.000000 64.821994 0.414384 75.000068 0.185810
 693.000000 64.799367 0.432730 75.158891 0.197564
 694.000000 68.965330 0.350281 73.123717 0.266971
 695.000000 69.355620 0.317136 72.345275 0.231174
 696.000000 69.279328 0.312029 70.146405 0.274046
 697.000000 76.545115 0.118746 68.957669 0.387326
 698.000000 72.701640 0.287407 71.917629 0.272858
 699.000000 74.661165 0.246193 74.638224 0.226310
 700.000000 72.781017 0.238492 71.586440 0.294535
 701.000000 71.574934 0.300634 74.389739 0.233984
 702.000000 64.222911 0.427179 71.686906 0.223826
 703.000000 66.345971 0.409604 74.916562 0.236355
 704.000000 70.249193 0.328913 72.245511 0.244843
 705.000000 67.790804 0.387787 73.199129 0.208934
 706.000000 72.273195 0.227852 68.980530 0.327042
 707.000000 69.403072 0.340860 73.298797 0.225524
 708.000000 68.962993 0.318149 73.127714 0.208268
 709.000000 70.744858 0.278904 71.689131 0.255742
 710.000000 72.008643 0.283829 73.173112 0.266103
 711.000000 65.830909 0.395385 74.074220 0.167283
 712.000000 70.960254 0.283894 71.372063 0.253049
 713.000000 72.710456 0.282292 73.281096 0.229030
 714.000000 71.362175 0.252674 72.494211 0.241493
 715.000000 72.198816 0.214687 70.129238 0.279210
 716.000000 74.319004 0.025543 65.067466 0.417300
 717.000000 75.241027 0.171161 71.517062 0.299525
 718.000000 74.799535 0.132017 69.527263 0.311509
 719.000000 73.713700 0.156117 70.184081 0.315497
 720.000000 73.999311 0.228738 73.490703 0.239622
 721.000000 76.657645 0.104608 69.450107 0.344676
 722.000000 76.169206 0.113473 70.042796 0.336843
 723.000000 74.305713 0.182723 72.567078 0.271996
 724.000000 75.707842 0.183732 70.312989 0.319687
 725.000000 69.052749 0.305401 71.784225 0.268100
 726.000000 72.718529 0.289841 72.536170 0.297897
 727.000000 73.736262 0.202715 72.000184 0.245343
 728.000000 73.568177 0.218897 69.959025 0.314779
 729.000000 64.782160 0.447469 76.048532 0.201496
 730.000000 60.232174 0.487625 74.048692 0.212313
 731.000000 62.382760 0.471745 71.196287 0.287401
 732.000000 52.730777 0.649638 77.224440 0.111357
 733.000000 51.358061 0.665511 78.453116 0.063719
 734.000000 53.331841 0.617978 78.744176 0.106497
 735.000000 64.739705 0.308045 71.514334 0.192875
 736.000000 60.106225 0.428880 69.139123 0.202920
 737.000000 68.534414 0.155567 67.620319 0.290622
 738.000000 74.910425 0.055364 66.689561 0.407782
 739.000000 66.992290 0.236798 68.264721 0.285763
 740.000000 69.955756 0.089764 64.375681 0.377350
 741.000000 68.792860 0.268637 70.898871 0.243105
 742.000000 74.975650 0.054986 67.037912 0.379291
 743.000000 64.459047 0.336105 69.357395 0.253573
 744.000000 65.494323 0.266444 66.762051 0.260135
 745.000000 70.771359 0.117484 65.818412 0.342436
 746.000000 69.447123 0.231495 70.132020 0.273649
 747.000000 71.390605 0.244331 71.431462 0.252989
 748.000000 71.004010 0.160798 68.140433 0.308630
 749.000000 63.522385 0.369037 71.575964 0.207943
 750.000000 66.575354 0.227328 69.289962 0.272513
 751.000000 67.244940 0.270732 70.019292 0.249675
 752.000000 70.544229 0.106594 66.134409 0.376916
 753.000000 68.164467 0.192051 66.697928 0.317123
 754.000000 70.620739 0.135699 67.667393 0.333005
 755.000000 68.366322 0.202902 66.882901 0.299973
 756.000000 66.754601 0.226610 69.264787 0.221270
 757.000000 67.294027 0.173291 67.491955 0.277511
 758.000000 74.277617 0.056816 65.492772 0.409248
 759.000000 70.986714 0.180437 70.505383 0.287856
 760.000000 70.504298 0.186979 70.290063 0.289376
 761.000000 71.477256 0.108009 66.623136 0.340505
 762.000000 73.673972 0.064862 66.177077 0.392865
 763.000000 74.097240 0.063919 67.104053 0.372087
 764.000000 74.255095 0.112888 69.812558 0.336156
 765.000000 69.448914 0.234664 69.818139 0.240877
 766.000000 65.429148 0.299440 70.306915 0.241010
 767.000000 70.494152 0.117152 66.551181 0.333279
 768.000000 69.073542 0.206442 68.713181 0.280165
 769.000000 72.926152 0.057573 65.780126 0.377398
 770.000000 69.168204 0.206884 69.069535 0.278504
 771.000000 67.766134 0.257372 70.479897 0.236844
 772.000000 68.841878 0.174545 66.640846 0.323120
 773.000000 67.187341 0.260060 67.579939 0.277725
 774.000000 71.535417 0.156575 68.116299 0.308909
 775.000000 71.891386 0.174734 69.786735 0.300347
 776.000000 63.183730 0.357957 71.475727 0.196626
 777.000000 72.175032 0.176085 67.817803 0.362027
 778.000000 69.265561 0.133345 64.979821 0.346801
 779.000000 65.798335 0.290556 69.730832 0.238990
 780.000000 68.995010 0.178035 66.980557 0.312369
 781.000000 71.805691 0.135441 67.424545 0.365150
 782.000000 66.109395 0.237868 67.844168 0.253350
 783.000000 62.361009 0.501212 73.386953 0.214083
 784.000000 59.357277 0.529125 75.324534 0.163534
 785.000000 58.792634 0.496564 72.306687 0.243605
 786.000000 62.240361 0.480240 74.209409 0.198512
 787.000000 66.112932 0.438408 74.906171 0.232247
 788.000000 63.301889 0.437250 72.829907 0.271742
 789.000000 61.616223 0.485634 75.001089 0.206369
 790.000000 51.604751 0.640486 75.014931 0.127835
 791.000000 60.440953 0.511668 74.045130 0.214574
 792.000000 65.605621 0.391055 70.844689 0.258182
 793.000000 65.222940 0.446480 74.429995 0.241375
 794.000000 64.949552 0.440994 74.289105 0.212081
 795.000000 51.829084 0.655505 75.986553 0.138908
 796.000000 58.296795 0.588269 79.574292 0.114889
 797.000000 61.448534 0.497313 76.539303 0.152447
 798.000000 50.806051 0.698735 78.909826 0.103991
 799.000000 53.876104 0.597948 75.659998 0.124922
 800.000000 62.437781 0.348220 67.864351 0.258559
 801.000000 63.036069 0.346552 70.432769 0.191551
 802.000000 58.713872 0.468134 73.574307 0.163852
 803.000000 70.317452 0.104842 64.636356 0.367016
 804.000000 68.497241 0.113055 65.160839 0.340268
 805.000000 67.365738 0.241142 68.555771 0.271632
 806.000000 63.657166 0.353721 72.009468 0.192887
 807.000000 71.450685 0.208801 70.404347 0.279223
 808.000000 66.215396 0.257715 69.177844 0.248397
 809.000000 69.167405 0.280205 71.204961 0.261625
 810.000000 70.640885 0.246520 70.618526 0.254146
 811.000000 65.886461 0.261458 68.680471 0.235875
 812.000000 70.617537 0.233715 71.713499 0.213551
 813.000000 70.013444 0.228748 70.566628 0.254066
 814.000000 65.445023 0.281980 69.994867 0.203652
 815.000000 69.276222 0.174595 68.456555 0.295543
 816.000000 67.114994 0.306374 71.588113 0.241231
 817.000000 68.681763 0.132402 65.474135 0.313254
 818.000000 71.308634 0.072340 63.895875 0.361332
 819.000000 64.813806 0.259835 67.392819 0.246013
 820.000000 66.853460 0.187401 65.147106 0.298057
 821.000000 63.041885 0.402763 71.355822 0.223431
 822.000000 60.618813 0.430890 72.998231 0.155101
 823.000000 63.851534 0.434793 73.417567 0.258528
 824.000000 66.105549 0.324588 73.789192 0.183564
 825.000000 67.941977 0.238174 69.579946 0.256665
 826.000000 70.160481 0.190350 70.416267 0.282174
 827.000000 70.053917 0.178847 68.202288 0.324238
 828.000000 68.459708 0.173388 68.413313 0.294474
 829.000000 67.343657 0.292405 71.828503 0.203965
 830.000000 74.466561 0.121211 70.172252 0.338274
 831.000000 72.154648 0.112843 67.238205 0.373501
 832.000000 68.050512 0.277127 72.497901 0.217995
 833.000000 63.950426 0.374409 73.375385 0.150374
 834.000000 68.223294 0.149666 65.380826 0.302209
 835.000000 68.269147 0.162786 65.259108 0.307630
 836.000000 69.473223 0.218868 68.184102 0.296182
 837.000000 67.429173 0.163087 66.452934 0.282431
 838.000000 68.038324 0.262870 71.707605 0.204119
 839.000000 70.660690 0.117101 66.338507 0.313439
 840.000000 65.819412 0.213956 66.676383 0.252116
 841.000000 66.614132 0.258646 68.013406 0.249286
 842.000000 63.893147 0.325442 68.539782 0.196987
 843.000000 66.261461 0.268607 69.353706 0.237820
 844.000000 63.676898 0.283847 66.498985 0.254711
 845.000000 62.955738 0.373580 71.444357 0.197774
 846.000000 74.225002 0.113115 67.621848 0.371033
 847.000000 71.832778 0.152602 69.140904 0.331101
 848.000000 63.929199 0.387030 72.301738 0.199465
 849.000000 69.674634 0.149167 66.904867 0.304997
 850.000000 67.978610 0.174937 67.447110 0.284484
 851.000000 57.066254 0.551436 76.883990 0.119280
 852.000000 69.596853 0.332577 72.992308 0.215790
 853.000000 66.025803 0.394360 73.798087 0.209534
 854.000000 67.331373 0.351782 73.929672 0.194958
 855.000000 67.227518 0.381410 73.225373 0.242491
 856.000000 69.302745 0.382180 76.278451 0.194671
 857.000000 67.135210 0.357051 71.147236 0.236302
 858.000000 74.089477 0.193269 70.441305 0.280610
 859.000000 75.564830 0.148311 68.809329 0.353824
 860.000000 70.625209 0.309652 74.809776 0.206155
 861.000000 67.214875 0.400007 73.866363 0.217850
 862.000000 66.237895 0.439804 76.297147 0.184123
 863.000000 72.980741 0.237695 69.780144 0.304025
 864.000000 69.838443 0.309867 71.813571 0.258044
 865.000000 66.445726 0.395847 75.139517 0.178506
 866.000000 69.502438 0.343312 73.507434 0.221746
 867.000000 67.765495 0.410904 76.825849 0.174430
 868.000000 76.385087 0.147200 72.623121 0.309380
 869.000000 75.106382 0.185597 71.681244 0.300994
 870.000000 72.289420 0.306408 74.745319 0.213441
 871.000000 61.533599 0.458021 75.098203 0.147103
 872.000000 63.921589 0.491883 76.463447 0.176515
 873.000000 72.993117 0.293032 75.752922 0.186904
 874.000000 73.840101 0.217097 75.060003 0.211714
 875.000000 75.617882 0.163575 71.081893 0.283322
 876.000000 61.371086 0.525550 74.132028 0.255896
 877.000000 57.056849 0.598955 76.545875 0.148831
 878.000000 53.121766 0.607953 75.222822 0.088052
 879.000000 67.480954 0.429424 77.098134 0.211179
 880.000000 57.920104 0.511163 74.861481 0.156093
 881.000000 60.553475 0.462689 70.374233 0.232090
 882.000000 55.615561 0.599835 77.407601 0.134788
 883.000000 62.715212 0.512380 74.353452 0.201526
 884.000000 55.649556 0.560710 77.704898 0.094317
 885.000000 53.394801 0.602057 75.311184 0.130260
 886.000000 56.947807 0.518740 70.563160 0.216179
 887.000000 54.999422 0.541721 72.019981 0.180182
 888.000000 54.286495 0.551603 71.997809 0.158982
 889.000000 61.075212 0.458151 72.362583 0.206427
 890.000000 53.321478 0.596489 74.236554 0.142112
 891.000000 69.476740 0.144391 66.509720 0.339670
 892.000000 69.796557 0.145425 65.883466 0.348952
 893.000000 71.091699 0.248622 71.679469 0.213537
 894.000000 68.134778 0.181075 65.589932 0.295222
 895.000000 72.353744 0.129900 68.958169 0.298111
 896.000000 66.595064 0.260102 67.999212 0.248087
 897.000000 68.776919 0.168723 65.812488 0.354098
 898.000000 61.263192 0.434706 71.433805 0.209314
 899.000000 73.631719 0.049135 65.442655 0.411757
 900.000000 68.304343 0.218964 68.552502 0.302577
 901.000000 69.809051 0.115418 66.284558 0.332154
 902.000000 64.938747 0.241780 66.150105 0.257180
 903.000000 71.531006 0.118826 68.011867 0.310425
 904.000000 71.125616 0.143360 68.528720 0.308884
 905.000000 68.278242 0.233250 69.888210 0.258606
 906.000000 72.558771 0.099903 67.075402 0.363950
 907.000000 74.459603 0.064334 67.435909 0.375538
 908.000000 67.437690 0.240589 68.216442 0.301459
 909.000000 71.824457 0.252126 71.972234 0.252146
 910.000000 61.311314 0.414287 68.903671 0.228490
 911.000000 67.377972 0.237716 68.765042 0.273649
 912.000000 71.894997 0.181134 68.805342 0.314021
 913.000000 71.088566 0.164921 68.660046 0.309050
 914.000000 67.204590 0.194891 66.268299 0.271529
 915.000000 65.193445 0.365482 70.832946 0.193233
 916.000000 70.098364 0.253269 71.980385 0.226035
 917.000000 70.868527 0.190067 70.535953 0.271321
 918.000000 69.495165 0.145238 65.357574 0.341323
 919.000000 70.255205 0.120746 65.185707 0.368044
 920.000000 70.605442 0.214817 71.273185 0.233302
 921.000000 68.746607 0.159811 66.401662 0.329863
 922.000000 73.325778 0.182535 69.950103 0.346474
 923.000000 72.401505 0.167852 71.113801 0.337745
 924.000000 72.670695 0.239836 71.020110 0.306506
 925.000000 59.113445 0.435541 68.146839 0.224740
 926.000000 76.194447 0.120551 70.750982 0.320165
 927.000000 74.996117 0.167696 72.259037 0.279929
 928.000000 75.377596 0.137054 70.683260 0.334817
 929.000000 65.915399 0.403652 71.615430 0.215542
 930.000000 67.134010 0.417827 75.160948 0.202702
 931.000000 68.428826 0.383377 75.742060 0.198039
 932.000000 65.984404 0.390818 74.693198 0.168551
 933.000000 63.115528 0.480372 74.455997 0.213506
 934.000000 59.517376 0.519034 73.168986 0.212912
 935.000000 59.813555 0.556300 78.593498 0.170870
 936.000000 58.937995 0.527099 72.866706 0.218924
 937.000000 58.774870 0.505130 72.194926 0.221839
 938.000000 73.308108 0.049186 64.361790 0.422826
 939.000000 68.143782 0.249895 69.261306 0.268592
 940.000000 67.078605 0.299001 70.765224 0.254525
 941.000000 67.386461 0.252161 70.109135 0.256583
 942.000000 65.274285 0.282418 69.644531 0.241830
 943.000000 64.512983 0.289746 69.283066 0.179960
 944.000000 65.900817 0.258028 68.117170 0.290832
 945.000000 71.206855 0.164856 69.887584 0.307986
 946.000000 68.657392 0.299263 71.844514 0.211481
 947.000000 69.066914 0.257368 70.868201 0.236011
 948.000000 61.426374 0.433376 71.439305 0.238520
 949.000000 66.918121 0.253383 70.112984 0.230200
 950.000000 68.624116 0.228729 70.654172 0.220890
 951.000000 69.456761 0.138531 65.550545 0.329755
 952.000000 67.347065 0.198335 65.807784 0.322071
 953.000000 73.809927 0.076120 68.339485 0.368641
 954.000000 72.372641 0.050634 66.142464 0.360353
 955.000000 72.138511 0.181049 71.239716 0.281121
 956.000000 69.591163 0.143392 66.663585 0.324246
 957.000000 64.292178 0.308983 69.055314 0.203052
 958.000000 67.808438 0.283931 70.893285 0.246966
 959.000000 73.080712 0.109078 68.899881 0.342933
 960.000000 75.236650 0.076813 68.061329 0.398850
 961.000000 71.178234 0.053597 63.615978 0.370521
 962.000000 68.270015 0.179758 65.768091 0.316938
 963.000000 72.292381 0.139716 69.335228 0.345235
 964.000000 76.349417 0.090356 67.175443 0.428531
 965.000000 71.716236 0.216523 70.781467 0.268308
 966.000000 65.866355 0.207077 66.026962 0.277597
 967.000000 69.808368 0.239279 70.725759 0.243157
 968.000000 71.353019 0.240807 72.794980 0.224867
 969.000000 61.834785 0.429008 72.233677 0.216009
 970.000000 60.860026 0.427272 71.586731 0.216339
 971.000000 66.701099 0.228094 66.669011 0.264161
 972.000000 67.916653 0.201432 66.530382 0.288572
 973.000000 62.619248 0.379740 70.253444 0.211402
 974.000000 68.825591 0.182559 69.075074 0.306981
 975.000000 69.293648 0.258316 70.013343 0.275375
 976.000000 71.076220 0.114082 67.152754 0.311415
 977.000000 67.131390 0.267653 71.043308 0.264400
 978.000000 68.163750 0.150473 64.870564 0.332393
 979.000000 65.120033 0.361343 71.846427 0.244241
 980.000000 65.455208 0.318675 71.474586 0.189094
 981.000000 55.041882 0.576144 74.710282 0.126355
 982.000000 60.833289 0.485469 74.685495 0.157862
 983.000000 51.983052 0.665737 78.616507 0.084463
 984.000000 64.061014 0.382512 73.455163 0.212407
 985.000000 59.739743 0.431090 71.947166 0.178937
 986.000000 64.828280 0.274255 66.797332 0.255122
 987.000000 69.934761 0.247880 71.769540 0.236027
 988.000000 72.928070 0.173831 70.883513 0.304837
 989.000000 69.423942 0.212315 69.495088 0.293770
 990.000000 65.339752 0.246702 67.198571 0.277031
 991.000000 63.933253 0.363415 73.656675 0.187801
 992.000000 69.260773 0.200351 69.353692 0.281072
 993.000000 71.444825 0.179945 67.574671 0.348568
 994.000000 67.790962 0.238951 70.313860 0.280532
 995.000000 72.752547 0.160460 68.432331 0.360702
 996.000000 65.593330 0.288704 69.459013 0.256638
 997.000000 71.513908 0.195288 71.396902 0.304738
 998.000000 71.608499 0.202517 70.737667 0.306989
 999.000000 72.193533 0.246975 70.049595 0.360883
 1000.000000 68.818679 0.219274 67.947055 0.301993
 1001.000000 67.606085 0.196146 66.089740 0.310035
 1002.000000 61.147230 0.340689 65.556327 0.296834
 1003.000000 61.038584 0.484036 71.236506 0.243003
 1004.000000 54.994635 0.543293 73.381647 0.137412
 1005.000000 62.052169 0.386163 69.943197 0.253705
 1006.000000 71.328228 0.261237 71.640228 0.202660
 1007.000000 74.779959 0.217872 70.710918 0.323344
 1008.000000 71.677475 0.240956 71.771959 0.256614
 1009.000000 71.752915 0.254778 71.944302 0.246144
 1010.000000 69.591249 0.333580 73.964555 0.237294
 1011.000000 75.097247 0.142773 70.454239 0.329003
 1012.000000 75.604674 0.082224 68.502281 0.370143
 1013.000000 73.705004 0.254706 73.851853 0.223691
 1014.000000 76.128097 0.144140 70.297140 0.310755
 1015.000000 75.985689 0.169582 70.857308 0.303391
 1016.000000 73.321199 0.231386 72.592911 0.255793
 1017.000000 70.702696 0.278154 71.668050 0.241265
 1018.000000 75.687134 0.097424 67.658016 0.391918
 1019.000000 74.479807 0.189153 70.965652 0.309836
 1020.000000 71.240772 0.279910 72.778543 0.222567
 1021.000000 67.124061 0.412228 75.413211 0.181743
 1022.000000 68.868736 0.382969 76.495985 0.188608
 1023.000000 63.766304 0.511537 79.690593 0.159123
 1024.000000 63.553784 0.328308 70.628717 0.195243
 1025.000000 62.616433 0.405968 73.320932 0.183321
 1026.000000 66.516925 0.245830 67.770535 0.314806
 1027.000000 74.120575 0.116853 66.446138 0.412819
 1028.000000 68.305484 0.292806 71.293441 0.256054
 1029.000000 72.059355 0.127216 69.283306 0.325808
 1030.000000 68.221822 0.202473 68.213744 0.265155
 1031.000000 66.653153 0.302108 70.754975 0.239712
 1032.000000 66.531748 0.418853 74.972597 0.240108
 1033.000000 57.289491 0.494615 68.688004 0.268677
 1034.000000 57.692103 0.611171 78.328791 0.129352
 1035.000000 61.882842 0.377141 69.637309 0.227416
 1036.000000 65.263924 0.320522 71.310867 0.234733
 1037.000000 50.363185 0.651961 75.483277 0.162987
 1038.000000 69.615212 0.213723 70.850287 0.263232
 1039.000000 67.508423 0.209608 66.700891 0.296235
 1040.000000 70.253168 0.223430 69.930053 0.283032
 1041.000000 69.359507 0.180720 67.041225 0.314040
 1042.000000 69.244219 0.252764 69.920599 0.249409
 1043.000000 72.675081 0.149273 69.706832 0.323178
 1044.000000 70.222379 0.114791 65.807204 0.352253
 1045.000000 72.432757 0.171896 67.906188 0.310114
 1046.000000 71.843256 0.049931 65.353518 0.394120
 1047.000000 67.776072 0.286605 72.752246 0.201011
 1048.000000 56.990041 0.558568 74.161019 0.184297
 1049.000000 62.780211 0.510219 77.609765 0.146657
 1050.000000 60.213914 0.482716 71.834327 0.217967
 1051.000000 62.674863 0.381478 68.291785 0.290627
 1052.000000 66.954919 0.250472 69.287616 0.234752
 1053.000000 66.987410 0.306747 71.524224 0.239514
 1054.000000 70.462102 0.207461 70.613458 0.262982
 1055.000000 68.763744 0.161918 65.977119 0.298847
 1056.000000 66.397378 0.193401 66.315921 0.270105
 1057.000000 61.930652 0.399922 69.333884 0.210749
 1058.000000 59.467323 0.484305 72.564032 0.202778
 1059.000000 53.712274 0.627459 76.615314 0.128710
 1060.000000 53.919134 0.619930 75.717046 0.137236
 1061.000000 57.015525 0.577366 77.194884 0.121006
 1062.000000 63.541909 0.410388 73.210644 0.223481
 1063.000000 62.687803 0.503736 77.143561 0.165051
 1064.000000 53.532252 0.597386 75.650529 0.121853
 1065.000000 54.823788 0.618000 73.221495 0.195423
 1066.000000 62.775663 0.496940 73.649073 0.212508
 1067.000000 53.555418 0.651788 78.207593 0.090401
 1068.000000 57.447499 0.560674 77.424478 0.135263
 1069.000000 57.126062 0.569332 76.412942 0.139643
 1070.000000 60.423007 0.559558 77.586237 0.184444
 1071.000000 61.402367 0.553309 78.340319 0.159418
 1072.000000 62.099976 0.527570 78.554085 0.170707
 1073.000000 58.833862 0.555431 75.944588 0.182880
 1074.000000 66.136765 0.431236 75.676122 0.227809
 1075.000000 57.710761 0.521262 72.772593 0.196034
 1076.000000 59.870372 0.527966 76.355959 0.185115
 1077.000000 65.231078 0.448107 73.609693 0.242609
 1078.000000 59.123074 0.554326 75.706380 0.171596
 1079.000000 54.818052 0.540884 74.666321 0.169487
 1080.000000 52.650377 0.624801 73.240355 0.206717
 1081.000000 51.074587 0.690343 76.648918 0.101872
 1082.000000 52.767733 0.624099 74.616016 0.157366
 1083.000000 62.196800 0.405160 72.393604 0.172033
 1084.000000 56.930888 0.521492 73.370493 0.145999
 1085.000000 56.928940 0.511247 72.786751 0.171703
 1086.000000 53.169962 0.590403 75.359356 0.115371
 1087.000000 62.081791 0.341386 66.249989 0.291780
 1088.000000 61.283254 0.394766 67.723744 0.250660
 1089.000000 63.094645 0.372261 68.397906 0.262936
 1090.000000 63.979538 0.357399 69.911382 0.268713
 1091.000000 60.916640 0.392259 67.002721 0.262159
 1092.000000 68.777950 0.142202 65.056521 0.328806
 1093.000000 73.030217 0.086853 66.387617 0.382137
 1094.000000 68.487273 0.222775 69.641650 0.257976
 1095.000000 65.446970 0.243379 68.756137 0.266943
 1096.000000 70.172260 0.239832 71.833025 0.253260
 1097.000000 61.982101 0.374674 69.041540 0.245926
 1098.000000 64.716540 0.313258 71.188359 0.178690
 1099.000000 71.868489 0.209838 71.945623 0.286568
 1100.000000 66.864642 0.257277 67.723797 0.255186
 1101.000000 73.150304 0.135531 68.629119 0.372247
 1102.000000 69.140814 0.181986 68.221456 0.281363
 1103.000000 66.061235 0.346194 71.303297 0.284386
 1104.000000 59.930583 0.443025 72.275716 0.185503
 1105.000000 69.035825 0.175437 67.234219 0.283978
 1106.000000 74.528709 0.119377 70.240238 0.340085
 1107.000000 69.335621 0.256222 71.560632 0.264625
 1108.000000 64.198751 0.271938 68.714154 0.242924
 1109.000000 73.301520 0.221076 72.383332 0.301926
 1110.000000 72.569729 0.145798 68.863231 0.347418
 1111.000000 67.833144 0.312707 73.808269 0.200643
 1112.000000 66.512587 0.341216 70.997418 0.270667
 1113.000000 64.193852 0.378185 72.207562 0.209536
 1114.000000 57.848328 0.605355 78.912346 0.126570
 1115.000000 55.656866 0.531965 69.240436 0.216950
 1116.000000 69.476031 0.377574 75.751771 0.209002
 1117.000000 65.251073 0.416724 74.003185 0.193205
 1118.000000 65.223170 0.461185 77.263883 0.162200
 1119.000000 73.548389 0.234035 71.788486 0.272937
 1120.000000 65.145674 0.449481 74.846267 0.220847
 1121.000000 68.672195 0.378124 74.236712 0.228456
 1122.000000 73.570522 0.224824 72.142195 0.251555
 1123.000000 74.114049 0.243782 72.464197 0.266882
 1124.000000 74.093274 0.222613 70.910489 0.258774
 1125.000000 75.017997 0.150546 68.310147 0.345390
 1126.000000 75.551925 0.170324 71.438526 0.275843
 1127.000000 72.321450 0.193160 69.011035 0.282243
 1128.000000 75.520910 0.083200 68.370616 0.359845
 1129.000000 75.456715 0.172838 69.541926 0.316545
 1130.000000 75.309526 0.172825 72.636204 0.282292
 1131.000000 72.312596 0.286600 73.168826 0.246397
 1132.000000 76.382867 0.173242 72.482824 0.298187
 1133.000000 74.036192 0.258559 74.602656 0.224783
 1134.000000 72.621158 0.248391 74.236955 0.230498
 1135.000000 68.031763 0.381391 74.388151 0.218826
 1136.000000 66.805002 0.415742 75.386522 0.197990
 1137.000000 73.152498 0.295160 74.159395 0.257990
 1138.000000 71.137313 0.296394 71.497163 0.259973
 1139.000000 70.712775 0.263098 70.683229 0.244988
 1140.000000 72.236437 0.240047 72.051167 0.231465
 1141.000000 71.485925 0.326895 75.178682 0.204937
 1142.000000 70.248032 0.320215 74.520679 0.195976
 1143.000000 73.449304 0.272405 75.874327 0.182838
 1144.000000 67.002151 0.375783 73.825332 0.205031
 1145.000000 59.738390 0.550362 77.000052 0.171053
 1146.000000 58.129466 0.486079 72.327715 0.187216
 1147.000000 69.510832 0.252215 72.730104 0.233212
 1148.000000 66.538858 0.174280 65.127695 0.294316
 1149.000000 71.747449 0.173443 69.025719 0.311110
 1150.000000 68.893625 0.259666 70.430191 0.238577
 1151.000000 68.437634 0.157625 63.967944 0.371390
 1152.000000 70.600961 0.123491 68.353368 0.325507
 1153.000000 69.910681 0.240606 70.433797 0.260749
 1154.000000 70.016201 0.101922 65.395077 0.354310
 1155.000000 64.263894 0.337581 70.158633 0.230468
 1156.000000 67.308434 0.209497 65.761497 0.316121
 1157.000000 72.046188 0.287550 72.093903 0.332020
 1158.000000 69.452288 0.291415 73.233793 0.256691
 1159.000000 69.441087 0.135327 65.753837 0.323268
 1160.000000 67.907022 0.165535 64.606411 0.335726
 1161.000000 71.114574 0.087964 66.224000 0.344450
 1162.000000 70.554312 0.208892 70.940744 0.277510
 1163.000000 70.863394 0.097514 65.984919 0.365117
 1164.000000 68.997491 0.241235 70.692989 0.242691
 1165.000000 64.697407 0.348468 70.985437 0.259335
 1166.000000 62.110353 0.379644 71.316676 0.209112
 1167.000000 71.865166 0.062938 65.273784 0.386876
 1168.000000 71.580947 0.057730 64.479073 0.401297
 1169.000000 70.679252 0.195186 71.260331 0.265951
 1170.000000 72.775745 0.052488 65.273510 0.379246
 1171.000000 71.019434 0.180768 68.821494 0.308158
 1172.000000 67.044014 0.309505 72.120948 0.196202
 1173.000000 68.622372 0.306419 73.120142 0.170605
 1174.000000 72.387453 0.162024 68.709110 0.332959
 1175.000000 68.113207 0.234533 67.967513 0.306052
 1176.000000 65.759578 0.193506 64.716741 0.291964
 1177.000000 69.439086 0.269558 72.227830 0.215755
 1178.000000 75.092178 0.083476 68.475449 0.388370
 1179.000000 67.526858 0.284196 71.370381 0.223451
 1180.000000 65.794337 0.351919 72.385044 0.214430
 1181.000000 72.443340 0.132347 67.563488 0.338760
 1182.000000 71.296584 0.209055 69.039841 0.293765
 1183.000000 60.579563 0.427557 73.626060 0.125118
 1184.000000 67.319351 0.220328 69.234509 0.268448
 1185.000000 63.600506 0.364467 70.256442 0.243417
 1186.000000 68.584831 0.161696 67.330512 0.297513
 1187.000000 75.708245 0.072262 70.696188 0.350768
 1188.000000 72.171877 0.178519 70.460200 0.317488
 1189.000000 71.554628 0.073799 64.002735 0.401971
 1190.000000 64.451814 0.284196 66.259546 0.286519
 1191.000000 69.501008 0.117074 65.693353 0.327940
 1192.000000 63.901477 0.311567 69.786869 0.178492
 1193.000000 68.823728 0.242039 70.665395 0.217060
 1194.000000 71.163553 0.127194 66.497001 0.350789
 1195.000000 68.261099 0.229712 69.558189 0.273058
 1196.000000 66.576317 0.293288 70.989872 0.217886
 1197.000000 66.388555 0.332634 73.433412 0.178157
 1198.000000 68.898714 0.143864 66.211864 0.307778
 1199.000000 61.717536 0.352106 66.719568 0.212005
 1200.000000 66.753766 0.295848 69.939332 0.217736
 1201.000000 61.048890 0.501061 74.708130 0.199155
 1202.000000 60.226628 0.568947 78.352491 0.220396
 1203.000000 53.359410 0.645069 76.574004 0.092698
 1204.000000 46.571546 0.742613 76.484056 0.121436
 1205.000000 56.511484 0.592975 77.901039 0.145492
 1206.000000 62.414682 0.505094 75.856733 0.191365
 1207.000000 71.202675 0.302618 73.449200 0.238984
 1208.000000 70.267897 0.336630 74.729261 0.190124
 1209.000000 73.853343 0.223098 72.148858 0.254077
 1210.000000 75.153897 0.151289 68.979616 0.364564
 1211.000000 76.499153 0.055314 66.698760 0.411276
 1212.000000 74.349455 0.142004 70.723508 0.304588
 1213.000000 75.675663 0.083882 67.865684 0.373797
 1214.000000 74.562860 0.211076 72.368112 0.243714
 1215.000000 73.157513 0.232374 71.343194 0.265246
 1216.000000 71.055310 0.218216 70.047063 0.292131
 1217.000000 75.383607 0.100015 69.796663 0.339324
 1218.000000 74.467777 0.242549 74.897819 0.232310
 1219.000000 76.763752 0.194716 74.195665 0.241409
 1220.000000 73.470779 0.237409 75.490859 0.223651
 1221.000000 74.710770 0.225943 73.642517 0.221838
 1222.000000 74.049081 0.268900 74.227749 0.208385
 1223.000000 75.466578 0.154065 71.206732 0.308906
 1224.000000 71.441043 0.321425 76.273184 0.206198
 1225.000000 74.913802 0.218024 73.292718 0.226946
 1226.000000 70.310226 0.352397 74.998048 0.202934
 1227.000000 70.546708 0.278106 69.926869 0.268792
 1228.000000 69.968992 0.282579 68.786299 0.279812
 1229.000000 69.592925 0.357630 76.254119 0.176597
 1230.000000 66.483770 0.408783 75.319978 0.216613
 1231.000000 75.951918 0.163746 71.302760 0.295921
 1232.000000 72.995784 0.221797 72.752843 0.238304
 1233.000000 75.487511 0.159588 70.432402 0.310820
 1234.000000 75.417077 0.112084 69.955288 0.336325
 1235.000000 73.116637 0.118915 68.071873 0.318652
 1236.000000 75.684961 0.117635 68.928544 0.340281
 1237.000000 76.392719 0.180382 72.635611 0.283816
 1238.000000 71.317100 0.282289 73.019227 0.198441
 1239.000000 66.729985 0.379576 72.240103 0.225165
 1240.000000 69.250464 0.377350 75.484364 0.182182
 1241.000000 66.545392 0.404816 75.723777 0.175085
 1242.000000 61.351453 0.476796 73.051468 0.180985
 1243.000000 59.384959 0.537763 74.087991 0.180765
 1244.000000 58.738077 0.449381 70.041894 0.232819
 1245.000000 66.959411 0.433242 74.229611 0.249045
 1246.000000 67.256980 0.240928 70.372117 0.236078
 1247.000000 68.207133 0.166077 66.113813 0.299412
 1248.000000 66.665840 0.183559 64.708427 0.312530
 1249.000000 68.852844 0.281589 72.826628 0.229927
 1250.000000 70.122653 0.233759 73.407008 0.235922
 1251.000000 59.063580 0.499290 69.382109 0.267962
 1252.000000 59.410718 0.451474 73.188240 0.177105
 1253.000000 52.277231 0.618919 76.415804 0.179599
 1254.000000 51.302231 0.634317 75.250309 0.138359
 1255.000000 52.454686 0.632816 76.206709 0.117855
 1256.000000 53.574424 0.644829 78.719495 0.142819
 1257.000000 58.584914 0.562750 75.859203 0.192933
 1258.000000 61.362758 0.446646 71.083599 0.212374
 1259.000000 58.944716 0.472430 72.688506 0.164506
 1260.000000 70.690056 0.146795 66.339090 0.345096
 1261.000000 67.715185 0.161003 65.422125 0.302039
 1262.000000 65.914099 0.236254 66.336102 0.317627
 1263.000000 71.373256 0.164515 68.237466 0.319760
 1264.000000 63.762660 0.358513 69.652126 0.230866
 1265.000000 64.580278 0.340232 69.657609 0.241217
 1266.000000 66.661075 0.254061 67.964068 0.282019
 1267.000000 73.000210 0.141192 68.089176 0.358374
 1268.000000 70.995381 0.075008 64.655532 0.387135
 1269.000000 70.699119 0.195211 70.677988 0.278029
 1270.000000 66.045185 0.272036 69.704348 0.245658
 1271.000000 71.273335 0.190276 71.423574 0.296243
 1272.000000 67.281601 0.250602 66.983836 0.319100
 1273.000000 67.760567 0.182479 66.854341 0.280451
 1274.000000 70.596975 0.176447 69.940342 0.290105
 1275.000000 75.597628 0.049484 68.131808 0.380278
 1276.000000 71.002124 0.128538 67.415080 0.321648
 1277.000000 66.986296 0.246079 70.288287 0.231382
 1278.000000 66.622301 0.347986 72.283038 0.242625
 1279.000000 68.426555 0.286156 72.204239 0.220947
 1280.000000 68.513848 0.187654 67.002223 0.292305
 1281.000000 70.903138 0.193523 70.211639 0.305230
 1282.000000 74.558741 0.108556 69.559650 0.333393
 1283.000000 64.403961 0.314871 68.999782 0.201822
 1284.000000 70.976333 0.173423 69.719725 0.314789
 1285.000000 67.582809 0.268531 71.155564 0.243370
 1286.000000 71.012785 0.120331 68.228397 0.309851
 1287.000000 65.440776 0.325975 70.997561 0.206072
 1288.000000 64.679722 0.278440 68.292058 0.238440
 1289.000000 66.615643 0.213876 66.885886 0.269933
 1290.000000 68.157293 0.201736 69.877985 0.249366
 1291.000000 64.488233 0.250852 65.396856 0.292702
 1292.000000 68.442526 0.293209 71.481429 0.248343
 1293.000000 65.573082 0.346645 73.212746 0.206670
 1294.000000 70.068752 0.127795 66.314953 0.332463
 1295.000000 68.089774 0.227885 67.425662 0.290278
 1296.000000 66.953962 0.332418 74.155907 0.199918
 1297.000000 64.059327 0.320149 70.414025 0.209084
 1298.000000 71.089896 0.172162 69.791719 0.290427
 1299.000000 75.563400 0.087298 68.627802 0.383675
 1300.000000 73.156553 0.112327 67.489532 0.376666
 1301.000000 71.743533 0.166500 67.305318 0.371730
 1302.000000 68.311581 0.197002 67.037469 0.311705
 1303.000000 59.291171 0.463396 72.593751 0.159959
 1304.000000 68.512262 0.289225 71.288568 0.230656
 1305.000000 67.301989 0.270289 68.885097 0.313495
 1306.000000 68.775017 0.187267 68.168591 0.271283
 1307.000000 65.474594 0.247956 66.719365 0.259936
 1308.000000 71.734575 0.093642 67.284405 0.331533
 1309.000000 74.962851 0.030313 61.406555 0.521154
 1310.000000 76.125112 0.029814 61.614850 0.532658
 1311.000000 66.831102 0.191176 66.772079 0.287427
 1312.000000 71.067622 0.263037 69.630718 0.379299
 1313.000000 71.768742 0.200494 71.881889 0.284471
 1314.000000 68.995370 0.142539 64.902343 0.344749
 1315.000000 69.402381 0.212963 68.905258 0.289745
 1316.000000 69.265560 0.254672 70.874794 0.229084
 1317.000000 67.767814 0.421984 76.572012 0.226193
 1318.000000 60.367386 0.488448 75.503989 0.193136
 1319.000000 67.546793 0.290848 70.505672 0.254776
 1320.000000 71.420805 0.252495 73.593857 0.230069
 1321.000000 62.898424 0.444743 71.756107 0.241887
 1322.000000 72.702757 0.185822 70.793403 0.253200
 1323.000000 67.975817 0.315138 71.747206 0.228711
 1324.000000 61.403145 0.394338 69.573078 0.230820
 1325.000000 67.176466 0.260836 70.066874 0.242200
 1326.000000 68.169369 0.306704 72.036050 0.239006
 1327.000000 72.357933 0.118988 67.793616 0.337930
 1328.000000 69.810106 0.205303 68.785441 0.285418
 1329.000000 72.285635 0.139030 70.327623 0.301551
 1330.000000 72.123454 0.138446 67.999269 0.339179
 1331.000000 69.595540 0.239810 70.812826 0.237655
 1332.000000 62.884601 0.421958 69.862338 0.283495
 1333.000000 62.819552 0.480696 74.702899 0.210702
 1334.000000 59.372462 0.550666 74.110302 0.187891
 1335.000000 59.940047 0.548640 77.272035 0.149357
 1336.000000 69.331582 0.351730 74.802391 0.192753
 1337.000000 64.426039 0.449522 75.176991 0.156141
 1338.000000 60.738962 0.500725 74.245014 0.203756
 1339.000000 58.741547 0.592778 79.568522 0.124249
 1340.000000 58.893016 0.529348 75.125056 0.148425
 1341.000000 61.762098 0.476206 74.438400 0.201766
 1342.000000 69.751224 0.337897 74.797621 0.186000
 1343.000000 63.678046 0.456751 75.008879 0.200343
 1344.000000 74.998833 0.216750 74.414000 0.251201
 1345.000000 76.227099 0.111886 69.171859 0.352567
 1346.000000 74.917158 0.117098 69.825985 0.333571
 1347.000000 73.699559 0.276883 74.873365 0.236398
 1348.000000 72.565014 0.299886 75.052127 0.206233
 1349.000000 74.216601 0.253706 73.602356 0.219991
 1350.000000 71.988082 0.258545 73.361813 0.237672
 1351.000000 77.096041 0.054158 47.920556 0.761019
 1352.000000 77.868395 0.027545 52.857249 0.688156
 1353.000000 77.412674 0.020617 49.627343 0.767908
 1354.000000 79.011350 0.067909 52.469258 0.716006
 1355.000000 78.626721 0.105634 36.039509 0.996873
 1356.000000 78.032190 0.021060 47.332325 0.794661
 1357.000000 77.140090 0.071904 55.260910 0.651994
 1358.000000 78.170590 0.058251 54.872102 0.643692
 1359.000000 76.947302 0.076045 60.445831 0.553231
 1360.000000 78.963772 0.057215 52.196303 0.702925
 1361.000000 77.923993 0.024604 50.779615 0.713003
 1362.000000 76.991325 0.030539 53.478025 0.661624
 1363.000000 79.344978 0.071563 46.708510 0.808073
 1364.000000 78.482730 0.125133 47.887036 0.723522
 1365.000000 75.977468 0.013258 50.645506 0.713448
 1366.000000 78.559667 0.044797 48.597252 0.752786
 1367.000000 77.553956 0.015644 47.810237 0.765962
 1368.000000 78.263295 0.010529 48.128329 0.781966
 1369.000000 76.416235 0.064907 40.099528 0.885190
 1370.000000 77.406429 0.053597 44.348397 0.824345
 1371.000000 74.373900 0.027828 52.974148 0.648945
 1372.000000 78.430213 0.116614 34.066152 0.992613
 1373.000000 78.006286 0.017372 50.550539 0.725578
 1374.000000 79.375408 0.037171 50.572720 0.729099
 1375.000000 78.120941 0.049941 47.753112 0.770282
 1376.000000 78.573334 0.074327 49.250005 0.744847
 1377.000000 81.447798 0.039543 49.986442 0.742416
 1378.000000 78.297286 0.093093 47.266006 0.787241
 1379.000000 79.730025 0.077150 51.681877 0.727436
 1380.000000 78.641613 0.042296 51.476204 0.717972
 1381.000000 81.153368 0.043572 42.721433 0.851529
 1382.000000 80.820782 0.071605 47.868431 0.785038
 1383.000000 79.266348 0.039007 47.385472 0.765033
 1384.000000 79.664188 0.104767 46.431617 0.806900
 1385.000000 79.530973 0.123607 32.477130 1.000721
 1386.000000 77.826476 0.065094 48.946141 0.725718
 1387.000000 76.953571 0.036652 48.298785 0.758780
 1388.000000 79.348166 0.039479 21.632345 1.226215
 1389.000000 79.913512 0.053111 26.600590 1.144670
 1390.000000 79.319914 0.171097 33.874263 0.983720
 1391.000000 77.745830 0.023292 52.563089 0.687289
 1392.000000 80.236231 0.063649 50.583813 0.762146
 1393.000000 74.506413 0.291040 73.316792 0.303987
 1394.000000 73.753765 0.274580 75.823693 0.203212
 1395.000000 74.664504 0.281553 70.008181 0.374359
 1396.000000 70.189845 0.328622 73.053581 0.279959
 1397.000000 69.493802 0.287345 71.661933 0.251509
 1398.000000 70.067813 0.332054 73.851987 0.242811
 1399.000000 75.951344 0.121917 69.073622 0.341887
 1400.000000 75.381649 0.211641 74.071811 0.276098
 1401.000000 69.930358 0.337828 72.494048 0.290534
 1402.000000 66.023291 0.402434 73.130778 0.214759
 1403.000000 71.270037 0.312679 75.966106 0.194765
 1404.000000 68.666596 0.329227 70.667505 0.262470
 1405.000000 64.059716 0.418113 71.877951 0.241264
 1406.000000 71.513607 0.318392 72.383017 0.278581
 1407.000000 72.465302 0.178057 68.673482 0.304617
 1408.000000 70.909213 0.340962 73.996431 0.212939
 1409.000000 69.136402 0.348858 73.416115 0.230093
 1410.000000 67.867028 0.358401 72.233235 0.249599
 1411.000000 68.239078 0.415457 76.746273 0.186879
 1412.000000 67.250008 0.397816 73.999932 0.191878
 1413.000000 67.636900 0.366246 70.757626 0.279320
 1414.000000 69.696338 0.370998 76.704341 0.179169
 1415.000000 70.721051 0.270875 72.493490 0.221364
 1416.000000 65.208411 0.402006 72.038309 0.247743
 1417.000000 67.619105 0.392253 73.262865 0.282342
 1418.000000 61.094019 0.455592 69.873576 0.207732
 1419.000000 69.936664 0.339978 71.709723 0.281623
 1420.000000 64.539223 0.443813 75.609208 0.180121
 1421.000000 74.036474 0.212544 72.748579 0.255386
 1422.000000 71.106458 0.286787 73.133283 0.199200
 1423.000000 72.257295 0.296374 72.857154 0.259562
 1424.000000 68.824824 0.341287 70.737411 0.290222
 1425.000000 67.057729 0.374980 73.587749 0.228152
 1426.000000 74.855366 0.236375 73.021066 0.259386
 1427.000000 74.151848 0.194109 73.618364 0.259066
 1428.000000 69.155003 0.324227 74.314955 0.176192
 1429.000000 71.795357 0.261749 71.995137 0.285600
 1430.000000 62.478250 0.439686 70.414612 0.257539
 1431.000000 73.315604 0.141571 69.119335 0.334898
 1432.000000 71.894164 0.091172 65.877309 0.374480
 1433.000000 71.884813 0.198218 69.443910 0.303135
 1434.000000 72.638774 0.158101 71.634433 0.256751
 1435.000000 61.167755 0.406997 67.789282 0.266579
 1436.000000 58.112454 0.506526 71.600528 0.233088
 1437.000000 43.915050 0.764058 75.660499 0.147009
 1438.000000 48.776131 0.729990 75.165119 0.215414
 1439.000000 50.457399 0.714527 78.892922 0.148105
 1440.000000 46.057063 0.799507 75.352867 0.155401
 1441.000000 46.537001 0.767045 79.805893 0.060849
 1442.000000 43.570473 0.798709 77.121293 0.129198
 1443.000000 48.090691 0.727248 77.604504 0.121491
 1444.000000 46.487063 0.754228 74.879700 0.201742
 1445.000000 46.951855 0.722693 74.469999 0.202298
 1446.000000 46.617091 0.731295 75.598537 0.162238
 1447.000000 37.265914 0.877846 75.848306 0.217073
 1448.000000 42.618291 0.828700 74.551578 0.170538
 1449.000000 45.635695 0.758355 70.991158 0.241981
 1450.000000 38.882509 0.860242 70.898254 0.264064
 1451.000000 46.318382 0.742046 72.228845 0.215888
 1452.000000 39.724493 0.825589 70.549761 0.251671
 1453.000000 43.238367 0.774405 70.753775 0.255817
 1454.000000 38.970061 0.853615 70.153490 0.285807
 1455.000000 41.690042 0.810005 68.216162 0.282669
 1456.000000 43.299969 0.810622 71.901980 0.249484
 1457.000000 30.110224 0.984272 70.779393 0.241267
 1458.000000 44.615271 0.752095 69.802836 0.244151
 1459.000000 30.343703 0.984551 73.218838 0.231202
 1460.000000 35.954051 0.898194 69.696531 0.280206
 1461.000000 35.959916 0.874306 66.806073 0.342319
 1462.000000 42.136170 0.787907 66.909177 0.290000
 1463.000000 43.275046 0.783160 68.961796 0.237202
 1464.000000 43.428877 0.824028 73.521281 0.248550
 1465.000000 43.393323 0.756350 70.326794 0.236138
 1466.000000 32.824483 0.922061 66.399171 0.341006
 1467.000000 34.167136 0.928042 73.250151 0.262929
 1468.000000 25.320127 1.076481 70.843095 0.278529
 1469.000000 10.550820 1.442395 71.041606 0.307588
 1470.000000 14.013351 1.489762 69.837082 0.317836
 1471.000000 12.610062 1.492541 70.441438 0.316590
 1472.000000 2.805241 1.818869 71.558425 0.268593
 1473.000000 0.059723 2.485776 70.533951 0.234438
 1474.000000 0.093747 2.479470 68.990719 0.274711
 1475.000000 0.290610 2.189610 71.519274 0.251038
 1476.000000 0.064620 2.418627 71.925407 0.270718
 1477.000000 0.060660 2.468306 72.289443 0.224272
 1478.000000 0.178109 2.325093 69.915725 0.278653
 1479.000000 0.835163 1.924100 72.120471 0.210354
 1480.000000 0.171251 2.304476 70.907299 0.303601
 1481.000000 0.012107 3.005968 73.847009 0.232225
