7.88465e+10
2.40961e+06
9.98475e+07
3.45303e+08
7.67794e+08
9.99006e+08
2.05607e+09
2.0858e+09
3.33776e+11
4.92274e+10
5.75632e+09
5.33673e+09
4.99099e+11
7.11412e+09
8.70326e+09
6.8247e+08
1.40742e+09
3.71025e+08
1.27396e+08
4.57726e+10
3.04257e+06
1.71617e+09
7.33501e+09
1.57144e+07
4.64476e+07
2.10463e+11
7.32849e+09
3.44532e+10
2.50508e+08
1.95504e+10
1.96981e+10
8.71157e+09
1.05671e+08
1.10629e+08
4.36268e+07
4.36441e+09
7.82691e+10
1.47111e+11
4.63647e+11
4.89963e+12
9.14252e+10
1.15583e+09
1.79575e+09
4.27457e+10
2.37043e+10
3.62951e+11
1.34345e+09
5.70451e+08
1.22738e+10
1.0487e+11
