    5.000000000   36.645858850
    5.000000000   39.730857462
    5.000000000   40.026948065
    5.000000000   52.084123057
    5.000000000   30.496672098
    5.000000000   40.395588326
    5.000000000   25.994895783
    5.000000000   29.038337930
    5.000000000   22.626902837
    5.000000000   40.760216673
    5.000000000   38.046141169
    5.000000000   40.953712413
    5.000000000   28.076610281
    5.000000000   37.265206331
    5.000000000   37.020095122
    5.000000000   30.736655396
    5.000000000   22.898220188
    5.000000000   29.117193432
    5.000000000   23.716506482
    5.000000000   43.492845668
    5.000000000   29.639910490
    5.000000000   28.916915967
    5.000000000   49.244573514
    5.000000000   11.281418320
    5.000000000   49.697720591
    5.000000000   33.715877541
    5.000000000   33.416127054
    5.000000000   29.089505633
    5.000000000   34.813731072
    5.000000000   25.931222606
    5.000000000   31.243755505
    5.000000000   25.839212867
    5.000000000   43.159543957
    5.000000000   36.084431180
    5.000000000   27.123561111
    5.000000000   40.415643757
    5.000000000   35.812985658
    5.000000000   41.763413896
    5.000000000   36.876260798
    5.000000000   24.568754715
    5.000000000   28.756385820
    5.000000000   33.108938713
    5.000000000   13.759070662
    5.000000000   44.295674152
    5.000000000   22.715496820
    5.000000000   38.948819099
    5.000000000   28.940302813
    5.000000000   40.711033746
    5.000000000   47.161140598
