#! FIELDS time d
 0.000000 1.420140
 1.000000 1.422524
 2.000000 1.424127
 3.000000 1.424703
 4.000000 1.424006
 5.000000 1.421796
 6.000000 1.417926
 7.000000 1.412325
 8.000000 1.405129
 9.000000 1.396504
 10.000000 1.386876
 11.000000 1.376834
 12.000000 1.366857
 13.000000 1.357575
 14.000000 1.349459
 15.000000 1.342903
 16.000000 1.338141
 17.000000 1.335225
 18.000000 1.334125
 19.000000 1.334646
 20.000000 1.336525
 21.000000 1.339453
 22.000000 1.343200
 23.000000 1.347512
 24.000000 1.352257
 25.000000 1.357415
 26.000000 1.362963
 27.000000 1.368940
 28.000000 1.375306
 29.000000 1.382066
 30.000000 1.389012
 31.000000 1.396044
 32.000000 1.402846
 33.000000 1.408997
 34.000000 1.414347
 35.000000 1.418512
 36.000000 1.421231
 37.000000 1.422272
 38.000000 1.421493
 39.000000 1.418779
 40.000000 1.414070
 41.000000 1.407280
 42.000000 1.398494
 43.000000 1.387821
 44.000000 1.375475
 45.000000 1.361678
 46.000000 1.346996
 47.000000 1.331988
 48.000000 1.317335
 49.000000 1.303666
 50.000000 1.291687
 51.000000 1.282091
 52.000000 1.275560
 53.000000 1.272534
 54.000000 1.273125
 55.000000 1.277148
 56.000000 1.284063
 57.000000 1.293207
 58.000000 1.303615
 59.000000 1.314124
 60.000000 1.323865
 61.000000 1.332218
 62.000000 1.338520
 63.000000 1.342364
 64.000000 1.343611
 65.000000 1.342293
 66.000000 1.338613
 67.000000 1.332967
 68.000000 1.325823
 69.000000 1.317724
 70.000000 1.309141
 71.000000 1.300481
 72.000000 1.292138
 73.000000 1.284520
 74.000000 1.277931
 75.000000 1.272606
 76.000000 1.268685
 77.000000 1.266242
 78.000000 1.265293
 79.000000 1.265731
 80.000000 1.267391
 81.000000 1.270036
 82.000000 1.273392
 83.000000 1.277127
 84.000000 1.280895
 85.000000 1.284385
 86.000000 1.287237
 87.000000 1.289202
 88.000000 1.290097
 89.000000 1.289811
 90.000000 1.288330
 91.000000 1.285698
 92.000000 1.281992
 93.000000 1.277423
 94.000000 1.272181
 95.000000 1.266502
 96.000000 1.260665
 97.000000 1.255083
 98.000000 1.250181
 99.000000 1.246508
 100.000000 1.244489
 101.000000 1.244442
 102.000000 1.246505
 103.000000 1.250640
 104.000000 1.256542
 105.000000 1.263630
 106.000000 1.271363
 107.000000 1.279144
 108.000000 1.286334
 109.000000 1.292189
 110.000000 1.296086
 111.000000 1.297615
 112.000000 1.296501
 113.000000 1.292645
 114.000000 1.286198
 115.000000 1.277570
 116.000000 1.267381
 117.000000 1.256330
 118.000000 1.245230
 119.000000 1.234962
 120.000000 1.226411
 121.000000 1.220377
 122.000000 1.217485
 123.000000 1.217912
 124.000000 1.221474
 125.000000 1.227670
 126.000000 1.235664
 127.000000 1.244506
 128.000000 1.253347
 129.000000 1.261275
 130.000000 1.267503
 131.000000 1.271626
 132.000000 1.273396
 133.000000 1.272876
 134.000000 1.270356
 135.000000 1.266303
 136.000000 1.261323
 137.000000 1.256045
 138.000000 1.251076
 139.000000 1.247008
 140.000000 1.244191
 141.000000 1.242902
 142.000000 1.243147
 143.000000 1.244754
 144.000000 1.247417
 145.000000 1.250733
 146.000000 1.254235
 147.000000 1.257554
 148.000000 1.260370
 149.000000 1.262391
 150.000000 1.263468
 151.000000 1.263502
 152.000000 1.262425
 153.000000 1.260221
 154.000000 1.256974
 155.000000 1.252824
 156.000000 1.247996
 157.000000 1.242780
 158.000000 1.237546
 159.000000 1.232778
 160.000000 1.228853
 161.000000 1.226055
 162.000000 1.224601
 163.000000 1.224530
 164.000000 1.225850
 165.000000 1.228482
 166.000000 1.232284
 167.000000 1.237022
 168.000000 1.242455
 169.000000 1.248288
 170.000000 1.254149
 171.000000 1.259667
 172.000000 1.264566
 173.000000 1.268545
 174.000000 1.271361
 175.000000 1.272787
 176.000000 1.272693
 177.000000 1.271055
 178.000000 1.267927
 179.000000 1.263451
 180.000000 1.257976
 181.000000 1.251857
 182.000000 1.245678
 183.000000 1.240096
 184.000000 1.235633
 185.000000 1.232654
 186.000000 1.231370
 187.000000 1.231849
 188.000000 1.233925
 189.000000 1.237245
 190.000000 1.241285
 191.000000 1.245562
 192.000000 1.249540
 193.000000 1.252679
 194.000000 1.254541
 195.000000 1.254816
 196.000000 1.253354
 197.000000 1.250254
 198.000000 1.245773
 199.000000 1.240332
 200.000000 1.234455
 201.000000 1.228832
 202.000000 1.224151
 203.000000 1.220974
 204.000000 1.219823
 205.000000 1.220925
 206.000000 1.224233
 207.000000 1.229433
 208.000000 1.235948
 209.000000 1.242982
 210.000000 1.249801
 211.000000 1.255592
 212.000000 1.259740
 213.000000 1.261744
 214.000000 1.261295
 215.000000 1.258391
 216.000000 1.253298
 217.000000 1.246536
 218.000000 1.238786
 219.000000 1.230904
 220.000000 1.223921
 221.000000 1.218601
 222.000000 1.215563
 223.000000 1.215101
 224.000000 1.217199
 225.000000 1.221524
 226.000000 1.227524
 227.000000 1.234478
 228.000000 1.241663
 229.000000 1.248237
 230.000000 1.253639
 231.000000 1.257350
 232.000000 1.259051
 233.000000 1.258669
 234.000000 1.256293
 235.000000 1.252225
 236.000000 1.247052
 237.000000 1.241307
 238.000000 1.235673
 239.000000 1.230958
 240.000000 1.227838
 241.000000 1.226814
 242.000000 1.228138
 243.000000 1.231762
 244.000000 1.237327
 245.000000 1.244224
 246.000000 1.251685
 247.000000 1.258878
 248.000000 1.265098
 249.000000 1.269863
 250.000000 1.272780
 251.000000 1.273677
 252.000000 1.272581
 253.000000 1.269624
 254.000000 1.265054
 255.000000 1.259249
 256.000000 1.252722
 257.000000 1.245953
 258.000000 1.239358
 259.000000 1.233528
 260.000000 1.228871
 261.000000 1.225795
 262.000000 1.224538
 263.000000 1.225150
 264.000000 1.227544
 265.000000 1.231504
 266.000000 1.236716
 267.000000 1.242829
 268.000000 1.249374
 269.000000 1.255949
 270.000000 1.262116
 271.000000 1.267464
 272.000000 1.271649
 273.000000 1.274422
 274.000000 1.275602
 275.000000 1.275120
 276.000000 1.273011
 277.000000 1.269377
 278.000000 1.264402
 279.000000 1.258341
 280.000000 1.251443
 281.000000 1.244082
 282.000000 1.236570
 283.000000 1.229353
 284.000000 1.222957
 285.000000 1.217965
 286.000000 1.214841
 287.000000 1.213949
 288.000000 1.215465
 289.000000 1.219332
 290.000000 1.225196
 291.000000 1.232648
 292.000000 1.241225
 293.000000 1.250344
 294.000000 1.259338
 295.000000 1.267543
 296.000000 1.274253
 297.000000 1.278821
 298.000000 1.280745
 299.000000 1.279588
 300.000000 1.275177
 301.000000 1.267595
 302.000000 1.257373
 303.000000 1.245400
 304.000000 1.232759
 305.000000 1.220821
 306.000000 1.210941
 307.000000 1.204313
 308.000000 1.201802
 309.000000 1.203732
 310.000000 1.209860
 311.000000 1.219508
 312.000000 1.231375
 313.000000 1.244098
 314.000000 1.256447
 315.000000 1.267344
 316.000000 1.275839
 317.000000 1.281379
 318.000000 1.283574
 319.000000 1.282229
 320.000000 1.277402
 321.000000 1.269434
 322.000000 1.258929
 323.000000 1.246931
 324.000000 1.234275
 325.000000 1.222095
 326.000000 1.211843
 327.000000 1.204710
 328.000000 1.201598
 329.000000 1.202884
 330.000000 1.208379
 331.000000 1.217294
 332.000000 1.228460
 333.000000 1.240722
 334.000000 1.252801
 335.000000 1.263757
 336.000000 1.272695
 337.000000 1.279054
 338.000000 1.282519
 339.000000 1.283005
 340.000000 1.280640
 341.000000 1.275690
 342.000000 1.268686
 343.000000 1.260223
 344.000000 1.250999
 345.000000 1.241809
 346.000000 1.233433
 347.000000 1.226687
 348.000000 1.222310
 349.000000 1.220998
 350.000000 1.223104
 351.000000 1.228517
 352.000000 1.236731
 353.000000 1.246947
 354.000000 1.258125
 355.000000 1.269100
 356.000000 1.278931
 357.000000 1.286726
 358.000000 1.291946
 359.000000 1.294365
 360.000000 1.293866
 361.000000 1.290477
 362.000000 1.284358
 363.000000 1.275866
 364.000000 1.265440
 365.000000 1.253648
 366.000000 1.241385
 367.000000 1.229454
 368.000000 1.218906
 369.000000 1.210822
 370.000000 1.206150
 371.000000 1.205621
 372.000000 1.209413
 373.000000 1.217225
 374.000000 1.228337
 375.000000 1.241511
 376.000000 1.255029
 377.000000 1.267631
 378.000000 1.278275
 379.000000 1.286061
 380.000000 1.290230
 381.000000 1.290401
 382.000000 1.286479
 383.000000 1.278621
 384.000000 1.267274
 385.000000 1.253102
 386.000000 1.237267
 387.000000 1.221180
 388.000000 1.206659
 389.000000 1.195302
 390.000000 1.188688
 391.000000 1.187790
 392.000000 1.192854
 393.000000 1.203273
 394.000000 1.217843
 395.000000 1.234996
 396.000000 1.253074
 397.000000 1.270191
 398.000000 1.285044
 399.000000 1.296538
 400.000000 1.304015
 401.000000 1.306904
 402.000000 1.304938
 403.000000 1.298170
 404.000000 1.286953
 405.000000 1.272088
 406.000000 1.254547
 407.000000 1.235906
 408.000000 1.217873
 409.000000 1.202468
 410.000000 1.191385
 411.000000 1.186139
 412.000000 1.187476
 413.000000 1.195280
 414.000000 1.208394
 415.000000 1.225066
 416.000000 1.243536
 417.000000 1.261677
 418.000000 1.278064
 419.000000 1.291194
 420.000000 1.300422
 421.000000 1.305399
 422.000000 1.305895
 423.000000 1.302162
 424.000000 1.294694
 425.000000 1.284249
 426.000000 1.271983
 427.000000 1.258693
 428.000000 1.245636
 429.000000 1.233950
 430.000000 1.224791
 431.000000 1.219107
 432.000000 1.217286
 433.000000 1.219385
 434.000000 1.225064
 435.000000 1.233579
 436.000000 1.244079
 437.000000 1.255396
 438.000000 1.266499
 439.000000 1.276415
 440.000000 1.284587
 441.000000 1.290472
 442.000000 1.293657
 443.000000 1.293946
 444.000000 1.291265
 445.000000 1.285746
 446.000000 1.277678
 447.000000 1.267618
 448.000000 1.256431
 449.000000 1.245065
 450.000000 1.234635
 451.000000 1.226127
 452.000000 1.220303
 453.000000 1.217670
 454.000000 1.218365
 455.000000 1.222149
 456.000000 1.228473
 457.000000 1.236576
 458.000000 1.245589
 459.000000 1.254963
 460.000000 1.263963
 461.000000 1.271859
 462.000000 1.278193
 463.000000 1.282594
 464.000000 1.284785
 465.000000 1.284601
 466.000000 1.281923
 467.000000 1.276761
 468.000000 1.269269
 469.000000 1.259714
 470.000000 1.248678
 471.000000 1.236901
 472.000000 1.225428
 473.000000 1.215385
 474.000000 1.207929
 475.000000 1.204069
 476.000000 1.204468
 477.000000 1.209261
 478.000000 1.217980
 479.000000 1.229763
 480.000000 1.243380
 481.000000 1.257448
 482.000000 1.270643
 483.000000 1.281723
 484.000000 1.289638
 485.000000 1.293668
 486.000000 1.293398
 487.000000 1.288710
 488.000000 1.279794
 489.000000 1.267144
 490.000000 1.251592
 491.000000 1.234301
 492.000000 1.216789
 493.000000 1.200886
 494.000000 1.188797
 495.000000 1.182132
 496.000000 1.181949
 497.000000 1.188377
 498.000000 1.200679
 499.000000 1.217474
 500.000000 1.237017
 501.000000 1.257463
 502.000000 1.276806
 503.000000 1.294019
 504.000000 1.308094
 505.000000 1.318122
 506.000000 1.323606
 507.000000 1.324297
 508.000000 1.320183
 509.000000 1.311521
 510.000000 1.298815
 511.000000 1.282670
 512.000000 1.264330
 513.000000 1.245119
 514.000000 1.226685
 515.000000 1.210925
 516.000000 1.199397
 517.000000 1.193482
 518.000000 1.193860
 519.000000 1.200267
 520.000000 1.211595
 521.000000 1.226297
 522.000000 1.242564
 523.000000 1.258569
 524.000000 1.273077
 525.000000 1.284949
 526.000000 1.293325
 527.000000 1.297738
 528.000000 1.298009
 529.000000 1.294239
 530.000000 1.286658
 531.000000 1.275944
 532.000000 1.262876
 533.000000 1.248219
 534.000000 1.233376
 535.000000 1.219905
 536.000000 1.209088
 537.000000 1.202071
 538.000000 1.199608
 539.000000 1.201932
 540.000000 1.208791
 541.000000 1.219350
 542.000000 1.232572
 543.000000 1.247350
 544.000000 1.262255
 545.000000 1.276252
 546.000000 1.288271
 547.000000 1.297571
 548.000000 1.303557
 549.000000 1.305813
 550.000000 1.304114
 551.000000 1.298532
 552.000000 1.289359
 553.000000 1.277232
 554.000000 1.263091
 555.000000 1.247764
 556.000000 1.232674
 557.000000 1.219173
 558.000000 1.208555
 559.000000 1.201900
 560.000000 1.199897
 561.000000 1.202703
 562.000000 1.209935
 563.000000 1.220814
 564.000000 1.233973
 565.000000 1.247929
 566.000000 1.261490
 567.000000 1.273418
 568.000000 1.282706
 569.000000 1.288579
 570.000000 1.290365
 571.000000 1.287633
 572.000000 1.280309
 573.000000 1.268789
 574.000000 1.253740
 575.000000 1.236456
 576.000000 1.218459
 577.000000 1.201724
 578.000000 1.188118
 579.000000 1.179418
 580.000000 1.176964
 581.000000 1.181184
 582.000000 1.191486
 583.000000 1.206527
 584.000000 1.224550
 585.000000 1.243594
 586.000000 1.261663
 587.000000 1.277607
 588.000000 1.290232
 589.000000 1.298917
 590.000000 1.303325
 591.000000 1.303230
 592.000000 1.298751
 593.000000 1.290316
 594.000000 1.278551
 595.000000 1.264285
 596.000000 1.248567
 597.000000 1.232704
 598.000000 1.218287
 599.000000 1.206577
 600.000000 1.198748
 601.000000 1.195652
 602.000000 1.197522
 603.000000 1.204003
 604.000000 1.214084
 605.000000 1.226456
 606.000000 1.239876
 607.000000 1.252993
 608.000000 1.264620
 609.000000 1.273929
 610.000000 1.280308
 611.000000 1.283357
 612.000000 1.282948
 613.000000 1.279184
 614.000000 1.272374
 615.000000 1.263100
 616.000000 1.251995
 617.000000 1.239988
 618.000000 1.228207
 619.000000 1.218112
 620.000000 1.211072
 621.000000 1.208158
 622.000000 1.209820
 623.000000 1.215783
 624.000000 1.225168
 625.000000 1.236760
 626.000000 1.248875
 627.000000 1.259967
 628.000000 1.269004
 629.000000 1.275290
 630.000000 1.278645
 631.000000 1.278984
 632.000000 1.276474
 633.000000 1.271456
 634.000000 1.264440
 635.000000 1.255844
 636.000000 1.246247
 637.000000 1.236485
 638.000000 1.227468
 639.000000 1.220094
 640.000000 1.215083
 641.000000 1.212990
 642.000000 1.213952
 643.000000 1.217750
 644.000000 1.223815
 645.000000 1.231432
 646.000000 1.239613
 647.000000 1.247312
 648.000000 1.253524
 649.000000 1.257463
 650.000000 1.258682
 651.000000 1.257017
 652.000000 1.252567
 653.000000 1.245786
 654.000000 1.237377
 655.000000 1.228181
 656.000000 1.219164
 657.000000 1.211268
 658.000000 1.205269
 659.000000 1.201878
 660.000000 1.201406
 661.000000 1.203833
 662.000000 1.208847
 663.000000 1.215955
 664.000000 1.224325
 665.000000 1.233379
 666.000000 1.242378
 667.000000 1.250779
 668.000000 1.257941
 669.000000 1.263399
 670.000000 1.266817
 671.000000 1.267969
 672.000000 1.266699
 673.000000 1.262975
 674.000000 1.256956
 675.000000 1.248867
 676.000000 1.239224
 677.000000 1.228789
 678.000000 1.218441
 679.000000 1.209169
 680.000000 1.202021
 681.000000 1.197890
 682.000000 1.197423
 683.000000 1.200842
 684.000000 1.207954
 685.000000 1.218032
 686.000000 1.230058
 687.000000 1.243097
 688.000000 1.255963
 689.000000 1.267632
 690.000000 1.277118
 691.000000 1.283795
 692.000000 1.287233
 693.000000 1.287178
 694.000000 1.283662
 695.000000 1.276891
 696.000000 1.267375
 697.000000 1.255815
 698.000000 1.243165
 699.000000 1.230644
 700.000000 1.219522
 701.000000 1.210926
 702.000000 1.205912
 703.000000 1.205135
 704.000000 1.208778
 705.000000 1.216452
 706.000000 1.227470
 707.000000 1.240660
 708.000000 1.254555
 709.000000 1.267999
 710.000000 1.279924
 711.000000 1.289371
 712.000000 1.295492
 713.000000 1.297842
 714.000000 1.296271
 715.000000 1.290869
 716.000000 1.282084
 717.000000 1.270565
 718.000000 1.257068
 719.000000 1.242640
 720.000000 1.228775
 721.000000 1.216924
 722.000000 1.208466
 723.000000 1.204498
 724.000000 1.205577
 725.000000 1.211675
 726.000000 1.222154
 727.000000 1.235791
 728.000000 1.251188
 729.000000 1.266823
 730.000000 1.281166
 731.000000 1.292938
 732.000000 1.301159
 733.000000 1.305212
 734.000000 1.304777
 735.000000 1.299803
 736.000000 1.290587
 737.000000 1.277731
 738.000000 1.262213
 739.000000 1.245175
 740.000000 1.228124
 741.000000 1.212682
 742.000000 1.200696
 743.000000 1.193773
 744.000000 1.192837
 745.000000 1.198015
 746.000000 1.208688
 747.000000 1.223488
 748.000000 1.240590
 749.000000 1.258139
 750.000000 1.274834
 751.000000 1.289368
 752.000000 1.300864
 753.000000 1.308797
 754.000000 1.312891
 755.000000 1.313167
 756.000000 1.309747
 757.000000 1.302878
 758.000000 1.292828
 759.000000 1.280237
 760.000000 1.265673
 761.000000 1.250082
 762.000000 1.234530
 763.000000 1.220239
 764.000000 1.208362
 765.000000 1.199992
 766.000000 1.196036
 767.000000 1.196897
 768.000000 1.202362
 769.000000 1.211600
 770.000000 1.223382
 771.000000 1.236249
 772.000000 1.248425
 773.000000 1.258512
 774.000000 1.265539
 775.000000 1.268870
 776.000000 1.268302
 777.000000 1.264086
 778.000000 1.256811
 779.000000 1.247159
 780.000000 1.236245
 781.000000 1.225126
 782.000000 1.214893
 783.000000 1.206713
 784.000000 1.201527
 785.000000 1.199913
 786.000000 1.202181
 787.000000 1.208172
 788.000000 1.217396
 789.000000 1.229004
 790.000000 1.242038
 791.000000 1.255452
 792.000000 1.268161
 793.000000 1.279285
 794.000000 1.288079
 795.000000 1.293832
 796.000000 1.296025
 797.000000 1.294422
 798.000000 1.288908
 799.000000 1.279661
 800.000000 1.267210
 801.000000 1.252044
 802.000000 1.235326
 803.000000 1.218590
 804.000000 1.203624
 805.000000 1.192170
 806.000000 1.185636
 807.000000 1.184941
 808.000000 1.190241
 809.000000 1.200825
 810.000000 1.215502
 811.000000 1.232559
 812.000000 1.250464
 813.000000 1.267549
 814.000000 1.282361
 815.000000 1.294094
 816.000000 1.301922
 817.000000 1.305359
 818.000000 1.304186
 819.000000 1.298460
 820.000000 1.288417
 821.000000 1.274849
 822.000000 1.258615
 823.000000 1.240824
 824.000000 1.223078
 825.000000 1.207230
 826.000000 1.194803
 827.000000 1.187404
 828.000000 1.185759
 829.000000 1.189873
 830.000000 1.199050
 831.000000 1.211887
 832.000000 1.226563
 833.000000 1.241469
 834.000000 1.254846
 835.000000 1.265512
 836.000000 1.272723
 837.000000 1.276051
 838.000000 1.275438
 839.000000 1.271190
 840.000000 1.263844
 841.000000 1.254242
 842.000000 1.243428
 843.000000 1.232472
 844.000000 1.222404
 845.000000 1.214250
 846.000000 1.208897
 847.000000 1.206932
 848.000000 1.208491
 849.000000 1.213255
 850.000000 1.220655
 851.000000 1.229766
 852.000000 1.239649
 853.000000 1.249253
 854.000000 1.257653
 855.000000 1.264142
 856.000000 1.268254
 857.000000 1.269688
 858.000000 1.268356
 859.000000 1.264372
 860.000000 1.258112
 861.000000 1.250195
 862.000000 1.241238
 863.000000 1.232162
 864.000000 1.223809
 865.000000 1.217047
 866.000000 1.212675
 867.000000 1.211148
 868.000000 1.212661
 869.000000 1.217088
 870.000000 1.224003
 871.000000 1.232726
 872.000000 1.242568
 873.000000 1.252865
 874.000000 1.262796
 875.000000 1.271731
 876.000000 1.279063
 877.000000 1.284503
 878.000000 1.287710
 879.000000 1.288457
 880.000000 1.286628
 881.000000 1.282230
 882.000000 1.275408
 883.000000 1.266477
 884.000000 1.256051
 885.000000 1.244735
 886.000000 1.233388
 887.000000 1.223133
 888.000000 1.214975
 889.000000 1.209686
 890.000000 1.207850
 891.000000 1.209664
 892.000000 1.214930
 893.000000 1.223067
 894.000000 1.233193
 895.000000 1.244292
 896.000000 1.255314
 897.000000 1.265303
 898.000000 1.273502
 899.000000 1.279280
 900.000000 1.282163
 901.000000 1.281892
 902.000000 1.278388
 903.000000 1.271789
 904.000000 1.262457
 905.000000 1.250969
 906.000000 1.238460
 907.000000 1.225935
 908.000000 1.214742
 909.000000 1.206184
 910.000000 1.201320
 911.000000 1.200789
 912.000000 1.204685
 913.000000 1.212584
 914.000000 1.223598
 915.000000 1.236480
 916.000000 1.249744
 917.000000 1.262190
 918.000000 1.272688
 919.000000 1.280358
 920.000000 1.284586
 921.000000 1.284939
 922.000000 1.281288
 923.000000 1.273780
 924.000000 1.262912
 925.000000 1.249488
 926.000000 1.234564
 927.000000 1.219522
 928.000000 1.205654
 929.000000 1.194547
 930.000000 1.187626
 931.000000 1.185768
 932.000000 1.189234
 933.000000 1.197537
 934.000000 1.209572
 935.000000 1.223942
 936.000000 1.238795
 937.000000 1.252663
 938.000000 1.264282
 939.000000 1.272696
 940.000000 1.277216
 941.000000 1.277618
 942.000000 1.274095
 943.000000 1.267133
 944.000000 1.257641
 945.000000 1.246630
 946.000000 1.235164
 947.000000 1.224442
 948.000000 1.215617
 949.000000 1.209678
 950.000000 1.207144
 951.000000 1.208259
 952.000000 1.212793
 953.000000 1.220033
 954.000000 1.229145
 955.000000 1.239185
 956.000000 1.249046
 957.000000 1.257784
 958.000000 1.264645
 959.000000 1.269198
 960.000000 1.271216
 961.000000 1.270742
 962.000000 1.267941
 963.000000 1.263081
 964.000000 1.256581
 965.000000 1.249056
 966.000000 1.241030
 967.000000 1.233244
 968.000000 1.226344
 969.000000 1.220910
 970.000000 1.217316
 971.000000 1.215770
 972.000000 1.216319
 973.000000 1.218845
 974.000000 1.223038
 975.000000 1.228440
 976.000000 1.234473
 977.000000 1.240448
 978.000000 1.245870
 979.000000 1.250324
 980.000000 1.253520
 981.000000 1.255314
 982.000000 1.255687
 983.000000 1.254725
 984.000000 1.252590
 985.000000 1.249512
 986.000000 1.245686
 987.000000 1.241324
 988.000000 1.236673
 989.000000 1.232013
 990.000000 1.227698
 991.000000 1.224180
 992.000000 1.221961
 993.000000 1.221537
 994.000000 1.223179
 995.000000 1.226913
 996.000000 1.232469
 997.000000 1.239367
 998.000000 1.246821
 999.000000 1.254042
 1000.000000 1.260330
 1001.000000 1.264798
 1002.000000 1.266797
 1003.000000 1.265961
 1004.000000 1.262025
 1005.000000 1.254898
 1006.000000 1.244879
 1007.000000 1.232587
 1008.000000 1.218981
 1009.000000 1.205345
 1010.000000 1.193344
 1011.000000 1.184584
 1012.000000 1.180459
 1013.000000 1.181719
 1014.000000 1.188447
 1015.000000 1.199990
 1016.000000 1.215018
 1017.000000 1.232195
 1018.000000 1.250121
 1019.000000 1.267216
 1020.000000 1.282096
 1021.000000 1.293914
 1022.000000 1.302035
 1023.000000 1.305973
 1024.000000 1.305487
 1025.000000 1.300534
 1026.000000 1.291336
 1027.000000 1.278345
 1028.000000 1.262412
 1029.000000 1.244590
 1030.000000 1.226455
 1031.000000 1.209579
 1032.000000 1.195784
 1033.000000 1.186487
 1034.000000 1.182784
 1035.000000 1.185077
 1036.000000 1.192992
 1037.000000 1.205245
 1038.000000 1.220173
 1039.000000 1.235990
 1040.000000 1.251097
 1041.000000 1.263890
 1042.000000 1.273274
 1043.000000 1.278460
 1044.000000 1.279186
 1045.000000 1.275542
 1046.000000 1.267931
 1047.000000 1.257103
 1048.000000 1.244109
 1049.000000 1.230287
 1050.000000 1.217205
 1051.000000 1.206217
 1052.000000 1.198721
 1053.000000 1.195551
 1054.000000 1.197091
 1055.000000 1.203052
 1056.000000 1.212500
 1057.000000 1.224031
 1058.000000 1.236459
 1059.000000 1.248312
 1060.000000 1.258383
 1061.000000 1.265743
 1062.000000 1.269803
 1063.000000 1.270382
 1064.000000 1.267629
 1065.000000 1.261971
 1066.000000 1.253941
 1067.000000 1.244215
 1068.000000 1.233691
 1069.000000 1.223265
 1070.000000 1.213840
 1071.000000 1.206196
 1072.000000 1.201088
 1073.000000 1.198977
 1074.000000 1.200027
 1075.000000 1.204117
 1076.000000 1.210806
 1077.000000 1.219415
 1078.000000 1.229240
 1079.000000 1.239434
 1080.000000 1.249345
 1081.000000 1.258092
 1082.000000 1.265210
 1083.000000 1.270284
 1084.000000 1.273020
 1085.000000 1.273259
 1086.000000 1.271054
 1087.000000 1.266653
 1088.000000 1.260482
 1089.000000 1.253017
 1090.000000 1.244841
 1091.000000 1.236533
 1092.000000 1.228585
 1093.000000 1.221386
 1094.000000 1.215353
 1095.000000 1.210886
 1096.000000 1.208453
 1097.000000 1.208324
 1098.000000 1.210605
 1099.000000 1.215236
 1100.000000 1.221926
 1101.000000 1.230177
 1102.000000 1.239434
 1103.000000 1.249189
 1104.000000 1.258661
 1105.000000 1.266945
 1106.000000 1.273308
 1107.000000 1.277150
 1108.000000 1.278075
 1109.000000 1.275865
 1110.000000 1.270524
 1111.000000 1.262380
 1112.000000 1.251849
 1113.000000 1.239782
 1114.000000 1.227348
 1115.000000 1.215862
 1116.000000 1.206643
 1117.000000 1.200845
 1118.000000 1.199377
 1119.000000 1.202561
 1120.000000 1.210173
 1121.000000 1.221382
 1122.000000 1.235001
 1123.000000 1.249843
 1124.000000 1.264402
 1125.000000 1.277301
 1126.000000 1.287539
 1127.000000 1.294166
 1128.000000 1.296504
 1129.000000 1.294231
 1130.000000 1.287386
 1131.000000 1.276363
 1132.000000 1.262021
 1133.000000 1.245715
 1134.000000 1.228985
 1135.000000 1.213894
 1136.000000 1.202347
 1137.000000 1.195598
 1138.000000 1.194727
 1139.000000 1.200017
 1140.000000 1.210884
 1141.000000 1.226037
 1142.000000 1.243981
 1143.000000 1.262863
 1144.000000 1.281096
 1145.000000 1.297277
 1146.000000 1.310114
 1147.000000 1.318857
 1148.000000 1.323184
 1149.000000 1.323073
 1150.000000 1.318809
 1151.000000 1.310881
 1152.000000 1.300008
 1153.000000 1.287085
 1154.000000 1.273095
 1155.000000 1.259183
 1156.000000 1.246513
 1157.000000 1.236328
 1158.000000 1.229310
 1159.000000 1.226030
 1160.000000 1.226597
 1161.000000 1.230607
 1162.000000 1.237277
 1163.000000 1.245634
 1164.000000 1.254486
 1165.000000 1.262746
 1166.000000 1.269589
 1167.000000 1.274462
 1168.000000 1.277076
 1169.000000 1.277369
 1170.000000 1.275493
 1171.000000 1.271791
 1172.000000 1.266675
 1173.000000 1.260708
 1174.000000 1.254519
 1175.000000 1.248714
 1176.000000 1.243720
 1177.000000 1.240010
 1178.000000 1.237840
 1179.000000 1.237295
 1180.000000 1.238277
 1181.000000 1.240611
 1182.000000 1.244105
 1183.000000 1.248606
 1184.000000 1.254060
 1185.000000 1.260361
 1186.000000 1.267384
 1187.000000 1.274939
 1188.000000 1.282658
 1189.000000 1.290153
 1190.000000 1.296891
 1191.000000 1.302252
 1192.000000 1.305735
 1193.000000 1.306945
 1194.000000 1.305669
 1195.000000 1.301842
 1196.000000 1.295513
 1197.000000 1.286858
 1198.000000 1.276175
 1199.000000 1.264019
 1200.000000 1.251000
 1201.000000 1.237951
 1202.000000 1.225894
 1203.000000 1.216116
 1204.000000 1.209582
 1205.000000 1.206987
 1206.000000 1.208539
 1207.000000 1.213967
 1208.000000 1.222507
 1209.000000 1.233084
 1210.000000 1.244455
 1211.000000 1.255561
 1212.000000 1.265228
 1213.000000 1.272649
 1214.000000 1.277160
 1215.000000 1.278366
 1216.000000 1.276189
 1217.000000 1.270821
 1218.000000 1.262729
 1219.000000 1.252677
 1220.000000 1.241883
 1221.000000 1.231659
 1222.000000 1.223228
 1223.000000 1.217909
 1224.000000 1.216480
 1225.000000 1.219324
 1226.000000 1.226304
 1227.000000 1.236765
 1228.000000 1.249704
 1229.000000 1.263938
 1230.000000 1.278041
 1231.000000 1.290741
 1232.000000 1.301009
 1233.000000 1.307900
 1234.000000 1.310651
 1235.000000 1.308829
 1236.000000 1.302357
 1237.000000 1.291616
 1238.000000 1.277292
 1239.000000 1.260485
 1240.000000 1.242714
 1241.000000 1.225699
 1242.000000 1.211234
 1243.000000 1.200955
 1244.000000 1.196183
 1245.000000 1.197406
 1246.000000 1.204323
 1247.000000 1.215852
 1248.000000 1.230384
 1249.000000 1.246237
 1250.000000 1.261570
 1251.000000 1.275175
 1252.000000 1.285967
 1253.000000 1.293270
 1254.000000 1.296882
 1255.000000 1.296854
 1256.000000 1.293484
 1257.000000 1.287292
 1258.000000 1.278940
 1259.000000 1.269030
 1260.000000 1.258535
 1261.000000 1.248426
 1262.000000 1.239576
 1263.000000 1.232939
 1264.000000 1.229160
 1265.000000 1.228559
 1266.000000 1.231120
 1267.000000 1.236448
 1268.000000 1.243809
 1269.000000 1.252308
 1270.000000 1.261146
 1271.000000 1.269648
 1272.000000 1.277292
 1273.000000 1.283756
 1274.000000 1.288892
 1275.000000 1.292580
 1276.000000 1.294662
 1277.000000 1.295034
 1278.000000 1.293657
 1279.000000 1.290607
 1280.000000 1.286050
 1281.000000 1.280327
 1282.000000 1.273754
 1283.000000 1.266700
 1284.000000 1.259430
 1285.000000 1.252330
 1286.000000 1.245823
 1287.000000 1.240322
 1288.000000 1.236201
 1289.000000 1.233943
 1290.000000 1.234063
 1291.000000 1.236907
 1292.000000 1.242529
 1293.000000 1.250661
 1294.000000 1.260827
 1295.000000 1.272347
 1296.000000 1.284232
 1297.000000 1.295650
 1298.000000 1.305937
 1299.000000 1.314431
 1300.000000 1.320499
 1301.000000 1.323654
 1302.000000 1.323621
 1303.000000 1.320271
 1304.000000 1.313766
 1305.000000 1.304508
 1306.000000 1.293236
 1307.000000 1.280969
 1308.000000 1.268538
 1309.000000 1.256875
 1310.000000 1.247110
 1311.000000 1.240209
 1312.000000 1.236676
 1313.000000 1.236797
 1314.000000 1.240446
 1315.000000 1.247110
 1316.000000 1.256021
 1317.000000 1.266153
 1318.000000 1.276582
 1319.000000 1.286205
 1320.000000 1.293970
 1321.000000 1.299300
 1322.000000 1.301915
 1323.000000 1.301720
 1324.000000 1.298931
 1325.000000 1.294037
 1326.000000 1.287645
 1327.000000 1.280496
 1328.000000 1.273442
 1329.000000 1.267442
 1330.000000 1.263260
 1331.000000 1.261433
 1332.000000 1.262190
 1333.000000 1.265354
 1334.000000 1.270360
 1335.000000 1.276342
 1336.000000 1.282230
 1337.000000 1.286960
 1338.000000 1.289692
 1339.000000 1.289895
 1340.000000 1.287460
 1341.000000 1.282680
 1342.000000 1.276199
 1343.000000 1.268698
 1344.000000 1.260949
 1345.000000 1.253656
 1346.000000 1.247491
 1347.000000 1.243050
 1348.000000 1.240698
 1349.000000 1.240633
 1350.000000 1.242816
 1351.000000 1.246924
 1352.000000 1.252414
 1353.000000 1.258546
 1354.000000 1.264446
 1355.000000 1.269367
 1356.000000 1.272674
 1357.000000 1.274153
 1358.000000 1.273927
 1359.000000 1.272384
 1360.000000 1.270107
 1361.000000 1.267745
 1362.000000 1.265807
 1363.000000 1.264675
 1364.000000 1.264535
 1365.000000 1.265447
 1366.000000 1.267318
 1367.000000 1.269957
 1368.000000 1.273063
 1369.000000 1.276282
 1370.000000 1.279156
 1371.000000 1.281215
 1372.000000 1.281991
 1373.000000 1.281084
 1374.000000 1.278268
 1375.000000 1.273637
 1376.000000 1.267593
 1377.000000 1.260810
 1378.000000 1.254192
 1379.000000 1.248632
 1380.000000 1.244971
 1381.000000 1.243713
 1382.000000 1.245041
 1383.000000 1.248857
 1384.000000 1.254760
 1385.000000 1.262182
 1386.000000 1.270514
 1387.000000 1.278994
 1388.000000 1.286811
 1389.000000 1.293230
 1390.000000 1.297707
 1391.000000 1.299661
 1392.000000 1.298810
 1393.000000 1.295077
 1394.000000 1.288726
 1395.000000 1.280305
 1396.000000 1.270597
 1397.000000 1.260620
 1398.000000 1.251306
 1399.000000 1.243628
 1400.000000 1.238425
 1401.000000 1.236375
 1402.000000 1.237744
 1403.000000 1.242448
 1404.000000 1.250119
 1405.000000 1.260011
 1406.000000 1.271277
 1407.000000 1.282669
 1408.000000 1.292957
 1409.000000 1.300874
 1410.000000 1.305489
 1411.000000 1.306156
 1412.000000 1.302564
 1413.000000 1.294788
 1414.000000 1.283329
 1415.000000 1.269131
 1416.000000 1.253379
 1417.000000 1.237487
 1418.000000 1.223331
 1419.000000 1.212751
 1420.000000 1.207225
 1421.000000 1.207463
 1422.000000 1.213552
 1423.000000 1.224809
 1424.000000 1.239764
 1425.000000 1.256600
 1426.000000 1.273661
 1427.000000 1.289558
 1428.000000 1.303184
 1429.000000 1.314149
 1430.000000 1.322222
 1431.000000 1.327407
 1432.000000 1.329850
 1433.000000 1.329733
 1434.000000 1.327260
 1435.000000 1.322702
 1436.000000 1.316306
 1437.000000 1.308352
 1438.000000 1.299236
 1439.000000 1.289482
 1440.000000 1.279500
 1441.000000 1.269606
 1442.000000 1.260212
 1443.000000 1.251751
 1444.000000 1.244487
 1445.000000 1.238869
 1446.000000 1.235321
 1447.000000 1.234202
 1448.000000 1.235810
 1449.000000 1.240241
 1450.000000 1.247349
 1451.000000 1.256629
 1452.000000 1.267256
 1453.000000 1.278509
 1454.000000 1.289613
 1455.000000 1.299811
 1456.000000 1.308591
 1457.000000 1.315514
 1458.000000 1.320290
 1459.000000 1.322740
 1460.000000 1.322721
 1461.000000 1.320201
 1462.000000 1.315223
 1463.000000 1.307863
 1464.000000 1.298446
 1465.000000 1.287596
 1466.000000 1.275982
 1467.000000 1.264650
 1468.000000 1.254543
 1469.000000 1.246627
 1470.000000 1.241869
 1471.000000 1.240821
 1472.000000 1.243676
 1473.000000 1.250167
 1474.000000 1.259647
 1475.000000 1.271190
 1476.000000 1.283819
 1477.000000 1.296247
 1478.000000 1.307509
 1479.000000 1.316702
 1480.000000 1.323021
 1481.000000 1.326202
 1482.000000 1.326080
 1483.000000 1.322865
 1484.000000 1.317040
 1485.000000 1.309206
 1486.000000 1.300186
 1487.000000 1.290838
 1488.000000 1.281871
 1489.000000 1.274033
 1490.000000 1.267848
 1491.000000 1.263657
 1492.000000 1.261567
 1493.000000 1.261506
 1494.000000 1.263241
 1495.000000 1.266396
 1496.000000 1.270511
 1497.000000 1.275110
 1498.000000 1.279770
 1499.000000 1.284077
 1500.000000 1.287739
 1501.000000 1.290615
 1502.000000 1.292604
 1503.000000 1.293693
 1504.000000 1.293987
 1505.000000 1.293658
 1506.000000 1.292936
 1507.000000 1.292086
 1508.000000 1.291367
 1509.000000 1.291035
 1510.000000 1.291313
 1511.000000 1.292364
 1512.000000 1.294253
 1513.000000 1.296916
 1514.000000 1.300187
 1515.000000 1.303793
 1516.000000 1.307282
 1517.000000 1.310265
 1518.000000 1.312355
 1519.000000 1.313350
 1520.000000 1.313165
 1521.000000 1.311871
 1522.000000 1.309690
 1523.000000 1.306979
 1524.000000 1.304145
 1525.000000 1.301649
 1526.000000 1.299900
 1527.000000 1.299215
 1528.000000 1.299783
 1529.000000 1.301678
 1530.000000 1.304764
 1531.000000 1.308791
 1532.000000 1.313380
 1533.000000 1.318129
 1534.000000 1.322511
 1535.000000 1.326114
 1536.000000 1.328709
 1537.000000 1.330295
 1538.000000 1.331061
 1539.000000 1.331347
 1540.000000 1.331585
 1541.000000 1.332216
 1542.000000 1.333636
 1543.000000 1.336157
 1544.000000 1.339952
 1545.000000 1.345046
 1546.000000 1.351386
 1547.000000 1.358664
 1548.000000 1.366479
 1549.000000 1.374422
 1550.000000 1.381855
 1551.000000 1.388251
 1552.000000 1.392982
 1553.000000 1.395513
 1554.000000 1.395411
 1555.000000 1.392469
 1556.000000 1.386691
 1557.000000 1.378368
 1558.000000 1.367983
 1559.000000 1.356190
 1560.000000 1.343721
 1561.000000 1.331358
 1562.000000 1.319619
 1563.000000 1.309252
 1564.000000 1.300724
 1565.000000 1.294516
 1566.000000 1.290863
 1567.000000 1.289820
 1568.000000 1.291193
 1569.000000 1.294532
 1570.000000 1.299259
 1571.000000 1.304762
 1572.000000 1.310461
 1573.000000 1.315848
 1574.000000 1.320667
 1575.000000 1.324785
 1576.000000 1.328256
 1577.000000 1.331142
 1578.000000 1.333518
 1579.000000 1.335499
 1580.000000 1.337138
 1581.000000 1.338482
 1582.000000 1.339500
 1583.000000 1.340120
 1584.000000 1.340212
 1585.000000 1.339603
 1586.000000 1.338095
 1587.000000 1.335519
 1588.000000 1.331782
 1589.000000 1.326861
 1590.000000 1.320883
 1591.000000 1.314120
 1592.000000 1.307045
 1593.000000 1.300198
 1594.000000 1.294104
 1595.000000 1.289245
 1596.000000 1.286017
 1597.000000 1.284696
 1598.000000 1.285387
 1599.000000 1.287997
 1600.000000 1.292283
 1601.000000 1.297880
 1602.000000 1.304268
 1603.000000 1.310919
 1604.000000 1.317216
 1605.000000 1.322574
 1606.000000 1.326423
 1607.000000 1.328262
 1608.000000 1.327788
 1609.000000 1.324921
 1610.000000 1.319735
 1611.000000 1.312506
 1612.000000 1.303777
 1613.000000 1.294230
 1614.000000 1.284597
 1615.000000 1.275838
 1616.000000 1.268684
 1617.000000 1.263872
 1618.000000 1.261954
 1619.000000 1.263115
 1620.000000 1.267213
 1621.000000 1.273725
 1622.000000 1.281863
 1623.000000 1.290664
 1624.000000 1.299328
 1625.000000 1.307002
 1626.000000 1.313252
 1627.000000 1.317855
 1628.000000 1.320878
 1629.000000 1.322485
 1630.000000 1.322936
 1631.000000 1.322480
 1632.000000 1.321292
 1633.000000 1.319461
 1634.000000 1.317008
 1635.000000 1.313911
 1636.000000 1.310108
 1637.000000 1.305529
 1638.000000 1.300119
 1639.000000 1.293903
 1640.000000 1.286916
 1641.000000 1.279286
 1642.000000 1.271362
 1643.000000 1.263583
 1644.000000 1.256410
 1645.000000 1.250401
 1646.000000 1.246217
 1647.000000 1.244485
 1648.000000 1.245669
 1649.000000 1.249964
 1650.000000 1.257239
 1651.000000 1.267073
 1652.000000 1.278901
 1653.000000 1.291859
 1654.000000 1.305208
 1655.000000 1.318147
 1656.000000 1.329993
 1657.000000 1.340192
 1658.000000 1.348218
 1659.000000 1.353547
 1660.000000 1.355770
 1661.000000 1.354604
 1662.000000 1.349992
 1663.000000 1.342128
 1664.000000 1.331536
 1665.000000 1.319066
 1666.000000 1.305740
 1667.000000 1.292694
 1668.000000 1.280949
 1669.000000 1.271472
 1670.000000 1.264839
 1671.000000 1.261396
 1672.000000 1.261184
 1673.000000 1.263946
 1674.000000 1.269146
 1675.000000 1.276015
 1676.000000 1.283718
 1677.000000 1.291436
 1678.000000 1.298287
 1679.000000 1.303586
 1680.000000 1.306885
 1681.000000 1.307994
 1682.000000 1.307026
 1683.000000 1.304318
 1684.000000 1.300337
 1685.000000 1.295580
 1686.000000 1.290647
 1687.000000 1.286080
 1688.000000 1.282395
 1689.000000 1.279978
 1690.000000 1.279164
 1691.000000 1.280120
 1692.000000 1.282816
 1693.000000 1.287034
 1694.000000 1.292371
 1695.000000 1.298230
 1696.000000 1.303767
 1697.000000 1.308132
 1698.000000 1.310670
 1699.000000 1.310917
 1700.000000 1.308701
 1701.000000 1.304175
 1702.000000 1.297815
 1703.000000 1.290321
 1704.000000 1.282531
 1705.000000 1.275137
 1706.000000 1.268797
 1707.000000 1.263995
 1708.000000 1.260979
 1709.000000 1.259797
 1710.000000 1.260329
 1711.000000 1.262269
 1712.000000 1.265147
 1713.000000 1.268286
 1714.000000 1.270961
 1715.000000 1.272491
 1716.000000 1.272393
 1717.000000 1.270508
 1718.000000 1.267009
 1719.000000 1.262374
 1720.000000 1.257266
 1721.000000 1.252220
 1722.000000 1.247626
 1723.000000 1.243704
 1724.000000 1.240547
 1725.000000 1.238224
 1726.000000 1.236784
 1727.000000 1.236273
 1728.000000 1.236664
 1729.000000 1.237837
 1730.000000 1.239530
 1731.000000 1.241293
 1732.000000 1.242633
 1733.000000 1.243087
 1734.000000 1.242368
 1735.000000 1.240456
 1736.000000 1.237612
 1737.000000 1.234382
 1738.000000 1.231400
 1739.000000 1.229318
 1740.000000 1.228696
 1741.000000 1.229872
 1742.000000 1.232970
 1743.000000 1.237818
 1744.000000 1.244056
 1745.000000 1.251089
 1746.000000 1.258111
 1747.000000 1.264328
 1748.000000 1.268895
 1749.000000 1.271074
 1750.000000 1.270336
 1751.000000 1.266536
 1752.000000 1.260118
 1753.000000 1.251825
 1754.000000 1.242646
 1755.000000 1.233921
 1756.000000 1.226970
 1757.000000 1.222717
 1758.000000 1.221728
 1759.000000 1.224018
 1760.000000 1.229193
 1761.000000 1.236419
 1762.000000 1.244624
 1763.000000 1.252682
 1764.000000 1.259601
 1765.000000 1.264353
 1766.000000 1.266365
 1767.000000 1.265385
 1768.000000 1.261421
 1769.000000 1.254913
 1770.000000 1.246522
 1771.000000 1.237077
 1772.000000 1.227619
 1773.000000 1.219230
 1774.000000 1.212903
 1775.000000 1.209372
 1776.000000 1.209083
 1777.000000 1.212093
 1778.000000 1.218069
 1779.000000 1.226429
 1780.000000 1.236299
 1781.000000 1.246600
 1782.000000 1.256304
 1783.000000 1.264593
 1784.000000 1.270759
 1785.000000 1.274371
 1786.000000 1.275304
 1787.000000 1.273702
 1788.000000 1.269944
 1789.000000 1.264597
 1790.000000 1.258306
 1791.000000 1.251787
 1792.000000 1.245820
 1793.000000 1.241086
 1794.000000 1.237965
 1795.000000 1.236735
 1796.000000 1.237452
 1797.000000 1.239852
 1798.000000 1.243475
 1799.000000 1.247587
 1800.000000 1.251288
 1801.000000 1.253692
 1802.000000 1.254094
 1803.000000 1.252059
 1804.000000 1.247546
 1805.000000 1.241004
 1806.000000 1.233153
 1807.000000 1.224920
 1808.000000 1.217378
 1809.000000 1.211470
 1810.000000 1.208029
 1811.000000 1.207571
 1812.000000 1.210281
 1813.000000 1.216005
 1814.000000 1.224245
 1815.000000 1.234227
 1816.000000 1.245127
 1817.000000 1.255868
 1818.000000 1.265523
 1819.000000 1.273136
 1820.000000 1.277970
 1821.000000 1.279711
 1822.000000 1.278429
 1823.000000 1.274535
 1824.000000 1.268656
 1825.000000 1.261542
 1826.000000 1.254108
 1827.000000 1.247172
 1828.000000 1.241377
 1829.000000 1.237181
 1830.000000 1.234930
 1831.000000 1.234745
 1832.000000 1.236457
 1833.000000 1.239684
 1834.000000 1.243825
 1835.000000 1.248149
 1836.000000 1.251951
 1837.000000 1.254596
 1838.000000 1.255660
 1839.000000 1.254952
 1840.000000 1.252592
 1841.000000 1.248971
 1842.000000 1.244616
 1843.000000 1.240155
 1844.000000 1.236071
 1845.000000 1.232909
 1846.000000 1.231048
 1847.000000 1.230715
 1848.000000 1.231957
 1849.000000 1.234631
 1850.000000 1.238395
 1851.000000 1.242732
 1852.000000 1.247035
 1853.000000 1.250711
 1854.000000 1.253313
 1855.000000 1.254666
 1856.000000 1.254881
 1857.000000 1.254310
 1858.000000 1.253422
 1859.000000 1.252692
 1860.000000 1.252471
 1861.000000 1.252941
 1862.000000 1.254100
 1863.000000 1.255788
 1864.000000 1.257719
 1865.000000 1.259530
 1866.000000 1.260831
 1867.000000 1.261184
 1868.000000 1.260182
 1869.000000 1.257491
 1870.000000 1.252985
 1871.000000 1.246842
 1872.000000 1.239556
 1873.000000 1.231879
 1874.000000 1.224847
 1875.000000 1.219626
 1876.000000 1.216995
 1877.000000 1.217429
 1878.000000 1.221027
 1879.000000 1.227428
 1880.000000 1.236022
 1881.000000 1.245926
 1882.000000 1.256183
 1883.000000 1.265938
 1884.000000 1.274284
 1885.000000 1.280591
 1886.000000 1.284303
 1887.000000 1.285134
 1888.000000 1.283050
 1889.000000 1.278269
 1890.000000 1.271393
 1891.000000 1.263271
 1892.000000 1.254811
 1893.000000 1.247005
 1894.000000 1.240887
 1895.000000 1.237192
 1896.000000 1.236422
 1897.000000 1.238791
 1898.000000 1.244110
 1899.000000 1.251793
 1900.000000 1.261014
 1901.000000 1.270753
 1902.000000 1.279796
 1903.000000 1.286939
 1904.000000 1.291133
 1905.000000 1.291600
 1906.000000 1.288011
 1907.000000 1.280586
 1908.000000 1.270029
 1909.000000 1.257457
 1910.000000 1.244249
 1911.000000 1.231735
 1912.000000 1.221365
 1913.000000 1.214392
 1914.000000 1.211342
 1915.000000 1.212412
 1916.000000 1.217307
 1917.000000 1.225246
 1918.000000 1.235235
 1919.000000 1.246107
 1920.000000 1.256528
 1921.000000 1.265406
 1922.000000 1.271923
 1923.000000 1.275516
 1924.000000 1.276017
 1925.000000 1.273518
 1926.000000 1.268322
 1927.000000 1.260933
 1928.000000 1.252083
 1929.000000 1.242509
 1930.000000 1.233157
 1931.000000 1.224989
 1932.000000 1.218871
 1933.000000 1.215368
 1934.000000 1.214870
 1935.000000 1.217378
 1936.000000 1.222506
 1937.000000 1.229504
 1938.000000 1.237450
 1939.000000 1.245296
 1940.000000 1.252120
 1941.000000 1.257287
 1942.000000 1.260362
 1943.000000 1.261200
 1944.000000 1.259943
 1945.000000 1.256964
 1946.000000 1.252775
 1947.000000 1.247960
 1948.000000 1.243121
 1949.000000 1.238908
 1950.000000 1.235813
 1951.000000 1.234115
 1952.000000 1.233915
 1953.000000 1.235111
 1954.000000 1.237392
 1955.000000 1.240313
 1956.000000 1.243323
 1957.000000 1.245955
 1958.000000 1.247876
 1959.000000 1.248974
 1960.000000 1.249325
 1961.000000 1.249144
 1962.000000 1.248675
 1963.000000 1.248133
 1964.000000 1.247665
 1965.000000 1.247350
 1966.000000 1.247207
 1967.000000 1.247220
 1968.000000 1.247343
 1969.000000 1.247473
 1970.000000 1.247421
 1971.000000 1.246896
 1972.000000 1.245543
 1973.000000 1.243021
 1974.000000 1.239194
 1975.000000 1.234212
 1976.000000 1.228523
 1977.000000 1.222915
 1978.000000 1.218317
 1979.000000 1.215614
 1980.000000 1.215438
 1981.000000 1.218039
 1982.000000 1.223210
 1983.000000 1.230495
 1984.000000 1.239086
 1985.000000 1.248158
 1986.000000 1.256818
 1987.000000 1.264288
 1988.000000 1.269945
 1989.000000 1.273312
 1990.000000 1.274051
 1991.000000 1.272018
 1992.000000 1.267365
 1993.000000 1.260403
 1994.000000 1.251838
 1995.000000 1.242593
 1996.000000 1.233636
 1997.000000 1.225878
 1998.000000 1.220148
 1999.000000 1.217019
 2000.000000 1.216725
 2001.000000 1.219095
 2002.000000 1.223707
 2003.000000 1.229872
 2004.000000 1.236702
 2005.000000 1.243262
 2006.000000 1.248711
 2007.000000 1.252223
 2008.000000 1.253121
 2009.000000 1.251017
 2010.000000 1.245886
 2011.000000 1.238080
 2012.000000 1.228571
 2013.000000 1.218567
 2014.000000 1.209622
 2015.000000 1.203032
 2016.000000 1.199883
 2017.000000 1.200738
 2018.000000 1.205607
 2019.000000 1.214037
 2020.000000 1.224934
 2021.000000 1.237097
 2022.000000 1.249237
 2023.000000 1.260248
 2024.000000 1.269136
 2025.000000 1.275129
 2026.000000 1.277766
 2027.000000 1.276851
 2028.000000 1.272447
 2029.000000 1.264927
 2030.000000 1.254920
 2031.000000 1.243113
 2032.000000 1.230356
 2033.000000 1.217776
 2034.000000 1.206640
 2035.000000 1.198093
 2036.000000 1.193054
 2037.000000 1.192120
 2038.000000 1.195373
 2039.000000 1.202212
 2040.000000 1.211635
 2041.000000 1.222470
 2042.000000 1.233393
 2043.000000 1.243049
 2044.000000 1.250628
 2045.000000 1.255537
 2046.000000 1.257522
 2047.000000 1.256614
 2048.000000 1.253079
 2049.000000 1.247360
 2050.000000 1.240094
 2051.000000 1.231997
 2052.000000 1.223839
 2053.000000 1.216724
 2054.000000 1.211446
 2055.000000 1.208754
 2056.000000 1.209081
 2057.000000 1.212417
 2058.000000 1.218251
 2059.000000 1.225713
 2060.000000 1.233768
 2061.000000 1.241312
 2062.000000 1.247537
 2063.000000 1.251962
 2064.000000 1.254460
 2065.000000 1.255098
 2066.000000 1.254163
 2067.000000 1.251997
 2068.000000 1.248946
 2069.000000 1.245309
 2070.000000 1.241335
 2071.000000 1.237199
 2072.000000 1.233155
 2073.000000 1.229362
 2074.000000 1.225937
 2075.000000 1.222931
 2076.000000 1.220423
 2077.000000 1.218472
 2078.000000 1.217149
 2079.000000 1.216579
 2080.000000 1.216918
 2081.000000 1.218303
 2082.000000 1.220797
 2083.000000 1.224343
 2084.000000 1.228762
 2085.000000 1.233775
 2086.000000 1.239026
 2087.000000 1.244137
 2088.000000 1.248723
 2089.000000 1.252440
 2090.000000 1.255081
 2091.000000 1.256572
 2092.000000 1.256805
 2093.000000 1.255706
 2094.000000 1.253210
 2095.000000 1.249233
 2096.000000 1.243765
 2097.000000 1.237056
 2098.000000 1.229479
 2099.000000 1.221709
 2100.000000 1.214730
 2101.000000 1.209530
 2102.000000 1.206988
 2103.000000 1.207756
 2104.000000 1.212053
 2105.000000 1.219568
 2106.000000 1.229496
 2107.000000 1.240957
 2108.000000 1.252706
 2109.000000 1.263511
 2110.000000 1.272132
 2111.000000 1.277651
 2112.000000 1.279356
 2113.000000 1.276802
 2114.000000 1.269940
 2115.000000 1.259345
 2116.000000 1.245783
 2117.000000 1.230636
 2118.000000 1.215535
 2119.000000 1.202205
 2120.000000 1.192559
 2121.000000 1.188013
 2122.000000 1.189291
 2123.000000 1.196306
 2124.000000 1.208165
 2125.000000 1.223432
 2126.000000 1.240096
 2127.000000 1.256365
 2128.000000 1.270626
 2129.000000 1.281525
 2130.000000 1.288332
 2131.000000 1.290465
 2132.000000 1.287791
 2133.000000 1.280519
 2134.000000 1.269197
 2135.000000 1.254807
 2136.000000 1.238490
 2137.000000 1.221780
 2138.000000 1.206545
 2139.000000 1.194666
 2140.000000 1.187665
 2141.000000 1.186429
 2142.000000 1.191055
 2143.000000 1.200744
 2144.000000 1.214124
 2145.000000 1.229354
 2146.000000 1.244450
 2147.000000 1.257853
 2148.000000 1.268352
 2149.000000 1.275070
 2150.000000 1.277742
 2151.000000 1.276499
 2152.000000 1.271778
 2153.000000 1.264239
 2154.000000 1.254511
 2155.000000 1.243416
 2156.000000 1.231918
 2157.000000 1.220771
 2158.000000 1.211113
 2159.000000 1.203922
 2160.000000 1.199877
 2161.000000 1.199320
 2162.000000 1.202155
 2163.000000 1.207858
 2164.000000 1.215533
 2165.000000 1.224209
 2166.000000 1.232895
 2167.000000 1.240836
 2168.000000 1.247393
 2169.000000 1.252217
 2170.000000 1.255116
 2171.000000 1.256108
 2172.000000 1.255202
 2173.000000 1.252490
 2174.000000 1.248174
 2175.000000 1.242546
 2176.000000 1.235987
 2177.000000 1.228930
 2178.000000 1.221879
 2179.000000 1.215299
 2180.000000 1.209761
 2181.000000 1.205699
 2182.000000 1.203368
 2183.000000 1.202912
 2184.000000 1.204336
 2185.000000 1.207566
 2186.000000 1.212390
 2187.000000 1.218585
 2188.000000 1.225718
 2189.000000 1.233334
 2190.000000 1.240973
 2191.000000 1.248377
 2192.000000 1.255037
 2193.000000 1.260668
 2194.000000 1.265037
 2195.000000 1.267940
 2196.000000 1.269148
 2197.000000 1.268467
 2198.000000 1.265749
 2199.000000 1.260885
 2200.000000 1.253889
 2201.000000 1.245063
 2202.000000 1.234911
 2203.000000 1.224328
 2204.000000 1.214343
 2205.000000 1.206234
 2206.000000 1.201131
 2207.000000 1.199978
 2208.000000 1.203142
 2209.000000 1.210496
 2210.000000 1.221324
 2211.000000 1.234394
 2212.000000 1.248532
 2213.000000 1.262603
 2214.000000 1.275367
 2215.000000 1.285702
 2216.000000 1.292895
 2217.000000 1.296439
 2218.000000 1.296297
 2219.000000 1.292755
 2220.000000 1.286333
 2221.000000 1.277875
 2222.000000 1.268328
 2223.000000 1.258619
 2224.000000 1.249432
 2225.000000 1.241473
 2226.000000 1.235405
 2227.000000 1.231704
 2228.000000 1.230529
 2229.000000 1.231808
 2230.000000 1.235180
 2231.000000 1.240078
 2232.000000 1.245673
 2233.000000 1.251171
 2234.000000 1.255742
 2235.000000 1.258718
 2236.000000 1.259656
 2237.000000 1.258441
 2238.000000 1.255245
 2239.000000 1.250478
 2240.000000 1.244669
 2241.000000 1.238554
 2242.000000 1.232695
 2243.000000 1.227632
 2244.000000 1.223891
 2245.000000 1.221818
 2246.000000 1.221628
 2247.000000 1.223269
 2248.000000 1.226460
 2249.000000 1.230769
 2250.000000 1.235565
 2251.000000 1.240227
 2252.000000 1.244258
 2253.000000 1.247272
 2254.000000 1.249145
 2255.000000 1.249923
 2256.000000 1.249821
 2257.000000 1.249155
 2258.000000 1.248256
 2259.000000 1.247391
 2260.000000 1.246731
 2261.000000 1.246324
 2262.000000 1.246127
 2263.000000 1.246021
 2264.000000 1.245821
 2265.000000 1.245312
 2266.000000 1.244277
 2267.000000 1.242590
 2268.000000 1.240260
 2269.000000 1.237464
 2270.000000 1.234525
 2271.000000 1.231938
 2272.000000 1.230217
 2273.000000 1.229815
 2274.000000 1.230978
 2275.000000 1.233721
 2276.000000 1.237803
 2277.000000 1.242876
 2278.000000 1.248448
 2279.000000 1.254025
 2280.000000 1.259041
 2281.000000 1.262884
 2282.000000 1.265030
 2283.000000 1.265169
 2284.000000 1.263065
 2285.000000 1.258687
 2286.000000 1.252157
 2287.000000 1.243863
 2288.000000 1.234449
 2289.000000 1.224795
 2290.000000 1.215671
 2291.000000 1.208199
 2292.000000 1.203368
 2293.000000 1.201895
 2294.000000 1.204170
 2295.000000 1.210065
 2296.000000 1.218943
 2297.000000 1.230022
 2298.000000 1.242215
 2299.000000 1.254159
 2300.000000 1.264767
 2301.000000 1.273139
 2302.000000 1.278767
 2303.000000 1.281129
 2304.000000 1.279968
 2305.000000 1.275210
 2306.000000 1.266993
 2307.000000 1.255628
 2308.000000 1.242020
 2309.000000 1.227188
 2310.000000 1.212708
 2311.000000 1.200160
 2312.000000 1.191088
 2313.000000 1.186747
 2314.000000 1.187661
 2315.000000 1.193654
 2316.000000 1.203830
 2317.000000 1.216856
 2318.000000 1.230915
 2319.000000 1.244592
 2320.000000 1.256679
 2321.000000 1.266245
 2322.000000 1.272813
 2323.000000 1.276220
 2324.000000 1.276478
 2325.000000 1.273780
 2326.000000 1.268383
 2327.000000 1.260690
 2328.000000 1.251262
 2329.000000 1.240814
 2330.000000 1.230306
 2331.000000 1.220727
 2332.000000 1.213243
 2333.000000 1.208746
 2334.000000 1.207756
 2335.000000 1.210399
 2336.000000 1.216262
 2337.000000 1.224515
 2338.000000 1.233939
 2339.000000 1.243216
 2340.000000 1.251327
 2341.000000 1.257442
 2342.000000 1.261248
 2343.000000 1.262748
 2344.000000 1.262185
 2345.000000 1.259946
 2346.000000 1.256523
 2347.000000 1.252560
 2348.000000 1.248692
 2349.000000 1.245448
 2350.000000 1.243157
 2351.000000 1.241901
 2352.000000 1.241511
 2353.000000 1.241592
 2354.000000 1.241603
 2355.000000 1.240972
 2356.000000 1.239228
 2357.000000 1.236159
 2358.000000 1.231810
 2359.000000 1.226549
 2360.000000 1.221042
 2361.000000 1.216125
 2362.000000 1.212680
 2363.000000 1.211427
 2364.000000 1.212818
 2365.000000 1.216950
 2366.000000 1.223535
 2367.000000 1.231998
 2368.000000 1.241363
 2369.000000 1.250376
 2370.000000 1.257752
 2371.000000 1.262485
 2372.000000 1.263939
 2373.000000 1.261943
 2374.000000 1.256774
 2375.000000 1.249076
 2376.000000 1.239754
 2377.000000 1.229972
 2378.000000 1.221046
 2379.000000 1.214204
 2380.000000 1.210369
 2381.000000 1.210071
 2382.000000 1.213439
 2383.000000 1.220038
 2384.000000 1.229105
 2385.000000 1.239530
 2386.000000 1.250213
 2387.000000 1.259824
 2388.000000 1.267329
 2389.000000 1.271885
 2390.000000 1.272823
 2391.000000 1.269921
 2392.000000 1.263438
 2393.000000 1.253859
 2394.000000 1.242174
 2395.000000 1.229652
 2396.000000 1.217635
 2397.000000 1.207559
 2398.000000 1.200480
 2399.000000 1.197302
 2400.000000 1.198432
 2401.000000 1.203642
 2402.000000 1.212159
 2403.000000 1.222869
 2404.000000 1.234419
 2405.000000 1.245456
 2406.000000 1.254601
 2407.000000 1.261123
 2408.000000 1.264724
 2409.000000 1.265424
 2410.000000 1.263465
 2411.000000 1.259238
 2412.000000 1.253272
 2413.000000 1.246115
 2414.000000 1.238446
 2415.000000 1.230919
 2416.000000 1.224308
 2417.000000 1.219213
 2418.000000 1.216091
 2419.000000 1.215048
 2420.000000 1.215842
 2421.000000 1.217966
 2422.000000 1.220787
 2423.000000 1.223696
 2424.000000 1.226302
 2425.000000 1.228470
 2426.000000 1.230297
 2427.000000 1.232078
 2428.000000 1.234122
 2429.000000 1.236632
 2430.000000 1.239725
 2431.000000 1.243341
 2432.000000 1.247416
 2433.000000 1.251743
 2434.000000 1.256135
 2435.000000 1.260294
 2436.000000 1.263895
 2437.000000 1.266627
 2438.000000 1.268105
 2439.000000 1.267901
 2440.000000 1.265660
 2441.000000 1.261176
 2442.000000 1.254463
 2443.000000 1.245749
 2444.000000 1.235636
 2445.000000 1.225055
 2446.000000 1.215057
 2447.000000 1.206893
 2448.000000 1.201595
 2449.000000 1.199906
 2450.000000 1.202231
 2451.000000 1.208576
 2452.000000 1.218393
 2453.000000 1.230785
 2454.000000 1.244376
 2455.000000 1.257777
 2456.000000 1.269697
 2457.000000 1.278893
 2458.000000 1.284450
 2459.000000 1.285946
 2460.000000 1.283465
 2461.000000 1.277473
 2462.000000 1.268829
 2463.000000 1.258608
 2464.000000 1.247952
 2465.000000 1.238196
 2466.000000 1.230590
 2467.000000 1.226129
 2468.000000 1.225403
 2469.000000 1.228650
 2470.000000 1.235555
 2471.000000 1.245185
 2472.000000 1.256204
 2473.000000 1.267018
 2474.000000 1.275925
 2475.000000 1.281690
 2476.000000 1.283480
 2477.000000 1.281013
 2478.000000 1.274500
 2479.000000 1.264678
 2480.000000 1.252618
 2481.000000 1.239297
 2482.000000 1.226039
 2483.000000 1.214176
 2484.000000 1.204874
 2485.000000 1.199348
 2486.000000 1.198462
 2487.000000 1.202376
 2488.000000 1.210519
 2489.000000 1.221620
 2490.000000 1.233900
 2491.000000 1.245568
 2492.000000 1.254793
 2493.000000 1.260338
 2494.000000 1.261621
 2495.000000 1.259100
 2496.000000 1.254033
 2497.000000 1.247994
 2498.000000 1.242691
 2499.000000 1.239564
 2500.000000 1.239425
 2501.000000 1.242363
 2502.000000 1.247715
 2503.000000 1.254364
 2504.000000 1.261098
 2505.000000 1.266774
 2506.000000 1.270361
 2507.000000 1.271382
 2508.000000 1.269504
 2509.000000 1.264481
 2510.000000 1.256295
 2511.000000 1.245368
 2512.000000 1.232492
 2513.000000 1.218996
 2514.000000 1.206673
 2515.000000 1.197171
 2516.000000 1.191827
 2517.000000 1.191424
 2518.000000 1.196138
 2519.000000 1.205462
 2520.000000 1.218327
 2521.000000 1.233474
 2522.000000 1.249447
 2523.000000 1.264764
 2524.000000 1.278134
 2525.000000 1.288245
 2526.000000 1.293992
 2527.000000 1.294603
 2528.000000 1.289855
 2529.000000 1.280015
 2530.000000 1.265901
 2531.000000 1.248967
 2532.000000 1.230726
 2533.000000 1.213052
 2534.000000 1.198098
 2535.000000 1.187489
 2536.000000 1.182491
 2537.000000 1.183607
 2538.000000 1.190531
 2539.000000 1.202142
 2540.000000 1.216731
 2541.000000 1.232332
 2542.000000 1.247266
 2543.000000 1.259758
 2544.000000 1.268906
 2545.000000 1.274154
 2546.000000 1.275349
 2547.000000 1.272704
 2548.000000 1.266676
 2549.000000 1.257782
 2550.000000 1.246772
 2551.000000 1.234896
 2552.000000 1.223293
 2553.000000 1.213242
 2554.000000 1.205825
 2555.000000 1.201912
 2556.000000 1.201920
 2557.000000 1.205663
 2558.000000 1.212342
 2559.000000 1.220550
 2560.000000 1.228767
 2561.000000 1.235782
 2562.000000 1.240900
 2563.000000 1.244027
 2564.000000 1.245405
 2565.000000 1.245648
 2566.000000 1.245430
 2567.000000 1.245291
 2568.000000 1.245533
 2569.000000 1.246240
 2570.000000 1.247335
 2571.000000 1.248687
 2572.000000 1.250156
 2573.000000 1.251593
 2574.000000 1.252785
 2575.000000 1.253389
 2576.000000 1.252959
 2577.000000 1.251005
 2578.000000 1.247168
 2579.000000 1.241397
 2580.000000 1.234062
 2581.000000 1.226004
 2582.000000 1.218442
 2583.000000 1.212631
 2584.000000 1.209538
 2585.000000 1.209857
 2586.000000 1.213812
 2587.000000 1.221087
 2588.000000 1.230986
 2589.000000 1.242566
 2590.000000 1.254479
 2591.000000 1.265392
 2592.000000 1.274022
 2593.000000 1.279318
 2594.000000 1.280409
 2595.000000 1.276868
 2596.000000 1.268884
 2597.000000 1.257124
 2598.000000 1.242784
 2599.000000 1.227614
 2600.000000 1.213574
 2601.000000 1.202540
 2602.000000 1.195989
 2603.000000 1.194777
 2604.000000 1.199154
 2605.000000 1.208667
 2606.000000 1.222311
 2607.000000 1.238409
 2608.000000 1.255326
 2609.000000 1.270993
 2610.000000 1.283895
 2611.000000 1.292557
 2612.000000 1.295924
 2613.000000 1.293235
 2614.000000 1.284362
 2615.000000 1.270039
 2616.000000 1.251731
 2617.000000 1.231435
 2618.000000 1.211202
 2619.000000 1.193642
 2620.000000 1.181108
 2621.000000 1.175304
 2622.000000 1.177046
 2623.000000 1.186096
 2624.000000 1.201158
 2625.000000 1.220392
 2626.000000 1.241391
 2627.000000 1.261791
 2628.000000 1.279560
 2629.000000 1.292862
 2630.000000 1.300628
 2631.000000 1.302510
 2632.000000 1.298704
 2633.000000 1.289942
 2634.000000 1.277249
 2635.000000 1.261761
 2636.000000 1.244990
 2637.000000 1.228702
 2638.000000 1.214462
 2639.000000 1.203517
 2640.000000 1.197024
 2641.000000 1.195729
 2642.000000 1.199551
 2643.000000 1.207677
 2644.000000 1.218663
 2645.000000 1.230782
 2646.000000 1.242428
 2647.000000 1.252386
 2648.000000 1.259718
 2649.000000 1.263934
 2650.000000 1.265052
 2651.000000 1.263386
 2652.000000 1.259454
 2653.000000 1.253985
 2654.000000 1.247814
 2655.000000 1.241769
 2656.000000 1.236660
 2657.000000 1.233100
 2658.000000 1.231488
 2659.000000 1.231877
 2660.000000 1.233958
 2661.000000 1.237066
 2662.000000 1.240327
 2663.000000 1.242939
 2664.000000 1.244312
 2665.000000 1.244367
 2666.000000 1.243483
 2667.000000 1.242359
 2668.000000 1.241766
 2669.000000 1.242302
 2670.000000 1.244236
 2671.000000 1.247511
 2672.000000 1.251853
 2673.000000 1.256848
 2674.000000 1.262106
 2675.000000 1.267219
 2676.000000 1.271725
 2677.000000 1.275140
 2678.000000 1.276992
 2679.000000 1.276695
 2680.000000 1.273760
 2681.000000 1.267930
 2682.000000 1.259455
 2683.000000 1.248978
 2684.000000 1.237556
 2685.000000 1.226614
 2686.000000 1.217954
 2687.000000 1.213094
 2688.000000 1.212872
 2689.000000 1.217359
 2690.000000 1.225936
 2691.000000 1.237397
 2692.000000 1.250397
 2693.000000 1.263730
 2694.000000 1.276334
 2695.000000 1.286987
 2696.000000 1.294724
 2697.000000 1.298697
 2698.000000 1.298211
 2699.000000 1.292970
 2700.000000 1.283273
 2701.000000 1.270029
 2702.000000 1.254741
 2703.000000 1.239201
 2704.000000 1.225400
 2705.000000 1.214867
 2706.000000 1.209089
 2707.000000 1.208877
 2708.000000 1.214212
 2709.000000 1.224320
 2710.000000 1.237924
 2711.000000 1.253449
 2712.000000 1.269359
 2713.000000 1.283777
 2714.000000 1.295294
 2715.000000 1.302528
 2716.000000 1.304471
 2717.000000 1.300488
 2718.000000 1.290484
 2719.000000 1.275034
 2720.000000 1.255490
 2721.000000 1.233654
 2722.000000 1.211395
 2723.000000 1.191757
 2724.000000 1.177398
 2725.000000 1.170313
 2726.000000 1.171677
 2727.000000 1.181218
 2728.000000 1.197199
 2729.000000 1.217473
 2730.000000 1.239345
 2731.000000 1.260390
 2732.000000 1.278522
 2733.000000 1.292015
 2734.000000 1.299970
 2735.000000 1.302075
 2736.000000 1.298570
 2737.000000 1.290151
 2738.000000 1.277890
 2739.000000 1.263188
 2740.000000 1.247377
 2741.000000 1.232226
 2742.000000 1.219358
 2743.000000 1.210013
 2744.000000 1.205292
 2745.000000 1.205582
 2746.000000 1.210541
 2747.000000 1.219143
 2748.000000 1.229846
 2749.000000 1.240834
 2750.000000 1.250472
 2751.000000 1.257567
 2752.000000 1.261526
 2753.000000 1.262113
 2754.000000 1.259543
 2755.000000 1.254400
 2756.000000 1.247337
 2757.000000 1.239193
 2758.000000 1.230846
 2759.000000 1.223209
 2760.000000 1.217141
 2761.000000 1.213481
 2762.000000 1.212851
 2763.000000 1.215418
 2764.000000 1.220853
 2765.000000 1.228421
 2766.000000 1.236944
 2767.000000 1.245393
 2768.000000 1.252844
 2769.000000 1.258819
 2770.000000 1.263222
 2771.000000 1.266245
 2772.000000 1.268256
 2773.000000 1.269491
 2774.000000 1.270093
 2775.000000 1.270028
 2776.000000 1.269149
 2777.000000 1.267314
 2778.000000 1.264472
 2779.000000 1.260622
 2780.000000 1.255959
 2781.000000 1.250701
 2782.000000 1.244905
 2783.000000 1.238458
 2784.000000 1.231151
 2785.000000 1.223090
 2786.000000 1.214787
 2787.000000 1.207283
 2788.000000 1.201793
 2789.000000 1.199499
 2790.000000 1.201231
 2791.000000 1.207215
 2792.000000 1.217044
 2793.000000 1.229944
 2794.000000 1.244793
 2795.000000 1.260128
 2796.000000 1.274811
 2797.000000 1.287819
 2798.000000 1.298233
 2799.000000 1.305074
 2800.000000 1.307655
 2801.000000 1.305440
 2802.000000 1.298248
 2803.000000 1.286307
 2804.000000 1.270229
 2805.000000 1.251569
 2806.000000 1.232281
 2807.000000 1.214529
 2808.000000 1.200598
 2809.000000 1.192209
 2810.000000 1.190612
 2811.000000 1.196224
 2812.000000 1.208503
 2813.000000 1.225752
 2814.000000 1.246135
 2815.000000 1.267494
 2816.000000 1.287416
 2817.000000 1.304119
 2818.000000 1.316091
 2819.000000 1.321985
 2820.000000 1.320973
 2821.000000 1.312817
 2822.000000 1.297882
 2823.000000 1.277253
 2824.000000 1.252510
 2825.000000 1.225655
 2826.000000 1.199250
 2827.000000 1.176706
 2828.000000 1.161160
 2829.000000 1.155564
 2830.000000 1.161021
 2831.000000 1.176687
 2832.000000 1.199897
 2833.000000 1.226902
 2834.000000 1.254201
 2835.000000 1.278475
 2836.000000 1.297427
 2837.000000 1.309846
 2838.000000 1.315442
 2839.000000 1.314502
 2840.000000 1.307489
 2841.000000 1.294951
 2842.000000 1.278014
 2843.000000 1.257506
 2844.000000 1.235036
 2845.000000 1.212824
 2846.000000 1.193401
 2847.000000 1.179548
 2848.000000 1.173375
 2849.000000 1.175822
 2850.000000 1.186107
 2851.000000 1.201914
 2852.000000 1.220257
 2853.000000 1.237913
 2854.000000 1.252498
 2855.000000 1.262508
 2856.000000 1.267460
 2857.000000 1.267661
 2858.000000 1.264026
 2859.000000 1.257693
 2860.000000 1.249908
 2861.000000 1.241879
 2862.000000 1.234731
 2863.000000 1.229422
 2864.000000 1.226969
 2865.000000 1.227944
 2866.000000 1.232352
 2867.000000 1.239666
 2868.000000 1.248665
 2869.000000 1.257511
 2870.000000 1.264306
 2871.000000 1.267208
 2872.000000 1.265208
 2873.000000 1.258184
 2874.000000 1.246966
 2875.000000 1.233294
 2876.000000 1.219138
 2877.000000 1.206545
 2878.000000 1.197108
 2879.000000 1.192074
 2880.000000 1.192185
 2881.000000 1.197518
 2882.000000 1.207382
 2883.000000 1.220640
 2884.000000 1.235732
 2885.000000 1.250848
 2886.000000 1.263887
 2887.000000 1.273085
 2888.000000 1.277024
 2889.000000 1.275123
 2890.000000 1.267657
 2891.000000 1.255819
 2892.000000 1.241636
 2893.000000 1.227125
 2894.000000 1.214566
 2895.000000 1.205792
 2896.000000 1.202040
 2897.000000 1.203778
 2898.000000 1.210662
 2899.000000 1.221722
 2900.000000 1.235432
 2901.000000 1.250098
 2902.000000 1.263867
 2903.000000 1.275217
 2904.000000 1.282696
 2905.000000 1.285242
 2906.000000 1.282469
 2907.000000 1.274677
 2908.000000 1.262781
 2909.000000 1.248273
 2910.000000 1.233005
 2911.000000 1.218739
 2912.000000 1.207025
 2913.000000 1.199157
 2914.000000 1.195780
 2915.000000 1.197221
 2916.000000 1.203350
 2917.000000 1.213591
 2918.000000 1.227208
 2919.000000 1.243263
 2920.000000 1.260371
 2921.000000 1.277108
 2922.000000 1.291790
 2923.000000 1.302508
 2924.000000 1.307864
 2925.000000 1.307168
 2926.000000 1.300449
 2927.000000 1.288100
 2928.000000 1.271378
 2929.000000 1.251777
 2930.000000 1.230719
 2931.000000 1.210538
 2932.000000 1.193542
 2933.000000 1.182101
 2934.000000 1.177886
 2935.000000 1.181400
 2936.000000 1.191739
 2937.000000 1.206741
 2938.000000 1.223561
 2939.000000 1.239414
 2940.000000 1.252050
 2941.000000 1.260317
 2942.000000 1.264037
 2943.000000 1.263918
 2944.000000 1.260952
 2945.000000 1.256237
 2946.000000 1.250615
 2947.000000 1.244690
 2948.000000 1.239023
 2949.000000 1.233993
 2950.000000 1.229940
 2951.000000 1.227259
 2952.000000 1.226102
 2953.000000 1.226385
 2954.000000 1.227658
 2955.000000 1.229084
 2956.000000 1.229664
 2957.000000 1.228483
 2958.000000 1.225036
 2959.000000 1.219515
 2960.000000 1.212762
 2961.000000 1.206084
 2962.000000 1.201053
 2963.000000 1.199035
 2964.000000 1.200821
 2965.000000 1.206559
 2966.000000 1.215943
 2967.000000 1.228232
 2968.000000 1.242264
 2969.000000 1.257118
 2970.000000 1.271592
 2971.000000 1.284563
 2972.000000 1.294989
 2973.000000 1.301752
 2974.000000 1.304087
 2975.000000 1.301520
 2976.000000 1.294090
 2977.000000 1.282468
 2978.000000 1.267796
 2979.000000 1.252040
 2980.000000 1.237056
 2981.000000 1.224621
 2982.000000 1.216166
 2983.000000 1.212641
 2984.000000 1.214316
 2985.000000 1.220813
 2986.000000 1.231086
 2987.000000 1.243462
 2988.000000 1.256001
 2989.000000 1.266746
 2990.000000 1.273690
 2991.000000 1.275439
 2992.000000 1.271333
 2993.000000 1.261580
 2994.000000 1.247158
 2995.000000 1.229854
 2996.000000 1.211989
 2997.000000 1.196030
 2998.000000 1.184319
 2999.000000 1.178612
 3000.000000 1.179754
 3001.000000 1.187559
 3002.000000 1.201003
 3003.000000 1.218672
 3004.000000 1.238425
 3005.000000 1.258485
 3006.000000 1.276822
 3007.000000 1.291950
 3008.000000 1.302341
 3009.000000 1.307031
 3010.000000 1.305837
 3011.000000 1.299214
 3012.000000 1.287970
