#! FIELDS time d
 0.000000 1.420140
 1.000000 1.420945
 2.000000 1.421042
 3.000000 1.420305
 4.000000 1.418573
 5.000000 1.415662
 6.000000 1.411466
 7.000000 1.405917
 8.000000 1.399126
 9.000000 1.391229
 10.000000 1.382610
 11.000000 1.373812
 12.000000 1.365270
 13.000000 1.357531
 14.000000 1.350987
 15.000000 1.345948
 16.000000 1.342577
 17.000000 1.340860
 18.000000 1.340676
 19.000000 1.341764
 20.000000 1.343754
 21.000000 1.346220
 22.000000 1.348777
 23.000000 1.351014
 24.000000 1.352619
 25.000000 1.353412
 26.000000 1.353351
 27.000000 1.352533
 28.000000 1.351181
 29.000000 1.349577
 30.000000 1.348042
 31.000000 1.346827
 32.000000 1.346159
 33.000000 1.346186
 34.000000 1.346976
 35.000000 1.348517
 36.000000 1.350742
 37.000000 1.353510
 38.000000 1.356704
 39.000000 1.360100
 40.000000 1.363445
 41.000000 1.366532
 42.000000 1.369073
 43.000000 1.370829
 44.000000 1.371602
 45.000000 1.371290
 46.000000 1.369882
 47.000000 1.367457
 48.000000 1.364183
 49.000000 1.360239
 50.000000 1.355832
 51.000000 1.351172
 52.000000 1.346518
 53.000000 1.342120
 54.000000 1.338188
 55.000000 1.334868
 56.000000 1.332363
 57.000000 1.330750
 58.000000 1.330074
 59.000000 1.330291
 60.000000 1.331264
 61.000000 1.332817
 62.000000 1.334718
 63.000000 1.336757
 64.000000 1.338781
 65.000000 1.340732
 66.000000 1.342595
 67.000000 1.344398
 68.000000 1.346203
 69.000000 1.348062
 70.000000 1.350015
 71.000000 1.352046
 72.000000 1.354063
 73.000000 1.355905
 74.000000 1.357379
 75.000000 1.358277
 76.000000 1.358415
 77.000000 1.357646
 78.000000 1.355914
 79.000000 1.353235
 80.000000 1.349657
 81.000000 1.345350
 82.000000 1.340443
 83.000000 1.335125
 84.000000 1.329608
 85.000000 1.324061
 86.000000 1.318756
 87.000000 1.313841
 88.000000 1.309423
 89.000000 1.305608
 90.000000 1.302485
 91.000000 1.300063
 92.000000 1.298275
 93.000000 1.297062
 94.000000 1.296285
 95.000000 1.295771
 96.000000 1.295336
 97.000000 1.294826
 98.000000 1.294136
 99.000000 1.293245
 100.000000 1.292209
 101.000000 1.291172
 102.000000 1.290332
 103.000000 1.289874
 104.000000 1.289958
 105.000000 1.290657
 106.000000 1.291946
 107.000000 1.293693
 108.000000 1.295665
 109.000000 1.297505
 110.000000 1.298816
 111.000000 1.299223
 112.000000 1.298398
 113.000000 1.296116
 114.000000 1.292343
 115.000000 1.287275
 116.000000 1.281312
 117.000000 1.274961
 118.000000 1.268811
 119.000000 1.263452
 120.000000 1.259391
 121.000000 1.256970
 122.000000 1.256294
 123.000000 1.257166
 124.000000 1.259184
 125.000000 1.261823
 126.000000 1.264470
 127.000000 1.266573
 128.000000 1.267733
 129.000000 1.267700
 130.000000 1.266434
 131.000000 1.264102
 132.000000 1.261083
 133.000000 1.257779
 134.000000 1.254685
 135.000000 1.252229
 136.000000 1.250714
 137.000000 1.250299
 138.000000 1.250995
 139.000000 1.252694
 140.000000 1.255222
 141.000000 1.258282
 142.000000 1.261608
 143.000000 1.264883
 144.000000 1.267833
 145.000000 1.270182
 146.000000 1.271636
 147.000000 1.271976
 148.000000 1.271014
 149.000000 1.268663
 150.000000 1.264906
 151.000000 1.259830
 152.000000 1.253699
 153.000000 1.246894
 154.000000 1.239995
 155.000000 1.233553
 156.000000 1.228111
 157.000000 1.224186
 158.000000 1.222202
 159.000000 1.222481
 160.000000 1.225062
 161.000000 1.229731
 162.000000 1.235992
 163.000000 1.243365
 164.000000 1.251169
 165.000000 1.258736
 166.000000 1.265411
 167.000000 1.270666
 168.000000 1.274183
 169.000000 1.275835
 170.000000 1.275615
 171.000000 1.273660
 172.000000 1.270169
 173.000000 1.265412
 174.000000 1.259694
 175.000000 1.253409
 176.000000 1.246950
 177.000000 1.240687
 178.000000 1.234903
 179.000000 1.229794
 180.000000 1.225605
 181.000000 1.222426
 182.000000 1.220395
 183.000000 1.219602
 184.000000 1.220064
 185.000000 1.221764
 186.000000 1.224646
 187.000000 1.228503
 188.000000 1.233159
 189.000000 1.238338
 190.000000 1.243700
 191.000000 1.249058
 192.000000 1.254143
 193.000000 1.258627
 194.000000 1.262243
 195.000000 1.264769
 196.000000 1.266072
 197.000000 1.266064
 198.000000 1.264694
 199.000000 1.262068
 200.000000 1.258467
 201.000000 1.254298
 202.000000 1.250049
 203.000000 1.246131
 204.000000 1.242990
 205.000000 1.240833
 206.000000 1.239835
 207.000000 1.240023
 208.000000 1.241304
 209.000000 1.243479
 210.000000 1.246320
 211.000000 1.249531
 212.000000 1.252841
 213.000000 1.255944
 214.000000 1.258471
 215.000000 1.260183
 216.000000 1.260883
 217.000000 1.260429
 218.000000 1.258780
 219.000000 1.256004
 220.000000 1.252362
 221.000000 1.248173
 222.000000 1.243903
 223.000000 1.240004
 224.000000 1.237044
 225.000000 1.235539
 226.000000 1.235819
 227.000000 1.238016
 228.000000 1.242046
 229.000000 1.247531
 230.000000 1.254059
 231.000000 1.261004
 232.000000 1.267693
 233.000000 1.273499
 234.000000 1.277913
 235.000000 1.280594
 236.000000 1.281325
 237.000000 1.280143
 238.000000 1.277236
 239.000000 1.272984
 240.000000 1.267847
 241.000000 1.262344
 242.000000 1.256948
 243.000000 1.251985
 244.000000 1.247762
 245.000000 1.244459
 246.000000 1.242160
 247.000000 1.240894
 248.000000 1.240641
 249.000000 1.241337
 250.000000 1.242867
 251.000000 1.245087
 252.000000 1.247820
 253.000000 1.250863
 254.000000 1.253965
 255.000000 1.256827
 256.000000 1.259135
 257.000000 1.260648
 258.000000 1.261196
 259.000000 1.260651
 260.000000 1.258983
 261.000000 1.256305
 262.000000 1.252851
 263.000000 1.248947
 264.000000 1.245025
 265.000000 1.241560
 266.000000 1.239026
 267.000000 1.237794
 268.000000 1.238107
 269.000000 1.240013
 270.000000 1.243357
 271.000000 1.247819
 272.000000 1.252962
 273.000000 1.258335
 274.000000 1.263443
 275.000000 1.267964
 276.000000 1.271732
 277.000000 1.274614
 278.000000 1.276550
 279.000000 1.277526
 280.000000 1.277536
 281.000000 1.276534
 282.000000 1.274426
 283.000000 1.271117
 284.000000 1.266546
 285.000000 1.260789
 286.000000 1.254015
 287.000000 1.246592
 288.000000 1.239175
 289.000000 1.232494
 290.000000 1.227361
 291.000000 1.224419
 292.000000 1.224097
 293.000000 1.226495
 294.000000 1.231340
 295.000000 1.238072
 296.000000 1.245915
 297.000000 1.254017
 298.000000 1.261662
 299.000000 1.268057
 300.000000 1.272769
 301.000000 1.275461
 302.000000 1.276034
 303.000000 1.274600
 304.000000 1.271424
 305.000000 1.266892
 306.000000 1.261464
 307.000000 1.255606
 308.000000 1.249793
 309.000000 1.244463
 310.000000 1.239885
 311.000000 1.236245
 312.000000 1.233785
 313.000000 1.232609
 314.000000 1.232714
 315.000000 1.234015
 316.000000 1.236306
 317.000000 1.239331
 318.000000 1.242704
 319.000000 1.245941
 320.000000 1.248590
 321.000000 1.250181
 322.000000 1.250352
 323.000000 1.248904
 324.000000 1.245827
 325.000000 1.241358
 326.000000 1.236019
 327.000000 1.230467
 328.000000 1.225486
 329.000000 1.221855
 330.000000 1.220227
 331.000000 1.221020
 332.000000 1.224344
 333.000000 1.229996
 334.000000 1.237454
 335.000000 1.246085
 336.000000 1.255028
 337.000000 1.263471
 338.000000 1.270689
 339.000000 1.276102
 340.000000 1.279336
 341.000000 1.280173
 342.000000 1.278554
 343.000000 1.274588
 344.000000 1.268535
 345.000000 1.260783
 346.000000 1.251849
 347.000000 1.242482
 348.000000 1.233370
 349.000000 1.225315
 350.000000 1.219211
 351.000000 1.215667
 352.000000 1.215018
 353.000000 1.217330
 354.000000 1.222300
 355.000000 1.229297
 356.000000 1.237571
 357.000000 1.246254
 358.000000 1.254458
 359.000000 1.261478
 360.000000 1.266787
 361.000000 1.269931
 362.000000 1.270709
 363.000000 1.269116
 364.000000 1.265283
 365.000000 1.259511
 366.000000 1.252343
 367.000000 1.244349
 368.000000 1.236297
 369.000000 1.229011
 370.000000 1.223274
 371.000000 1.219848
 372.000000 1.219165
 373.000000 1.221353
 374.000000 1.226235
 375.000000 1.233275
 376.000000 1.241545
 377.000000 1.250254
 378.000000 1.258666
 379.000000 1.266071
 380.000000 1.271811
 381.000000 1.275443
 382.000000 1.276818
 383.000000 1.275950
 384.000000 1.272996
 385.000000 1.268213
 386.000000 1.262011
 387.000000 1.254854
 388.000000 1.247335
 389.000000 1.239954
 390.000000 1.233337
 391.000000 1.228021
 392.000000 1.224514
 393.000000 1.223212
 394.000000 1.224361
 395.000000 1.227996
 396.000000 1.233922
 397.000000 1.241606
 398.000000 1.250446
 399.000000 1.259706
 400.000000 1.268775
 401.000000 1.276939
 402.000000 1.283645
 403.000000 1.288296
 404.000000 1.290587
 405.000000 1.290371
 406.000000 1.287637
 407.000000 1.282564
 408.000000 1.275466
 409.000000 1.266866
 410.000000 1.257336
 411.000000 1.247663
 412.000000 1.238631
 413.000000 1.230864
 414.000000 1.225002
 415.000000 1.221469
 416.000000 1.220403
 417.000000 1.221784
 418.000000 1.225440
 419.000000 1.231107
 420.000000 1.238545
 421.000000 1.247391
 422.000000 1.256890
 423.000000 1.266490
 424.000000 1.275457
 425.000000 1.283098
 426.000000 1.288555
 427.000000 1.291349
 428.000000 1.291013
 429.000000 1.287284
 430.000000 1.280211
 431.000000 1.270240
 432.000000 1.257905
 433.000000 1.244159
 434.000000 1.230221
 435.000000 1.217618
 436.000000 1.207615
 437.000000 1.201483
 438.000000 1.199966
 439.000000 1.203245
 440.000000 1.210843
 441.000000 1.221793
 442.000000 1.234715
 443.000000 1.248350
 444.000000 1.261470
 445.000000 1.272941
 446.000000 1.281954
 447.000000 1.287881
 448.000000 1.290309
 449.000000 1.289133
 450.000000 1.284479
 451.000000 1.276695
 452.000000 1.266315
 453.000000 1.254116
 454.000000 1.241127
 455.000000 1.228593
 456.000000 1.217673
 457.000000 1.209522
 458.000000 1.205034
 459.000000 1.204545
 460.000000 1.207954
 461.000000 1.214568
 462.000000 1.223344
 463.000000 1.233030
 464.000000 1.242474
 465.000000 1.250803
 466.000000 1.257293
 467.000000 1.261517
 468.000000 1.263311
 469.000000 1.262780
 470.000000 1.260148
 471.000000 1.255712
 472.000000 1.249917
 473.000000 1.243330
 474.000000 1.236705
 475.000000 1.230858
 476.000000 1.226572
 477.000000 1.224545
 478.000000 1.225193
 479.000000 1.228594
 480.000000 1.234453
 481.000000 1.242156
 482.000000 1.250932
 483.000000 1.259832
 484.000000 1.267854
 485.000000 1.274181
 486.000000 1.278286
 487.000000 1.279949
 488.000000 1.279171
 489.000000 1.276183
 490.000000 1.271357
 491.000000 1.265174
 492.000000 1.258157
 493.000000 1.250862
 494.000000 1.243962
 495.000000 1.237932
 496.000000 1.233214
 497.000000 1.230149
 498.000000 1.228996
 499.000000 1.229911
 500.000000 1.232911
 501.000000 1.237869
 502.000000 1.244385
 503.000000 1.252075
 504.000000 1.260335
 505.000000 1.268361
 506.000000 1.275443
 507.000000 1.280957
 508.000000 1.284472
 509.000000 1.285685
 510.000000 1.284488
 511.000000 1.280931
 512.000000 1.275262
 513.000000 1.267806
 514.000000 1.259009
 515.000000 1.249499
 516.000000 1.239875
 517.000000 1.230967
 518.000000 1.223721
 519.000000 1.218922
 520.000000 1.217108
 521.000000 1.218558
 522.000000 1.223279
 523.000000 1.230960
 524.000000 1.241138
 525.000000 1.252963
 526.000000 1.265382
 527.000000 1.277320
 528.000000 1.287700
 529.000000 1.295717
 530.000000 1.300862
 531.000000 1.302528
 532.000000 1.300418
 533.000000 1.294393
 534.000000 1.284698
 535.000000 1.271938
 536.000000 1.256876
 537.000000 1.240659
 538.000000 1.224745
 539.000000 1.210477
 540.000000 1.199344
 541.000000 1.192883
 542.000000 1.191961
 543.000000 1.196657
 544.000000 1.206298
 545.000000 1.219698
 546.000000 1.235188
 547.000000 1.251200
 548.000000 1.266321
 549.000000 1.279436
 550.000000 1.289709
 551.000000 1.296667
 552.000000 1.300276
 553.000000 1.300717
 554.000000 1.298369
 555.000000 1.293665
 556.000000 1.287159
 557.000000 1.279367
 558.000000 1.270779
 559.000000 1.261873
 560.000000 1.253146
 561.000000 1.245099
 562.000000 1.238206
 563.000000 1.232897
 564.000000 1.229665
 565.000000 1.228819
 566.000000 1.230407
 567.000000 1.234285
 568.000000 1.240116
 569.000000 1.247487
 570.000000 1.255746
 571.000000 1.264200
 572.000000 1.272193
 573.000000 1.279065
 574.000000 1.284449
 575.000000 1.288053
 576.000000 1.289806
 577.000000 1.289744
 578.000000 1.288051
 579.000000 1.284981
 580.000000 1.280913
 581.000000 1.276253
 582.000000 1.271435
 583.000000 1.266831
 584.000000 1.262768
 585.000000 1.259557
 586.000000 1.257469
 587.000000 1.256628
 588.000000 1.257128
 589.000000 1.258965
 590.000000 1.262065
 591.000000 1.266205
 592.000000 1.271114
 593.000000 1.276394
 594.000000 1.281642
 595.000000 1.286436
 596.000000 1.290354
 597.000000 1.292994
 598.000000 1.293998
 599.000000 1.293169
 600.000000 1.290441
 601.000000 1.285893
 602.000000 1.279846
 603.000000 1.272768
 604.000000 1.265355
 605.000000 1.258366
 606.000000 1.252457
 607.000000 1.248302
 608.000000 1.246399
 609.000000 1.246995
 610.000000 1.250093
 611.000000 1.255418
 612.000000 1.262516
 613.000000 1.270748
 614.000000 1.279392
 615.000000 1.287650
 616.000000 1.294931
 617.000000 1.300633
 618.000000 1.304362
 619.000000 1.305870
 620.000000 1.305112
 621.000000 1.302220
 622.000000 1.297492
 623.000000 1.291340
 624.000000 1.284186
 625.000000 1.276412
 626.000000 1.268576
 627.000000 1.261138
 628.000000 1.254405
 629.000000 1.248757
 630.000000 1.244347
 631.000000 1.241365
 632.000000 1.239806
 633.000000 1.239547
 634.000000 1.240312
 635.000000 1.241748
 636.000000 1.243444
 637.000000 1.244997
 638.000000 1.246142
 639.000000 1.246779
 640.000000 1.246994
 641.000000 1.247029
 642.000000 1.247210
 643.000000 1.247878
 644.000000 1.249306
 645.000000 1.251674
 646.000000 1.255001
 647.000000 1.259145
 648.000000 1.263829
 649.000000 1.268685
 650.000000 1.273283
 651.000000 1.277169
 652.000000 1.279869
 653.000000 1.280978
 654.000000 1.280200
 655.000000 1.277392
 656.000000 1.272623
 657.000000 1.266146
 658.000000 1.258389
 659.000000 1.250144
 660.000000 1.242217
 661.000000 1.235395
 662.000000 1.230502
 663.000000 1.228064
 664.000000 1.228451
 665.000000 1.231634
 666.000000 1.237243
 667.000000 1.244715
 668.000000 1.253129
 669.000000 1.261574
 670.000000 1.269282
 671.000000 1.275623
 672.000000 1.280145
 673.000000 1.282436
 674.000000 1.282344
 675.000000 1.279958
 676.000000 1.275574
 677.000000 1.269678
 678.000000 1.262857
 679.000000 1.255781
 680.000000 1.249157
 681.000000 1.243649
 682.000000 1.239868
 683.000000 1.238202
 684.000000 1.238885
 685.000000 1.241883
 686.000000 1.246901
 687.000000 1.253521
 688.000000 1.261081
 689.000000 1.268874
 690.000000 1.276097
 691.000000 1.282131
 692.000000 1.286463
 693.000000 1.288720
 694.000000 1.288755
 695.000000 1.286603
 696.000000 1.282484
 697.000000 1.276736
 698.000000 1.269804
 699.000000 1.262255
 700.000000 1.254663
 701.000000 1.247541
 702.000000 1.241433
 703.000000 1.236760
 704.000000 1.233795
 705.000000 1.232566
 706.000000 1.232909
 707.000000 1.234478
 708.000000 1.236796
 709.000000 1.239409
 710.000000 1.241935
 711.000000 1.244101
 712.000000 1.245750
 713.000000 1.246883
 714.000000 1.247596
 715.000000 1.248005
 716.000000 1.248231
 717.000000 1.248403
 718.000000 1.248668
 719.000000 1.249201
 720.000000 1.250181
 721.000000 1.251769
 722.000000 1.254050
 723.000000 1.257029
 724.000000 1.260607
 725.000000 1.264639
 726.000000 1.268892
 727.000000 1.273062
 728.000000 1.276911
 729.000000 1.280217
 730.000000 1.282778
 731.000000 1.284437
 732.000000 1.285067
 733.000000 1.284575
 734.000000 1.282878
 735.000000 1.279928
 736.000000 1.275699
 737.000000 1.270215
 738.000000 1.263594
 739.000000 1.255983
 740.000000 1.247677
 741.000000 1.239038
 742.000000 1.230627
 743.000000 1.223074
 744.000000 1.216960
 745.000000 1.212950
 746.000000 1.211640
 747.000000 1.213550
 748.000000 1.218895
 749.000000 1.227443
 750.000000 1.238729
 751.000000 1.251750
 752.000000 1.265419
 753.000000 1.278645
 754.000000 1.290385
 755.000000 1.299985
 756.000000 1.306835
 757.000000 1.310486
 758.000000 1.310672
 759.000000 1.307184
 760.000000 1.299945
 761.000000 1.289132
 762.000000 1.275206
 763.000000 1.258990
 764.000000 1.241493
 765.000000 1.224046
 766.000000 1.208387
 767.000000 1.196319
 768.000000 1.189288
 769.000000 1.188348
 770.000000 1.193746
 771.000000 1.204951
 772.000000 1.220550
 773.000000 1.238896
 774.000000 1.258337
 775.000000 1.277211
 776.000000 1.293856
 777.000000 1.307280
 778.000000 1.316699
 779.000000 1.321730
 780.000000 1.322107
 781.000000 1.317844
 782.000000 1.309280
 783.000000 1.297076
 784.000000 1.282143
 785.000000 1.265388
 786.000000 1.248103
 787.000000 1.231942
 788.000000 1.218236
 789.000000 1.208347
 790.000000 1.203242
 791.000000 1.203442
 792.000000 1.208783
 793.000000 1.218496
 794.000000 1.231324
 795.000000 1.245705
 796.000000 1.260035
 797.000000 1.273417
 798.000000 1.284764
 799.000000 1.293317
 800.000000 1.298494
 801.000000 1.300182
 802.000000 1.298367
 803.000000 1.293279
 804.000000 1.285426
 805.000000 1.275527
 806.000000 1.264333
 807.000000 1.252733
 808.000000 1.241708
 809.000000 1.232184
 810.000000 1.224779
 811.000000 1.220023
 812.000000 1.218129
 813.000000 1.219142
 814.000000 1.222880
 815.000000 1.229031
 816.000000 1.237103
 817.000000 1.246539
 818.000000 1.256751
 819.000000 1.267025
 820.000000 1.276895
 821.000000 1.285635
 822.000000 1.292806
 823.000000 1.298103
 824.000000 1.301276
 825.000000 1.302186
 826.000000 1.300818
 827.000000 1.297239
 828.000000 1.291538
 829.000000 1.283923
 830.000000 1.274644
 831.000000 1.264196
 832.000000 1.253356
 833.000000 1.242893
 834.000000 1.233944
 835.000000 1.227458
 836.000000 1.224197
 837.000000 1.224664
 838.000000 1.228878
 839.000000 1.236466
 840.000000 1.246713
 841.000000 1.258485
 842.000000 1.270439
 843.000000 1.281329
 844.000000 1.290053
 845.000000 1.295615
 846.000000 1.297207
 847.000000 1.294370
 848.000000 1.287042
 849.000000 1.275735
 850.000000 1.261150
 851.000000 1.244709
 852.000000 1.228072
 853.000000 1.213336
 854.000000 1.202491
 855.000000 1.197000
 856.000000 1.197574
 857.000000 1.204134
 858.000000 1.215715
 859.000000 1.230890
 860.000000 1.247770
 861.000000 1.264443
 862.000000 1.279558
 863.000000 1.291765
 864.000000 1.300175
 865.000000 1.304132
 866.000000 1.303251
 867.000000 1.297539
 868.000000 1.287369
 869.000000 1.273413
 870.000000 1.256691
 871.000000 1.238744
 872.000000 1.221198
 873.000000 1.205783
 874.000000 1.194533
 875.000000 1.188954
 876.000000 1.189886
 877.000000 1.197257
 878.000000 1.210065
 879.000000 1.226687
 880.000000 1.245132
 881.000000 1.263405
 882.000000 1.279900
 883.000000 1.293333
 884.000000 1.302692
 885.000000 1.307697
 886.000000 1.308259
 887.000000 1.304603
 888.000000 1.297201
 889.000000 1.286640
 890.000000 1.273811
 891.000000 1.259656
 892.000000 1.245025
 893.000000 1.231136
 894.000000 1.219170
 895.000000 1.210182
 896.000000 1.204916
 897.000000 1.203690
 898.000000 1.206361
 899.000000 1.212399
 900.000000 1.220963
 901.000000 1.231197
 902.000000 1.242174
 903.000000 1.253120
 904.000000 1.263400
 905.000000 1.272541
 906.000000 1.279923
 907.000000 1.285305
 908.000000 1.288442
 909.000000 1.289210
 910.000000 1.287629
 911.000000 1.283818
 912.000000 1.277940
 913.000000 1.270263
 914.000000 1.261067
 915.000000 1.250711
 916.000000 1.239747
 917.000000 1.228680
 918.000000 1.218286
 919.000000 1.209470
 920.000000 1.203214
 921.000000 1.200485
 922.000000 1.201974
 923.000000 1.207897
 924.000000 1.217876
 925.000000 1.231056
 926.000000 1.246334
 927.000000 1.262433
 928.000000 1.278376
 929.000000 1.293024
 930.000000 1.305354
 931.000000 1.314684
 932.000000 1.320314
 933.000000 1.321835
 934.000000 1.319020
 935.000000 1.311804
 936.000000 1.300512
 937.000000 1.285585
 938.000000 1.267823
 939.000000 1.248332
 940.000000 1.228850
 941.000000 1.211302
 942.000000 1.197517
 943.000000 1.189091
 944.000000 1.186983
 945.000000 1.191243
 946.000000 1.201072
 947.000000 1.214968
 948.000000 1.230989
 949.000000 1.247086
 950.000000 1.261836
 951.000000 1.273747
 952.000000 1.281897
 953.000000 1.285674
 954.000000 1.285063
 955.000000 1.280356
 956.000000 1.272233
 957.000000 1.261666
 958.000000 1.249864
 959.000000 1.238089
 960.000000 1.227690
 961.000000 1.219688
 962.000000 1.214954
 963.000000 1.213851
 964.000000 1.216302
 965.000000 1.221707
 966.000000 1.229158
 967.000000 1.237434
 968.000000 1.245426
 969.000000 1.252191
 970.000000 1.257145
 971.000000 1.260058
 972.000000 1.260974
 973.000000 1.260158
 974.000000 1.258019
 975.000000 1.255031
 976.000000 1.251663
 977.000000 1.248412
 978.000000 1.245661
 979.000000 1.243717
 980.000000 1.242760
 981.000000 1.242808
 982.000000 1.243687
 983.000000 1.245051
 984.000000 1.246477
 985.000000 1.247489
 986.000000 1.247692
 987.000000 1.246851
 988.000000 1.244992
 989.000000 1.242371
 990.000000 1.239429
 991.000000 1.236714
 992.000000 1.234819
 993.000000 1.234334
 994.000000 1.235627
 995.000000 1.238823
 996.000000 1.243785
 997.000000 1.250186
 998.000000 1.257419
 999.000000 1.264852
 1000.000000 1.271925
 1001.000000 1.277826
 1002.000000 1.281978
 1003.000000 1.284113
 1004.000000 1.284012
 1005.000000 1.281668
 1006.000000 1.277289
 1007.000000 1.271276
 1008.000000 1.264165
 1009.000000 1.256578
 1010.000000 1.249252
 1011.000000 1.242845
 1012.000000 1.237969
 1013.000000 1.234988
 1014.000000 1.234138
 1015.000000 1.235376
 1016.000000 1.238424
 1017.000000 1.242861
 1018.000000 1.248145
 1019.000000 1.253619
 1020.000000 1.258666
 1021.000000 1.262885
 1022.000000 1.266041
 1023.000000 1.268036
 1024.000000 1.268921
 1025.000000 1.268831
 1026.000000 1.267952
 1027.000000 1.266486
 1028.000000 1.264636
 1029.000000 1.262568
 1030.000000 1.260436
 1031.000000 1.258326
 1032.000000 1.256304
 1033.000000 1.254346
 1034.000000 1.252397
 1035.000000 1.250334
 1036.000000 1.247968
 1037.000000 1.245167
 1038.000000 1.241843
 1039.000000 1.238057
 1040.000000 1.234053
 1041.000000 1.230324
 1042.000000 1.227416
 1043.000000 1.225892
 1044.000000 1.226141
 1045.000000 1.228319
 1046.000000 1.232338
 1047.000000 1.237849
 1048.000000 1.244343
 1049.000000 1.251231
 1050.000000 1.257890
 1051.000000 1.263794
 1052.000000 1.268269
 1053.000000 1.270761
 1054.000000 1.270766
 1055.000000 1.268040
 1056.000000 1.262689
 1057.000000 1.255221
 1058.000000 1.246227
 1059.000000 1.236774
 1060.000000 1.228032
 1061.000000 1.221183
 1062.000000 1.217229
 1063.000000 1.216765
 1064.000000 1.219916
 1065.000000 1.226302
 1066.000000 1.235265
 1067.000000 1.245889
 1068.000000 1.257002
 1069.000000 1.267483
 1070.000000 1.276316
 1071.000000 1.282715
 1072.000000 1.285992
 1073.000000 1.285769
 1074.000000 1.281967
 1075.000000 1.274826
 1076.000000 1.265049
 1077.000000 1.253688
 1078.000000 1.241916
 1079.000000 1.231163
 1080.000000 1.222623
 1081.000000 1.217531
 1082.000000 1.216499
 1083.000000 1.219726
 1084.000000 1.226880
 1085.000000 1.237203
 1086.000000 1.249634
 1087.000000 1.262848
 1088.000000 1.275452
 1089.000000 1.286294
 1090.000000 1.294288
 1091.000000 1.298569
 1092.000000 1.298639
 1093.000000 1.294305
 1094.000000 1.285742
 1095.000000 1.273415
 1096.000000 1.258468
 1097.000000 1.242052
 1098.000000 1.225545
 1099.000000 1.210477
 1100.000000 1.198626
 1101.000000 1.191478
 1102.000000 1.189942
 1103.000000 1.194212
 1104.000000 1.203757
 1105.000000 1.217253
 1106.000000 1.233017
 1107.000000 1.249326
 1108.000000 1.264591
 1109.000000 1.277497
 1110.000000 1.287176
 1111.000000 1.293070
 1112.000000 1.295124
 1113.000000 1.293518
 1114.000000 1.288672
 1115.000000 1.281168
 1116.000000 1.271675
 1117.000000 1.260949
 1118.000000 1.249886
 1119.000000 1.239509
 1120.000000 1.230717
 1121.000000 1.224262
 1122.000000 1.220544
 1123.000000 1.219490
 1124.000000 1.220755
 1125.000000 1.223897
 1126.000000 1.228588
 1127.000000 1.234565
 1128.000000 1.241621
 1129.000000 1.249497
 1130.000000 1.257939
 1131.000000 1.266727
 1132.000000 1.275517
 1133.000000 1.283887
 1134.000000 1.291507
 1135.000000 1.297945
 1136.000000 1.302903
 1137.000000 1.306289
 1138.000000 1.307880
 1139.000000 1.307443
 1140.000000 1.304767
 1141.000000 1.299667
 1142.000000 1.291962
 1143.000000 1.281742
 1144.000000 1.269291
 1145.000000 1.255328
 1146.000000 1.241163
 1147.000000 1.228252
 1148.000000 1.218037
 1149.000000 1.211848
 1150.000000 1.210656
 1151.000000 1.214764
 1152.000000 1.223849
 1153.000000 1.237037
 1154.000000 1.253135
 1155.000000 1.270741
 1156.000000 1.288474
 1157.000000 1.304848
 1158.000000 1.319123
 1159.000000 1.330402
 1160.000000 1.338115
 1161.000000 1.341908
 1162.000000 1.341860
 1163.000000 1.338261
 1164.000000 1.331630
 1165.000000 1.322635
 1166.000000 1.311983
 1167.000000 1.300427
 1168.000000 1.288694
 1169.000000 1.277594
 1170.000000 1.267635
 1171.000000 1.259412
 1172.000000 1.253232
 1173.000000 1.249280
 1174.000000 1.247543
 1175.000000 1.247727
 1176.000000 1.249376
 1177.000000 1.251881
 1178.000000 1.254648
 1179.000000 1.257185
 1180.000000 1.259263
 1181.000000 1.260862
 1182.000000 1.262157
 1183.000000 1.263441
 1184.000000 1.265027
 1185.000000 1.267146
 1186.000000 1.269917
 1187.000000 1.273346
 1188.000000 1.277315
 1189.000000 1.281700
 1190.000000 1.286317
 1191.000000 1.290923
 1192.000000 1.295268
 1193.000000 1.299002
 1194.000000 1.301727
 1195.000000 1.302968
 1196.000000 1.302168
 1197.000000 1.298874
 1198.000000 1.292844
 1199.000000 1.284208
 1200.000000 1.273351
 1201.000000 1.260960
 1202.000000 1.247968
 1203.000000 1.235672
 1204.000000 1.225168
 1205.000000 1.217456
 1206.000000 1.213263
 1207.000000 1.212893
 1208.000000 1.216267
 1209.000000 1.222926
 1210.000000 1.231999
 1211.000000 1.242438
 1212.000000 1.252838
 1213.000000 1.262024
 1214.000000 1.268957
 1215.000000 1.273012
 1216.000000 1.274018
 1217.000000 1.272168
 1218.000000 1.267902
 1219.000000 1.261835
 1220.000000 1.254770
 1221.000000 1.247464
 1222.000000 1.240595
 1223.000000 1.234960
 1224.000000 1.231073
 1225.000000 1.229354
 1226.000000 1.230003
 1227.000000 1.232920
 1228.000000 1.237709
 1229.000000 1.243723
 1230.000000 1.250057
 1231.000000 1.255781
 1232.000000 1.260089
 1233.000000 1.262318
 1234.000000 1.262093
 1235.000000 1.259445
 1236.000000 1.254758
 1237.000000 1.248804
 1238.000000 1.242459
 1239.000000 1.236615
 1240.000000 1.231988
 1241.000000 1.228978
 1242.000000 1.227666
 1243.000000 1.227923
 1244.000000 1.229452
 1245.000000 1.231824
 1246.000000 1.234512
 1247.000000 1.236930
 1248.000000 1.238568
 1249.000000 1.239098
 1250.000000 1.238438
 1251.000000 1.236793
 1252.000000 1.234632
 1253.000000 1.232576
 1254.000000 1.231213
 1255.000000 1.231019
 1256.000000 1.232239
 1257.000000 1.234857
 1258.000000 1.238620
 1259.000000 1.243173
 1260.000000 1.247919
 1261.000000 1.252248
 1262.000000 1.255610
 1263.000000 1.257464
 1264.000000 1.257455
 1265.000000 1.255434
 1266.000000 1.251500
 1267.000000 1.245943
 1268.000000 1.239324
 1269.000000 1.232354
 1270.000000 1.225747
 1271.000000 1.220213
 1272.000000 1.216381
 1273.000000 1.214673
 1274.000000 1.215283
 1275.000000 1.218202
 1276.000000 1.223123
 1277.000000 1.229532
 1278.000000 1.236775
 1279.000000 1.243947
 1280.000000 1.250275
 1281.000000 1.254966
 1282.000000 1.257506
 1283.000000 1.257747
 1284.000000 1.255942
 1285.000000 1.252691
 1286.000000 1.248717
 1287.000000 1.244667
 1288.000000 1.241016
 1289.000000 1.238595
 1290.000000 1.238352
 1291.000000 1.240911
 1292.000000 1.246387
 1293.000000 1.254309
 1294.000000 1.263750
 1295.000000 1.273421
 1296.000000 1.281757
 1297.000000 1.287473
 1298.000000 1.289619
 1299.000000 1.287579
 1300.000000 1.281332
 1301.000000 1.271409
 1302.000000 1.258570
 1303.000000 1.244031
 1304.000000 1.229292
 1305.000000 1.215982
 1306.000000 1.205752
 1307.000000 1.200033
 1308.000000 1.199523
 1309.000000 1.204433
 1310.000000 1.214233
 1311.000000 1.227732
 1312.000000 1.243541
 1313.000000 1.259875
 1314.000000 1.274775
 1315.000000 1.286766
 1316.000000 1.294968
 1317.000000 1.298764
 1318.000000 1.298055
 1319.000000 1.293042
 1320.000000 1.284368
 1321.000000 1.272847
 1322.000000 1.259329
 1323.000000 1.245053
 1324.000000 1.231422
 1325.000000 1.219860
 1326.000000 1.211262
 1327.000000 1.206252
 1328.000000 1.205093
 1329.000000 1.207673
 1330.000000 1.213571
 1331.000000 1.222038
 1332.000000 1.232090
 1333.000000 1.242464
 1334.000000 1.252139
 1335.000000 1.260329
 1336.000000 1.266439
 1337.000000 1.270142
 1338.000000 1.271384
 1339.000000 1.270280
 1340.000000 1.267116
 1341.000000 1.262298
 1342.000000 1.256404
 1343.000000 1.249989
 1344.000000 1.243686
 1345.000000 1.238058
 1346.000000 1.233558
 1347.000000 1.230460
 1348.000000 1.228762
 1349.000000 1.228300
 1350.000000 1.228795
 1351.000000 1.229934
 1352.000000 1.231477
 1353.000000 1.233294
 1354.000000 1.235372
 1355.000000 1.237890
 1356.000000 1.240964
 1357.000000 1.244654
 1358.000000 1.248884
 1359.000000 1.253408
 1360.000000 1.257901
 1361.000000 1.261930
 1362.000000 1.265122
 1363.000000 1.267062
 1364.000000 1.267393
 1365.000000 1.265792
 1366.000000 1.262252
 1367.000000 1.256987
 1368.000000 1.250595
 1369.000000 1.244003
 1370.000000 1.238492
 1371.000000 1.235250
 1372.000000 1.235070
 1373.000000 1.238115
 1374.000000 1.243840
 1375.000000 1.251138
 1376.000000 1.258753
 1377.000000 1.265611
 1378.000000 1.270871
 1379.000000 1.274404
 1380.000000 1.276302
 1381.000000 1.276591
 1382.000000 1.275147
 1383.000000 1.271756
 1384.000000 1.266348
 1385.000000 1.259092
 1386.000000 1.250379
 1387.000000 1.240932
 1388.000000 1.231685
 1389.000000 1.223602
 1390.000000 1.217470
 1391.000000 1.214155
 1392.000000 1.214117
 1393.000000 1.217564
 1394.000000 1.224288
 1395.000000 1.233758
 1396.000000 1.245147
 1397.000000 1.257282
 1398.000000 1.269023
 1399.000000 1.279172
 1400.000000 1.286742
 1401.000000 1.290917
 1402.000000 1.291332
 1403.000000 1.287967
 1404.000000 1.281032
 1405.000000 1.271047
 1406.000000 1.258646
 1407.000000 1.244922
 1408.000000 1.231099
 1409.000000 1.218656
 1410.000000 1.208851
 1411.000000 1.202720
 1412.000000 1.200969
 1413.000000 1.203710
 1414.000000 1.210535
 1415.000000 1.220574
 1416.000000 1.232737
 1417.000000 1.245899
 1418.000000 1.258748
 1419.000000 1.270133
 1420.000000 1.279153
 1421.000000 1.285347
 1422.000000 1.288434
 1423.000000 1.288342
 1424.000000 1.285231
 1425.000000 1.279494
 1426.000000 1.271633
 1427.000000 1.262288
 1428.000000 1.252239
 1429.000000 1.242147
 1430.000000 1.232795
 1431.000000 1.224933
 1432.000000 1.219153
 1433.000000 1.215891
 1434.000000 1.215363
 1435.000000 1.217483
 1436.000000 1.221918
 1437.000000 1.228160
 1438.000000 1.235552
 1439.000000 1.243348
 1440.000000 1.250958
 1441.000000 1.257923
 1442.000000 1.263732
 1443.000000 1.267926
 1444.000000 1.270227
 1445.000000 1.270404
 1446.000000 1.268342
 1447.000000 1.264100
 1448.000000 1.257842
 1449.000000 1.249810
 1450.000000 1.240401
 1451.000000 1.230749
 1452.000000 1.222382
 1453.000000 1.216664
 1454.000000 1.214666
 1455.000000 1.216878
 1456.000000 1.222970
 1457.000000 1.231838
 1458.000000 1.242035
 1459.000000 1.252071
 1460.000000 1.260516
 1461.000000 1.266670
 1462.000000 1.270325
 1463.000000 1.271345
 1464.000000 1.269643
 1465.000000 1.265305
 1466.000000 1.258574
 1467.000000 1.250021
 1468.000000 1.240257
 1469.000000 1.229996
 1470.000000 1.220072
 1471.000000 1.211354
 1472.000000 1.205117
 1473.000000 1.202493
 1474.000000 1.204152
 1475.000000 1.210186
 1476.000000 1.220043
 1477.000000 1.232483
 1478.000000 1.246204
 1479.000000 1.259792
 1480.000000 1.271861
 1481.000000 1.281743
 1482.000000 1.288775
 1483.000000 1.292741
 1484.000000 1.293529
 1485.000000 1.291260
 1486.000000 1.286237
 1487.000000 1.278971
 1488.000000 1.270097
 1489.000000 1.260527
 1490.000000 1.251191
 1491.000000 1.242997
 1492.000000 1.236629
 1493.000000 1.232448
 1494.000000 1.230448
 1495.000000 1.230329
 1496.000000 1.231532
 1497.000000 1.233418
 1498.000000 1.235427
 1499.000000 1.237120
 1500.000000 1.238219
 1501.000000 1.238574
 1502.000000 1.238227
 1503.000000 1.237510
 1504.000000 1.236765
 1505.000000 1.236288
 1506.000000 1.236276
 1507.000000 1.236777
 1508.000000 1.237670
 1509.000000 1.238688
 1510.000000 1.239469
 1511.000000 1.239689
 1512.000000 1.239174
 1513.000000 1.237974
 1514.000000 1.236382
 1515.000000 1.234898
 1516.000000 1.234163
 1517.000000 1.234736
 1518.000000 1.236992
 1519.000000 1.241107
 1520.000000 1.246951
 1521.000000 1.254109
 1522.000000 1.262026
 1523.000000 1.269990
 1524.000000 1.277334
 1525.000000 1.283279
 1526.000000 1.287113
 1527.000000 1.288218
 1528.000000 1.286086
 1529.000000 1.280305
 1530.000000 1.270896
 1531.000000 1.258125
 1532.000000 1.242771
 1533.000000 1.225956
 1534.000000 1.209606
 1535.000000 1.195696
 1536.000000 1.186001
 1537.000000 1.181805
 1538.000000 1.183735
 1539.000000 1.191535
 1540.000000 1.204135
 1541.000000 1.219853
 1542.000000 1.236834
 1543.000000 1.253420
 1544.000000 1.268010
 1545.000000 1.279204
 1546.000000 1.286183
 1547.000000 1.288413
 1548.000000 1.285794
 1549.000000 1.278688
 1550.000000 1.267962
 1551.000000 1.254626
 1552.000000 1.240139
 1553.000000 1.225998
 1554.000000 1.213937
 1555.000000 1.205307
 1556.000000 1.201177
 1557.000000 1.202096
 1558.000000 1.207858
 1559.000000 1.217608
 1560.000000 1.229981
 1561.000000 1.243309
 1562.000000 1.256166
 1563.000000 1.266983
 1564.000000 1.274734
 1565.000000 1.278676
 1566.000000 1.278588
 1567.000000 1.274638
 1568.000000 1.267310
 1569.000000 1.257524
 1570.000000 1.246246
 1571.000000 1.234491
 1572.000000 1.223375
 1573.000000 1.214101
 1574.000000 1.207599
 1575.000000 1.204557
 1576.000000 1.205203
 1577.000000 1.209324
 1578.000000 1.216192
 1579.000000 1.224802
 1580.000000 1.233892
 1581.000000 1.242450
 1582.000000 1.249527
 1583.000000 1.254585
 1584.000000 1.257405
 1585.000000 1.258034
 1586.000000 1.256733
 1587.000000 1.253887
 1588.000000 1.249946
 1589.000000 1.245345
 1590.000000 1.240585
 1591.000000 1.236212
 1592.000000 1.232831
 1593.000000 1.230947
 1594.000000 1.230872
 1595.000000 1.232632
 1596.000000 1.235928
 1597.000000 1.240121
 1598.000000 1.244370
 1599.000000 1.247909
 1600.000000 1.250173
 1601.000000 1.250927
 1602.000000 1.250185
 1603.000000 1.248253
 1604.000000 1.245607
 1605.000000 1.242738
 1606.000000 1.240038
 1607.000000 1.237794
 1608.000000 1.236131
 1609.000000 1.235018
 1610.000000 1.234319
 1611.000000 1.233840
 1612.000000 1.233330
 1613.000000 1.232500
 1614.000000 1.231069
 1615.000000 1.228841
 1616.000000 1.225725
 1617.000000 1.221867
 1618.000000 1.217672
 1619.000000 1.213723
 1620.000000 1.210685
 1621.000000 1.209185
 1622.000000 1.209667
 1623.000000 1.212324
 1624.000000 1.217109
 1625.000000 1.223654
 1626.000000 1.231524
 1627.000000 1.240092
 1628.000000 1.248762
 1629.000000 1.256761
 1630.000000 1.263399
 1631.000000 1.267930
 1632.000000 1.269714
 1633.000000 1.268241
 1634.000000 1.263282
 1635.000000 1.254969
 1636.000000 1.243893
 1637.000000 1.231085
 1638.000000 1.217948
 1639.000000 1.206135
 1640.000000 1.197211
 1641.000000 1.192418
 1642.000000 1.192569
 1643.000000 1.197705
 1644.000000 1.207214
 1645.000000 1.219948
 1646.000000 1.234405
 1647.000000 1.249013
 1648.000000 1.262287
 1649.000000 1.272950
 1650.000000 1.280005
 1651.000000 1.282751
 1652.000000 1.280949
 1653.000000 1.275008
 1654.000000 1.265747
 1655.000000 1.254392
 1656.000000 1.242320
 1657.000000 1.230808
 1658.000000 1.220978
 1659.000000 1.213749
 1660.000000 1.209667
 1661.000000 1.208973
 1662.000000 1.211602
 1663.000000 1.217242
 1664.000000 1.225398
 1665.000000 1.235184
 1666.000000 1.245496
 1667.000000 1.255159
 1668.000000 1.263159
 1669.000000 1.268635
 1670.000000 1.271124
 1671.000000 1.270427
 1672.000000 1.266658
 1673.000000 1.260259
 1674.000000 1.251917
 1675.000000 1.242605
 1676.000000 1.233340
 1677.000000 1.225090
 1678.000000 1.218812
 1679.000000 1.215143
 1680.000000 1.214343
 1681.000000 1.216270
 1682.000000 1.220397
 1683.000000 1.225866
 1684.000000 1.231734
 1685.000000 1.237103
 1686.000000 1.241076
 1687.000000 1.243027
 1688.000000 1.242631
 1689.000000 1.239930
 1690.000000 1.235347
 1691.000000 1.229516
 1692.000000 1.223329
 1693.000000 1.217705
 1694.000000 1.213440
 1695.000000 1.211203
 1696.000000 1.211424
 1697.000000 1.214175
 1698.000000 1.219160
 1699.000000 1.225821
 1700.000000 1.233437
 1701.000000 1.241082
 1702.000000 1.247819
 1703.000000 1.252869
 1704.000000 1.255686
 1705.000000 1.256099
 1706.000000 1.254234
 1707.000000 1.250508
 1708.000000 1.245505
 1709.000000 1.239918
 1710.000000 1.234452
 1711.000000 1.229826
 1712.000000 1.226542
 1713.000000 1.224994
 1714.000000 1.225305
 1715.000000 1.227374
 1716.000000 1.230834
 1717.000000 1.235181
 1718.000000 1.239831
 1719.000000 1.244138
 1720.000000 1.247479
 1721.000000 1.249446
 1722.000000 1.249842
 1723.000000 1.248708
 1724.000000 1.246319
 1725.000000 1.243141
 1726.000000 1.239741
 1727.000000 1.236711
 1728.000000 1.234535
 1729.000000 1.233550
 1730.000000 1.233947
 1731.000000 1.235706
 1732.000000 1.238618
 1733.000000 1.242285
 1734.000000 1.246246
 1735.000000 1.250053
 1736.000000 1.253257
 1737.000000 1.255407
 1738.000000 1.256147
 1739.000000 1.255169
 1740.000000 1.252241
 1741.000000 1.247261
 1742.000000 1.240230
 1743.000000 1.231583
 1744.000000 1.222011
 1745.000000 1.212586
 1746.000000 1.204656
 1747.000000 1.199344
 1748.000000 1.197503
 1749.000000 1.199451
 1750.000000 1.204946
 1751.000000 1.213376
 1752.000000 1.223416
 1753.000000 1.233945
 1754.000000 1.244071
 1755.000000 1.252927
 1756.000000 1.259891
 1757.000000 1.264726
 1758.000000 1.267307
 1759.000000 1.267695
 1760.000000 1.266013
 1761.000000 1.262440
 1762.000000 1.257182
 1763.000000 1.250516
 1764.000000 1.242782
 1765.000000 1.234679
 1766.000000 1.226866
 1767.000000 1.219960
 1768.000000 1.214429
 1769.000000 1.210886
 1770.000000 1.209694
 1771.000000 1.210947
 1772.000000 1.214499
 1773.000000 1.219953
 1774.000000 1.226758
 1775.000000 1.234355
 1776.000000 1.242180
 1777.000000 1.249601
 1778.000000 1.256195
 1779.000000 1.261687
 1780.000000 1.265773
 1781.000000 1.268228
 1782.000000 1.268928
 1783.000000 1.267883
 1784.000000 1.265199
 1785.000000 1.261089
 1786.000000 1.255827
 1787.000000 1.249740
 1788.000000 1.243156
 1789.000000 1.236480
 1790.000000 1.230107
 1791.000000 1.224503
 1792.000000 1.220215
 1793.000000 1.217745
 1794.000000 1.217397
 1795.000000 1.219383
 1796.000000 1.223666
 1797.000000 1.229913
 1798.000000 1.237747
 1799.000000 1.246493
 1800.000000 1.255303
 1801.000000 1.263325
 1802.000000 1.269817
 1803.000000 1.274053
 1804.000000 1.275535
 1805.000000 1.273907
 1806.000000 1.269060
 1807.000000 1.261134
 1808.000000 1.250632
 1809.000000 1.238307
 1810.000000 1.225343
 1811.000000 1.212993
 1812.000000 1.202714
 1813.000000 1.195752
 1814.000000 1.192898
 1815.000000 1.194452
 1816.000000 1.200147
 1817.000000 1.209170
 1818.000000 1.220490
 1819.000000 1.232767
 1820.000000 1.244617
 1821.000000 1.254927
 1822.000000 1.262863
 1823.000000 1.267778
 1824.000000 1.269346
 1825.000000 1.267434
 1826.000000 1.262246
 1827.000000 1.254279
 1828.000000 1.244237
 1829.000000 1.232993
 1830.000000 1.221784
 1831.000000 1.212006
 1832.000000 1.204767
 1833.000000 1.200946
 1834.000000 1.201049
 1835.000000 1.205018
 1836.000000 1.212321
 1837.000000 1.221984
 1838.000000 1.232902
 1839.000000 1.243693
 1840.000000 1.253237
 1841.000000 1.260542
 1842.000000 1.264936
 1843.000000 1.266056
 1844.000000 1.263915
 1845.000000 1.258802
 1846.000000 1.251262
 1847.000000 1.242094
 1848.000000 1.232058
 1849.000000 1.222212
 1850.000000 1.213647
 1851.000000 1.207324
 1852.000000 1.203962
 1853.000000 1.203931
 1854.000000 1.207169
 1855.000000 1.213217
 1856.000000 1.221247
 1857.000000 1.230307
 1858.000000 1.239472
 1859.000000 1.247733
 1860.000000 1.254368
 1861.000000 1.258873
 1862.000000 1.260954
 1863.000000 1.260588
 1864.000000 1.257962
 1865.000000 1.253445
 1866.000000 1.247499
 1867.000000 1.240712
 1868.000000 1.233605
 1869.000000 1.226899
 1870.000000 1.221201
 1871.000000 1.217008
 1872.000000 1.214622
 1873.000000 1.214148
 1874.000000 1.215557
 1875.000000 1.218609
 1876.000000 1.223012
 1877.000000 1.228445
 1878.000000 1.234493
 1879.000000 1.240695
 1880.000000 1.246724
 1881.000000 1.252248
 1882.000000 1.256987
 1883.000000 1.260750
 1884.000000 1.263338
 1885.000000 1.264655
 1886.000000 1.264631
 1887.000000 1.263273
 1888.000000 1.260637
 1889.000000 1.256799
 1890.000000 1.251997
 1891.000000 1.246506
 1892.000000 1.240581
 1893.000000 1.234538
 1894.000000 1.228791
 1895.000000 1.223686
 1896.000000 1.219575
 1897.000000 1.216767
 1898.000000 1.215543
 1899.000000 1.216042
 1900.000000 1.218221
 1901.000000 1.221897
 1902.000000 1.226727
 1903.000000 1.232285
 1904.000000 1.238113
 1905.000000 1.243686
 1906.000000 1.248637
 1907.000000 1.252616
 1908.000000 1.255383
 1909.000000 1.256796
 1910.000000 1.256833
 1911.000000 1.255575
 1912.000000 1.253232
 1913.000000 1.250124
 1914.000000 1.246516
 1915.000000 1.242755
 1916.000000 1.239214
 1917.000000 1.236254
 1918.000000 1.234100
 1919.000000 1.232879
 1920.000000 1.232635
 1921.000000 1.233265
 1922.000000 1.234569
 1923.000000 1.236259
 1924.000000 1.238017
 1925.000000 1.239502
 1926.000000 1.240436
 1927.000000 1.240620
 1928.000000 1.239993
 1929.000000 1.238628
 1930.000000 1.236761
 1931.000000 1.234724
 1932.000000 1.232884
 1933.000000 1.231549
 1934.000000 1.230986
 1935.000000 1.231348
 1936.000000 1.232671
 1937.000000 1.234855
 1938.000000 1.237694
 1939.000000 1.240854
 1940.000000 1.243928
 1941.000000 1.246499
 1942.000000 1.248110
 1943.000000 1.248352
 1944.000000 1.246947
 1945.000000 1.243819
 1946.000000 1.239132
 1947.000000 1.233286
 1948.000000 1.226893
 1949.000000 1.220814
 1950.000000 1.215890
 1951.000000 1.212802
 1952.000000 1.212059
 1953.000000 1.213912
 1954.000000 1.218235
 1955.000000 1.224601
 1956.000000 1.232229
 1957.000000 1.240223
 1958.000000 1.247603
 1959.000000 1.253506
 1960.000000 1.257248
 1961.000000 1.258423
 1962.000000 1.256826
 1963.000000 1.252550
 1964.000000 1.245966
 1965.000000 1.237852
 1966.000000 1.229086
 1967.000000 1.220673
 1968.000000 1.213556
 1969.000000 1.208629
 1970.000000 1.206543
 1971.000000 1.207528
 1972.000000 1.211447
 1973.000000 1.217877
 1974.000000 1.226026
 1975.000000 1.234940
 1976.000000 1.243752
 1977.000000 1.251607
 1978.000000 1.257807
 1979.000000 1.261842
 1980.000000 1.263393
 1981.000000 1.262348
 1982.000000 1.258853
 1983.000000 1.253177
 1984.000000 1.245880
 1985.000000 1.237646
 1986.000000 1.229358
 1987.000000 1.221912
 1988.000000 1.216081
 1989.000000 1.212452
 1990.000000 1.211367
 1991.000000 1.212849
 1992.000000 1.216544
 1993.000000 1.221921
 1994.000000 1.228197
 1995.000000 1.234577
 1996.000000 1.240417
 1997.000000 1.245274
 1998.000000 1.248854
 1999.000000 1.251024
 2000.000000 1.251767
 2001.000000 1.251174
 2002.000000 1.249388
 2003.000000 1.246622
 2004.000000 1.243157
 2005.000000 1.239307
 2006.000000 1.235367
 2007.000000 1.231682
 2008.000000 1.228595
 2009.000000 1.226393
 2010.000000 1.225286
 2011.000000 1.225346
 2012.000000 1.226553
 2013.000000 1.228774
 2014.000000 1.231748
 2015.000000 1.235223
 2016.000000 1.238901
 2017.000000 1.242536
 2018.000000 1.245915
 2019.000000 1.248916
 2020.000000 1.251370
 2021.000000 1.253213
 2022.000000 1.254395
 2023.000000 1.254885
 2024.000000 1.254637
 2025.000000 1.253586
 2026.000000 1.251637
 2027.000000 1.248729
 2028.000000 1.244776
 2029.000000 1.239847
 2030.000000 1.234211
 2031.000000 1.228259
 2032.000000 1.222594
 2033.000000 1.218051
 2034.000000 1.215487
 2035.000000 1.215585
 2036.000000 1.218725
 2037.000000 1.224839
 2038.000000 1.233401
 2039.000000 1.243528
 2040.000000 1.254195
 2041.000000 1.264464
 2042.000000 1.273377
 2043.000000 1.279980
 2044.000000 1.283683
 2045.000000 1.283989
 2046.000000 1.280612
 2047.000000 1.273504
 2048.000000 1.263056
 2049.000000 1.249905
 2050.000000 1.235143
 2051.000000 1.220082
 2052.000000 1.206140
 2053.000000 1.195237
 2054.000000 1.188606
 2055.000000 1.187172
 2056.000000 1.191219
 2057.000000 1.200306
 2058.000000 1.213356
 2059.000000 1.229017
 2060.000000 1.245853
 2061.000000 1.262270
 2062.000000 1.277007
 2063.000000 1.289068
 2064.000000 1.297794
 2065.000000 1.302556
 2066.000000 1.303156
 2067.000000 1.299657
 2068.000000 1.292320
 2069.000000 1.281622
 2070.000000 1.268181
 2071.000000 1.252685
 2072.000000 1.236412
 2073.000000 1.220594
 2074.000000 1.206552
 2075.000000 1.195447
 2076.000000 1.188407
 2077.000000 1.186048
 2078.000000 1.188375
 2079.000000 1.194814
 2080.000000 1.204430
 2081.000000 1.216032
 2082.000000 1.228397
 2083.000000 1.240534
 2084.000000 1.251786
 2085.000000 1.261785
 2086.000000 1.270299
 2087.000000 1.277209
 2088.000000 1.282431
 2089.000000 1.285869
 2090.000000 1.287507
 2091.000000 1.287367
 2092.000000 1.285423
 2093.000000 1.281680
 2094.000000 1.276193
 2095.000000 1.268982
 2096.000000 1.260146
 2097.000000 1.250081
 2098.000000 1.239194
 2099.000000 1.228150
 2100.000000 1.217943
 2101.000000 1.209586
 2102.000000 1.204047
 2103.000000 1.202150
 2104.000000 1.204218
 2105.000000 1.210034
 2106.000000 1.218845
 2107.000000 1.229778
 2108.000000 1.241672
 2109.000000 1.253466
 2110.000000 1.264170
 2111.000000 1.273160
 2112.000000 1.279944
 2113.000000 1.284030
 2114.000000 1.285024
 2115.000000 1.282677
 2116.000000 1.276912
 2117.000000 1.268014
 2118.000000 1.256596
 2119.000000 1.243585
 2120.000000 1.230468
 2121.000000 1.218812
 2122.000000 1.210124
 2123.000000 1.205875
 2124.000000 1.206860
 2125.000000 1.213190
 2126.000000 1.224163
 2127.000000 1.238554
 2128.000000 1.254720
 2129.000000 1.270819
 2130.000000 1.285424
 2131.000000 1.297065
 2132.000000 1.304623
 2133.000000 1.307444
 2134.000000 1.305275
 2135.000000 1.298255
 2136.000000 1.286873
 2137.000000 1.272053
 2138.000000 1.255176
 2139.000000 1.237996
 2140.000000 1.222359
 2141.000000 1.210007
 2142.000000 1.202416
 2143.000000 1.200623
 2144.000000 1.204908
 2145.000000 1.214748
 2146.000000 1.228864
 2147.000000 1.245720
 2148.000000 1.263597
 2149.000000 1.280531
 2150.000000 1.295039
 2151.000000 1.305920
 2152.000000 1.312473
 2153.000000 1.314336
 2154.000000 1.311614
 2155.000000 1.304725
 2156.000000 1.294389
 2157.000000 1.281325
 2158.000000 1.266822
 2159.000000 1.252204
 2160.000000 1.238703
 2161.000000 1.227558
 2162.000000 1.219758
 2163.000000 1.215861
 2164.000000 1.216032
 2165.000000 1.219863
 2166.000000 1.226496
 2167.000000 1.234879
 2168.000000 1.243822
 2169.000000 1.252298
 2170.000000 1.259495
 2171.000000 1.265052
 2172.000000 1.268621
 2173.000000 1.270116
 2174.000000 1.269505
 2175.000000 1.266854
 2176.000000 1.262306
 2177.000000 1.256090
 2178.000000 1.248586
 2179.000000 1.240263
 2180.000000 1.231875
 2181.000000 1.224159
 2182.000000 1.217675
 2183.000000 1.212852
 2184.000000 1.209826
 2185.000000 1.208487
 2186.000000 1.208653
 2187.000000 1.210104
 2188.000000 1.212658
 2189.000000 1.216232
 2190.000000 1.220815
 2191.000000 1.226507
 2192.000000 1.233142
 2193.000000 1.240556
 2194.000000 1.248452
 2195.000000 1.256457
 2196.000000 1.264046
 2197.000000 1.270731
 2198.000000 1.275894
 2199.000000 1.279063
 2200.000000 1.279808
 2201.000000 1.277764
 2202.000000 1.272725
 2203.000000 1.264789
 2204.000000 1.254293
 2205.000000 1.242026
 2206.000000 1.229092
 2207.000000 1.217159
 2208.000000 1.207614
 2209.000000 1.201721
 2210.000000 1.200385
 2211.000000 1.203911
 2212.000000 1.211909
 2213.000000 1.223559
 2214.000000 1.237573
 2215.000000 1.252516
 2216.000000 1.266962
 2217.000000 1.279445
 2218.000000 1.289002
 2219.000000 1.294898
 2220.000000 1.296591
 2221.000000 1.293791
 2222.000000 1.286531
 2223.000000 1.275208
 2224.000000 1.260406
 2225.000000 1.243267
 2226.000000 1.225490
 2227.000000 1.209121
 2228.000000 1.195973
 2229.000000 1.187841
 2230.000000 1.185956
 2231.000000 1.190782
 2232.000000 1.201798
 2233.000000 1.217799
 2234.000000 1.236934
 2235.000000 1.257202
 2236.000000 1.276594
 2237.000000 1.293447
 2238.000000 1.306555
 2239.000000 1.315320
 2240.000000 1.319587
 2241.000000 1.319424
 2242.000000 1.315198
 2243.000000 1.307423
 2244.000000 1.296820
 2245.000000 1.284092
 2246.000000 1.270211
 2247.000000 1.256106
 2248.000000 1.242635
 2249.000000 1.230438
 2250.000000 1.220332
 2251.000000 1.212845
 2252.000000 1.208200
 2253.000000 1.206448
 2254.000000 1.207350
 2255.000000 1.210519
 2256.000000 1.215450
 2257.000000 1.221583
 2258.000000 1.228357
 2259.000000 1.235316
 2260.000000 1.242053
 2261.000000 1.248448
 2262.000000 1.254527
 2263.000000 1.260406
 2264.000000 1.266143
 2265.000000 1.271632
 2266.000000 1.276702
 2267.000000 1.281033
 2268.000000 1.284264
 2269.000000 1.286017
 2270.000000 1.285880
 2271.000000 1.283456
 2272.000000 1.278663
 2273.000000 1.271803
 2274.000000 1.263426
 2275.000000 1.254335
 2276.000000 1.245565
 2277.000000 1.237994
 2278.000000 1.232442
 2279.000000 1.229376
 2280.000000 1.228968
 2281.000000 1.231001
 2282.000000 1.234921
 2283.000000 1.240108
 2284.000000 1.245982
 2285.000000 1.251793
 2286.000000 1.256768
 2287.000000 1.260210
 2288.000000 1.261659
 2289.000000 1.260922
 2290.000000 1.258090
 2291.000000 1.253531
 2292.000000 1.247839
 2293.000000 1.241718
 2294.000000 1.236036
 2295.000000 1.231671
 2296.000000 1.229353
 2297.000000 1.229475
 2298.000000 1.232110
 2299.000000 1.236886
 2300.000000 1.243121
 2301.000000 1.249951
 2302.000000 1.256603
 2303.000000 1.262170
 2304.000000 1.265959
 2305.000000 1.267381
 2306.000000 1.266136
 2307.000000 1.262221
 2308.000000 1.256009
 2309.000000 1.247994
 2310.000000 1.238945
 2311.000000 1.229599
 2312.000000 1.220746
 2313.000000 1.213248
 2314.000000 1.207719
 2315.000000 1.204646
 2316.000000 1.204320
 2317.000000 1.206696
 2318.000000 1.211383
 2319.000000 1.217837
 2320.000000 1.225378
 2321.000000 1.233260
 2322.000000 1.240868
 2323.000000 1.247726
 2324.000000 1.253396
 2325.000000 1.257733
 2326.000000 1.260749
 2327.000000 1.262540
 2328.000000 1.263296
 2329.000000 1.263254
 2330.000000 1.262626
 2331.000000 1.261563
 2332.000000 1.260186
 2333.000000 1.258593
 2334.000000 1.256903
 2335.000000 1.255273
 2336.000000 1.253867
 2337.000000 1.252768
 2338.000000 1.251949
 2339.000000 1.251229
 2340.000000 1.250289
 2341.000000 1.248781
 2342.000000 1.246403
 2343.000000 1.243008
 2344.000000 1.238608
 2345.000000 1.233480
 2346.000000 1.228075
 2347.000000 1.222967
 2348.000000 1.218712
 2349.000000 1.215877
 2350.000000 1.214924
 2351.000000 1.216150
 2352.000000 1.219628
 2353.000000 1.225145
 2354.000000 1.232270
 2355.000000 1.240291
 2356.000000 1.248436
 2357.000000 1.255877
 2358.000000 1.262035
 2359.000000 1.266549
 2360.000000 1.269267
 2361.000000 1.270300
 2362.000000 1.269900
 2363.000000 1.268424
 2364.000000 1.266278
 2365.000000 1.263809
 2366.000000 1.261298
 2367.000000 1.258891
 2368.000000 1.256665
 2369.000000 1.254619
 2370.000000 1.252705
 2371.000000 1.250845
 2372.000000 1.248974
 2373.000000 1.247040
 2374.000000 1.245042
 2375.000000 1.243009
 2376.000000 1.241014
 2377.000000 1.239199
 2378.000000 1.237752
 2379.000000 1.236834
 2380.000000 1.236511
 2381.000000 1.236754
 2382.000000 1.237487
 2383.000000 1.238651
 2384.000000 1.240248
 2385.000000 1.242282
 2386.000000 1.244736
 2387.000000 1.247462
 2388.000000 1.250290
 2389.000000 1.253072
 2390.000000 1.255669
 2391.000000 1.258045
 2392.000000 1.260194
 2393.000000 1.262183
 2394.000000 1.264010
 2395.000000 1.265654
 2396.000000 1.267105
 2397.000000 1.268353
 2398.000000 1.269427
 2399.000000 1.270353
 2400.000000 1.271174
 2401.000000 1.271930
 2402.000000 1.272628
 2403.000000 1.273232
 2404.000000 1.273647
 2405.000000 1.273720
 2406.000000 1.273266
 2407.000000 1.272105
 2408.000000 1.270092
 2409.000000 1.267142
 2410.000000 1.263252
 2411.000000 1.258468
 2412.000000 1.252953
 2413.000000 1.246919
 2414.000000 1.240795
 2415.000000 1.235093
 2416.000000 1.230438
 2417.000000 1.227255
 2418.000000 1.225772
 2419.000000 1.225985
 2420.000000 1.227757
 2421.000000 1.230928
 2422.000000 1.235273
 2423.000000 1.240481
 2424.000000 1.246216
 2425.000000 1.252087
 2426.000000 1.257652
 2427.000000 1.262618
 2428.000000 1.266690
 2429.000000 1.269546
 2430.000000 1.271031
 2431.000000 1.271021
 2432.000000 1.269494
 2433.000000 1.266510
 2434.000000 1.262176
 2435.000000 1.256795
 2436.000000 1.250775
 2437.000000 1.244522
 2438.000000 1.238543
 2439.000000 1.233426
 2440.000000 1.229692
 2441.000000 1.227685
 2442.000000 1.227563
 2443.000000 1.229259
 2444.000000 1.232530
 2445.000000 1.236956
 2446.000000 1.242044
 2447.000000 1.247212
 2448.000000 1.251973
 2449.000000 1.256008
 2450.000000 1.259173
 2451.000000 1.261476
 2452.000000 1.263028
 2453.000000 1.264027
 2454.000000 1.264607
 2455.000000 1.264828
 2456.000000 1.264720
 2457.000000 1.264351
 2458.000000 1.263866
 2459.000000 1.263442
 2460.000000 1.263253
 2461.000000 1.263444
 2462.000000 1.264106
 2463.000000 1.265274
 2464.000000 1.266936
 2465.000000 1.269003
 2466.000000 1.271325
 2467.000000 1.273722
 2468.000000 1.276015
 2469.000000 1.278020
 2470.000000 1.279535
 2471.000000 1.280385
 2472.000000 1.280471
 2473.000000 1.279771
 2474.000000 1.278334
 2475.000000 1.276235
 2476.000000 1.273602
 2477.000000 1.270586
 2478.000000 1.267351
 2479.000000 1.264110
 2480.000000 1.261077
 2481.000000 1.258362
 2482.000000 1.256112
 2483.000000 1.254406
 2484.000000 1.253236
 2485.000000 1.252586
 2486.000000 1.252426
 2487.000000 1.252723
 2488.000000 1.253473
 2489.000000 1.254710
 2490.000000 1.256483
 2491.000000 1.258849
 2492.000000 1.261782
 2493.000000 1.265199
 2494.000000 1.268937
 2495.000000 1.272784
 2496.000000 1.276529
 2497.000000 1.279989
 2498.000000 1.283005
 2499.000000 1.285443
 2500.000000 1.287221
 2501.000000 1.288278
 2502.000000 1.288593
 2503.000000 1.288165
 2504.000000 1.287017
 2505.000000 1.285182
 2506.000000 1.282728
 2507.000000 1.279730
 2508.000000 1.276255
 2509.000000 1.272433
 2510.000000 1.268380
 2511.000000 1.264256
 2512.000000 1.260182
 2513.000000 1.256323
 2514.000000 1.252903
 2515.000000 1.250106
 2516.000000 1.248117
 2517.000000 1.247109
 2518.000000 1.247251
 2519.000000 1.248591
 2520.000000 1.251091
 2521.000000 1.254615
 2522.000000 1.258868
 2523.000000 1.263433
 2524.000000 1.267864
 2525.000000 1.271654
 2526.000000 1.274341
 2527.000000 1.275563
 2528.000000 1.275136
 2529.000000 1.273070
 2530.000000 1.269549
 2531.000000 1.264933
 2532.000000 1.259577
 2533.000000 1.253889
 2534.000000 1.248323
 2535.000000 1.243162
 2536.000000 1.238682
 2537.000000 1.235121
 2538.000000 1.232766
 2539.000000 1.232025
 2540.000000 1.233254
 2541.000000 1.236537
 2542.000000 1.241663
 2543.000000 1.248042
 2544.000000 1.255088
 2545.000000 1.262094
 2546.000000 1.268392
 2547.000000 1.273393
 2548.000000 1.276639
 2549.000000 1.277876
 2550.000000 1.276948
 2551.000000 1.273889
 2552.000000 1.268876
 2553.000000 1.262251
 2554.000000 1.254432
 2555.000000 1.245993
 2556.000000 1.237663
 2557.000000 1.230391
 2558.000000 1.224940
 2559.000000 1.222072
 2560.000000 1.222213
 2561.000000 1.225459
 2562.000000 1.231624
 2563.000000 1.240380
 2564.000000 1.250883
 2565.000000 1.262175
 2566.000000 1.273438
 2567.000000 1.283770
 2568.000000 1.292613
 2569.000000 1.299418
 2570.000000 1.303831
 2571.000000 1.305614
 2572.000000 1.304426
 2573.000000 1.299854
 2574.000000 1.291721
 2575.000000 1.280280
 2576.000000 1.266010
 2577.000000 1.249990
 2578.000000 1.233591
 2579.000000 1.218317
 2580.000000 1.205758
 2581.000000 1.197412
 2582.000000 1.194481
 2583.000000 1.197387
 2584.000000 1.205861
 2585.000000 1.219021
 2586.000000 1.235444
 2587.000000 1.253380
 2588.000000 1.271320
 2589.000000 1.288173
 2590.000000 1.302781
 2591.000000 1.314400
 2592.000000 1.322555
 2593.000000 1.327077
 2594.000000 1.327923
 2595.000000 1.325261
 2596.000000 1.319466
 2597.000000 1.310969
 2598.000000 1.300287
 2599.000000 1.288110
 2600.000000 1.275162
 2601.000000 1.262164
 2602.000000 1.249826
 2603.000000 1.238782
 2604.000000 1.229855
 2605.000000 1.223715
 2606.000000 1.220749
 2607.000000 1.221213
 2608.000000 1.225033
 2609.000000 1.231754
 2610.000000 1.240813
 2611.000000 1.251399
 2612.000000 1.262836
 2613.000000 1.274062
 2614.000000 1.284350
 2615.000000 1.292940
 2616.000000 1.299284
 2617.000000 1.303039
 2618.000000 1.304156
 2619.000000 1.302740
 2620.000000 1.299091
 2621.000000 1.293685
 2622.000000 1.287106
 2623.000000 1.280092
 2624.000000 1.273381
 2625.000000 1.267585
 2626.000000 1.263296
 2627.000000 1.260943
 2628.000000 1.260764
 2629.000000 1.262804
 2630.000000 1.266898
 2631.000000 1.272805
 2632.000000 1.280203
 2633.000000 1.288578
 2634.000000 1.297487
 2635.000000 1.306489
 2636.000000 1.315007
 2637.000000 1.322398
 2638.000000 1.328147
 2639.000000 1.331851
 2640.000000 1.333079
 2641.000000 1.331480
 2642.000000 1.326828
 2643.000000 1.319173
 2644.000000 1.308840
 2645.000000 1.296384
 2646.000000 1.282540
 2647.000000 1.268139
 2648.000000 1.254352
 2649.000000 1.242457
 2650.000000 1.233474
 2651.000000 1.228316
 2652.000000 1.227492
 2653.000000 1.231008
 2654.000000 1.238383
 2655.000000 1.248817
 2656.000000 1.261242
 2657.000000 1.274655
 2658.000000 1.288006
 2659.000000 1.300550
 2660.000000 1.311564
 2661.000000 1.320445
 2662.000000 1.326836
 2663.000000 1.330626
 2664.000000 1.331720
 2665.000000 1.330225
 2666.000000 1.326306
 2667.000000 1.320147
 2668.000000 1.311980
 2669.000000 1.302161
 2670.000000 1.291060
 2671.000000 1.279274
 2672.000000 1.267435
 2673.000000 1.256322
 2674.000000 1.246604
 2675.000000 1.238960
 2676.000000 1.233953
 2677.000000 1.231880
 2678.000000 1.232706
 2679.000000 1.236175
 2680.000000 1.241791
 2681.000000 1.248897
 2682.000000 1.256554
 2683.000000 1.263857
 2684.000000 1.269990
 2685.000000 1.274295
 2686.000000 1.276252
 2687.000000 1.275724
 2688.000000 1.272940
 2689.000000 1.268394
 2690.000000 1.262840
 2691.000000 1.257147
 2692.000000 1.252088
 2693.000000 1.248238
 2694.000000 1.245978
 2695.000000 1.245496
 2696.000000 1.246758
 2697.000000 1.249581
 2698.000000 1.253593
 2699.000000 1.258436
 2700.000000 1.263665
 2701.000000 1.268880
 2702.000000 1.273761
 2703.000000 1.278034
 2704.000000 1.281406
 2705.000000 1.283642
 2706.000000 1.284410
 2707.000000 1.283393
 2708.000000 1.280382
 2709.000000 1.275284
 2710.000000 1.268174
 2711.000000 1.259350
 2712.000000 1.249253
 2713.000000 1.238731
 2714.000000 1.228524
 2715.000000 1.219543
 2716.000000 1.212586
 2717.000000 1.208502
 2718.000000 1.207851
 2719.000000 1.210880
 2720.000000 1.217464
 2721.000000 1.227165
 2722.000000 1.239408
 2723.000000 1.252988
 2724.000000 1.266854
 2725.000000 1.280192
 2726.000000 1.292082
 2727.000000 1.301827
 2728.000000 1.308634
 2729.000000 1.312161
 2730.000000 1.312108
 2731.000000 1.308380
 2732.000000 1.301051
 2733.000000 1.290442
 2734.000000 1.277022
 2735.000000 1.261393
 2736.000000 1.244464
 2737.000000 1.227410
 2738.000000 1.211671
 2739.000000 1.198919
 2740.000000 1.190459
 2741.000000 1.187531
 2742.000000 1.190556
 2743.000000 1.199269
 2744.000000 1.212515
 2745.000000 1.228875
 2746.000000 1.246938
 2747.000000 1.264976
 2748.000000 1.281625
 2749.000000 1.295765
 2750.000000 1.306667
 2751.000000 1.313915
 2752.000000 1.317355
 2753.000000 1.316849
 2754.000000 1.312457
 2755.000000 1.304563
 2756.000000 1.293628
 2757.000000 1.280456
 2758.000000 1.265992
 2759.000000 1.251306
 2760.000000 1.237390
 2761.000000 1.225316
 2762.000000 1.216187
 2763.000000 1.210809
 2764.000000 1.209390
 2765.000000 1.211795
 2766.000000 1.217438
 2767.000000 1.225507
 2768.000000 1.234966
 2769.000000 1.244828
 2770.000000 1.254209
 2771.000000 1.262357
 2772.000000 1.268894
 2773.000000 1.273425
 2774.000000 1.275921
 2775.000000 1.276386
 2776.000000 1.274886
 2777.000000 1.271580
 2778.000000 1.266738
 2779.000000 1.260586
 2780.000000 1.253568
 2781.000000 1.246237
 2782.000000 1.239160
 2783.000000 1.232917
 2784.000000 1.227982
 2785.000000 1.224762
 2786.000000 1.223418
 2787.000000 1.223879
 2788.000000 1.225902
 2789.000000 1.229174
 2790.000000 1.233304
 2791.000000 1.237996
 2792.000000 1.243045
 2793.000000 1.248388
 2794.000000 1.253983
 2795.000000 1.259719
 2796.000000 1.265560
 2797.000000 1.271434
 2798.000000 1.277216
 2799.000000 1.282638
 2800.000000 1.287499
 2801.000000 1.291518
 2802.000000 1.294483
 2803.000000 1.296187
 2804.000000 1.296494
 2805.000000 1.295307
 2806.000000 1.292606
 2807.000000 1.288424
 2808.000000 1.282887
 2809.000000 1.276108
 2810.000000 1.268349
 2811.000000 1.260011
 2812.000000 1.251476
 2813.000000 1.243453
 2814.000000 1.236447
 2815.000000 1.230994
 2816.000000 1.227633
 2817.000000 1.226655
 2818.000000 1.228194
 2819.000000 1.232170
 2820.000000 1.238303
 2821.000000 1.246219
 2822.000000 1.255376
 2823.000000 1.265155
 2824.000000 1.274992
 2825.000000 1.284411
 2826.000000 1.292974
 2827.000000 1.300190
 2828.000000 1.305776
 2829.000000 1.309332
 2830.000000 1.310706
 2831.000000 1.309814
 2832.000000 1.306682
 2833.000000 1.301458
 2834.000000 1.294335
 2835.000000 1.285662
 2836.000000 1.275859
 2837.000000 1.265341
 2838.000000 1.254537
 2839.000000 1.243960
 2840.000000 1.234284
 2841.000000 1.226034
 2842.000000 1.220022
 2843.000000 1.216715
 2844.000000 1.216501
 2845.000000 1.219527
 2846.000000 1.225674
 2847.000000 1.234514
 2848.000000 1.245408
 2849.000000 1.257455
 2850.000000 1.269844
 2851.000000 1.281615
 2852.000000 1.292031
 2853.000000 1.300335
 2854.000000 1.306015
 2855.000000 1.308659
 2856.000000 1.308040
 2857.000000 1.304147
 2858.000000 1.297253
 2859.000000 1.287801
 2860.000000 1.276536
 2861.000000 1.264383
 2862.000000 1.252340
 2863.000000 1.241281
 2864.000000 1.232441
 2865.000000 1.226721
 2866.000000 1.224717
 2867.000000 1.226561
 2868.000000 1.232067
 2869.000000 1.240594
 2870.000000 1.251343
 2871.000000 1.263088
 2872.000000 1.275026
 2873.000000 1.286257
 2874.000000 1.296087
 2875.000000 1.303871
 2876.000000 1.309199
 2877.000000 1.311795
 2878.000000 1.311586
 2879.000000 1.308636
 2880.000000 1.303192
 2881.000000 1.295581
 2882.000000 1.286420
 2883.000000 1.276378
 2884.000000 1.266227
 2885.000000 1.256746
 2886.000000 1.248769
 2887.000000 1.242875
 2888.000000 1.239503
 2889.000000 1.238797
 2890.000000 1.240728
 2891.000000 1.245064
 2892.000000 1.251389
 2893.000000 1.259353
 2894.000000 1.268444
 2895.000000 1.278188
 2896.000000 1.288085
 2897.000000 1.297554
 2898.000000 1.306293
 2899.000000 1.314041
 2900.000000 1.320525
 2901.000000 1.325623
 2902.000000 1.329291
 2903.000000 1.331619
 2904.000000 1.332691
 2905.000000 1.332593
 2906.000000 1.331431
 2907.000000 1.329319
 2908.000000 1.326380
 2909.000000 1.322777
 2910.000000 1.318715
 2911.000000 1.314401
 2912.000000 1.310060
 2913.000000 1.305949
 2914.000000 1.302211
 2915.000000 1.299027
 2916.000000 1.296468
 2917.000000 1.294510
 2918.000000 1.293025
 2919.000000 1.291800
 2920.000000 1.290576
 2921.000000 1.289041
 2922.000000 1.286876
 2923.000000 1.283891
 2924.000000 1.280058
 2925.000000 1.275532
 2926.000000 1.270659
 2927.000000 1.265773
 2928.000000 1.261436
 2929.000000 1.258126
 2930.000000 1.256105
 2931.000000 1.255596
 2932.000000 1.256659
 2933.000000 1.259196
 2934.000000 1.263010
 2935.000000 1.267824
 2936.000000 1.273239
 2937.000000 1.278864
 2938.000000 1.284333
 2939.000000 1.289303
 2940.000000 1.293443
 2941.000000 1.296523
 2942.000000 1.298387
 2943.000000 1.299031
 2944.000000 1.298498
 2945.000000 1.296903
 2946.000000 1.294378
 2947.000000 1.291076
 2948.000000 1.287225
 2949.000000 1.283026
 2950.000000 1.278707
 2951.000000 1.274636
 2952.000000 1.271095
 2953.000000 1.268433
 2954.000000 1.266911
 2955.000000 1.266735
 2956.000000 1.267945
 2957.000000 1.270454
 2958.000000 1.274058
 2959.000000 1.278416
 2960.000000 1.283159
 2961.000000 1.287919
 2962.000000 1.292220
 2963.000000 1.295592
 2964.000000 1.297726
 2965.000000 1.298352
 2966.000000 1.297332
 2967.000000 1.294619
 2968.000000 1.290296
 2969.000000 1.284482
 2970.000000 1.277487
 2971.000000 1.269724
 2972.000000 1.261680
 2973.000000 1.254047
 2974.000000 1.247407
 2975.000000 1.242360
 2976.000000 1.239459
 2977.000000 1.239032
 2978.000000 1.241118
 2979.000000 1.245460
 2980.000000 1.251597
 2981.000000 1.258898
 2982.000000 1.266641
 2983.000000 1.274065
 2984.000000 1.280505
 2985.000000 1.285371
 2986.000000 1.288278
 2987.000000 1.289025
 2988.000000 1.287629
 2989.000000 1.284284
 2990.000000 1.279401
 2991.000000 1.273451
 2992.000000 1.267130
 2993.000000 1.261006
 2994.000000 1.255586
 2995.000000 1.251359
 2996.000000 1.248705
