#! FIELDS time d
 0.000000 1.420140
 1.000000 1.424772
 2.000000 1.428851
 3.000000 1.432273
 4.000000 1.434928
 5.000000 1.436656
 6.000000 1.437227
 7.000000 1.436414
 8.000000 1.434018
 9.000000 1.429828
 10.000000 1.423772
 11.000000 1.415958
 12.000000 1.406542
 13.000000 1.395978
 14.000000 1.384738
 15.000000 1.373412
 16.000000 1.362570
 17.000000 1.352684
 18.000000 1.344282
 19.000000 1.337613
 20.000000 1.333079
 21.000000 1.330898
 22.000000 1.331088
 23.000000 1.333603
 24.000000 1.338297
 25.000000 1.344914
 26.000000 1.352984
 27.000000 1.362012
 28.000000 1.371390
 29.000000 1.380702
 30.000000 1.389435
 31.000000 1.397451
 32.000000 1.404565
 33.000000 1.410665
 34.000000 1.416001
 35.000000 1.420607
 36.000000 1.424579
 37.000000 1.427951
 38.000000 1.430816
 39.000000 1.433161
 40.000000 1.434964
 41.000000 1.436227
 42.000000 1.436909
 43.000000 1.436953
 44.000000 1.436249
 45.000000 1.434650
 46.000000 1.432035
 47.000000 1.428310
 48.000000 1.423504
 49.000000 1.417711
 50.000000 1.411162
 51.000000 1.404174
 52.000000 1.397157
 53.000000 1.390495
 54.000000 1.384483
 55.000000 1.379310
 56.000000 1.375260
 57.000000 1.372452
 58.000000 1.370994
 59.000000 1.370897
 60.000000 1.372011
 61.000000 1.374079
 62.000000 1.376686
 63.000000 1.379342
 64.000000 1.381569
 65.000000 1.382964
 66.000000 1.383215
 67.000000 1.382182
 68.000000 1.379898
 69.000000 1.376573
 70.000000 1.372487
 71.000000 1.367964
 72.000000 1.363358
 73.000000 1.359035
 74.000000 1.355273
 75.000000 1.352273
 76.000000 1.350129
 77.000000 1.348849
 78.000000 1.348362
 79.000000 1.348484
 80.000000 1.348979
 81.000000 1.349559
 82.000000 1.349922
 83.000000 1.349812
 84.000000 1.349065
 85.000000 1.347631
 86.000000 1.345593
 87.000000 1.343086
 88.000000 1.340240
 89.000000 1.337169
 90.000000 1.333942
 91.000000 1.330499
 92.000000 1.326681
 93.000000 1.322399
 94.000000 1.317503
 95.000000 1.311897
 96.000000 1.305548
 97.000000 1.298599
 98.000000 1.291244
 99.000000 1.283891
 100.000000 1.276878
 101.000000 1.270572
 102.000000 1.265418
 103.000000 1.261718
 104.000000 1.259765
 105.000000 1.259772
 106.000000 1.261771
 107.000000 1.265693
 108.000000 1.271389
 109.000000 1.278489
 110.000000 1.286560
 111.000000 1.295241
 112.000000 1.304097
 113.000000 1.312756
 114.000000 1.320704
 115.000000 1.327414
 116.000000 1.332409
 117.000000 1.335300
 118.000000 1.335733
 119.000000 1.333426
 120.000000 1.328205
 121.000000 1.320052
 122.000000 1.309279
 123.000000 1.296321
 124.000000 1.281875
 125.000000 1.266791
 126.000000 1.252310
 127.000000 1.239634
 128.000000 1.229717
 129.000000 1.223465
 130.000000 1.221403
 131.000000 1.223440
 132.000000 1.228978
 133.000000 1.237170
 134.000000 1.246802
 135.000000 1.256637
 136.000000 1.265575
 137.000000 1.272786
 138.000000 1.277754
 139.000000 1.280156
 140.000000 1.280009
 141.000000 1.277523
 142.000000 1.273097
 143.000000 1.267328
 144.000000 1.260850
 145.000000 1.254342
 146.000000 1.248509
 147.000000 1.243821
 148.000000 1.240619
 149.000000 1.239105
 150.000000 1.239220
 151.000000 1.240772
 152.000000 1.243462
 153.000000 1.246956
 154.000000 1.250883
 155.000000 1.254970
 156.000000 1.259002
 157.000000 1.262794
 158.000000 1.266154
 159.000000 1.268810
 160.000000 1.270550
 161.000000 1.271198
 162.000000 1.270639
 163.000000 1.268859
 164.000000 1.265934
 165.000000 1.262033
 166.000000 1.257413
 167.000000 1.252402
 168.000000 1.247290
 169.000000 1.242377
 170.000000 1.237987
 171.000000 1.234399
 172.000000 1.231821
 173.000000 1.230474
 174.000000 1.230545
 175.000000 1.232155
 176.000000 1.235295
 177.000000 1.239797
 178.000000 1.245388
 179.000000 1.251725
 180.000000 1.258278
 181.000000 1.264629
 182.000000 1.270208
 183.000000 1.274463
 184.000000 1.277006
 185.000000 1.277575
 186.000000 1.276015
 187.000000 1.272366
 188.000000 1.266792
 189.000000 1.259714
 190.000000 1.251832
 191.000000 1.243820
 192.000000 1.236509
 193.000000 1.230786
 194.000000 1.227368
 195.000000 1.226740
 196.000000 1.229067
 197.000000 1.234088
 198.000000 1.241283
 199.000000 1.249922
 200.000000 1.259203
 201.000000 1.268152
 202.000000 1.275881
 203.000000 1.281787
 204.000000 1.285300
 205.000000 1.286227
 206.000000 1.284513
 207.000000 1.280321
 208.000000 1.274035
 209.000000 1.266260
 210.000000 1.257586
 211.000000 1.248780
 212.000000 1.240505
 213.000000 1.233456
 214.000000 1.228369
 215.000000 1.225558
 216.000000 1.225124
 217.000000 1.226956
 218.000000 1.230715
 219.000000 1.235898
 220.000000 1.241780
 221.000000 1.247743
 222.000000 1.253168
 223.000000 1.257647
 224.000000 1.260805
 225.000000 1.262414
 226.000000 1.262451
 227.000000 1.261034
 228.000000 1.258390
 229.000000 1.254867
 230.000000 1.250778
 231.000000 1.246538
 232.000000 1.242550
 233.000000 1.239176
 234.000000 1.236695
 235.000000 1.235274
 236.000000 1.234976
 237.000000 1.235692
 238.000000 1.237223
 239.000000 1.239297
 240.000000 1.241659
 241.000000 1.244106
 242.000000 1.246552
 243.000000 1.249045
 244.000000 1.251673
 245.000000 1.254544
 246.000000 1.257722
 247.000000 1.261175
 248.000000 1.264782
 249.000000 1.268367
 250.000000 1.271601
 251.000000 1.274121
 252.000000 1.275562
 253.000000 1.275567
 254.000000 1.273844
 255.000000 1.270236
 256.000000 1.264808
 257.000000 1.257770
 258.000000 1.249460
 259.000000 1.240630
 260.000000 1.232024
 261.000000 1.224621
 262.000000 1.219296
 263.000000 1.216660
 264.000000 1.217079
 265.000000 1.220567
 266.000000 1.226817
 267.000000 1.235288
 268.000000 1.245155
 269.000000 1.255628
 270.000000 1.265847
 271.000000 1.275013
 272.000000 1.282460
 273.000000 1.287712
 274.000000 1.290431
 275.000000 1.290526
 276.000000 1.288148
 277.000000 1.283629
 278.000000 1.277520
 279.000000 1.270558
 280.000000 1.263518
 281.000000 1.257284
 282.000000 1.252579
 283.000000 1.250011
 284.000000 1.249960
 285.000000 1.252488
 286.000000 1.257357
 287.000000 1.264065
 288.000000 1.271859
 289.000000 1.279961
 290.000000 1.287535
 291.000000 1.293922
 292.000000 1.298590
 293.000000 1.301192
 294.000000 1.301592
 295.000000 1.299835
 296.000000 1.296105
 297.000000 1.290697
 298.000000 1.283950
 299.000000 1.276440
 300.000000 1.268668
 301.000000 1.261279
 302.000000 1.254944
 303.000000 1.250187
 304.000000 1.247373
 305.000000 1.246783
 306.000000 1.248484
 307.000000 1.252353
 308.000000 1.258065
 309.000000 1.265136
 310.000000 1.273123
 311.000000 1.281598
 312.000000 1.289868
 313.000000 1.297394
 314.000000 1.303778
 315.000000 1.308674
 316.000000 1.311820
 317.000000 1.313163
 318.000000 1.312785
 319.000000 1.310894
 320.000000 1.307764
 321.000000 1.303745
 322.000000 1.299190
 323.000000 1.294438
 324.000000 1.289541
 325.000000 1.284515
 326.000000 1.279401
 327.000000 1.274185
 328.000000 1.268964
 329.000000 1.263957
 330.000000 1.259520
 331.000000 1.256143
 332.000000 1.254345
 333.000000 1.254487
 334.000000 1.256767
 335.000000 1.261145
 336.000000 1.267259
 337.000000 1.274514
 338.000000 1.282142
 339.000000 1.289327
 340.000000 1.295356
 341.000000 1.299674
 342.000000 1.301832
 343.000000 1.301644
 344.000000 1.299167
 345.000000 1.294686
 346.000000 1.288723
 347.000000 1.282057
 348.000000 1.275462
 349.000000 1.269764
 350.000000 1.265789
 351.000000 1.264068
 352.000000 1.264850
 353.000000 1.268142
 354.000000 1.273676
 355.000000 1.280963
 356.000000 1.289477
 357.000000 1.298578
 358.000000 1.307565
 359.000000 1.315866
 360.000000 1.323011
 361.000000 1.328464
 362.000000 1.331868
 363.000000 1.332953
 364.000000 1.331522
 365.000000 1.327518
 366.000000 1.321062
 367.000000 1.312332
 368.000000 1.301748
 369.000000 1.289913
 370.000000 1.277593
 371.000000 1.265890
 372.000000 1.255737
 373.000000 1.247986
 374.000000 1.243340
 375.000000 1.242340
 376.000000 1.245093
 377.000000 1.251263
 378.000000 1.260225
 379.000000 1.271119
 380.000000 1.282912
 381.000000 1.294564
 382.000000 1.305519
 383.000000 1.315458
 384.000000 1.324246
 385.000000 1.331972
 386.000000 1.338727
 387.000000 1.344692
 388.000000 1.349964
 389.000000 1.354689
 390.000000 1.358870
 391.000000 1.362471
 392.000000 1.365360
 393.000000 1.367346
 394.000000 1.368203
 395.000000 1.367715
 396.000000 1.365697
 397.000000 1.362069
 398.000000 1.356826
 399.000000 1.350118
 400.000000 1.342103
 401.000000 1.333153
 402.000000 1.323624
 403.000000 1.314144
 404.000000 1.305129
 405.000000 1.296993
 406.000000 1.289984
 407.000000 1.284373
 408.000000 1.280289
 409.000000 1.277826
 410.000000 1.276952
 411.000000 1.277587
 412.000000 1.279557
 413.000000 1.282638
 414.000000 1.286497
 415.000000 1.290795
 416.000000 1.295288
 417.000000 1.299671
 418.000000 1.303779
 419.000000 1.307370
 420.000000 1.310344
 421.000000 1.312614
 422.000000 1.314040
 423.000000 1.314616
 424.000000 1.314391
 425.000000 1.313520
 426.000000 1.312250
 427.000000 1.310825
 428.000000 1.309530
 429.000000 1.308581
 430.000000 1.308098
 431.000000 1.308064
 432.000000 1.308321
 433.000000 1.308616
 434.000000 1.308655
 435.000000 1.308179
 436.000000 1.307035
 437.000000 1.305237
 438.000000 1.302951
 439.000000 1.300457
 440.000000 1.298029
 441.000000 1.295958
 442.000000 1.294524
 443.000000 1.293918
 444.000000 1.294269
 445.000000 1.295634
 446.000000 1.298010
 447.000000 1.301305
 448.000000 1.305310
 449.000000 1.309777
 450.000000 1.314376
 451.000000 1.318812
 452.000000 1.322880
 453.000000 1.326474
 454.000000 1.329627
 455.000000 1.332476
 456.000000 1.335263
 457.000000 1.338205
 458.000000 1.341454
 459.000000 1.345167
 460.000000 1.349294
 461.000000 1.353628
 462.000000 1.357963
 463.000000 1.362049
 464.000000 1.365659
 465.000000 1.368633
 466.000000 1.370829
 467.000000 1.372166
 468.000000 1.372595
 469.000000 1.372103
 470.000000 1.370691
 471.000000 1.368370
 472.000000 1.365204
 473.000000 1.361269
 474.000000 1.356708
 475.000000 1.351700
 476.000000 1.346454
 477.000000 1.341255
 478.000000 1.336342
 479.000000 1.331850
 480.000000 1.327908
 481.000000 1.324615
 482.000000 1.321985
 483.000000 1.319993
 484.000000 1.318558
 485.000000 1.317510
 486.000000 1.316593
 487.000000 1.315480
 488.000000 1.313829
 489.000000 1.311328
 490.000000 1.307764
 491.000000 1.303075
 492.000000 1.297349
 493.000000 1.290850
 494.000000 1.284091
 495.000000 1.277558
 496.000000 1.271774
 497.000000 1.267145
 498.000000 1.263952
 499.000000 1.262326
 500.000000 1.262231
 501.000000 1.263471
 502.000000 1.265647
 503.000000 1.268312
 504.000000 1.270962
 505.000000 1.273078
 506.000000 1.274253
 507.000000 1.274222
 508.000000 1.272914
 509.000000 1.270471
 510.000000 1.267205
 511.000000 1.263505
 512.000000 1.259899
 513.000000 1.256831
 514.000000 1.254671
 515.000000 1.253671
 516.000000 1.253924
 517.000000 1.255394
 518.000000 1.257879
 519.000000 1.261074
 520.000000 1.264606
 521.000000 1.268075
 522.000000 1.271032
 523.000000 1.273034
 524.000000 1.273774
 525.000000 1.273076
 526.000000 1.270952
 527.000000 1.267600
 528.000000 1.263358
 529.000000 1.258540
 530.000000 1.253361
 531.000000 1.248212
 532.000000 1.243369
 533.000000 1.239024
 534.000000 1.235520
 535.000000 1.233180
 536.000000 1.232187
 537.000000 1.232566
 538.000000 1.234114
 539.000000 1.236449
 540.000000 1.239049
 541.000000 1.241308
 542.000000 1.242747
 543.000000 1.243103
 544.000000 1.242307
 545.000000 1.240510
 546.000000 1.238025
 547.000000 1.235222
 548.000000 1.232486
 549.000000 1.230189
 550.000000 1.228668
 551.000000 1.228180
 552.000000 1.228855
 553.000000 1.230676
 554.000000 1.233452
 555.000000 1.236899
 556.000000 1.240531
 557.000000 1.243856
 558.000000 1.246429
 559.000000 1.247953
 560.000000 1.248335
 561.000000 1.247696
 562.000000 1.246322
 563.000000 1.244588
 564.000000 1.242922
 565.000000 1.241648
 566.000000 1.240929
 567.000000 1.240810
 568.000000 1.241221
 569.000000 1.242037
 570.000000 1.243088
 571.000000 1.244195
 572.000000 1.245171
 573.000000 1.245795
 574.000000 1.245842
 575.000000 1.245079
 576.000000 1.243320
 577.000000 1.240506
 578.000000 1.236741
 579.000000 1.232348
 580.000000 1.228127
 581.000000 1.225144
 582.000000 1.224349
 583.000000 1.226333
 584.000000 1.231222
 585.000000 1.238610
 586.000000 1.247536
 587.000000 1.256945
 588.000000 1.265500
 589.000000 1.272336
 590.000000 1.276817
 591.000000 1.278325
 592.000000 1.276523
 593.000000 1.271333
 594.000000 1.262943
 595.000000 1.251830
 596.000000 1.238799
 597.000000 1.225014
 598.000000 1.211996
 599.000000 1.201059
 600.000000 1.193493
 601.000000 1.190317
 602.000000 1.191989
 603.000000 1.198358
 604.000000 1.208543
 605.000000 1.221281
 606.000000 1.235278
 607.000000 1.249046
 608.000000 1.261210
 609.000000 1.270748
 610.000000 1.276903
 611.000000 1.279210
 612.000000 1.277584
 613.000000 1.272300
 614.000000 1.263948
 615.000000 1.253487
 616.000000 1.241925
 617.000000 1.230548
 618.000000 1.220596
 619.000000 1.213266
 620.000000 1.209495
 621.000000 1.209844
 622.000000 1.214325
 623.000000 1.222422
 624.000000 1.233261
 625.000000 1.245824
 626.000000 1.258668
 627.000000 1.270487
 628.000000 1.280333
 629.000000 1.287297
 630.000000 1.290964
 631.000000 1.291032
 632.000000 1.287519
 633.000000 1.280705
 634.000000 1.271161
 635.000000 1.259446
 636.000000 1.246477
 637.000000 1.233497
 638.000000 1.221655
 639.000000 1.212042
 640.000000 1.205478
 641.000000 1.202501
 642.000000 1.203053
 643.000000 1.206579
 644.000000 1.212145
 645.000000 1.218776
 646.000000 1.225484
 647.000000 1.231542
 648.000000 1.236535
 649.000000 1.240343
 650.000000 1.243037
 651.000000 1.244792
 652.000000 1.245798
 653.000000 1.246258
 654.000000 1.246365
 655.000000 1.246292
 656.000000 1.246172
 657.000000 1.246229
 658.000000 1.246772
 659.000000 1.247909
 660.000000 1.249522
 661.000000 1.251299
 662.000000 1.252753
 663.000000 1.253360
 664.000000 1.252646
 665.000000 1.250537
 666.000000 1.247220
 667.000000 1.242996
 668.000000 1.238371
 669.000000 1.233887
 670.000000 1.230072
 671.000000 1.227410
 672.000000 1.226287
 673.000000 1.226975
 674.000000 1.229497
 675.000000 1.233660
 676.000000 1.238983
 677.000000 1.244737
 678.000000 1.250097
 679.000000 1.254240
 680.000000 1.256471
 681.000000 1.256393
 682.000000 1.253979
 683.000000 1.249555
 684.000000 1.243786
 685.000000 1.237637
 686.000000 1.232084
 687.000000 1.227856
 688.000000 1.225571
 689.000000 1.225540
 690.000000 1.227782
 691.000000 1.232071
 692.000000 1.237909
 693.000000 1.244618
 694.000000 1.251375
 695.000000 1.257443
 696.000000 1.262094
 697.000000 1.264805
 698.000000 1.265259
 699.000000 1.263435
 700.000000 1.259580
 701.000000 1.254165
 702.000000 1.247883
 703.000000 1.241515
 704.000000 1.235840
 705.000000 1.231478
 706.000000 1.228834
 707.000000 1.228113
 708.000000 1.229275
 709.000000 1.232016
 710.000000 1.235824
 711.000000 1.240025
 712.000000 1.243829
 713.000000 1.246597
 714.000000 1.247913
 715.000000 1.247593
 716.000000 1.245768
 717.000000 1.242826
 718.000000 1.239302
 719.000000 1.235828
 720.000000 1.233071
 721.000000 1.231536
 722.000000 1.231503
 723.000000 1.233067
 724.000000 1.236122
 725.000000 1.240436
 726.000000 1.245617
 727.000000 1.251110
 728.000000 1.256364
 729.000000 1.260805
 730.000000 1.263902
 731.000000 1.265276
 732.000000 1.264747
 733.000000 1.262376
 734.000000 1.258422
 735.000000 1.253392
 736.000000 1.247886
 737.000000 1.242548
 738.000000 1.237998
 739.000000 1.234683
 740.000000 1.232896
 741.000000 1.232740
 742.000000 1.234128
 743.000000 1.236769
 744.000000 1.240223
 745.000000 1.243902
 746.000000 1.247221
 747.000000 1.249572
 748.000000 1.250456
 749.000000 1.249609
 750.000000 1.247041
 751.000000 1.243146
 752.000000 1.238572
 753.000000 1.234144
 754.000000 1.230720
 755.000000 1.228963
 756.000000 1.229351
 757.000000 1.232068
 758.000000 1.237040
 759.000000 1.243826
 760.000000 1.251891
 761.000000 1.260447
 762.000000 1.268662
 763.000000 1.275684
 764.000000 1.280789
 765.000000 1.283367
 766.000000 1.282958
 767.000000 1.279372
 768.000000 1.272701
 769.000000 1.263431
 770.000000 1.252286
 771.000000 1.240211
 772.000000 1.228552
 773.000000 1.218495
 774.000000 1.211031
 775.000000 1.206969
 776.000000 1.206721
 777.000000 1.210139
 778.000000 1.216621
 779.000000 1.225353
 780.000000 1.235096
 781.000000 1.244734
 782.000000 1.253288
 783.000000 1.259904
 784.000000 1.264075
 785.000000 1.265659
 786.000000 1.264717
 787.000000 1.261547
 788.000000 1.256582
 789.000000 1.250423
 790.000000 1.243734
 791.000000 1.237275
 792.000000 1.231852
 793.000000 1.228114
 794.000000 1.226490
 795.000000 1.227157
 796.000000 1.229932
 797.000000 1.234417
 798.000000 1.239922
 799.000000 1.245647
 800.000000 1.250754
 801.000000 1.254708
 802.000000 1.257067
 803.000000 1.257625
 804.000000 1.256428
 805.000000 1.253736
 806.000000 1.249880
 807.000000 1.245242
 808.000000 1.240221
 809.000000 1.235205
 810.000000 1.230480
 811.000000 1.226385
 812.000000 1.223167
 813.000000 1.221074
 814.000000 1.220250
 815.000000 1.220651
 816.000000 1.222082
 817.000000 1.224216
 818.000000 1.226685
 819.000000 1.229169
 820.000000 1.231551
 821.000000 1.233810
 822.000000 1.236092
 823.000000 1.238594
 824.000000 1.241446
 825.000000 1.244673
 826.000000 1.248241
 827.000000 1.251913
 828.000000 1.255458
 829.000000 1.258571
 830.000000 1.260943
 831.000000 1.262243
 832.000000 1.262129
 833.000000 1.260319
 834.000000 1.256632
 835.000000 1.250986
 836.000000 1.243476
 837.000000 1.234436
 838.000000 1.224620
 839.000000 1.214801
 840.000000 1.205895
 841.000000 1.199011
 842.000000 1.195098
 843.000000 1.194669
 844.000000 1.197833
 845.000000 1.204218
 846.000000 1.213079
 847.000000 1.223351
 848.000000 1.234042
 849.000000 1.244061
 850.000000 1.252753
 851.000000 1.259386
 852.000000 1.263459
 853.000000 1.264624
 854.000000 1.262794
 855.000000 1.258213
 856.000000 1.251395
 857.000000 1.243135
 858.000000 1.234492
 859.000000 1.226526
 860.000000 1.220345
 861.000000 1.216824
 862.000000 1.216442
 863.000000 1.219288
 864.000000 1.225095
 865.000000 1.233202
 866.000000 1.242577
 867.000000 1.252142
 868.000000 1.260645
 869.000000 1.266959
 870.000000 1.270210
 871.000000 1.269711
 872.000000 1.265165
 873.000000 1.256654
 874.000000 1.244810
 875.000000 1.230611
 876.000000 1.215579
 877.000000 1.201100
 878.000000 1.188989
 879.000000 1.180866
 880.000000 1.177906
 881.000000 1.180605
 882.000000 1.188614
 883.000000 1.200911
 884.000000 1.215869
 885.000000 1.232015
 886.000000 1.247880
 887.000000 1.262035
 888.000000 1.273539
 889.000000 1.281928
 890.000000 1.286902
 891.000000 1.288443
 892.000000 1.286766
 893.000000 1.282204
 894.000000 1.275264
 895.000000 1.266557
 896.000000 1.256802
 897.000000 1.246755
 898.000000 1.237121
 899.000000 1.228598
 900.000000 1.221812
 901.000000 1.217114
 902.000000 1.214656
 903.000000 1.214278
 904.000000 1.215585
 905.000000 1.218047
 906.000000 1.221059
 907.000000 1.224185
 908.000000 1.227101
 909.000000 1.229676
 910.000000 1.231914
 911.000000 1.233868
 912.000000 1.235579
 913.000000 1.236967
 914.000000 1.237900
 915.000000 1.238322
 916.000000 1.238225
 917.000000 1.237596
 918.000000 1.236414
 919.000000 1.234594
 920.000000 1.232042
 921.000000 1.228699
 922.000000 1.224695
 923.000000 1.220372
 924.000000 1.216350
 925.000000 1.213432
 926.000000 1.212437
 927.000000 1.214085
 928.000000 1.218742
 929.000000 1.226275
 930.000000 1.236054
 931.000000 1.247193
 932.000000 1.258400
 933.000000 1.268528
 934.000000 1.276582
 935.000000 1.281814
 936.000000 1.283581
 937.000000 1.281574
 938.000000 1.275733
 939.000000 1.266200
 940.000000 1.253534
 941.000000 1.238640
 942.000000 1.222738
 943.000000 1.207394
 944.000000 1.194532
 945.000000 1.185805
 946.000000 1.182388
 947.000000 1.184875
 948.000000 1.193010
 949.000000 1.205783
 950.000000 1.221972
 951.000000 1.239709
 952.000000 1.257292
 953.000000 1.272906
 954.000000 1.285494
 955.000000 1.294244
 956.000000 1.298505
 957.000000 1.298037
 958.000000 1.293038
 959.000000 1.284161
 960.000000 1.272389
 961.000000 1.258746
 962.000000 1.244467
 963.000000 1.230625
 964.000000 1.218417
 965.000000 1.209078
 966.000000 1.203233
 967.000000 1.201236
 968.000000 1.203071
 969.000000 1.208373
 970.000000 1.216323
 971.000000 1.225829
 972.000000 1.235589
 973.000000 1.244297
 974.000000 1.250795
 975.000000 1.254382
 976.000000 1.254744
 977.000000 1.252036
 978.000000 1.246785
 979.000000 1.239817
 980.000000 1.232107
 981.000000 1.224653
 982.000000 1.218432
 983.000000 1.214232
 984.000000 1.212539
 985.000000 1.213540
 986.000000 1.217026
 987.000000 1.222434
 988.000000 1.228929
 989.000000 1.235626
 990.000000 1.241726
 991.000000 1.246588
 992.000000 1.249787
 993.000000 1.251082
 994.000000 1.250548
 995.000000 1.248426
 996.000000 1.245106
 997.000000 1.241032
 998.000000 1.236750
 999.000000 1.232746
 1000.000000 1.229408
 1001.000000 1.227192
 1002.000000 1.226404
 1003.000000 1.227133
 1004.000000 1.229334
 1005.000000 1.232809
 1006.000000 1.237135
 1007.000000 1.241769
 1008.000000 1.246121
 1009.000000 1.249642
 1010.000000 1.251859
 1011.000000 1.252502
 1012.000000 1.251507
 1013.000000 1.248992
 1014.000000 1.245263
 1015.000000 1.240732
 1016.000000 1.235946
 1017.000000 1.231390
 1018.000000 1.227550
 1019.000000 1.224915
 1020.000000 1.223815
 1021.000000 1.224312
 1022.000000 1.226257
 1023.000000 1.229269
 1024.000000 1.232834
 1025.000000 1.236393
 1026.000000 1.239444
 1027.000000 1.241701
 1028.000000 1.243076
 1029.000000 1.243712
 1030.000000 1.243885
 1031.000000 1.243926
 1032.000000 1.244129
 1033.000000 1.244694
 1034.000000 1.245688
 1035.000000 1.247049
 1036.000000 1.248604
 1037.000000 1.250045
 1038.000000 1.251003
 1039.000000 1.251077
 1040.000000 1.249874
 1041.000000 1.247096
 1042.000000 1.242637
 1043.000000 1.236670
 1044.000000 1.229629
 1045.000000 1.222247
 1046.000000 1.215299
 1047.000000 1.209644
 1048.000000 1.206043
 1049.000000 1.205009
 1050.000000 1.206719
 1051.000000 1.211004
 1052.000000 1.217308
 1053.000000 1.224980
 1054.000000 1.233050
 1055.000000 1.240667
 1056.000000 1.246981
 1057.000000 1.251293
 1058.000000 1.253285
 1059.000000 1.252762
 1060.000000 1.249798
 1061.000000 1.244736
 1062.000000 1.238182
 1063.000000 1.230902
 1064.000000 1.223754
 1065.000000 1.217686
 1066.000000 1.213374
 1067.000000 1.211373
 1068.000000 1.211975
 1069.000000 1.215164
 1070.000000 1.220591
 1071.000000 1.227652
 1072.000000 1.235472
 1073.000000 1.243104
 1074.000000 1.249628
 1075.000000 1.254212
 1076.000000 1.256086
 1077.000000 1.254803
 1078.000000 1.250252
 1079.000000 1.242763
 1080.000000 1.232934
 1081.000000 1.221964
 1082.000000 1.210921
 1083.000000 1.200990
 1084.000000 1.193320
 1085.000000 1.188879
 1086.000000 1.188247
 1087.000000 1.191566
 1088.000000 1.198471
 1089.000000 1.208237
 1090.000000 1.219777
 1091.000000 1.231876
 1092.000000 1.243421
 1093.000000 1.253537
 1094.000000 1.261529
 1095.000000 1.267051
 1096.000000 1.269937
 1097.000000 1.270365
 1098.000000 1.268667
 1099.000000 1.265248
 1100.000000 1.260581
 1101.000000 1.255149
 1102.000000 1.249360
 1103.000000 1.243511
 1104.000000 1.237995
 1105.000000 1.233201
 1106.000000 1.229361
 1107.000000 1.226589
 1108.000000 1.224891
 1109.000000 1.224191
 1110.000000 1.224328
 1111.000000 1.225072
 1112.000000 1.226174
 1113.000000 1.227367
 1114.000000 1.228416
 1115.000000 1.229155
 1116.000000 1.229496
 1117.000000 1.229423
 1118.000000 1.228966
 1119.000000 1.228208
 1120.000000 1.227259
 1121.000000 1.226254
 1122.000000 1.225326
 1123.000000 1.224588
 1124.000000 1.224137
 1125.000000 1.224004
 1126.000000 1.224148
 1127.000000 1.224480
 1128.000000 1.224909
 1129.000000 1.225399
 1130.000000 1.226017
 1131.000000 1.226939
 1132.000000 1.228393
 1133.000000 1.230593
 1134.000000 1.233727
 1135.000000 1.237865
 1136.000000 1.242886
 1137.000000 1.248621
 1138.000000 1.254551
 1139.000000 1.259911
 1140.000000 1.263888
 1141.000000 1.265616
 1142.000000 1.264365
 1143.000000 1.259672
 1144.000000 1.251341
 1145.000000 1.239651
 1146.000000 1.225587
 1147.000000 1.210567
 1148.000000 1.196333
 1149.000000 1.184892
 1150.000000 1.178179
 1151.000000 1.177354
 1152.000000 1.182746
 1153.000000 1.193718
 1154.000000 1.208886
 1155.000000 1.226353
 1156.000000 1.244146
 1157.000000 1.260301
 1158.000000 1.273781
 1159.000000 1.283576
 1160.000000 1.289096
 1161.000000 1.290040
 1162.000000 1.286516
 1163.000000 1.278854
 1164.000000 1.267751
 1165.000000 1.254158
 1166.000000 1.239179
 1167.000000 1.224111
 1168.000000 1.210359
 1169.000000 1.199458
 1170.000000 1.192537
 1171.000000 1.190485
 1172.000000 1.193560
 1173.000000 1.201282
 1174.000000 1.212493
 1175.000000 1.225575
 1176.000000 1.239058
 1177.000000 1.251182
 1178.000000 1.260617
 1179.000000 1.266365
 1180.000000 1.267987
 1181.000000 1.265396
 1182.000000 1.258907
 1183.000000 1.249219
 1184.000000 1.237277
 1185.000000 1.224498
 1186.000000 1.212443
 1187.000000 1.202633
 1188.000000 1.196454
 1189.000000 1.194728
 1190.000000 1.197691
 1191.000000 1.204915
 1192.000000 1.215350
 1193.000000 1.227504
 1194.000000 1.239986
 1195.000000 1.251631
 1196.000000 1.261480
 1197.000000 1.269015
 1198.000000 1.274041
 1199.000000 1.276576
 1200.000000 1.276822
 1201.000000 1.275008
 1202.000000 1.271369
 1203.000000 1.266190
 1204.000000 1.259712
 1205.000000 1.252215
 1206.000000 1.244077
 1207.000000 1.235631
 1208.000000 1.227378
 1209.000000 1.219885
 1210.000000 1.213734
 1211.000000 1.209345
 1212.000000 1.207126
 1213.000000 1.207250
 1214.000000 1.209712
 1215.000000 1.214361
 1216.000000 1.220749
 1217.000000 1.228238
 1218.000000 1.236110
 1219.000000 1.243676
 1220.000000 1.250200
 1221.000000 1.255131
 1222.000000 1.258148
 1223.000000 1.258971
 1224.000000 1.257582
 1225.000000 1.254136
 1226.000000 1.248944
 1227.000000 1.242459
 1228.000000 1.235219
 1229.000000 1.227814
 1230.000000 1.220939
 1231.000000 1.215209
 1232.000000 1.211125
 1233.000000 1.209132
 1234.000000 1.209520
 1235.000000 1.212331
 1236.000000 1.217382
 1237.000000 1.224141
 1238.000000 1.231955
 1239.000000 1.240025
 1240.000000 1.247495
 1241.000000 1.253610
 1242.000000 1.257764
 1243.000000 1.259539
 1244.000000 1.258671
 1245.000000 1.255092
 1246.000000 1.248920
 1247.000000 1.240562
 1248.000000 1.230708
 1249.000000 1.220289
 1250.000000 1.210675
 1251.000000 1.203154
 1252.000000 1.199079
 1253.000000 1.199397
 1254.000000 1.204456
 1255.000000 1.213884
 1256.000000 1.226869
 1257.000000 1.241967
 1258.000000 1.257674
 1259.000000 1.272888
 1260.000000 1.286181
 1261.000000 1.296456
 1262.000000 1.302966
 1263.000000 1.305087
 1264.000000 1.302580
 1265.000000 1.295543
 1266.000000 1.284507
 1267.000000 1.270183
 1268.000000 1.253787
 1269.000000 1.236799
 1270.000000 1.220739
 1271.000000 1.207225
 1272.000000 1.197821
 1273.000000 1.193647
 1274.000000 1.195189
 1275.000000 1.202266
 1276.000000 1.213876
 1277.000000 1.228535
 1278.000000 1.244617
 1279.000000 1.260187
 1280.000000 1.273796
 1281.000000 1.284019
 1282.000000 1.289963
 1283.000000 1.291115
 1284.000000 1.287326
 1285.000000 1.278938
 1286.000000 1.266790
 1287.000000 1.252146
 1288.000000 1.236280
 1289.000000 1.220763
 1290.000000 1.207469
 1291.000000 1.198069
 1292.000000 1.193736
 1293.000000 1.194973
 1294.000000 1.201548
 1295.000000 1.212559
 1296.000000 1.226406
 1297.000000 1.241436
 1298.000000 1.256230
 1299.000000 1.269514
 1300.000000 1.280281
 1301.000000 1.287946
 1302.000000 1.292412
 1303.000000 1.293763
 1304.000000 1.292327
 1305.000000 1.288523
 1306.000000 1.282869
 1307.000000 1.275926
 1308.000000 1.268060
 1309.000000 1.259601
 1310.000000 1.250996
 1311.000000 1.242668
 1312.000000 1.234839
 1313.000000 1.227857
 1314.000000 1.222159
 1315.000000 1.218082
 1316.000000 1.215850
 1317.000000 1.215666
 1318.000000 1.217581
 1319.000000 1.221470
 1320.000000 1.226940
 1321.000000 1.233519
 1322.000000 1.240701
 1323.000000 1.247809
 1324.000000 1.254149
 1325.000000 1.259076
 1326.000000 1.262244
 1327.000000 1.263500
 1328.000000 1.262900
 1329.000000 1.260692
 1330.000000 1.257240
 1331.000000 1.252936
 1332.000000 1.248171
 1333.000000 1.243422
 1334.000000 1.239091
 1335.000000 1.235588
 1336.000000 1.233362
 1337.000000 1.232839
 1338.000000 1.234349
 1339.000000 1.238076
 1340.000000 1.243963
 1341.000000 1.251739
 1342.000000 1.260785
 1343.000000 1.270460
 1344.000000 1.279927
 1345.000000 1.288341
 1346.000000 1.294845
 1347.000000 1.298633
 1348.000000 1.299114
 1349.000000 1.295863
 1350.000000 1.288698
 1351.000000 1.277799
 1352.000000 1.263687
 1353.000000 1.247357
 1354.000000 1.230335
 1355.000000 1.214239
 1356.000000 1.201080
 1357.000000 1.192291
 1358.000000 1.188842
 1359.000000 1.191117
 1360.000000 1.198680
 1361.000000 1.210360
 1362.000000 1.224683
 1363.000000 1.239942
 1364.000000 1.254958
 1365.000000 1.268285
 1366.000000 1.278785
 1367.000000 1.285855
 1368.000000 1.289140
 1369.000000 1.288645
 1370.000000 1.284733
 1371.000000 1.278025
 1372.000000 1.269339
 1373.000000 1.259633
 1374.000000 1.250032
 1375.000000 1.241557
 1376.000000 1.235037
 1377.000000 1.230988
 1378.000000 1.229689
 1379.000000 1.231028
 1380.000000 1.234549
 1381.000000 1.239528
 1382.000000 1.245084
 1383.000000 1.250258
 1384.000000 1.254070
 1385.000000 1.255826
 1386.000000 1.255176
 1387.000000 1.252127
 1388.000000 1.247089
 1389.000000 1.240744
 1390.000000 1.233836
 1391.000000 1.227347
 1392.000000 1.222003
 1393.000000 1.218562
 1394.000000 1.217554
 1395.000000 1.219183
 1396.000000 1.223345
 1397.000000 1.229599
 1398.000000 1.237332
 1399.000000 1.245718
 1400.000000 1.253892
 1401.000000 1.260911
 1402.000000 1.266084
 1403.000000 1.269046
 1404.000000 1.269677
 1405.000000 1.268081
 1406.000000 1.264573
 1407.000000 1.259651
 1408.000000 1.253878
 1409.000000 1.247873
 1410.000000 1.242138
 1411.000000 1.237086
 1412.000000 1.233062
 1413.000000 1.230189
 1414.000000 1.228439
 1415.000000 1.227629
 1416.000000 1.227412
 1417.000000 1.227359
 1418.000000 1.227029
 1419.000000 1.226077
 1420.000000 1.224360
 1421.000000 1.221962
 1422.000000 1.219188
 1423.000000 1.216528
 1424.000000 1.214579
 1425.000000 1.213876
 1426.000000 1.214808
 1427.000000 1.217573
 1428.000000 1.222158
 1429.000000 1.228399
 1430.000000 1.235894
 1431.000000 1.244077
 1432.000000 1.252336
 1433.000000 1.260001
 1434.000000 1.266403
 1435.000000 1.270912
 1436.000000 1.273128
 1437.000000 1.272804
 1438.000000 1.269892
 1439.000000 1.264587
 1440.000000 1.257252
 1441.000000 1.248363
 1442.000000 1.238622
 1443.000000 1.228896
 1444.000000 1.219901
 1445.000000 1.212505
 1446.000000 1.207400
 1447.000000 1.205000
 1448.000000 1.205478
 1449.000000 1.208664
 1450.000000 1.214112
 1451.000000 1.221100
 1452.000000 1.228744
 1453.000000 1.236363
 1454.000000 1.243370
 1455.000000 1.249323
 1456.000000 1.254061
 1457.000000 1.257584
 1458.000000 1.260039
 1459.000000 1.261660
 1460.000000 1.262682
 1461.000000 1.263369
 1462.000000 1.263950
 1463.000000 1.264596
 1464.000000 1.265390
 1465.000000 1.266291
 1466.000000 1.267124
 1467.000000 1.267535
 1468.000000 1.267045
 1469.000000 1.265136
 1470.000000 1.261391
 1471.000000 1.255594
 1472.000000 1.247960
 1473.000000 1.239135
 1474.000000 1.230029
 1475.000000 1.221736
 1476.000000 1.215242
 1477.000000 1.211487
 1478.000000 1.210919
 1479.000000 1.213555
 1480.000000 1.219010
 1481.000000 1.226696
 1482.000000 1.235732
 1483.000000 1.245351
 1484.000000 1.254693
 1485.000000 1.263139
 1486.000000 1.269979
 1487.000000 1.274595
 1488.000000 1.276562
 1489.000000 1.275592
 1490.000000 1.271665
 1491.000000 1.265063
 1492.000000 1.256393
 1493.000000 1.246468
 1494.000000 1.236294
 1495.000000 1.227144
 1496.000000 1.220207
 1497.000000 1.216426
 1498.000000 1.216400
 1499.000000 1.220291
 1500.000000 1.227754
 1501.000000 1.238116
 1502.000000 1.250206
 1503.000000 1.262590
 1504.000000 1.274065
 1505.000000 1.283567
 1506.000000 1.290374
 1507.000000 1.293993
 1508.000000 1.294366
 1509.000000 1.291686
 1510.000000 1.286396
 1511.000000 1.279057
 1512.000000 1.270315
 1513.000000 1.260914
 1514.000000 1.251508
 1515.000000 1.242703
 1516.000000 1.235297
 1517.000000 1.229757
 1518.000000 1.226460
 1519.000000 1.225479
 1520.000000 1.226759
 1521.000000 1.230054
 1522.000000 1.234927
 1523.000000 1.240840
 1524.000000 1.247325
 1525.000000 1.253892
 1526.000000 1.260131
 1527.000000 1.265693
 1528.000000 1.270289
 1529.000000 1.273711
 1530.000000 1.275641
 1531.000000 1.275891
 1532.000000 1.274365
 1533.000000 1.271064
 1534.000000 1.266181
 1535.000000 1.260025
 1536.000000 1.252963
 1537.000000 1.245375
 1538.000000 1.237729
 1539.000000 1.230587
 1540.000000 1.224556
 1541.000000 1.220309
 1542.000000 1.218446
 1543.000000 1.219401
 1544.000000 1.223361
 1545.000000 1.230186
 1546.000000 1.239540
 1547.000000 1.250719
 1548.000000 1.262943
 1549.000000 1.275512
 1550.000000 1.287412
 1551.000000 1.297841
 1552.000000 1.305860
 1553.000000 1.310679
 1554.000000 1.311585
 1555.000000 1.308133
 1556.000000 1.300107
 1557.000000 1.287737
 1558.000000 1.271689
 1559.000000 1.253156
 1560.000000 1.233834
 1561.000000 1.215857
 1562.000000 1.201182
 1563.000000 1.191941
 1564.000000 1.189446
 1565.000000 1.194233
 1566.000000 1.205837
 1567.000000 1.222967
 1568.000000 1.243999
 1569.000000 1.266698
 1570.000000 1.289315
 1571.000000 1.310511
 1572.000000 1.329095
 1573.000000 1.343982
 1574.000000 1.354498
 1575.000000 1.360113
 1576.000000 1.360635
 1577.000000 1.356061
 1578.000000 1.346724
 1579.000000 1.333184
 1580.000000 1.316448
 1581.000000 1.297459
 1582.000000 1.277720
 1583.000000 1.258671
 1584.000000 1.241860
 1585.000000 1.228840
 1586.000000 1.220672
 1587.000000 1.217895
 1588.000000 1.220354
 1589.000000 1.227185
 1590.000000 1.237084
 1591.000000 1.248553
 1592.000000 1.260034
 1593.000000 1.270292
 1594.000000 1.278516
 1595.000000 1.284246
 1596.000000 1.287247
 1597.000000 1.287431
 1598.000000 1.284819
 1599.000000 1.279572
 1600.000000 1.272040
 1601.000000 1.262789
 1602.000000 1.252697
 1603.000000 1.242798
 1604.000000 1.234279
 1605.000000 1.228115
 1606.000000 1.225027
 1607.000000 1.225345
 1608.000000 1.228938
 1609.000000 1.235356
 1610.000000 1.244058
 1611.000000 1.254373
 1612.000000 1.265524
 1613.000000 1.276861
 1614.000000 1.287955
 1615.000000 1.298289
 1616.000000 1.307679
 1617.000000 1.315875
 1618.000000 1.322607
 1619.000000 1.327671
 1620.000000 1.330865
 1621.000000 1.331979
 1622.000000 1.330819
 1623.000000 1.327230
 1624.000000 1.321090
 1625.000000 1.312506
 1626.000000 1.301616
 1627.000000 1.288874
 1628.000000 1.274825
 1629.000000 1.260471
 1630.000000 1.246838
 1631.000000 1.235210
 1632.000000 1.226761
 1633.000000 1.222475
 1634.000000 1.222897
 1635.000000 1.228101
 1636.000000 1.237592
 1637.000000 1.250454
 1638.000000 1.265526
 1639.000000 1.281477
 1640.000000 1.297133
 1641.000000 1.311469
 1642.000000 1.323401
 1643.000000 1.332148
 1644.000000 1.337304
 1645.000000 1.338760
 1646.000000 1.336658
 1647.000000 1.331393
 1648.000000 1.323575
 1649.000000 1.313957
 1650.000000 1.303377
 1651.000000 1.292690
 1652.000000 1.282620
 1653.000000 1.273931
 1654.000000 1.267108
 1655.000000 1.262512
 1656.000000 1.260257
 1657.000000 1.260209
 1658.000000 1.262011
 1659.000000 1.265082
 1660.000000 1.268707
 1661.000000 1.272083
 1662.000000 1.274409
 1663.000000 1.275072
 1664.000000 1.273685
 1665.000000 1.270169
 1666.000000 1.264766
 1667.000000 1.258017
 1668.000000 1.250640
 1669.000000 1.243527
 1670.000000 1.237467
 1671.000000 1.233160
 1672.000000 1.231108
 1673.000000 1.231574
 1674.000000 1.234501
 1675.000000 1.239532
 1676.000000 1.246122
 1677.000000 1.253634
 1678.000000 1.261268
 1679.000000 1.268295
 1680.000000 1.274079
 1681.000000 1.278093
 1682.000000 1.280029
 1683.000000 1.279748
 1684.000000 1.277347
 1685.000000 1.273078
 1686.000000 1.267412
 1687.000000 1.260917
 1688.000000 1.254286
 1689.000000 1.248137
 1690.000000 1.243149
 1691.000000 1.239747
 1692.000000 1.238179
 1693.000000 1.238417
 1694.000000 1.240150
 1695.000000 1.242869
 1696.000000 1.245877
 1697.000000 1.248491
 1698.000000 1.250229
 1699.000000 1.250857
 1700.000000 1.250440
 1701.000000 1.249310
 1702.000000 1.247990
 1703.000000 1.247066
 1704.000000 1.247049
 1705.000000 1.248266
 1706.000000 1.250818
 1707.000000 1.254572
 1708.000000 1.259258
 1709.000000 1.264505
 1710.000000 1.269887
 1711.000000 1.274855
 1712.000000 1.278913
 1713.000000 1.281457
 1714.000000 1.281955
 1715.000000 1.279939
 1716.000000 1.275182
 1717.000000 1.267715
 1718.000000 1.257886
 1719.000000 1.246475
 1720.000000 1.234651
 1721.000000 1.223553
 1722.000000 1.214403
 1723.000000 1.208277
 1724.000000 1.205884
 1725.000000 1.207518
 1726.000000 1.212940
 1727.000000 1.221395
 1728.000000 1.231886
 1729.000000 1.243417
 1730.000000 1.254894
 1731.000000 1.265041
 1732.000000 1.273017
 1733.000000 1.278211
 1734.000000 1.280384
 1735.000000 1.279660
 1736.000000 1.276441
 1737.000000 1.271420
 1738.000000 1.265377
 1739.000000 1.259151
 1740.000000 1.253579
 1741.000000 1.249266
 1742.000000 1.246453
 1743.000000 1.245175
 1744.000000 1.245201
 1745.000000 1.246166
 1746.000000 1.247666
 1747.000000 1.249334
 1748.000000 1.250867
 1749.000000 1.252065
 1750.000000 1.252856
 1751.000000 1.253325
 1752.000000 1.253618
 1753.000000 1.253929
 1754.000000 1.254445
 1755.000000 1.255303
 1756.000000 1.256589
 1757.000000 1.258367
 1758.000000 1.260644
 1759.000000 1.263392
 1760.000000 1.266546
 1761.000000 1.269879
 1762.000000 1.273015
 1763.000000 1.275456
 1764.000000 1.276619
 1765.000000 1.275856
 1766.000000 1.272742
 1767.000000 1.267127
 1768.000000 1.259145
 1769.000000 1.249690
 1770.000000 1.239950
 1771.000000 1.231279
 1772.000000 1.225152
 1773.000000 1.222818
 1774.000000 1.225073
 1775.000000 1.232121
 1776.000000 1.243565
 1777.000000 1.258315
 1778.000000 1.275161
 1779.000000 1.292974
 1780.000000 1.310400
 1781.000000 1.326058
 1782.000000 1.338762
 1783.000000 1.347671
 1784.000000 1.352061
 1785.000000 1.351507
 1786.000000 1.345913
 1787.000000 1.335505
 1788.000000 1.320827
 1789.000000 1.302845
 1790.000000 1.282697
 1791.000000 1.261823
 1792.000000 1.242077
 1793.000000 1.225332
 1794.000000 1.212826
 1795.000000 1.205744
 1796.000000 1.204765
 1797.000000 1.209660
 1798.000000 1.219635
 1799.000000 1.233229
 1800.000000 1.248613
 1801.000000 1.263965
 1802.000000 1.277812
 1803.000000 1.288906
 1804.000000 1.296610
 1805.000000 1.300521
 1806.000000 1.300694
 1807.000000 1.297455
 1808.000000 1.291391
 1809.000000 1.283242
 1810.000000 1.273965
 1811.000000 1.264511
 1812.000000 1.255966
 1813.000000 1.249312
 1814.000000 1.245288
 1815.000000 1.244375
 1816.000000 1.246648
 1817.000000 1.251776
 1818.000000 1.259136
 1819.000000 1.267745
 1820.000000 1.276443
 1821.000000 1.284193
 1822.000000 1.290195
 1823.000000 1.293882
 1824.000000 1.295050
 1825.000000 1.293735
 1826.000000 1.290261
 1827.000000 1.285125
 1828.000000 1.278866
 1829.000000 1.271993
 1830.000000 1.265085
 1831.000000 1.258665
 1832.000000 1.252994
 1833.000000 1.248174
 1834.000000 1.244184
 1835.000000 1.240832
 1836.000000 1.237782
 1837.000000 1.234712
 1838.000000 1.231422
 1839.000000 1.228042
 1840.000000 1.224985
 1841.000000 1.222979
 1842.000000 1.222852
 1843.000000 1.225294
 1844.000000 1.230740
 1845.000000 1.239128
 1846.000000 1.250013
 1847.000000 1.262593
 1848.000000 1.276201
 1849.000000 1.289909
 1850.000000 1.302835
 1851.000000 1.314217
 1852.000000 1.323357
 1853.000000 1.329575
 1854.000000 1.332223
 1855.000000 1.330781
 1856.000000 1.324960
 1857.000000 1.314754
 1858.000000 1.300488
 1859.000000 1.283184
 1860.000000 1.264116
 1861.000000 1.244887
 1862.000000 1.227441
 1863.000000 1.213542
 1864.000000 1.204746
 1865.000000 1.202049
 1866.000000 1.205618
 1867.000000 1.214869
 1868.000000 1.228691
 1869.000000 1.245235
 1870.000000 1.262543
 1871.000000 1.278714
 1872.000000 1.292232
 1873.000000 1.302062
 1874.000000 1.307366
 1875.000000 1.307672
 1876.000000 1.303009
 1877.000000 1.293693
 1878.000000 1.280512
 1879.000000 1.264774
 1880.000000 1.247873
 1881.000000 1.231562
 1882.000000 1.217659
 1883.000000 1.207728
 1884.000000 1.203117
 1885.000000 1.204420
 1886.000000 1.211462
 1887.000000 1.223253
 1888.000000 1.238278
 1889.000000 1.254949
 1890.000000 1.271130
 1891.000000 1.285129
 1892.000000 1.295824
 1893.000000 1.302638
 1894.000000 1.305384
 1895.000000 1.304415
 1896.000000 1.300302
 1897.000000 1.293683
 1898.000000 1.285373
 1899.000000 1.276212
 1900.000000 1.266883
 1901.000000 1.257985
 1902.000000 1.250113
 1903.000000 1.243749
 1904.000000 1.239202
 1905.000000 1.236602
 1906.000000 1.235751
 1907.000000 1.236229
 1908.000000 1.237474
 1909.000000 1.238937
 1910.000000 1.240221
 1911.000000 1.241193
 1912.000000 1.241952
 1913.000000 1.242745
 1914.000000 1.243880
 1915.000000 1.245589
 1916.000000 1.247957
 1917.000000 1.250895
 1918.000000 1.254246
 1919.000000 1.257774
 1920.000000 1.261164
 1921.000000 1.264132
 1922.000000 1.266408
 1923.000000 1.267723
 1924.000000 1.267875
 1925.000000 1.266715
 1926.000000 1.264170
 1927.000000 1.260298
 1928.000000 1.255360
 1929.000000 1.249731
 1930.000000 1.244021
 1931.000000 1.238939
 1932.000000 1.235195
 1933.000000 1.233350
 1934.000000 1.233859
 1935.000000 1.236905
 1936.000000 1.242363
 1937.000000 1.249799
 1938.000000 1.258602
 1939.000000 1.267942
 1940.000000 1.276963
 1941.000000 1.284934
 1942.000000 1.291122
 1943.000000 1.294924
 1944.000000 1.295951
 1945.000000 1.294083
 1946.000000 1.289414
 1947.000000 1.282251
 1948.000000 1.273105
 1949.000000 1.262777
 1950.000000 1.252111
 1951.000000 1.241837
 1952.000000 1.232766
 1953.000000 1.225825
 1954.000000 1.221550
 1955.000000 1.220216
 1956.000000 1.221868
 1957.000000 1.226200
 1958.000000 1.232655
 1959.000000 1.240481
 1960.000000 1.248898
 1961.000000 1.257190
 1962.000000 1.264590
 1963.000000 1.270587
 1964.000000 1.274895
 1965.000000 1.277296
 1966.000000 1.277850
 1967.000000 1.276807
 1968.000000 1.274543
 1969.000000 1.271556
 1970.000000 1.268395
 1971.000000 1.265507
 1972.000000 1.263280
 1973.000000 1.261932
 1974.000000 1.261606
 1975.000000 1.262308
 1976.000000 1.263924
 1977.000000 1.266233
 1978.000000 1.268941
 1979.000000 1.271697
 1980.000000 1.274150
 1981.000000 1.276020
 1982.000000 1.277172
 1983.000000 1.277602
 1984.000000 1.277431
 1985.000000 1.276877
 1986.000000 1.276206
 1987.000000 1.275658
 1988.000000 1.275391
 1989.000000 1.275456
 1990.000000 1.275790
 1991.000000 1.276225
 1992.000000 1.276488
 1993.000000 1.276262
 1994.000000 1.275212
 1995.000000 1.273021
 1996.000000 1.269434
 1997.000000 1.264310
 1998.000000 1.257751
 1999.000000 1.250204
 2000.000000 1.242410
 2001.000000 1.235303
 2002.000000 1.229949
 2003.000000 1.227441
 2004.000000 1.228669
 2005.000000 1.234030
 2006.000000 1.243452
 2007.000000 1.256298
 2008.000000 1.271555
 2009.000000 1.288015
 2010.000000 1.304461
 2011.000000 1.320035
 2012.000000 1.333557
 2013.000000 1.344328
 2014.000000 1.351733
 2015.000000 1.355556
 2016.000000 1.355720
 2017.000000 1.352327
 2018.000000 1.345611
 2019.000000 1.335815
 2020.000000 1.323535
 2021.000000 1.309299
 2022.000000 1.293805
 2023.000000 1.277800
 2024.000000 1.262282
 2025.000000 1.248415
 2026.000000 1.237316
 2027.000000 1.230148
 2028.000000 1.227559
 2029.000000 1.229746
 2030.000000 1.236413
 2031.000000 1.246892
 2032.000000 1.260325
 2033.000000 1.275692
 2034.000000 1.291892
 2035.000000 1.308033
 2036.000000 1.323368
 2037.000000 1.337035
 2038.000000 1.348209
 2039.000000 1.356402
 2040.000000 1.361319
 2041.000000 1.362905
 2042.000000 1.361221
 2043.000000 1.356474
 2044.000000 1.348911
 2045.000000 1.338918
 2046.000000 1.326972
 2047.000000 1.313594
 2048.000000 1.299667
 2049.000000 1.285937
 2050.000000 1.273278
 2051.000000 1.262465
 2052.000000 1.254094
 2053.000000 1.248881
 2054.000000 1.247061
 2055.000000 1.248691
 2056.000000 1.253604
 2057.000000 1.261363
 2058.000000 1.271280
 2059.000000 1.282608
 2060.000000 1.294570
 2061.000000 1.306225
 2062.000000 1.316772
 2063.000000 1.325496
 2064.000000 1.331854
 2065.000000 1.335298
 2066.000000 1.335605
 2067.000000 1.332778
 2068.000000 1.326996
 2069.000000 1.318633
 2070.000000 1.308198
 2071.000000 1.296251
 2072.000000 1.283772
 2073.000000 1.271627
 2074.000000 1.260690
 2075.000000 1.251704
 2076.000000 1.245478
 2077.000000 1.242576
 2078.000000 1.243256
 2079.000000 1.247431
 2080.000000 1.254711
 2081.000000 1.264367
 2082.000000 1.275424
 2083.000000 1.286898
 2084.000000 1.297964
 2085.000000 1.308006
 2086.000000 1.316555
 2087.000000 1.323321
 2088.000000 1.328135
 2089.000000 1.330916
 2090.000000 1.331750
 2091.000000 1.330799
 2092.000000 1.328265
 2093.000000 1.324416
 2094.000000 1.319580
 2095.000000 1.314034
 2096.000000 1.308084
 2097.000000 1.302143
 2098.000000 1.296453
 2099.000000 1.291188
 2100.000000 1.286467
 2101.000000 1.282252
 2102.000000 1.278442
 2103.000000 1.274982
 2104.000000 1.271752
 2105.000000 1.268735
 2106.000000 1.265993
 2107.000000 1.263577
 2108.000000 1.261629
 2109.000000 1.260240
 2110.000000 1.259444
 2111.000000 1.259163
 2112.000000 1.259239
 2113.000000 1.259468
 2114.000000 1.259648
 2115.000000 1.259632
 2116.000000 1.259355
 2117.000000 1.258843
 2118.000000 1.258188
 2119.000000 1.257530
 2120.000000 1.257051
 2121.000000 1.256935
 2122.000000 1.257352
 2123.000000 1.258439
 2124.000000 1.260296
 2125.000000 1.262981
 2126.000000 1.266446
 2127.000000 1.270616
 2128.000000 1.275343
 2129.000000 1.280396
 2130.000000 1.285572
 2131.000000 1.290508
 2132.000000 1.294771
 2133.000000 1.297940
 2134.000000 1.299603
 2135.000000 1.299359
 2136.000000 1.296912
 2137.000000 1.292112
 2138.000000 1.285034
 2139.000000 1.276084
 2140.000000 1.265923
 2141.000000 1.255418
 2142.000000 1.245592
 2143.000000 1.237592
 2144.000000 1.232307
 2145.000000 1.230349
 2146.000000 1.231897
 2147.000000 1.236698
 2148.000000 1.244173
 2149.000000 1.253403
 2150.000000 1.263517
 2151.000000 1.273637
 2152.000000 1.283041
 2153.000000 1.291015
 2154.000000 1.297144
 2155.000000 1.301010
 2156.000000 1.302289
 2157.000000 1.300881
 2158.000000 1.296896
 2159.000000 1.290660
 2160.000000 1.282673
 2161.000000 1.273633
 2162.000000 1.264318
 2163.000000 1.255508
 2164.000000 1.248118
 2165.000000 1.242860
 2166.000000 1.240314
 2167.000000 1.240794
 2168.000000 1.244333
 2169.000000 1.250643
 2170.000000 1.259167
 2171.000000 1.269344
 2172.000000 1.280228
 2173.000000 1.291055
 2174.000000 1.300906
 2175.000000 1.309029
 2176.000000 1.314800
 2177.000000 1.317760
 2178.000000 1.317601
 2179.000000 1.314219
 2180.000000 1.307809
 2181.000000 1.298777
 2182.000000 1.287596
 2183.000000 1.274888
 2184.000000 1.261196
 2185.000000 1.247056
 2186.000000 1.233499
 2187.000000 1.221343
 2188.000000 1.211632
 2189.000000 1.205156
 2190.000000 1.202436
 2191.000000 1.203613
 2192.000000 1.208529
 2193.000000 1.216704
 2194.000000 1.227356
 2195.000000 1.239575
 2196.000000 1.252260
 2197.000000 1.264439
 2198.000000 1.275001
 2199.000000 1.283220
 2200.000000 1.288581
 2201.000000 1.290711
 2202.000000 1.289539
 2203.000000 1.285253
 2204.000000 1.278203
 2205.000000 1.268952
 2206.000000 1.258154
 2207.000000 1.246827
 2208.000000 1.235785
 2209.000000 1.225950
 2210.000000 1.218369
 2211.000000 1.214064
 2212.000000 1.213563
 2213.000000 1.217029
 2214.000000 1.224133
 2215.000000 1.234164
 2216.000000 1.246044
 2217.000000 1.258422
 2218.000000 1.270228
 2219.000000 1.280547
 2220.000000 1.288662
 2221.000000 1.294003
 2222.000000 1.296288
 2223.000000 1.295492
 2224.000000 1.291773
 2225.000000 1.285478
 2226.000000 1.277156
 2227.000000 1.267532
 2228.000000 1.257230
 2229.000000 1.246929
 2230.000000 1.237196
 2231.000000 1.228480
 2232.000000 1.221421
 2233.000000 1.216403
 2234.000000 1.213776
 2235.000000 1.213672
 2236.000000 1.215979
 2237.000000 1.220306
 2238.000000 1.226076
 2239.000000 1.232660
 2240.000000 1.239505
 2241.000000 1.245914
 2242.000000 1.251422
 2243.000000 1.255639
 2244.000000 1.258246
 2245.000000 1.259161
 2246.000000 1.258491
 2247.000000 1.256573
 2248.000000 1.253873
 2249.000000 1.250870
 2250.000000 1.248060
 2251.000000 1.245797
 2252.000000 1.244264
 2253.000000 1.243479
 2254.000000 1.243264
 2255.000000 1.243402
 2256.000000 1.243639
 2257.000000 1.243768
 2258.000000 1.243699
 2259.000000 1.243509
 2260.000000 1.243420
 2261.000000 1.243735
 2262.000000 1.244756
 2263.000000 1.246690
 2264.000000 1.249626
 2265.000000 1.253437
 2266.000000 1.257812
 2267.000000 1.262182
 2268.000000 1.265834
 2269.000000 1.268070
 2270.000000 1.268313
 2271.000000 1.266164
 2272.000000 1.261550
 2273.000000 1.254773
 2274.000000 1.246442
 2275.000000 1.237432
 2276.000000 1.228839
 2277.000000 1.221589
 2278.000000 1.216599
 2279.000000 1.214508
 2280.000000 1.215697
 2281.000000 1.220143
 2282.000000 1.227423
 2283.000000 1.237000
 2284.000000 1.248177
 2285.000000 1.260144
 2286.000000 1.272236
 2287.000000 1.283816
 2288.000000 1.294317
 2289.000000 1.303202
 2290.000000 1.310263
 2291.000000 1.315102
 2292.000000 1.317446
 2293.000000 1.317123
 2294.000000 1.314034
 2295.000000 1.308237
 2296.000000 1.299990
 2297.000000 1.289597
 2298.000000 1.277728
 2299.000000 1.265520
 2300.000000 1.254084
 2301.000000 1.244556
 2302.000000 1.237749
 2303.000000 1.234456
 2304.000000 1.235014
 2305.000000 1.239385
 2306.000000 1.247165
 2307.000000 1.257748
 2308.000000 1.270061
 2309.000000 1.283123
 2310.000000 1.295707
 2311.000000 1.306838
 2312.000000 1.315744
 2313.000000 1.321879
 2314.000000 1.325112
 2315.000000 1.325507
 2316.000000 1.323247
 2317.000000 1.318628
 2318.000000 1.312110
 2319.000000 1.304089
 2320.000000 1.295033
 2321.000000 1.285515
 2322.000000 1.276077
 2323.000000 1.267284
 2324.000000 1.259869
 2325.000000 1.254387
 2326.000000 1.251305
 2327.000000 1.250963
 2328.000000 1.253419
 2329.000000 1.258443
 2330.000000 1.265536
 2331.000000 1.274123
 2332.000000 1.283423
 2333.000000 1.292782
 2334.000000 1.301695
 2335.000000 1.309674
 2336.000000 1.316272
 2337.000000 1.321202
 2338.000000 1.324201
 2339.000000 1.325065
 2340.000000 1.323706
 2341.000000 1.320116
 2342.000000 1.314314
 2343.000000 1.306393
 2344.000000 1.296461
 2345.000000 1.284888
 2346.000000 1.272213
 2347.000000 1.259161
 2348.000000 1.246477
 2349.000000 1.235114
 2350.000000 1.226053
 2351.000000 1.220185
 2352.000000 1.218194
 2353.000000 1.220416
 2354.000000 1.226758
 2355.000000 1.236675
 2356.000000 1.249335
 2357.000000 1.263534
 2358.000000 1.278234
 2359.000000 1.292421
 2360.000000 1.305082
 2361.000000 1.315475
 2362.000000 1.322981
 2363.000000 1.327209
 2364.000000 1.327930
 2365.000000 1.325152
 2366.000000 1.319067
 2367.000000 1.309986
 2368.000000 1.298418
 2369.000000 1.285070
 2370.000000 1.270794
 2371.000000 1.256524
 2372.000000 1.243338
 2373.000000 1.232301
 2374.000000 1.224436
 2375.000000 1.220454
 2376.000000 1.220629
 2377.000000 1.224853
 2378.000000 1.232525
 2379.000000 1.242634
 2380.000000 1.254043
 2381.000000 1.265630
 2382.000000 1.276280
 2383.000000 1.285065
 2384.000000 1.291413
 2385.000000 1.294925
 2386.000000 1.295459
 2387.000000 1.292999
 2388.000000 1.287660
 2389.000000 1.279659
 2390.000000 1.269578
 2391.000000 1.258175
 2392.000000 1.246495
 2393.000000 1.235311
 2394.000000 1.225660
 2395.000000 1.218475
 2396.000000 1.214396
 2397.000000 1.213767
 2398.000000 1.216563
 2399.000000 1.222394
 2400.000000 1.230655
 2401.000000 1.240522
 2402.000000 1.251057
 2403.000000 1.261464
 2404.000000 1.270991
 2405.000000 1.279008
 2406.000000 1.284896
 2407.000000 1.288406
 2408.000000 1.289464
 2409.000000 1.288126
 2410.000000 1.284571
 2411.000000 1.279103
 2412.000000 1.272186
 2413.000000 1.264288
 2414.000000 1.255981
 2415.000000 1.247745
 2416.000000 1.240134
 2417.000000 1.233541
 2418.000000 1.228340
 2419.000000 1.224757
 2420.000000 1.222897
 2421.000000 1.222670
 2422.000000 1.223853
 2423.000000 1.226114
 2424.000000 1.229044
 2425.000000 1.232193
 2426.000000 1.235118
 2427.000000 1.237522
 2428.000000 1.239188
 2429.000000 1.239986
 2430.000000 1.239943
 2431.000000 1.239185
 2432.000000 1.237909
 2433.000000 1.236380
 2434.000000 1.234876
 2435.000000 1.233716
 2436.000000 1.233196
 2437.000000 1.233567
 2438.000000 1.235029
 2439.000000 1.237679
 2440.000000 1.241466
 2441.000000 1.246171
 2442.000000 1.251396
 2443.000000 1.256664
 2444.000000 1.261395
 2445.000000 1.265045
 2446.000000 1.267208
 2447.000000 1.267557
 2448.000000 1.265960
 2449.000000 1.262416
 2450.000000 1.257063
 2451.000000 1.250217
 2452.000000 1.242413
 2453.000000 1.234161
 2454.000000 1.226168
 2455.000000 1.219120
 2456.000000 1.213680
 2457.000000 1.210504
 2458.000000 1.210022
 2459.000000 1.212395
 2460.000000 1.217504
 2461.000000 1.224969
 2462.000000 1.234215
 2463.000000 1.244601
 2464.000000 1.255518
 2465.000000 1.266194
 2466.000000 1.275893
 2467.000000 1.284019
 2468.000000 1.290184
 2469.000000 1.294099
 2470.000000 1.295540
 2471.000000 1.294439
 2472.000000 1.290899
 2473.000000 1.285180
 2474.000000 1.277746
 2475.000000 1.269056
 2476.000000 1.259754
 2477.000000 1.250556
 2478.000000 1.242218
 2479.000000 1.235543
 2480.000000 1.231197
 2481.000000 1.229471
 2482.000000 1.230459
 2483.000000 1.234008
 2484.000000 1.239766
 2485.000000 1.247183
 2486.000000 1.255526
 2487.000000 1.264111
 2488.000000 1.272251
 2489.000000 1.279411
 2490.000000 1.285130
 2491.000000 1.289181
 2492.000000 1.291389
 2493.000000 1.291784
 2494.000000 1.290511
 2495.000000 1.287811
 2496.000000 1.284008
 2497.000000 1.279432
 2498.000000 1.274461
 2499.000000 1.269457
 2500.000000 1.264781
 2501.000000 1.260779
 2502.000000 1.257707
 2503.000000 1.255735
 2504.000000 1.254923
 2505.000000 1.255263
 2506.000000 1.256666
 2507.000000 1.258947
 2508.000000 1.261860
 2509.000000 1.265061
 2510.000000 1.268191
 2511.000000 1.270862
 2512.000000 1.272746
 2513.000000 1.273538
 2514.000000 1.273005
 2515.000000 1.271049
 2516.000000 1.267697
 2517.000000 1.263143
 2518.000000 1.257811
 2519.000000 1.252096
 2520.000000 1.246529
 2521.000000 1.241554
 2522.000000 1.237578
 2523.000000 1.234886
 2524.000000 1.233582
 2525.000000 1.233658
 2526.000000 1.234967
 2527.000000 1.237235
 2528.000000 1.240118
 2529.000000 1.243330
 2530.000000 1.246618
 2531.000000 1.249758
 2532.000000 1.252689
 2533.000000 1.255374
 2534.000000 1.257708
 2535.000000 1.259594
 2536.000000 1.260885
 2537.000000 1.261455
 2538.000000 1.261205
 2539.000000 1.260100
 2540.000000 1.258161
 2541.000000 1.255478
 2542.000000 1.252170
 2543.000000 1.248481
 2544.000000 1.244554
 2545.000000 1.240547
 2546.000000 1.236592
 2547.000000 1.232821
 2548.000000 1.229398
 2549.000000 1.226479
 2550.000000 1.224327
 2551.000000 1.223269
 2552.000000 1.223518
 2553.000000 1.225180
 2554.000000 1.228228
 2555.000000 1.232496
 2556.000000 1.237687
 2557.000000 1.243334
 2558.000000 1.249052
 2559.000000 1.254341
 2560.000000 1.258821
 2561.000000 1.262277
 2562.000000 1.264612
 2563.000000 1.265838
 2564.000000 1.265971
 2565.000000 1.265113
 2566.000000 1.263398
 2567.000000 1.260999
 2568.000000 1.258033
 2569.000000 1.254678
 2570.000000 1.251126
 2571.000000 1.247532
 2572.000000 1.244074
 2573.000000 1.240918
 2574.000000 1.238202
 2575.000000 1.236020
 2576.000000 1.234357
 2577.000000 1.233194
 2578.000000 1.232487
 2579.000000 1.232176
 2580.000000 1.232196
 2581.000000 1.232484
 2582.000000 1.232975
 2583.000000 1.233625
 2584.000000 1.234430
 2585.000000 1.235414
 2586.000000 1.236597
 2587.000000 1.237963
 2588.000000 1.239507
 2589.000000 1.241108
 2590.000000 1.242506
 2591.000000 1.243472
 2592.000000 1.243893
 2593.000000 1.243792
 2594.000000 1.243274
 2595.000000 1.242422
 2596.000000 1.241328
 2597.000000 1.240108
 2598.000000 1.238874
 2599.000000 1.237741
 2600.000000 1.236826
 2601.000000 1.236241
 2602.000000 1.236092
 2603.000000 1.236421
 2604.000000 1.237167
 2605.000000 1.238166
 2606.000000 1.239203
 2607.000000 1.240069
 2608.000000 1.240657
 2609.000000 1.240953
 2610.000000 1.241031
 2611.000000 1.241009
 2612.000000 1.241019
 2613.000000 1.241190
 2614.000000 1.241641
 2615.000000 1.242451
 2616.000000 1.243649
 2617.000000 1.245209
 2618.000000 1.247063
 2619.000000 1.249042
 2620.000000 1.250928
 2621.000000 1.252470
 2622.000000 1.253407
 2623.000000 1.253492
 2624.000000 1.252549
 2625.000000 1.250489
 2626.000000 1.247376
 2627.000000 1.243407
 2628.000000 1.238875
 2629.000000 1.234188
 2630.000000 1.229723
 2631.000000 1.225799
 2632.000000 1.222736
 2633.000000 1.220866
 2634.000000 1.220370
 2635.000000 1.221324
 2636.000000 1.223644
 2637.000000 1.227069
 2638.000000 1.231264
 2639.000000 1.235901
 2640.000000 1.240628
 2641.000000 1.245086
 2642.000000 1.249277
 2643.000000 1.253192
 2644.000000 1.256880
 2645.000000 1.260426
 2646.000000 1.263915
 2647.000000 1.267385
 2648.000000 1.270735
 2649.000000 1.273760
 2650.000000 1.276225
 2651.000000 1.277810
 2652.000000 1.278165
 2653.000000 1.276938
 2654.000000 1.273839
 2655.000000 1.268725
 2656.000000 1.261760
 2657.000000 1.253356
 2658.000000 1.244276
 2659.000000 1.235344
 2660.000000 1.227553
 2661.000000 1.221845
 2662.000000 1.218869
 2663.000000 1.218882
 2664.000000 1.221779
 2665.000000 1.227171
 2666.000000 1.234371
 2667.000000 1.242548
 2668.000000 1.250890
 2669.000000 1.258605
 2670.000000 1.265179
 2671.000000 1.270194
 2672.000000 1.273441
 2673.000000 1.274801
 2674.000000 1.274248
 2675.000000 1.271764
 2676.000000 1.267423
 2677.000000 1.261379
 2678.000000 1.253832
 2679.000000 1.245361
 2680.000000 1.236791
 2681.000000 1.228974
 2682.000000 1.222869
 2683.000000 1.219223
 2684.000000 1.218547
 2685.000000 1.221034
 2686.000000 1.226484
 2687.000000 1.234243
 2688.000000 1.243387
 2689.000000 1.252905
 2690.000000 1.261528
 2691.000000 1.268133
 2692.000000 1.272007
 2693.000000 1.272877
 2694.000000 1.270770
 2695.000000 1.266022
 2696.000000 1.259141
 2697.000000 1.250794
 2698.000000 1.241901
 2699.000000 1.233186
 2700.000000 1.225468
 2701.000000 1.219457
 2702.000000 1.215658
 2703.000000 1.214316
 2704.000000 1.215436
 2705.000000 1.218777
 2706.000000 1.223856
 2707.000000 1.230107
 2708.000000 1.236884
 2709.000000 1.243690
 2710.000000 1.250138
 2711.000000 1.255889
 2712.000000 1.260673
 2713.000000 1.264134
 2714.000000 1.266068
 2715.000000 1.266305
 2716.000000 1.264790
 2717.000000 1.261629
 2718.000000 1.257041
 2719.000000 1.251367
 2720.000000 1.245068
 2721.000000 1.238558
 2722.000000 1.232100
 2723.000000 1.226145
 2724.000000 1.220949
 2725.000000 1.216673
 2726.000000 1.213564
 2727.000000 1.211863
 2728.000000 1.211854
 2729.000000 1.213739
 2730.000000 1.217622
 2731.000000 1.223453
 2732.000000 1.230977
 2733.000000 1.239663
 2734.000000 1.248878
 2735.000000 1.257931
 2736.000000 1.266056
 2737.000000 1.272514
 2738.000000 1.276651
 2739.000000 1.277946
 2740.000000 1.276152
 2741.000000 1.271224
 2742.000000 1.263422
 2743.000000 1.253132
 2744.000000 1.241249
 2745.000000 1.228684
 2746.000000 1.216346
 2747.000000 1.205516
 2748.000000 1.197343
 2749.000000 1.192810
 2750.000000 1.192522
 2751.000000 1.196585
 2752.000000 1.204730
 2753.000000 1.216089
 2754.000000 1.229780
 2755.000000 1.244658
 2756.000000 1.259838
 2757.000000 1.274150
 2758.000000 1.286610
 2759.000000 1.296417
 2760.000000 1.302966
 2761.000000 1.305688
 2762.000000 1.304193
 2763.000000 1.298272
 2764.000000 1.287894
 2765.000000 1.273574
 2766.000000 1.256551
 2767.000000 1.238057
 2768.000000 1.219855
 2769.000000 1.203773
 2770.000000 1.191656
 2771.000000 1.185034
 2772.000000 1.184630
 2773.000000 1.190402
 2774.000000 1.201606
 2775.000000 1.216816
 2776.000000 1.234485
 2777.000000 1.252703
 2778.000000 1.269651
 2779.000000 1.284376
 2780.000000 1.295852
 2781.000000 1.303311
 2782.000000 1.306275
 2783.000000 1.304444
 2784.000000 1.297669
 2785.000000 1.286161
 2786.000000 1.270518
 2787.000000 1.251906
 2788.000000 1.231701
 2789.000000 1.211576
 2790.000000 1.193780
 2791.000000 1.180188
 2792.000000 1.172178
 2793.000000 1.170378
 2794.000000 1.174765
 2795.000000 1.184474
 2796.000000 1.198190
 2797.000000 1.214411
 2798.000000 1.231700
 2799.000000 1.248605
 2800.000000 1.264247
 2801.000000 1.277783
 2802.000000 1.288702
 2803.000000 1.296521
 2804.000000 1.300983
 2805.000000 1.301796
 2806.000000 1.298848
 2807.000000 1.292210
 2808.000000 1.282216
 2809.000000 1.269178
 2810.000000 1.253691
 2811.000000 1.236681
 2812.000000 1.219153
 2813.000000 1.202927
 2814.000000 1.189505
 2815.000000 1.180391
 2816.000000 1.176788
 2817.000000 1.179110
 2818.000000 1.187064
 2819.000000 1.199507
 2820.000000 1.214811
 2821.000000 1.231341
 2822.000000 1.247408
 2823.000000 1.261568
 2824.000000 1.272757
 2825.000000 1.280296
 2826.000000 1.283730
 2827.000000 1.282758
 2828.000000 1.277342
 2829.000000 1.267948
 2830.000000 1.255113
 2831.000000 1.239961
 2832.000000 1.224014
 2833.000000 1.209031
 2834.000000 1.196641
 2835.000000 1.188468
 2836.000000 1.185540
 2837.000000 1.188190
 2838.000000 1.196072
 2839.000000 1.208192
 2840.000000 1.223031
 2841.000000 1.239111
 2842.000000 1.254389
 2843.000000 1.267563
 2844.000000 1.277435
 2845.000000 1.283346
 2846.000000 1.285016
 2847.000000 1.282382
 2848.000000 1.275671
 2849.000000 1.265459
 2850.000000 1.252502
 2851.000000 1.237937
 2852.000000 1.222874
 2853.000000 1.208659
 2854.000000 1.196436
 2855.000000 1.187338
 2856.000000 1.182480
 2857.000000 1.182675
 2858.000000 1.188019
 2859.000000 1.197960
 2860.000000 1.211307
 2861.000000 1.226544
 2862.000000 1.242171
 2863.000000 1.257117
 2864.000000 1.270097
 2865.000000 1.280400
 2866.000000 1.287599
 2867.000000 1.291725
 2868.000000 1.292787
 2869.000000 1.290946
 2870.000000 1.286636
 2871.000000 1.280556
 2872.000000 1.273220
 2873.000000 1.265196
 2874.000000 1.256904
 2875.000000 1.248753
 2876.000000 1.240977
 2877.000000 1.233778
 2878.000000 1.227216
 2879.000000 1.221372
 2880.000000 1.216335
 2881.000000 1.212167
 2882.000000 1.209121
 2883.000000 1.207558
 2884.000000 1.207787
 2885.000000 1.209986
 2886.000000 1.214137
 2887.000000 1.220049
 2888.000000 1.227339
 2889.000000 1.235595
 2890.000000 1.244276
 2891.000000 1.252883
 2892.000000 1.260844
 2893.000000 1.267847
 2894.000000 1.273434
 2895.000000 1.277211
 2896.000000 1.278812
 2897.000000 1.277922
 2898.000000 1.274338
 2899.000000 1.268010
 2900.000000 1.259177
 2901.000000 1.248339
 2902.000000 1.236409
 2903.000000 1.224379
 2904.000000 1.213588
 2905.000000 1.205362
 2906.000000 1.200690
 2907.000000 1.200168
 2908.000000 1.203878
 2909.000000 1.211324
 2910.000000 1.221523
 2911.000000 1.233308
 2912.000000 1.245443
 2913.000000 1.256672
 2914.000000 1.266119
 2915.000000 1.272896
 2916.000000 1.276450
 2917.000000 1.276569
 2918.000000 1.273312
 2919.000000 1.267028
 2920.000000 1.258381
 2921.000000 1.248104
 2922.000000 1.237091
 2923.000000 1.226533
 2924.000000 1.217557
 2925.000000 1.211082
 2926.000000 1.207791
 2927.000000 1.207973
 2928.000000 1.211539
 2929.000000 1.218008
 2930.000000 1.226729
 2931.000000 1.236680
 2932.000000 1.246898
 2933.000000 1.256385
 2934.000000 1.264386
 2935.000000 1.270389
 2936.000000 1.273972
 2937.000000 1.274936
 2938.000000 1.273284
 2939.000000 1.269177
 2940.000000 1.262999
 2941.000000 1.255291
 2942.000000 1.246829
 2943.000000 1.238250
 2944.000000 1.230313
 2945.000000 1.223858
 2946.000000 1.219378
 2947.000000 1.217070
 2948.000000 1.216947
 2949.000000 1.218746
 2950.000000 1.222060
 2951.000000 1.226360
 2952.000000 1.231242
 2953.000000 1.236306
 2954.000000 1.241286
 2955.000000 1.245843
 2956.000000 1.249752
 2957.000000 1.252750
 2958.000000 1.254564
 2959.000000 1.254929
 2960.000000 1.253673
 2961.000000 1.250749
 2962.000000 1.246269
 2963.000000 1.240556
 2964.000000 1.233954
 2965.000000 1.227075
 2966.000000 1.220441
 2967.000000 1.214699
 2968.000000 1.210635
 2969.000000 1.208822
 2970.000000 1.209788
 2971.000000 1.213791
 2972.000000 1.220797
 2973.000000 1.230356
 2974.000000 1.241903
 2975.000000 1.254639
 2976.000000 1.267502
 2977.000000 1.279410
 2978.000000 1.289515
 2979.000000 1.296769
 2980.000000 1.300540
 2981.000000 1.300404
 2982.000000 1.296158
 2983.000000 1.287849
 2984.000000 1.275816
 2985.000000 1.260771
 2986.000000 1.243727
 2987.000000 1.226148
 2988.000000 1.209616
 2989.000000 1.195708
 2990.000000 1.186200
 2991.000000 1.182285
 2992.000000 1.184520
 2993.000000 1.192627
 2994.000000 1.205695
 2995.000000 1.222247
 2996.000000 1.240517
 2997.000000 1.258770
 2998.000000 1.275358
 2999.000000 1.288892
 3000.000000 1.298448
 3001.000000 1.303244
 3002.000000 1.302769
 3003.000000 1.296983
 3004.000000 1.286278
 3005.000000 1.271294
 3006.000000 1.253302
 3007.000000 1.233703
 3008.000000 1.214771
 3009.000000 1.198807
 3010.000000 1.187631
 3011.000000 1.182608
 3012.000000 1.184206
 3013.000000 1.192068
 3014.000000 1.204942
 3015.000000 1.220890
 3016.000000 1.238129
 3017.000000 1.254730
 3018.000000 1.269158
 3019.000000 1.280264
 3020.000000 1.287518
 3021.000000 1.290749
 3022.000000 1.290091
 3023.000000 1.285798
 3024.000000 1.278244
 3025.000000 1.267884
 3026.000000 1.255353
 3027.000000 1.241655
 3028.000000 1.227948
