#! FIELDS time d
 0.000000 1.498738
 1.000000 1.499496
 2.000000 1.501890
 3.000000 1.505887
 4.000000 1.511362
 5.000000 1.518136
 6.000000 1.525838
 7.000000 1.534120
 8.000000 1.542538
 9.000000 1.550819
 10.000000 1.558667
 11.000000 1.565896
 12.000000 1.572604
 13.000000 1.578883
 14.000000 1.584911
 15.000000 1.590808
 16.000000 1.596655
 17.000000 1.602483
 18.000000 1.608165
 19.000000 1.613601
 20.000000 1.618409
 21.000000 1.622178
 22.000000 1.624583
 23.000000 1.625276
 24.000000 1.624069
 25.000000 1.620958
 26.000000 1.616109
 27.000000 1.609722
 28.000000 1.602080
 29.000000 1.593353
 30.000000 1.583827
 31.000000 1.573482
 32.000000 1.562488
 33.000000 1.551089
 34.000000 1.539008
 35.000000 1.526469
 36.000000 1.513596
 37.000000 1.500738
 38.000000 1.488042
 39.000000 1.476003
 40.000000 1.465061
 41.000000 1.455339
 42.000000 1.446931
 43.000000 1.439776
 44.000000 1.433806
 45.000000 1.428882
 46.000000 1.424933
 47.000000 1.421845
 48.000000 1.419577
 49.000000 1.418237
 50.000000 1.418103
 51.000000 1.419516
 52.000000 1.422733
 53.000000 1.427852
 54.000000 1.434841
 55.000000 1.443618
 56.000000 1.453829
 57.000000 1.465294
 58.000000 1.477608
 59.000000 1.490170
 60.000000 1.502682
 61.000000 1.515114
 62.000000 1.527271
 63.000000 1.539091
 64.000000 1.550594
 65.000000 1.561843
 66.000000 1.572667
 67.000000 1.582792
 68.000000 1.592033
 69.000000 1.600243
 70.000000 1.607335
 71.000000 1.613245
 72.000000 1.617893
 73.000000 1.621233
 74.000000 1.623374
 75.000000 1.624518
 76.000000 1.624907
 77.000000 1.624732
 78.000000 1.624113
 79.000000 1.623071
 80.000000 1.621519
 81.000000 1.619296
 82.000000 1.616107
 83.000000 1.611612
 84.000000 1.605450
 85.000000 1.597286
 86.000000 1.587129
 87.000000 1.575149
 88.000000 1.561770
 89.000000 1.547814
 90.000000 1.534338
 91.000000 1.522139
 92.000000 1.511647
 93.000000 1.503312
 94.000000 1.497094
 95.000000 1.492709
 96.000000 1.489721
 97.000000 1.487713
 98.000000 1.486393
 99.000000 1.485757
 100.000000 1.486012
 101.000000 1.487460
 102.000000 1.490348
 103.000000 1.494876
 104.000000 1.501048
 105.000000 1.508613
 106.000000 1.517325
 107.000000 1.526776
 108.000000 1.536402
 109.000000 1.545403
 110.000000 1.553096
 111.000000 1.559128
 112.000000 1.563326
 113.000000 1.565739
 114.000000 1.566471
 115.000000 1.565683
 116.000000 1.563572
 117.000000 1.560304
 118.000000 1.556008
 119.000000 1.550792
 120.000000 1.544733
 121.000000 1.537871
 122.000000 1.530229
 123.000000 1.521808
 124.000000 1.512841
 125.000000 1.503716
 126.000000 1.495041
 127.000000 1.487304
 128.000000 1.480771
 129.000000 1.475685
 130.000000 1.472161
 131.000000 1.470065
 132.000000 1.469190
 133.000000 1.469204
 134.000000 1.469767
 135.000000 1.470688
 136.000000 1.472046
 137.000000 1.474181
 138.000000 1.477522
 139.000000 1.482411
 140.000000 1.489141
 141.000000 1.497656
 142.000000 1.507886
 143.000000 1.519458
 144.000000 1.531942
 145.000000 1.544724
 146.000000 1.556972
 147.000000 1.568174
 148.000000 1.577971
 149.000000 1.586116
 150.000000 1.592828
 151.000000 1.598412
 152.000000 1.603071
 153.000000 1.607006
 154.000000 1.610312
 155.000000 1.613075
 156.000000 1.615332
 157.000000 1.617051
 158.000000 1.618140
 159.000000 1.618457
 160.000000 1.617926
 161.000000 1.616558
 162.000000 1.614435
 163.000000 1.611572
 164.000000 1.607964
 165.000000 1.603524
 166.000000 1.598100
 167.000000 1.591493
 168.000000 1.583370
 169.000000 1.573405
 170.000000 1.561403
 171.000000 1.547349
 172.000000 1.531272
 173.000000 1.513623
 174.000000 1.495109
 175.000000 1.476745
 176.000000 1.459404
 177.000000 1.443780
 178.000000 1.430334
 179.000000 1.419344
 180.000000 1.411197
 181.000000 1.405907
 182.000000 1.403459
 183.000000 1.403609
 184.000000 1.405985
 185.000000 1.410329
 186.000000 1.416590
 187.000000 1.424646
 188.000000 1.434614
 189.000000 1.446495
 190.000000 1.460120
 191.000000 1.475577
 192.000000 1.492740
 193.000000 1.511144
 194.000000 1.530178
 195.000000 1.548882
 196.000000 1.566536
 197.000000 1.582407
 198.000000 1.596411
 199.000000 1.608970
 200.000000 1.620813
 201.000000 1.632551
 202.000000 1.644938
 203.000000 1.658758
 204.000000 1.674083
 205.000000 1.691060
 206.000000 1.708784
 207.000000 1.726214
 208.000000 1.742283
 209.000000 1.756060
 210.000000 1.767315
 211.000000 1.775959
 212.000000 1.782268
 213.000000 1.786542
 214.000000 1.789005
 215.000000 1.789980
 216.000000 1.789714
 217.000000 1.788340
 218.000000 1.785870
 219.000000 1.782203
 220.000000 1.777228
 221.000000 1.770714
 222.000000 1.762625
 223.000000 1.753022
 224.000000 1.742453
 225.000000 1.731748
 226.000000 1.721760
 227.000000 1.713346
 228.000000 1.707150
 229.000000 1.703765
 230.000000 1.703406
 231.000000 1.706048
 232.000000 1.711408
 233.000000 1.718946
 234.000000 1.728067
 235.000000 1.738166
 236.000000 1.748494
 237.000000 1.758900
 238.000000 1.769274
 239.000000 1.779409
 240.000000 1.789266
 241.000000 1.798863
 242.000000 1.808444
 243.000000 1.818373
 244.000000 1.828764
 245.000000 1.839587
 246.000000 1.850596
 247.000000 1.861401
 248.000000 1.871689
 249.000000 1.881387
 250.000000 1.890348
 251.000000 1.898554
 252.000000 1.906058
 253.000000 1.912907
 254.000000 1.919072
 255.000000 1.924411
 256.000000 1.928686
 257.000000 1.931684
 258.000000 1.933204
 259.000000 1.933026
 260.000000 1.931116
 261.000000 1.927707
 262.000000 1.923199
 263.000000 1.917995
 264.000000 1.912441
 265.000000 1.906783
 266.000000 1.901204
 267.000000 1.895760
 268.000000 1.890498
 269.000000 1.885318
 270.000000 1.880073
 271.000000 1.874549
 272.000000 1.868519
 273.000000 1.861838
 274.000000 1.854640
 275.000000 1.847091
 276.000000 1.839359
 277.000000 1.831718
 278.000000 1.824431
 279.000000 1.817714
 280.000000 1.811644
 281.000000 1.806265
 282.000000 1.801352
 283.000000 1.796632
 284.000000 1.791803
 285.000000 1.786614
 286.000000 1.780856
 287.000000 1.774449
 288.000000 1.767474
 289.000000 1.760029
 290.000000 1.752326
 291.000000 1.744510
 292.000000 1.736808
 293.000000 1.729442
 294.000000 1.722585
 295.000000 1.716281
 296.000000 1.710507
 297.000000 1.705207
 298.000000 1.700361
 299.000000 1.696218
 300.000000 1.692984
 301.000000 1.690856
 302.000000 1.689851
 303.000000 1.689816
 304.000000 1.690504
 305.000000 1.691626
 306.000000 1.692881
 307.000000 1.693986
 308.000000 1.694670
 309.000000 1.694694
 310.000000 1.693895
 311.000000 1.692226
 312.000000 1.689812
 313.000000 1.686858
 314.000000 1.683593
 315.000000 1.680281
 316.000000 1.677225
 317.000000 1.674660
 318.000000 1.672842
 319.000000 1.672030
 320.000000 1.672425
 321.000000 1.674192
 322.000000 1.677453
 323.000000 1.682209
 324.000000 1.688523
 325.000000 1.696301
 326.000000 1.705196
 327.000000 1.714796
 328.000000 1.724506
 329.000000 1.733681
 330.000000 1.741714
 331.000000 1.748037
 332.000000 1.752191
 333.000000 1.753997
 334.000000 1.753343
 335.000000 1.750266
 336.000000 1.745052
 337.000000 1.738301
 338.000000 1.730846
 339.000000 1.723569
 340.000000 1.717188
 341.000000 1.712187
 342.000000 1.708891
 343.000000 1.707309
 344.000000 1.707231
 345.000000 1.708308
 346.000000 1.710078
 347.000000 1.712010
 348.000000 1.713692
 349.000000 1.714924
 350.000000 1.715733
 351.000000 1.716335
 352.000000 1.716989
 353.000000 1.717913
 354.000000 1.719234
 355.000000 1.720949
 356.000000 1.722972
 357.000000 1.725144
 358.000000 1.727271
 359.000000 1.729191
 360.000000 1.730789
 361.000000 1.731983
 362.000000 1.732793
 363.000000 1.733244
 364.000000 1.733306
 365.000000 1.732874
 366.000000 1.731778
 367.000000 1.729806
 368.000000 1.726775
 369.000000 1.722563
 370.000000 1.717145
 371.000000 1.710699
 372.000000 1.703419
 373.000000 1.695565
 374.000000 1.687474
 375.000000 1.679674
 376.000000 1.672788
 377.000000 1.667044
 378.000000 1.662505
 379.000000 1.659154
 380.000000 1.656930
 381.000000 1.655645
 382.000000 1.654985
 383.000000 1.654536
 384.000000 1.653797
 385.000000 1.652240
 386.000000 1.649489
 387.000000 1.645448
 388.000000 1.640348
 389.000000 1.634472
 390.000000 1.628141
 391.000000 1.621459
 392.000000 1.614361
 393.000000 1.606635
 394.000000 1.597938
 395.000000 1.587879
 396.000000 1.576126
 397.000000 1.562754
 398.000000 1.547962
 399.000000 1.532334
 400.000000 1.516412
 401.000000 1.500953
 402.000000 1.486126
 403.000000 1.472243
 404.000000 1.459242
 405.000000 1.447167
 406.000000 1.436003
 407.000000 1.425995
 408.000000 1.417335
 409.000000 1.410284
 410.000000 1.404961
 411.000000 1.401613
 412.000000 1.400545
 413.000000 1.402081
 414.000000 1.406398
 415.000000 1.413459
 416.000000 1.423087
 417.000000 1.434684
 418.000000 1.447742
 419.000000 1.461306
 420.000000 1.474810
 421.000000 1.487690
 422.000000 1.499029
 423.000000 1.508524
 424.000000 1.516012
 425.000000 1.521726
 426.000000 1.525938
 427.000000 1.529173
 428.000000 1.531770
 429.000000 1.534001
 430.000000 1.536027
 431.000000 1.537933
 432.000000 1.539811
 433.000000 1.541696
 434.000000 1.543581
 435.000000 1.545384
 436.000000 1.547049
 437.000000 1.548506
 438.000000 1.549718
 439.000000 1.550608
 440.000000 1.551060
 441.000000 1.550892
 442.000000 1.549895
 443.000000 1.547844
 444.000000 1.544518
 445.000000 1.539735
 446.000000 1.533268
 447.000000 1.524947
 448.000000 1.514775
 449.000000 1.502910
 450.000000 1.489869
 451.000000 1.476287
 452.000000 1.462815
 453.000000 1.450156
 454.000000 1.438962
 455.000000 1.429785
 456.000000 1.422803
 457.000000 1.417965
 458.000000 1.414925
 459.000000 1.413035
 460.000000 1.411713
 461.000000 1.410641
 462.000000 1.409863
 463.000000 1.409698
 464.000000 1.410501
 465.000000 1.412492
 466.000000 1.415713
 467.000000 1.420006
 468.000000 1.425051
 469.000000 1.430473
 470.000000 1.435776
 471.000000 1.440503
 472.000000 1.444218
 473.000000 1.446620
 474.000000 1.447600
 475.000000 1.447205
 476.000000 1.445583
 477.000000 1.442942
 478.000000 1.439492
 479.000000 1.435391
 480.000000 1.430795
 481.000000 1.425827
 482.000000 1.420485
 483.000000 1.414752
 484.000000 1.408638
 485.000000 1.402241
 486.000000 1.395858
 487.000000 1.390014
 488.000000 1.385460
 489.000000 1.382846
 490.000000 1.382649
 491.000000 1.385030
 492.000000 1.389877
 493.000000 1.396768
 494.000000 1.404920
 495.000000 1.413549
 496.000000 1.421830
 497.000000 1.429134
 498.000000 1.435134
 499.000000 1.439889
 500.000000 1.443715
 501.000000 1.446960
 502.000000 1.449856
 503.000000 1.452658
 504.000000 1.455490
 505.000000 1.458342
 506.000000 1.461151
 507.000000 1.463769
 508.000000 1.465971
 509.000000 1.467432
 510.000000 1.467842
 511.000000 1.467038
 512.000000 1.465067
 513.000000 1.462112
 514.000000 1.458403
 515.000000 1.454178
 516.000000 1.449566
 517.000000 1.444688
 518.000000 1.439655
 519.000000 1.434473
 520.000000 1.429063
 521.000000 1.423288
 522.000000 1.417042
 523.000000 1.410513
 524.000000 1.404099
 525.000000 1.398525
 526.000000 1.394544
 527.000000 1.392715
 528.000000 1.393330
 529.000000 1.396383
 530.000000 1.401663
 531.000000 1.408571
 532.000000 1.416485
 533.000000 1.424930
 534.000000 1.433315
 535.000000 1.441274
 536.000000 1.448853
 537.000000 1.456215
 538.000000 1.463526
 539.000000 1.471019
 540.000000 1.478793
 541.000000 1.486697
 542.000000 1.494631
 543.000000 1.502489
 544.000000 1.509923
 545.000000 1.516689
 546.000000 1.522408
 547.000000 1.526806
 548.000000 1.529716
 549.000000 1.531143
 550.000000 1.531216
 551.000000 1.530150
 552.000000 1.528187
 553.000000 1.525598
 554.000000 1.522647
 555.000000 1.519490
 556.000000 1.516300
 557.000000 1.513141
 558.000000 1.510010
 559.000000 1.506910
 560.000000 1.503969
 561.000000 1.501488
 562.000000 1.499830
 563.000000 1.499363
 564.000000 1.500391
 565.000000 1.503074
 566.000000 1.507442
 567.000000 1.513336
 568.000000 1.520462
 569.000000 1.528493
 570.000000 1.536889
 571.000000 1.545118
 572.000000 1.552822
 573.000000 1.559809
 574.000000 1.566274
 575.000000 1.572420
 576.000000 1.578514
 577.000000 1.584723
 578.000000 1.591260
 579.000000 1.598342
 580.000000 1.606095
 581.000000 1.614706
 582.000000 1.624360
 583.000000 1.635340
 584.000000 1.647953
 585.000000 1.662412
 586.000000 1.678644
 587.000000 1.696706
 588.000000 1.715913
 589.000000 1.735563
 590.000000 1.755026
 591.000000 1.773533
 592.000000 1.790973
 593.000000 1.807349
 594.000000 1.822918
 595.000000 1.837851
 596.000000 1.852152
 597.000000 1.865669
 598.000000 1.878178
 599.000000 1.889861
 600.000000 1.900926
 601.000000 1.911646
 602.000000 1.922415
 603.000000 1.933655
 604.000000 1.945566
 605.000000 1.958197
 606.000000 1.971564
 607.000000 1.985307
 608.000000 1.998919
 609.000000 2.011999
 610.000000 2.024203
 611.000000 2.035244
 612.000000 2.045047
 613.000000 2.053560
 614.000000 2.060741
 615.000000 2.066539
 616.000000 2.071058
 617.000000 2.074360
 618.000000 2.076559
 619.000000 2.077767
 620.000000 2.078109
 621.000000 2.077700
 622.000000 2.076667
 623.000000 2.075160
 624.000000 2.073367
 625.000000 2.071502
 626.000000 2.069831
 627.000000 2.068567
 628.000000 2.067844
 629.000000 2.067755
 630.000000 2.068320
 631.000000 2.069503
 632.000000 2.071240
 633.000000 2.073429
 634.000000 2.075945
 635.000000 2.078750
 636.000000 2.081856
 637.000000 2.085359
 638.000000 2.089477
 639.000000 2.094436
 640.000000 2.100433
 641.000000 2.107473
 642.000000 2.115703
 643.000000 2.125077
 644.000000 2.135420
 645.000000 2.146607
 646.000000 2.158155
 647.000000 2.169472
 648.000000 2.179960
 649.000000 2.189240
 650.000000 2.197213
 651.000000 2.203995
 652.000000 2.209744
 653.000000 2.214625
 654.000000 2.218779
 655.000000 2.222326
 656.000000 2.225309
 657.000000 2.227704
 658.000000 2.229442
 659.000000 2.230353
 660.000000 2.230290
 661.000000 2.229198
 662.000000 2.227173
 663.000000 2.224411
 664.000000 2.221185
 665.000000 2.217571
 666.000000 2.213611
 667.000000 2.209212
 668.000000 2.204338
 669.000000 2.198923
 670.000000 2.192892
 671.000000 2.186190
 672.000000 2.178705
 673.000000 2.170528
 674.000000 2.161804
 675.000000 2.152611
 676.000000 2.143265
 677.000000 2.134173
 678.000000 2.125608
 679.000000 2.117698
 680.000000 2.110447
 681.000000 2.103656
 682.000000 2.096911
 683.000000 2.089582
 684.000000 2.081100
 685.000000 2.071081
 686.000000 2.059225
 687.000000 2.045240
 688.000000 2.029448
 689.000000 2.012534
 690.000000 1.995690
 691.000000 1.979908
 692.000000 1.966115
 693.000000 1.955068
 694.000000 1.947269
 695.000000 1.942875
 696.000000 1.941899
 697.000000 1.944149
 698.000000 1.949295
 699.000000 1.956843
 700.000000 1.966280
 701.000000 1.977152
 702.000000 1.988906
 703.000000 2.000963
 704.000000 2.012702
 705.000000 2.023588
 706.000000 2.033270
 707.000000 2.041390
 708.000000 2.047633
 709.000000 2.051998
 710.000000 2.054549
 711.000000 2.055371
 712.000000 2.054609
 713.000000 2.052481
 714.000000 2.049286
 715.000000 2.045415
 716.000000 2.041281
 717.000000 2.037182
 718.000000 2.033269
 719.000000 2.029604
 720.000000 2.026186
 721.000000 2.022833
 722.000000 2.019183
 723.000000 2.014767
 724.000000 2.009097
 725.000000 2.001692
 726.000000 1.992291
 727.000000 1.981003
 728.000000 1.968130
 729.000000 1.954249
 730.000000 1.940185
 731.000000 1.926753
 732.000000 1.914615
 733.000000 1.904183
 734.000000 1.895637
 735.000000 1.889147
 736.000000 1.884629
 737.000000 1.881891
 738.000000 1.880689
 739.000000 1.880773
 740.000000 1.881932
 741.000000 1.884008
 742.000000 1.886830
 743.000000 1.890232
 744.000000 1.894103
 745.000000 1.898336
 746.000000 1.902928
 747.000000 1.907865
 748.000000 1.913123
 749.000000 1.918680
 750.000000 1.924622
 751.000000 1.930912
 752.000000 1.937539
 753.000000 1.944458
 754.000000 1.951545
 755.000000 1.958759
 756.000000 1.965960
 757.000000 1.972974
 758.000000 1.979701
 759.000000 1.985819
 760.000000 1.991123
 761.000000 1.995311
 762.000000 1.998180
 763.000000 1.999560
 764.000000 1.999386
 765.000000 1.997761
 766.000000 1.994975
 767.000000 1.991424
 768.000000 1.987468
 769.000000 1.983437
 770.000000 1.979507
 771.000000 1.975699
 772.000000 1.971968
 773.000000 1.968080
 774.000000 1.963687
 775.000000 1.958422
 776.000000 1.952043
 777.000000 1.944394
 778.000000 1.935622
 779.000000 1.925953
 780.000000 1.915989
 781.000000 1.906205
 782.000000 1.897050
 783.000000 1.889035
 784.000000 1.882552
 785.000000 1.877772
 786.000000 1.874826
 787.000000 1.873743
 788.000000 1.874410
 789.000000 1.876718
 790.000000 1.880624
 791.000000 1.886122
 792.000000 1.893112
 793.000000 1.901445
 794.000000 1.910850
 795.000000 1.920886
 796.000000 1.931019
 797.000000 1.941043
 798.000000 1.950457
 799.000000 1.958837
 800.000000 1.965765
 801.000000 1.971211
 802.000000 1.975200
 803.000000 1.977876
 804.000000 1.979486
 805.000000 1.980340
 806.000000 1.980747
 807.000000 1.980986
 808.000000 1.981291
 809.000000 1.981840
 810.000000 1.982749
 811.000000 1.984055
 812.000000 1.985731
 813.000000 1.987637
 814.000000 1.989575
 815.000000 1.991423
 816.000000 1.993144
 817.000000 1.994835
 818.000000 1.996662
 819.000000 1.998782
 820.000000 2.001388
 821.000000 2.004561
 822.000000 2.008386
 823.000000 2.012894
 824.000000 2.018002
 825.000000 2.023539
 826.000000 2.029387
 827.000000 2.035292
 828.000000 2.041271
 829.000000 2.047453
 830.000000 2.054070
 831.000000 2.061219
 832.000000 2.068807
 833.000000 2.076767
 834.000000 2.084773
 835.000000 2.092597
 836.000000 2.100060
 837.000000 2.107011
 838.000000 2.113275
 839.000000 2.118926
 840.000000 2.124173
 841.000000 2.129292
 842.000000 2.134705
 843.000000 2.140851
 844.000000 2.148093
 845.000000 2.156594
 846.000000 2.166311
 847.000000 2.176930
 848.000000 2.188112
 849.000000 2.199267
 850.000000 2.210135
 851.000000 2.220268
 852.000000 2.229403
 853.000000 2.237261
 854.000000 2.243665
 855.000000 2.248582
 856.000000 2.252093
 857.000000 2.254329
 858.000000 2.255471
 859.000000 2.255750
 860.000000 2.255410
 861.000000 2.254693
 862.000000 2.253787
 863.000000 2.252841
 864.000000 2.251910
 865.000000 2.250971
 866.000000 2.249976
 867.000000 2.248909
 868.000000 2.247850
 869.000000 2.246913
 870.000000 2.246212
 871.000000 2.245862
 872.000000 2.245964
 873.000000 2.246608
 874.000000 2.247842
 875.000000 2.249670
 876.000000 2.251997
 877.000000 2.254697
 878.000000 2.257583
 879.000000 2.260632
 880.000000 2.264114
 881.000000 2.268560
 882.000000 2.274671
 883.000000 2.283085
 884.000000 2.294184
 885.000000 2.308305
 886.000000 2.325410
 887.000000 2.344790
 888.000000 2.365510
 889.000000 2.386648
 890.000000 2.406986
 891.000000 2.425732
 892.000000 2.442903
 893.000000 2.458666
 894.000000 2.473560
 895.000000 2.488169
 896.000000 2.502967
 897.000000 2.518274
 898.000000 2.534302
 899.000000 2.550992
 900.000000 2.567974
 901.000000 2.584853
 902.000000 2.600886
 903.000000 2.615334
 904.000000 2.627631
 905.000000 2.637666
 906.000000 2.645515
 907.000000 2.651846
 908.000000 2.657247
 909.000000 2.662235
 910.000000 2.667203
 911.000000 2.672413
 912.000000 2.678009
 913.000000 2.683882
 914.000000 2.689792
 915.000000 2.695349
 916.000000 2.700087
 917.000000 2.703811
 918.000000 2.706696
 919.000000 2.709295
 920.000000 2.712324
 921.000000 2.716438
 922.000000 2.722120
 923.000000 2.729672
 924.000000 2.739126
 925.000000 2.750303
 926.000000 2.762955
 927.000000 2.776703
 928.000000 2.791242
 929.000000 2.805847
 930.000000 2.819774
 931.000000 2.832769
 932.000000 2.844797
 933.000000 2.856370
 934.000000 2.868127
 935.000000 2.880680
 936.000000 2.894150
 937.000000 2.908709
 938.000000 2.924307
 939.000000 2.940782
 940.000000 2.957670
 941.000000 2.974449
 942.000000 2.990526
 943.000000 3.005172
 944.000000 3.016917
 945.000000 3.024093
 946.000000 3.026133
 947.000000 3.023458
 948.000000 3.017289
 949.000000 3.009294
 950.000000 3.001030
 951.000000 2.993948
 952.000000 2.988343
 953.000000 2.984006
 954.000000 2.980320
 955.000000 2.976467
 956.000000 2.971568
 957.000000 2.964867
 958.000000 2.956074
 959.000000 2.945451
 960.000000 2.933739
 961.000000 2.921545
 962.000000 2.909283
 963.000000 2.897035
 964.000000 2.884952
 965.000000 2.873302
 966.000000 2.861961
 967.000000 2.850958
 968.000000 2.840108
 969.000000 2.829237
 970.000000 2.818228
 971.000000 2.807239
 972.000000 2.796874
 973.000000 2.787973
 974.000000 2.781341
 975.000000 2.777408
 976.000000 2.776345
 977.000000 2.778048
 978.000000 2.782173
 979.000000 2.788175
 980.000000 2.795383
 981.000000 2.803042
 982.000000 2.810314
 983.000000 2.816543
 984.000000 2.821493
 985.000000 2.825245
 986.000000 2.828218
 987.000000 2.830846
 988.000000 2.833474
 989.000000 2.836322
 990.000000 2.839465
 991.000000 2.842777
 992.000000 2.845923
 993.000000 2.848338
 994.000000 2.849409
 995.000000 2.848438
 996.000000 2.844926
 997.000000 2.838770
 998.000000 2.830484
 999.000000 2.820877
 1000.000000 2.810734
 1001.000000 2.801143
 1002.000000 2.792652
 1003.000000 2.785359
 1004.000000 2.779360
 1005.000000 2.774407
 1006.000000 2.770169
 1007.000000 2.766087
 1008.000000 2.761493
 1009.000000 2.755837
 1010.000000 2.749035
 1011.000000 2.741463
 1012.000000 2.733883
 1013.000000 2.726949
 1014.000000 2.721282
 1015.000000 2.717234
 1016.000000 2.714997
 1017.000000 2.714437
 1018.000000 2.715185
 1019.000000 2.716694
 1020.000000 2.718279
 1021.000000 2.719254
 1022.000000 2.719095
 1023.000000 2.717707
 1024.000000 2.715516
 1025.000000 2.713320
 1026.000000 2.712015
 1027.000000 2.712370
 1028.000000 2.714984
 1029.000000 2.720250
 1030.000000 2.728268
 1031.000000 2.738985
 1032.000000 2.752009
 1033.000000 2.766911
 1034.000000 2.782821
 1035.000000 2.798816
 1036.000000 2.814387
 1037.000000 2.829131
 1038.000000 2.843095
 1039.000000 2.856451
 1040.000000 2.869305
 1041.000000 2.881481
 1042.000000 2.893017
 1043.000000 2.903797
 1044.000000 2.913678
 1045.000000 2.922341
 1046.000000 2.929535
 1047.000000 2.934909
 1048.000000 2.938171
 1049.000000 2.939341
 1050.000000 2.938923
 1051.000000 2.937842
 1052.000000 2.937199
 1053.000000 2.938014
 1054.000000 2.941118
 1055.000000 2.947140
 1056.000000 2.956350
 1057.000000 2.968600
 1058.000000 2.983781
 1059.000000 3.001040
 1060.000000 3.018788
 1061.000000 3.033735
 1062.000000 3.043012
 1063.000000 3.045348
 1064.000000 3.041110
 1065.000000 3.031948
 1066.000000 3.020139
 1067.000000 3.008289
 1068.000000 2.998950
 1069.000000 2.993672
 1070.000000 2.992619
 1071.000000 2.995404
 1072.000000 3.001290
 1073.000000 3.008993
 1074.000000 3.016606
 1075.000000 3.022624
 1076.000000 3.026275
 1077.000000 3.027575
 1078.000000 3.026951
 1079.000000 3.025010
 1080.000000 3.022414
 1081.000000 3.019793
 1082.000000 3.017353
 1083.000000 3.015022
 1084.000000 3.012575
 1085.000000 3.009666
 1086.000000 3.005914
 1087.000000 3.001266
 1088.000000 2.996315
 1089.000000 2.991823
 1090.000000 2.988597
 1091.000000 2.987283
 1092.000000 2.988199
 1093.000000 2.991399
 1094.000000 2.996576
 1095.000000 3.003092
 1096.000000 3.009511
 1097.000000 3.014101
 1098.000000 3.015378
 1099.000000 3.012426
 1100.000000 3.005346
 1101.000000 2.995489
 1102.000000 2.984419
 1103.000000 2.973105
 1104.000000 2.962650
 1105.000000 2.954078
 1106.000000 2.947985
 1107.000000 2.944560
 1108.000000 2.943562
 1109.000000 2.944437
 1110.000000 2.946339
 1111.000000 2.948170
 1112.000000 2.948878
 1113.000000 2.947796
 1114.000000 2.944935
 1115.000000 2.940861
 1116.000000 2.936332
 1117.000000 2.932064
 1118.000000 2.928696
 1119.000000 2.926693
 1120.000000 2.926228
 1121.000000 2.927145
 1122.000000 2.929038
 1123.000000 2.931342
 1124.000000 2.933298
 1125.000000 2.934205
 1126.000000 2.933767
 1127.000000 2.932233
 1128.000000 2.930251
 1129.000000 2.928570
 1130.000000 2.927825
 1131.000000 2.928538
 1132.000000 2.931092
 1133.000000 2.935621
 1134.000000 2.942071
 1135.000000 2.950107
 1136.000000 2.959258
 1137.000000 2.969173
 1138.000000 2.979221
 1139.000000 2.989007
 1140.000000 2.998786
 1141.000000 3.008935
 1142.000000 3.019035
 1143.000000 3.028088
 1144.000000 3.035167
 1145.000000 3.039425
 1146.000000 3.040129
 1147.000000 3.036892
 1148.000000 3.029735
 1149.000000 3.019162
 1150.000000 3.006231
 1151.000000 2.992237
 1152.000000 2.978254
 1153.000000 2.965133
 1154.000000 2.953970
 1155.000000 2.945825
 1156.000000 2.941444
 1157.000000 2.941308
 1158.000000 2.945574
 1159.000000 2.954004
 1160.000000 2.966026
 1161.000000 2.980572
 1162.000000 2.996684
 1163.000000 3.013144
 1164.000000 3.027104
 1165.000000 3.036067
 1166.000000 3.039136
 1167.000000 3.036848
 1168.000000 3.030683
 1169.000000 3.022722
 1170.000000 3.015005
 1171.000000 3.009421
 1172.000000 3.007058
 1173.000000 3.008172
 1174.000000 3.012208
 1175.000000 3.017818
 1176.000000 3.023301
 1177.000000 3.026896
 1178.000000 3.027729
 1179.000000 3.025968
 1180.000000 3.022467
 1181.000000 3.018332
 1182.000000 3.014649
 1183.000000 3.012304
 1184.000000 3.011753
 1185.000000 3.012866
 1186.000000 3.014998
 1187.000000 3.017189
 1188.000000 3.018283
 1189.000000 3.017290
 1190.000000 3.013945
 1191.000000 3.009138
 1192.000000 3.004638
 1193.000000 3.002332
 1194.000000 3.003522
 1195.000000 3.008702
 1196.000000 3.017523
 1197.000000 3.028689
 1198.000000 3.040137
 1199.000000 3.049363
 1200.000000 3.054157
 1201.000000 3.052888
 1202.000000 3.044951
 1203.000000 3.031232
 1204.000000 3.013954
 1205.000000 2.996289
 1206.000000 2.981014
 1207.000000 2.968956
 1208.000000 2.960592
 1209.000000 2.956103
 1210.000000 2.955304
 1211.000000 2.957674
 1212.000000 2.962407
 1213.000000 2.968536
 1214.000000 2.974904
 1215.000000 2.980612
 1216.000000 2.985333
 1217.000000 2.989367
 1218.000000 2.993386
 1219.000000 2.998140
 1220.000000 3.004140
 1221.000000 3.011247
 1222.000000 3.018723
 1223.000000 3.025349
 1224.000000 3.030006
 1225.000000 3.031631
 1226.000000 3.029451
 1227.000000 3.023257
 1228.000000 3.013591
 1229.000000 3.001822
 1230.000000 2.989936
 1231.000000 2.978929
 1232.000000 2.969153
 1233.000000 2.960803
 1234.000000 2.953907
 1235.000000 2.948218
 1236.000000 2.943107
 1237.000000 2.937915
 1238.000000 2.931758
 1239.000000 2.923676
 1240.000000 2.912787
 1241.000000 2.898413
 1242.000000 2.880126
 1243.000000 2.858184
 1244.000000 2.833794
 1245.000000 2.808204
 1246.000000 2.782596
 1247.000000 2.758289
 1248.000000 2.736109
 1249.000000 2.716084
 1250.000000 2.697965
 1251.000000 2.680741
 1252.000000 2.663653
 1253.000000 2.646191
 1254.000000 2.628123
 1255.000000 2.610042
 1256.000000 2.592660
 1257.000000 2.577171
 1258.000000 2.564474
 1259.000000 2.554937
 1260.000000 2.549031
 1261.000000 2.546842
 1262.000000 2.548147
 1263.000000 2.552472
 1264.000000 2.559169
 1265.000000 2.567466
 1266.000000 2.576473
 1267.000000 2.585736
 1268.000000 2.595061
 1269.000000 2.604623
 1270.000000 2.614793
 1271.000000 2.625841
 1272.000000 2.637817
 1273.000000 2.650610
 1274.000000 2.664055
 1275.000000 2.677892
 1276.000000 2.691662
 1277.000000 2.705077
 1278.000000 2.717972
 1279.000000 2.729961
 1280.000000 2.740985
 1281.000000 2.750988
 1282.000000 2.760412
 1283.000000 2.769673
 1284.000000 2.779138
 1285.000000 2.788776
 1286.000000 2.798271
 1287.000000 2.807135
 1288.000000 2.814895
 1289.000000 2.820927
 1290.000000 2.824485
 1291.000000 2.824895
 1292.000000 2.821672
 1293.000000 2.814664
 1294.000000 2.804136
 1295.000000 2.790803
 1296.000000 2.775853
 1297.000000 2.760246
 1298.000000 2.744545
 1299.000000 2.729107
 1300.000000 2.714065
 1301.000000 2.699326
 1302.000000 2.684479
 1303.000000 2.669275
 1304.000000 2.653505
 1305.000000 2.637074
 1306.000000 2.620216
 1307.000000 2.603545
 1308.000000 2.587444
 1309.000000 2.572479
 1310.000000 2.559505
 1311.000000 2.549293
 1312.000000 2.542221
 1313.000000 2.538684
 1314.000000 2.538889
 1315.000000 2.542752
 1316.000000 2.549940
 1317.000000 2.559883
 1318.000000 2.572013
 1319.000000 2.585528
 1320.000000 2.599614
 1321.000000 2.614097
 1322.000000 2.629388
 1323.000000 2.645592
 1324.000000 2.662428
 1325.000000 2.679157
 1326.000000 2.695287
 1327.000000 2.710352
 1328.000000 2.723994
 1329.000000 2.735813
 1330.000000 2.745625
 1331.000000 2.753259
 1332.000000 2.758609
 1333.000000 2.761735
 1334.000000 2.763154
 1335.000000 2.763660
 1336.000000 2.764104
 1337.000000 2.765241
 1338.000000 2.767639
 1339.000000 2.771640
 1340.000000 2.777308
 1341.000000 2.784476
 1342.000000 2.792617
 1343.000000 2.801130
 1344.000000 2.809184
 1345.000000 2.815997
 1346.000000 2.821016
 1347.000000 2.824048
 1348.000000 2.825320
 1349.000000 2.825218
 1350.000000 2.824157
 1351.000000 2.822514
 1352.000000 2.820549
 1353.000000 2.818392
 1354.000000 2.816029
 1355.000000 2.813280
 1356.000000 2.809903
 1357.000000 2.805548
 1358.000000 2.799953
 1359.000000 2.793173
 1360.000000 2.785616
 1361.000000 2.778034
 1362.000000 2.771015
 1363.000000 2.765137
 1364.000000 2.760687
 1365.000000 2.757957
 1366.000000 2.757015
 1367.000000 2.757672
 1368.000000 2.759537
 1369.000000 2.762076
 1370.000000 2.764644
 1371.000000 2.766708
 1372.000000 2.768027
 1373.000000 2.768748
 1374.000000 2.769315
 1375.000000 2.770294
 1376.000000 2.772205
 1377.000000 2.775416
 1378.000000 2.780094
 1379.000000 2.786199
 1380.000000 2.793377
 1381.000000 2.801157
 1382.000000 2.808949
 1383.000000 2.816054
 1384.000000 2.821688
 1385.000000 2.825443
 1386.000000 2.827352
 1387.000000 2.827757
 1388.000000 2.827181
 1389.000000 2.826147
 1390.000000 2.825046
 1391.000000 2.824134
 1392.000000 2.823431
 1393.000000 2.822787
 1394.000000 2.821893
 1395.000000 2.820324
 1396.000000 2.817621
 1397.000000 2.813451
 1398.000000 2.807692
 1399.000000 2.800573
 1400.000000 2.792543
 1401.000000 2.784219
 1402.000000 2.775931
 1403.000000 2.767745
 1404.000000 2.759589
 1405.000000 2.751332
 1406.000000 2.742530
 1407.000000 2.732785
 1408.000000 2.721552
 1409.000000 2.708424
 1410.000000 2.693081
 1411.000000 2.675670
 1412.000000 2.657137
 1413.000000 2.638541
 1414.000000 2.621011
 1415.000000 2.605415
 1416.000000 2.592040
 1417.000000 2.580884
 1418.000000 2.571908
 1419.000000 2.564892
 1420.000000 2.559433
 1421.000000 2.554913
 1422.000000 2.550716
 1423.000000 2.546355
 1424.000000 2.541677
 1425.000000 2.536855
 1426.000000 2.532269
 1427.000000 2.528375
 1428.000000 2.525585
 1429.000000 2.524064
 1430.000000 2.523798
 1431.000000 2.524516
 1432.000000 2.525732
 1433.000000 2.526803
 1434.000000 2.527005
 1435.000000 2.525654
 1436.000000 2.522231
 1437.000000 2.516523
 1438.000000 2.508759
 1439.000000 2.499568
 1440.000000 2.489639
 1441.000000 2.479520
 1442.000000 2.469570
 1443.000000 2.460015
 1444.000000 2.450751
 1445.000000 2.441702
 1446.000000 2.432581
 1447.000000 2.422986
 1448.000000 2.412516
 1449.000000 2.400791
 1450.000000 2.387628
 1451.000000 2.373311
 1452.000000 2.358502
 1453.000000 2.343701
 1454.000000 2.329513
 1455.000000 2.316556
 1456.000000 2.305129
 1457.000000 2.295413
 1458.000000 2.287351
 1459.000000 2.280718
 1460.000000 2.275293
 1461.000000 2.270658
 1462.000000 2.266474
 1463.000000 2.262558
 1464.000000 2.259026
 1465.000000 2.256207
 1466.000000 2.254435
 1467.000000 2.254019
 1468.000000 2.255126
 1469.000000 2.257777
 1470.000000 2.261813
 1471.000000 2.266985
 1472.000000 2.272870
 1473.000000 2.278949
 1474.000000 2.284746
 1475.000000 2.289882
 1476.000000 2.294290
 1477.000000 2.298129
 1478.000000 2.301953
 1479.000000 2.306442
 1480.000000 2.312236
 1481.000000 2.320025
 1482.000000 2.330312
 1483.000000 2.343523
 1484.000000 2.359574
 1485.000000 2.378183
 1486.000000 2.398339
 1487.000000 2.418727
 1488.000000 2.438310
 1489.000000 2.456139
 1490.000000 2.471971
 1491.000000 2.485982
 1492.000000 2.498615
 1493.000000 2.510361
 1494.000000 2.521611
 1495.000000 2.532419
 1496.000000 2.542728
 1497.000000 2.552410
 1498.000000 2.561308
 1499.000000 2.569153
 1500.000000 2.575782
 1501.000000 2.581258
 1502.000000 2.585758
 1503.000000 2.589707
 1504.000000 2.593800
 1505.000000 2.598778
 1506.000000 2.605316
 1507.000000 2.613866
 1508.000000 2.624779
 1509.000000 2.638066
 1510.000000 2.653135
 1511.000000 2.669162
 1512.000000 2.685076
 1513.000000 2.699719
 1514.000000 2.712384
 1515.000000 2.722843
 1516.000000 2.730988
 1517.000000 2.737276
 1518.000000 2.742206
 1519.000000 2.746432
 1520.000000 2.750463
 1521.000000 2.754667
 1522.000000 2.759364
 1523.000000 2.764708
 1524.000000 2.770773
 1525.000000 2.777449
 1526.000000 2.784589
 1527.000000 2.792108
 1528.000000 2.800119
 1529.000000 2.809031
 1530.000000 2.818987
 1531.000000 2.830207
 1532.000000 2.842618
 1533.000000 2.855923
 1534.000000 2.869217
 1535.000000 2.881598
 1536.000000 2.892359
 1537.000000 2.901077
 1538.000000 2.907469
 1539.000000 2.911382
 1540.000000 2.912836
 1541.000000 2.912013
 1542.000000 2.909259
 1543.000000 2.904961
 1544.000000 2.899519
 1545.000000 2.893285
 1546.000000 2.886448
 1547.000000 2.879266
 1548.000000 2.871926
 1549.000000 2.864484
 1550.000000 2.857127
 1551.000000 2.849871
 1552.000000 2.842855
 1553.000000 2.836231
 1554.000000 2.830371
 1555.000000 2.825666
 1556.000000 2.822605
 1557.000000 2.821672
 1558.000000 2.823190
 1559.000000 2.827319
 1560.000000 2.833980
 1561.000000 2.842822
 1562.000000 2.853501
 1563.000000 2.865220
 1564.000000 2.877279
 1565.000000 2.888913
 1566.000000 2.899764
 1567.000000 2.909803
 1568.000000 2.919442
 1569.000000 2.929075
 1570.000000 2.939278
 1571.000000 2.950612
 1572.000000 2.963446
 1573.000000 2.977723
 1574.000000 2.993266
 1575.000000 3.009385
 1576.000000 3.024391
 1577.000000 3.035717
 1578.000000 3.041466
 1579.000000 3.040960
 1580.000000 3.034472
 1581.000000 3.023105
 1582.000000 3.008828
 1583.000000 2.993846
 1584.000000 2.979584
 1585.000000 2.966279
 1586.000000 2.953691
 1587.000000 2.941430
 1588.000000 2.928965
 1589.000000 2.915510
 1590.000000 2.900527
 1591.000000 2.883896
 1592.000000 2.866304
 1593.000000 2.848944
 1594.000000 2.833072
 1595.000000 2.819632
 1596.000000 2.809099
 1597.000000 2.801588
 1598.000000 2.796936
 1599.000000 2.794691
 1600.000000 2.794307
 1601.000000 2.795170
 1602.000000 2.796689
 1603.000000 2.798392
 1604.000000 2.800008
 1605.000000 2.801550
 1606.000000 2.803264
 1607.000000 2.805514
 1608.000000 2.808708
 1609.000000 2.813294
 1610.000000 2.819755
 1611.000000 2.828456
 1612.000000 2.839476
 1613.000000 2.852609
 1614.000000 2.867350
 1615.000000 2.882720
 1616.000000 2.898186
 1617.000000 2.913489
 1618.000000 2.928832
 1619.000000 2.944860
 1620.000000 2.962328
 1621.000000 2.981631
 1622.000000 3.002694
 1623.000000 3.024175
 1624.000000 3.043212
 1625.000000 3.056692
 1626.000000 3.062704
 1627.000000 3.060362
 1628.000000 3.050007
 1629.000000 3.033385
 1630.000000 3.013023
 1631.000000 2.992309
 1632.000000 2.973559
 1633.000000 2.957272
 1634.000000 2.943331
 1635.000000 2.931336
 1636.000000 2.920586
 1637.000000 2.910298
 1638.000000 2.899743
 1639.000000 2.888435
 1640.000000 2.876115
 1641.000000 2.862904
 1642.000000 2.849339
 1643.000000 2.836194
 1644.000000 2.824220
 1645.000000 2.814084
 1646.000000 2.806360
 1647.000000 2.801454
 1648.000000 2.799642
 1649.000000 2.801096
 1650.000000 2.805903
 1651.000000 2.814075
 1652.000000 2.825574
 1653.000000 2.840021
 1654.000000 2.856937
 1655.000000 2.875498
 1656.000000 2.894952
 1657.000000 2.915000
 1658.000000 2.935853
 1659.000000 2.957910
 1660.000000 2.981601
 1661.000000 3.006772
 1662.000000 3.031726
 1663.000000 3.053392
 1664.000000 3.069130
 1665.000000 3.077063
 1666.000000 3.076457
 1667.000000 3.067852
 1668.000000 3.052873
 1669.000000 3.033977
 1670.000000 3.013790
 1671.000000 2.995086
 1672.000000 2.979695
 1673.000000 2.967788
 1674.000000 2.958880
 1675.000000 2.952305
 1676.000000 2.947238
 1677.000000 2.942910
 1678.000000 2.938811
 1679.000000 2.934679
 1680.000000 2.930534
 1681.000000 2.926630
 1682.000000 2.923286
 1683.000000 2.920902
 1684.000000 2.919781
 1685.000000 2.920103
 1686.000000 2.921909
 1687.000000 2.925094
 1688.000000 2.929440
 1689.000000 2.934765
 1690.000000 2.940867
 1691.000000 2.947803
 1692.000000 2.955706
 1693.000000 2.964868
 1694.000000 2.975692
 1695.000000 2.988478
 1696.000000 3.003072
 1697.000000 3.018623
 1698.000000 3.033160
 1699.000000 3.044901
 1700.000000 3.052685
 1701.000000 3.055812
 1702.000000 3.054233
 1703.000000 3.048564
 1704.000000 3.039978
 1705.000000 3.029830
 1706.000000 3.019668
 1707.000000 3.010921
 1708.000000 3.004589
 1709.000000 3.001117
 1710.000000 3.000384
 1711.000000 3.001751
 1712.000000 3.004252
 1713.000000 3.006788
 1714.000000 3.008471
 1715.000000 3.008808
 1716.000000 3.007851
 1717.000000 3.006170
 1718.000000 3.004692
 1719.000000 3.004477
 1720.000000 3.006368
 1721.000000 3.010722
 1722.000000 3.017281
 1723.000000 3.025149
 1724.000000 3.032967
 1725.000000 3.039127
 1726.000000 3.042241
 1727.000000 3.041482
 1728.000000 3.036847
 1729.000000 3.029015
 1730.000000 3.019271
 1731.000000 3.009514
 1732.000000 3.001519
 1733.000000 2.996826
 1734.000000 2.996106
 1735.000000 2.999585
 1736.000000 3.007243
 1737.000000 3.018005
 1738.000000 3.030247
 1739.000000 3.042034
 1740.000000 3.051299
 1741.000000 3.056294
 1742.000000 3.055893
 1743.000000 3.049706
 1744.000000 3.038252
 1745.000000 3.022958
 1746.000000 3.006006
 1747.000000 2.989632
 1748.000000 2.974954
 1749.000000 2.962149
 1750.000000 2.951293
 1751.000000 2.942081
 1752.000000 2.934815
 1753.000000 2.929653
 1754.000000 2.926859
 1755.000000 2.926815
 1756.000000 2.929738
 1757.000000 2.935657
 1758.000000 2.944262
 1759.000000 2.955005
 1760.000000 2.967233
 1761.000000 2.979927
 1762.000000 2.992226
 1763.000000 3.003496
 1764.000000 3.012975
 1765.000000 3.019366
 1766.000000 3.022390
 1767.000000 3.022538
 1768.000000 3.020768
 1769.000000 3.018307
 1770.000000 3.016379
 1771.000000 3.016089
 1772.000000 3.018311
 1773.000000 3.023398
 1774.000000 3.031019
 1775.000000 3.040183
 1776.000000 3.049319
 1777.000000 3.056478
 1778.000000 3.060077
 1779.000000 3.059147
 1780.000000 3.053381
 1781.000000 3.043281
 1782.000000 3.029859
 1783.000000 3.014528
 1784.000000 2.999185
 1785.000000 2.985523
 1786.000000 2.973849
 1787.000000 2.964166
 1788.000000 2.956263
 1789.000000 2.949847
 1790.000000 2.944632
 1791.000000 2.940699
 1792.000000 2.938599
 1793.000000 2.939107
 1794.000000 2.942989
 1795.000000 2.950992
 1796.000000 2.963660
 1797.000000 2.981254
 1798.000000 3.004174
 1799.000000 3.031024
 1800.000000 3.057428
 1801.000000 3.078649
 1802.000000 3.091061
 1803.000000 3.092296
 1804.000000 3.082378
 1805.000000 3.063649
 1806.000000 3.039518
 1807.000000 3.013695
 1808.000000 2.990157
 1809.000000 2.971014
 1810.000000 2.956394
 1811.000000 2.945573
 1812.000000 2.937527
 1813.000000 2.930953
 1814.000000 2.924450
 1815.000000 2.916892
 1816.000000 2.907530
 1817.000000 2.896257
 1818.000000 2.883215
 1819.000000 2.869059
 1820.000000 2.854811
 1821.000000 2.841462
 1822.000000 2.829713
 1823.000000 2.819952
 1824.000000 2.812065
 1825.000000 2.805664
 1826.000000 2.800166
 1827.000000 2.794838
 1828.000000 2.789099
 1829.000000 2.782720
 1830.000000 2.775843
 1831.000000 2.768685
 1832.000000 2.761218
 1833.000000 2.753307
 1834.000000 2.744852
 1835.000000 2.735716
 1836.000000 2.725600
 1837.000000 2.714230
 1838.000000 2.701267
 1839.000000 2.686697
 1840.000000 2.670529
 1841.000000 2.653296
 1842.000000 2.635719
 1843.000000 2.618895
 1844.000000 2.603331
 1845.000000 2.589740
 1846.000000 2.578411
 1847.000000 2.569472
 1848.000000 2.562582
 1849.000000 2.557279
 1850.000000 2.552922
 1851.000000 2.548731
 1852.000000 2.543886
 1853.000000 2.537741
 1854.000000 2.530183
 1855.000000 2.521749
 1856.000000 2.513507
 1857.000000 2.506519
 1858.000000 2.501584
 1859.000000 2.499320
 1860.000000 2.499934
 1861.000000 2.503229
 1862.000000 2.508550
 1863.000000 2.514943
 1864.000000 2.521218
 1865.000000 2.526090
 1866.000000 2.528497
 1867.000000 2.527840
 1868.000000 2.524256
 1869.000000 2.518524
 1870.000000 2.511681
 1871.000000 2.504743
 1872.000000 2.498527
 1873.000000 2.493602
 1874.000000 2.490360
 1875.000000 2.488925
 1876.000000 2.489069
 1877.000000 2.490350
 1878.000000 2.492105
 1879.000000 2.493600
 1880.000000 2.494408
 1881.000000 2.494594
 1882.000000 2.494629
 1883.000000 2.495105
 1884.000000 2.496543
 1885.000000 2.499378
 1886.000000 2.503916
 1887.000000 2.510304
 1888.000000 2.518540
 1889.000000 2.528574
 1890.000000 2.539818
 1891.000000 2.551468
 1892.000000 2.562747
 1893.000000 2.573166
 1894.000000 2.582676
 1895.000000 2.591837
 1896.000000 2.601313
 1897.000000 2.611731
 1898.000000 2.623358
 1899.000000 2.636182
 1900.000000 2.650015
 1901.000000 2.664380
 1902.000000 2.678466
 1903.000000 2.691358
 1904.000000 2.702165
 1905.000000 2.710134
 1906.000000 2.715243
 1907.000000 2.718031
 1908.000000 2.719354
 1909.000000 2.720015
 1910.000000 2.720654
 1911.000000 2.721720
 1912.000000 2.723378
 1913.000000 2.725396
 1914.000000 2.727271
 1915.000000 2.728240
 1916.000000 2.727376
 1917.000000 2.723675
 1918.000000 2.716297
 1919.000000 2.705042
 1920.000000 2.690690
 1921.000000 2.674525
 1922.000000 2.657708
 1923.000000 2.641467
 1924.000000 2.626730
 1925.000000 2.614381
 1926.000000 2.604658
 1927.000000 2.597453
 1928.000000 2.592328
 1929.000000 2.588505
 1930.000000 2.585078
 1931.000000 2.581317
 1932.000000 2.577082
 1933.000000 2.572805
 1934.000000 2.569328
 1935.000000 2.567433
 1936.000000 2.567723
 1937.000000 2.570575
 1938.000000 2.576116
 1939.000000 2.584137
 1940.000000 2.594174
 1941.000000 2.605676
 1942.000000 2.617742
 1943.000000 2.629301
 1944.000000 2.639497
 1945.000000 2.648129
 1946.000000 2.655413
 1947.000000 2.661677
 1948.000000 2.667050
 1949.000000 2.671318
 1950.000000 2.674144
 1951.000000 2.675039
 1952.000000 2.673313
 1953.000000 2.668207
 1954.000000 2.658967
 1955.000000 2.644858
 1956.000000 2.625588
 1957.000000 2.601472
 1958.000000 2.573873
 1959.000000 2.544952
 1960.000000 2.516860
 1961.000000 2.490506
 1962.000000 2.465764
 1963.000000 2.442077
 1964.000000 2.419487
 1965.000000 2.399097
 1966.000000 2.381550
 1967.000000 2.367014
 1968.000000 2.354970
 1969.000000 2.344638
 1970.000000 2.335403
 1971.000000 2.327037
 1972.000000 2.319955
 1973.000000 2.314594
 1974.000000 2.311473
 1975.000000 2.311012
 1976.000000 2.313528
 1977.000000 2.319234
 1978.000000 2.328195
 1979.000000 2.340203
 1980.000000 2.354645
 1981.000000 2.370529
 1982.000000 2.386609
 1983.000000 2.401882
 1984.000000 2.415616
 1985.000000 2.427779
 1986.000000 2.438475
 1987.000000 2.447896
 1988.000000 2.456348
 1989.000000 2.464191
 1990.000000 2.471628
 1991.000000 2.478758
 1992.000000 2.485371
 1993.000000 2.491443
 1994.000000 2.496635
 1995.000000 2.500567
 1996.000000 2.503197
 1997.000000 2.505043
 1998.000000 2.506994
 1999.000000 2.509959
 2000.000000 2.514688
 2001.000000 2.521813
 2002.000000 2.531981
 2003.000000 2.545490
 2004.000000 2.561982
 2005.000000 2.580405
 2006.000000 2.599224
 2007.000000 2.616371
 2008.000000 2.630068
 2009.000000 2.639524
 2010.000000 2.645044
 2011.000000 2.647680
 2012.000000 2.648434
 2013.000000 2.648211
 2014.000000 2.647736
 2015.000000 2.647412
 2016.000000 2.647182
 2017.000000 2.646617
 2018.000000 2.645065
 2019.000000 2.641669
 2020.000000 2.635583
 2021.000000 2.626304
 2022.000000 2.614234
 2023.000000 2.600616
 2024.000000 2.587238
 2025.000000 2.575868
 2026.000000 2.567871
 2027.000000 2.564274
 2028.000000 2.565422
 2029.000000 2.571034
 2030.000000 2.580300
 2031.000000 2.592050
 2032.000000 2.604743
 2033.000000 2.616650
 2034.000000 2.626578
 2035.000000 2.634414
 2036.000000 2.640859
 2037.000000 2.646742
 2038.000000 2.652727
 2039.000000 2.659322
 2040.000000 2.666802
 2041.000000 2.675136
 2042.000000 2.683987
 2043.000000 2.692700
 2044.000000 2.700638
 2045.000000 2.706844
 2046.000000 2.710446
 2047.000000 2.711171
 2048.000000 2.709529
 2049.000000 2.706506
 2050.000000 2.703098
 2051.000000 2.700074
 2052.000000 2.697978
 2053.000000 2.697130
 2054.000000 2.697357
 2055.000000 2.698142
 2056.000000 2.698752
 2057.000000 2.698224
 2058.000000 2.695470
 2059.000000 2.689700
 2060.000000 2.680892
 2061.000000 2.669877
 2062.000000 2.657693
 2063.000000 2.645299
 2064.000000 2.633499
 2065.000000 2.623322
 2066.000000 2.615267
 2067.000000 2.609254
 2068.000000 2.604916
 2069.000000 2.601503
 2070.000000 2.597937
 2071.000000 2.593078
 2072.000000 2.586479
 2073.000000 2.578688
 2074.000000 2.570982
 2075.000000 2.564661
 2076.000000 2.560827
 2077.000000 2.560185
 2078.000000 2.563053
 2079.000000 2.569196
 2080.000000 2.577911
 2081.000000 2.588073
 2082.000000 2.598311
 2083.000000 2.607118
 2084.000000 2.613349
 2085.000000 2.616825
 2086.000000 2.618311
 2087.000000 2.619024
 2088.000000 2.620059
 2089.000000 2.622184
 2090.000000 2.625819
 2091.000000 2.630969
 2092.000000 2.636929
 2093.000000 2.642660
 2094.000000 2.646951
 2095.000000 2.648577
 2096.000000 2.646334
 2097.000000 2.639586
 2098.000000 2.628656
 2099.000000 2.614860
 2100.000000 2.600042
 2101.000000 2.585769
 2102.000000 2.573248
 2103.000000 2.563447
 2104.000000 2.556485
 2105.000000 2.552046
 2106.000000 2.549485
 2107.000000 2.547834
 2108.000000 2.546000
 2109.000000 2.543017
 2110.000000 2.538612
 2111.000000 2.533353
 2112.000000 2.528369
 2113.000000 2.524879
 2114.000000 2.523939
 2115.000000 2.526499
 2116.000000 2.533393
 2117.000000 2.544997
 2118.000000 2.561234
 2119.000000 2.581498
 2120.000000 2.603976
 2121.000000 2.626449
 2122.000000 2.647282
 2123.000000 2.665265
 2124.000000 2.680598
 2125.000000 2.694114
 2126.000000 2.706341
 2127.000000 2.717827
 2128.000000 2.728943
 2129.000000 2.739700
 2130.000000 2.749911
 2131.000000 2.758975
 2132.000000 2.766190
 2133.000000 2.770768
 2134.000000 2.771906
 2135.000000 2.769248
 2136.000000 2.763344
 2137.000000 2.755397
 2138.000000 2.746690
 2139.000000 2.738251
 2140.000000 2.730799
 2141.000000 2.724728
 2142.000000 2.719964
 2143.000000 2.716100
 2144.000000 2.712553
 2145.000000 2.708638
 2146.000000 2.703543
 2147.000000 2.696587
 2148.000000 2.687891
 2149.000000 2.678668
 2150.000000 2.670343
 2151.000000 2.664111
 2152.000000 2.660674
 2153.000000 2.660352
 2154.000000 2.662911
 2155.000000 2.667591
 2156.000000 2.673450
 2157.000000 2.679751
 2158.000000 2.685347
 2159.000000 2.688912
 2160.000000 2.689496
 2161.000000 2.686995
 2162.000000 2.682197
 2163.000000 2.676361
 2164.000000 2.670861
 2165.000000 2.666829
 2166.000000 2.665203
 2167.000000 2.666529
 2168.000000 2.670897
 2169.000000 2.678091
 2170.000000 2.687761
 2171.000000 2.699497
 2172.000000 2.712279
 2173.000000 2.725392
 2174.000000 2.738380
 2175.000000 2.751424
 2176.000000 2.765022
 2177.000000 2.779758
 2178.000000 2.796132
 2179.000000 2.814689
 2180.000000 2.835295
 2181.000000 2.857239
 2182.000000 2.879315
 2183.000000 2.899969
 2184.000000 2.918376
 2185.000000 2.934583
 2186.000000 2.948782
 2187.000000 2.961958
 2188.000000 2.975079
 2189.000000 2.989105
 2190.000000 3.004651
 2191.000000 3.021567
 2192.000000 3.037510
 2193.000000 3.050372
 2194.000000 3.058282
 2195.000000 3.059808
 2196.000000 3.054212
 2197.000000 3.041676
 2198.000000 3.023640
 2199.000000 3.002320
 2200.000000 2.980546
 2201.000000 2.959875
 2202.000000 2.940529
 2203.000000 2.922568
 2204.000000 2.905659
 2205.000000 2.889707
 2206.000000 2.874682
 2207.000000 2.860965
 2208.000000 2.848460
 2209.000000 2.836920
 2210.000000 2.826014
 2211.000000 2.815412
 2212.000000 2.804605
 2213.000000 2.793323
 2214.000000 2.781796
 2215.000000 2.770551
 2216.000000 2.760246
 2217.000000 2.751701
 2218.000000 2.745445
 2219.000000 2.741830
 2220.000000 2.740999
 2221.000000 2.742845
 2222.000000 2.746996
 2223.000000 2.752843
 2224.000000 2.759779
 2225.000000 2.767251
 2226.000000 2.774974
 2227.000000 2.783021
 2228.000000 2.791842
 2229.000000 2.801856
 2230.000000 2.813411
 2231.000000 2.826770
 2232.000000 2.841630
 2233.000000 2.857547
 2234.000000 2.873505
 2235.000000 2.888405
 2236.000000 2.901279
 2237.000000 2.911649
 2238.000000 2.919556
 2239.000000 2.925575
 2240.000000 2.930558
 2241.000000 2.935265
 2242.000000 2.940485
 2243.000000 2.946778
 2244.000000 2.954396
 2245.000000 2.963443
 2246.000000 2.973633
 2247.000000 2.984492
 2248.000000 2.995421
 2249.000000 3.005860
 2250.000000 3.014472
 2251.000000 3.020080
 2252.000000 3.022562
 2253.000000 3.022661
 2254.000000 3.021676
 2255.000000 3.020974
 2256.000000 3.021621
 2257.000000 3.024114
 2258.000000 3.028294
 2259.000000 3.033429
 2260.000000 3.038339
 2261.000000 3.041803
 2262.000000 3.042708
 2263.000000 3.040405
 2264.000000 3.035015
 2265.000000 3.027557
 2266.000000 3.019516
 2267.000000 3.012642
 2268.000000 3.008478
 2269.000000 3.007996
 2270.000000 3.011465
 2271.000000 3.018379
 2272.000000 3.027490
 2273.000000 3.036948
 2274.000000 3.044814
 2275.000000 3.049393
 2276.000000 3.049720
 2277.000000 3.045945
 2278.000000 3.039136
 2279.000000 3.030893
 2280.000000 3.023037
 2281.000000 3.017271
 2282.000000 3.014666
 2283.000000 3.015478
 2284.000000 3.019399
 2285.000000 3.025493
 2286.000000 3.032491
 2287.000000 3.038955
 2288.000000 3.043664
 2289.000000 3.045922
 2290.000000 3.045784
 2291.000000 3.043744
 2292.000000 3.040537
 2293.000000 3.036837
 2294.000000 3.033195
 2295.000000 3.029928
 2296.000000 3.027091
 2297.000000 3.024451
 2298.000000 3.021686
 2299.000000 3.018489
 2300.000000 3.014644
 2301.000000 3.010277
 2302.000000 3.005908
 2303.000000 3.002538
 2304.000000 3.001158
 2305.000000 3.002547
 2306.000000 3.007053
 2307.000000 3.014598
 2308.000000 3.024443
 2309.000000 3.035559
 2310.000000 3.046373
 2311.000000 3.055249
 2312.000000 3.060591
 2313.000000 3.061216
 2314.000000 3.056822
 2315.000000 3.048069
 2316.000000 3.036436
 2317.000000 3.023651
 2318.000000 3.011676
 2319.000000 3.001925
 2320.000000 2.995374
 2321.000000 2.992020
 2322.000000 2.991297
 2323.000000 2.992625
 2324.000000 2.995413
 2325.000000 2.999214
 2326.000000 3.003786
 2327.000000 3.008829
 2328.000000 3.014256
 2329.000000 3.020237
 2330.000000 3.026911
 2331.000000 3.034300
 2332.000000 3.042036
 2333.000000 3.049565
 2334.000000 3.056127
 2335.000000 3.060732
 2336.000000 3.062419
 2337.000000 3.060645
 2338.000000 3.055498
 2339.000000 3.047687
 2340.000000 3.038307
 2341.000000 3.028880
 2342.000000 3.020797
 2343.000000 3.015310
 2344.000000 3.013314
 2345.000000 3.015290
 2346.000000 3.021098
 2347.000000 3.029946
 2348.000000 3.040476
 2349.000000 3.050785
 2350.000000 3.058749
 2351.000000 3.062491
 2352.000000 3.060922
 2353.000000 3.054158
 2354.000000 3.043421
 2355.000000 3.030727
 2356.000000 3.018158
 2357.000000 3.007652
 2358.000000 3.000509
 2359.000000 2.997416
 2360.000000 2.998343
 2361.000000 3.003051
 2362.000000 3.011017
 2363.000000 3.021227
 2364.000000 3.032342
 2365.000000 3.043141
 2366.000000 3.052455
 2367.000000 3.059531
 2368.000000 3.063832
 2369.000000 3.065248
 2370.000000 3.064024
 2371.000000 3.060711
 2372.000000 3.055976
 2373.000000 3.050443
 2374.000000 3.044614
 2375.000000 3.038754
 2376.000000 3.032892
 2377.000000 3.027007
 2378.000000 3.021196
 2379.000000 3.015784
 2380.000000 3.011306
 2381.000000 3.008402
 2382.000000 3.007718
 2383.000000 3.009669
 2384.000000 3.014429
 2385.000000 3.021839
 2386.000000 3.031501
 2387.000000 3.042456
 2388.000000 3.053534
 2389.000000 3.063240
 2390.000000 3.069798
 2391.000000 3.071971
 2392.000000 3.069462
 2393.000000 3.062924
 2394.000000 3.053769
 2395.000000 3.043655
 2396.000000 3.033999
 2397.000000 3.025880
 2398.000000 3.019747
 2399.000000 3.015812
 2400.000000 3.013955
 2401.000000 3.013809
 2402.000000 3.014904
 2403.000000 3.016832
 2404.000000 3.019410
 2405.000000 3.022734
 2406.000000 3.026989
 2407.000000 3.032417
 2408.000000 3.039115
 2409.000000 3.046878
 2410.000000 3.055076
 2411.000000 3.062729
 2412.000000 3.068558
 2413.000000 3.071490
 2414.000000 3.070815
 2415.000000 3.066535
 2416.000000 3.059381
 2417.000000 3.050566
 2418.000000 3.041614
 2419.000000 3.033981
 2420.000000 3.028914
 2421.000000 3.027188
 2422.000000 3.029196
 2423.000000 3.034892
 2424.000000 3.043663
 2425.000000 3.054207
 2426.000000 3.064480
 2427.000000 3.072297
 2428.000000 3.075605
 2429.000000 3.073213
 2430.000000 3.065465
 2431.000000 3.054012
 2432.000000 3.040804
 2433.000000 3.027887
 2434.000000 3.016625
 2435.000000 3.008029
 2436.000000 3.002614
 2437.000000 3.000417
 2438.000000 3.001230
 2439.000000 3.004607
 2440.000000 3.009918
 2441.000000 3.016549
 2442.000000 3.024094
 2443.000000 3.032469
 2444.000000 3.041618
 2445.000000 3.051296
 2446.000000 3.060954
 2447.000000 3.069483
 2448.000000 3.075649
 2449.000000 3.078397
 2450.000000 3.077190
 2451.000000 3.072226
 2452.000000 3.064446
 2453.000000 3.055039
 2454.000000 3.045291
 2455.000000 3.036168
 2456.000000 3.028375
 2457.000000 3.022543
 2458.000000 3.019146
 2459.000000 3.018439
 2460.000000 3.020477
 2461.000000 3.025162
 2462.000000 3.032193
 2463.000000 3.041056
 2464.000000 3.050981
 2465.000000 3.060661
 2466.000000 3.068514
 2467.000000 3.073126
 2468.000000 3.073779
 2469.000000 3.070605
 2470.000000 3.064672
 2471.000000 3.057612
 2472.000000 3.051004
 2473.000000 3.046022
 2474.000000 3.043387
 2475.000000 3.043294
 2476.000000 3.045567
 2477.000000 3.049704
 2478.000000 3.054942
 2479.000000 3.060279
 2480.000000 3.064722
 2481.000000 3.067694
 2482.000000 3.069014
 2483.000000 3.068914
 2484.000000 3.067920
 2485.000000 3.066651
 2486.000000 3.065674
 2487.000000 3.065307
 2488.000000 3.065537
 2489.000000 3.065993
 2490.000000 3.066023
 2491.000000 3.064866
 2492.000000 3.061855
 2493.000000 3.056646
 2494.000000 3.049339
 2495.000000 3.040424
 2496.000000 3.030600
 2497.000000 3.020574
 2498.000000 3.011094
 2499.000000 3.002915
 2500.000000 2.996737
 2501.000000 2.992839
 2502.000000 2.991172
 2503.000000 2.991736
 2504.000000 2.994544
 2505.000000 2.999674
 2506.000000 3.007084
 2507.000000 3.016161
 2508.000000 3.026204
 2509.000000 3.036367
 2510.000000 3.045871
 2511.000000 3.053813
 2512.000000 3.059473
 2513.000000 3.062250
 2514.000000 3.061892
 2515.000000 3.058634
 2516.000000 3.053053
 2517.000000 3.045950
 2518.000000 3.038314
 2519.000000 3.030847
 2520.000000 3.024320
 2521.000000 3.019374
 2522.000000 3.016597
 2523.000000 3.016483
 2524.000000 3.019292
 2525.000000 3.025014
 2526.000000 3.033299
 2527.000000 3.043296
 2528.000000 3.053705
 2529.000000 3.063028
 2530.000000 3.069524
 2531.000000 3.071709
 2532.000000 3.069131
 2533.000000 3.062543
 2534.000000 3.053725
 2535.000000 3.044707
 2536.000000 3.037403
 2537.000000 3.033264
 2538.000000 3.033273
 2539.000000 3.037959
 2540.000000 3.047311
 2541.000000 3.060595
 2542.000000 3.076236
 2543.000000 3.091098
 2544.000000 3.101844
 2545.000000 3.105545
 2546.000000 3.101022
 2547.000000 3.089429
 2548.000000 3.073696
 2549.000000 3.056973
 2550.000000 3.041911
 2551.000000 3.030423
 2552.000000 3.023141
 2553.000000 3.020249
 2554.000000 3.021520
 2555.000000 3.026488
 2556.000000 3.034426
 2557.000000 3.044270
 2558.000000 3.054913
 2559.000000 3.064793
 2560.000000 3.072417
 2561.000000 3.076736
 2562.000000 3.077435
 2563.000000 3.074890
 2564.000000 3.070089
 2565.000000 3.064308
 2566.000000 3.058617
 2567.000000 3.053805
 2568.000000 3.050148
 2569.000000 3.047649
 2570.000000 3.046092
 2571.000000 3.045205
 2572.000000 3.044849
 2573.000000 3.045066
 2574.000000 3.046025
 2575.000000 3.047913
 2576.000000 3.050864
 2577.000000 3.054814
 2578.000000 3.059492
 2579.000000 3.064420
 2580.000000 3.068952
 2581.000000 3.072380
 2582.000000 3.074089
 2583.000000 3.073847
 2584.000000 3.071879
 2585.000000 3.068826
 2586.000000 3.065596
 2587.000000 3.063095
 2588.000000 3.061949
 2589.000000 3.062395
 2590.000000 3.064283
 2591.000000 3.067106
 2592.000000 3.070073
 2593.000000 3.072288
 2594.000000 3.072863
 2595.000000 3.071172
 2596.000000 3.067045
 2597.000000 3.060731
 2598.000000 3.052869
 2599.000000 3.044367
 2600.000000 3.036094
 2601.000000 3.028690
 2602.000000 3.022420
 2603.000000 3.017239
 2604.000000 3.012963
 2605.000000 3.009156
 2606.000000 3.005154
 2607.000000 3.000310
 2608.000000 2.993888
 2609.000000 2.984992
 2610.000000 2.972627
 2611.000000 2.956319
 2612.000000 2.935842
 2613.000000 2.912331
 2614.000000 2.887078
 2615.000000 2.862464
 2616.000000 2.841080
 2617.000000 2.824819
 2618.000000 2.814125
 2619.000000 2.808827
 2620.000000 2.808149
 2621.000000 2.810906
 2622.000000 2.815703
 2623.000000 2.821011
 2624.000000 2.825360
 2625.000000 2.827513
 2626.000000 2.826480
 2627.000000 2.821721
 2628.000000 2.813239
 2629.000000 2.801663
 2630.000000 2.787907
 2631.000000 2.772860
 2632.000000 2.757457
 2633.000000 2.742870
 2634.000000 2.729877
 2635.000000 2.719040
 2636.000000 2.710899
 2637.000000 2.705953
 2638.000000 2.704555
 2639.000000 2.706959
 2640.000000 2.713307
 2641.000000 2.723417
 2642.000000 2.737439
 2643.000000 2.754918
 2644.000000 2.774911
 2645.000000 2.796206
 2646.000000 2.817477
 2647.000000 2.837196
 2648.000000 2.853210
 2649.000000 2.863579
 2650.000000 2.867663
 2651.000000 2.866176
 2652.000000 2.860923
 2653.000000 2.854311
 2654.000000 2.848651
 2655.000000 2.845673
 2656.000000 2.846374
 2657.000000 2.851011
 2658.000000 2.859115
 2659.000000 2.869765
 2660.000000 2.881547
 2661.000000 2.892934
 2662.000000 2.902801
 2663.000000 2.910723
 2664.000000 2.916603
 2665.000000 2.920866
 2666.000000 2.923947
 2667.000000 2.926239
 2668.000000 2.928031
 2669.000000 2.929367
 2670.000000 2.930023
 2671.000000 2.929465
 2672.000000 2.926916
 2673.000000 2.921471
 2674.000000 2.912255
 2675.000000 2.898768
 2676.000000 2.881427
 2677.000000 2.861513
 2678.000000 2.840594
 2679.000000 2.820783
 2680.000000 2.803614
 2681.000000 2.789603
 2682.000000 2.778749
 2683.000000 2.770714
 2684.000000 2.765129
 2685.000000 2.761644
 2686.000000 2.760034
 2687.000000 2.760091
 2688.000000 2.761721
 2689.000000 2.765021
 2690.000000 2.770154
 2691.000000 2.777184
 2692.000000 2.786040
 2693.000000 2.796512
 2694.000000 2.808233
 2695.000000 2.820416
 2696.000000 2.832277
 2697.000000 2.842923
 2698.000000 2.851299
 2699.000000 2.856848
 2700.000000 2.859404
 2701.000000 2.859415
 2702.000000 2.857957
 2703.000000 2.856481
 2704.000000 2.856514
 2705.000000 2.859302
 2706.000000 2.865528
 2707.000000 2.875162
 2708.000000 2.887190
 2709.000000 2.900071
 2710.000000 2.912079
 2711.000000 2.921544
 2712.000000 2.927094
 2713.000000 2.927561
 2714.000000 2.922353
 2715.000000 2.911426
 2716.000000 2.895284
 2717.000000 2.875563
 2718.000000 2.854440
 2719.000000 2.834376
 2720.000000 2.817370
 2721.000000 2.804241
 2722.000000 2.794652
 2723.000000 2.788328
 2724.000000 2.784583
 2725.000000 2.782559
 2726.000000 2.781480
 2727.000000 2.780711
 2728.000000 2.779865
 2729.000000 2.778743
 2730.000000 2.777305
 2731.000000 2.775598
 2732.000000 2.773753
 2733.000000 2.771995
 2734.000000 2.770595
 2735.000000 2.769854
 2736.000000 2.770063
 2737.000000 2.771450
 2738.000000 2.774164
 2739.000000 2.778300
 2740.000000 2.784051
 2741.000000 2.791614
 2742.000000 2.801256
 2743.000000 2.813379
 2744.000000 2.827924
 2745.000000 2.844676
 2746.000000 2.862926
 2747.000000 2.880790
 2748.000000 2.896204
 2749.000000 2.907407
 2750.000000 2.913397
 2751.000000 2.913880
 2752.000000 2.909074
 2753.000000 2.899836
 2754.000000 2.887582
 2755.000000 2.874588
 2756.000000 2.862934
 2757.000000 2.854503
 2758.000000 2.850237
 2759.000000 2.850097
 2760.000000 2.853342
 2761.000000 2.858740
 2762.000000 2.864724
 2763.000000 2.869739
 2764.000000 2.872670
 2765.000000 2.872865
 2766.000000 2.870275
 2767.000000 2.865418
 2768.000000 2.859286
 2769.000000 2.853050
 2770.000000 2.847874
 2771.000000 2.844769
 2772.000000 2.844421
 2773.000000 2.847244
 2774.000000 2.853295
 2775.000000 2.862127
 2776.000000 2.872995
 2777.000000 2.884630
 2778.000000 2.895614
 2779.000000 2.905102
 2780.000000 2.912367
 2781.000000 2.917071
 2782.000000 2.919266
 2783.000000 2.919286
 2784.000000 2.917647
 2785.000000 2.915006
 2786.000000 2.912044
 2787.000000 2.909399
 2788.000000 2.907518
 2789.000000 2.906669
 2790.000000 2.906954
 2791.000000 2.908341
 2792.000000 2.910703
 2793.000000 2.913825
 2794.000000 2.917303
 2795.000000 2.920486
 2796.000000 2.922637
 2797.000000 2.922956
 2798.000000 2.920665
 2799.000000 2.915147
 2800.000000 2.905982
 2801.000000 2.893171
 2802.000000 2.876969
 2803.000000 2.858182
 2804.000000 2.837782
 2805.000000 2.817162
 2806.000000 2.797074
 2807.000000 2.777813
 2808.000000 2.759794
 2809.000000 2.743252
 2810.000000 2.728531
 2811.000000 2.715683
 2812.000000 2.704049
 2813.000000 2.692924
 2814.000000 2.681059
 2815.000000 2.667253
 2816.000000 2.650731
 2817.000000 2.630999
 2818.000000 2.608314
 2819.000000 2.583937
 2820.000000 2.559331
 2821.000000 2.535496
 2822.000000 2.512976
 2823.000000 2.491343
 2824.000000 2.469458
 2825.000000 2.446289
 2826.000000 2.421738
 2827.000000 2.396993
 2828.000000 2.373121
 2829.000000 2.351651
 2830.000000 2.332702
 2831.000000 2.316294
 2832.000000 2.302319
 2833.000000 2.290663
 2834.000000 2.281041
 2835.000000 2.273396
 2836.000000 2.267666
 2837.000000 2.263771
 2838.000000 2.261626
 2839.000000 2.261135
 2840.000000 2.262186
 2841.000000 2.264628
 2842.000000 2.268245
 2843.000000 2.272968
 2844.000000 2.278730
 2845.000000 2.285563
 2846.000000 2.293665
 2847.000000 2.303261
 2848.000000 2.314613
 2849.000000 2.327779
 2850.000000 2.342753
 2851.000000 2.359017
 2852.000000 2.375893
 2853.000000 2.392228
 2854.000000 2.406973
 2855.000000 2.419136
 2856.000000 2.428055
 2857.000000 2.433422
 2858.000000 2.435396
 2859.000000 2.434452
 2860.000000 2.431230
 2861.000000 2.426402
 2862.000000 2.420571
 2863.000000 2.414130
 2864.000000 2.407532
 2865.000000 2.400992
 2866.000000 2.394642
 2867.000000 2.388363
 2868.000000 2.382121
 2869.000000 2.375937
 2870.000000 2.369765
 2871.000000 2.363810
 2872.000000 2.358191
 2873.000000 2.353237
 2874.000000 2.349317
 2875.000000 2.346841
 2876.000000 2.346120
 2877.000000 2.347353
 2878.000000 2.350604
 2879.000000 2.355793
 2880.000000 2.362658
 2881.000000 2.370928
 2882.000000 2.380221
 2883.000000 2.390158
 2884.000000 2.400239
 2885.000000 2.409900
 2886.000000 2.418459
 2887.000000 2.425451
 2888.000000 2.430508
 2889.000000 2.433530
 2890.000000 2.434511
 2891.000000 2.433611
 2892.000000 2.431104
 2893.000000 2.427307
 2894.000000 2.422634
 2895.000000 2.417482
 2896.000000 2.412267
 2897.000000 2.407426
 2898.000000 2.403234
 2899.000000 2.399900
 2900.000000 2.397541
 2901.000000 2.396080
 2902.000000 2.395276
 2903.000000 2.394753
 2904.000000 2.394104
 2905.000000 2.392939
 2906.000000 2.390949
 2907.000000 2.387956
 2908.000000 2.383915
 2909.000000 2.378965
 2910.000000 2.373425
 2911.000000 2.367697
 2912.000000 2.362243
 2913.000000 2.357592
 2914.000000 2.354175
 2915.000000 2.352473
 2916.000000 2.352868
 2917.000000 2.355594
 2918.000000 2.360741
 2919.000000 2.368178
 2920.000000 2.377437
 2921.000000 2.387941
 2922.000000 2.399027
 2923.000000 2.409892
 2924.000000 2.420078
 2925.000000 2.429317
 2926.000000 2.437217
 2927.000000 2.443533
 2928.000000 2.447816
 2929.000000 2.449740
 2930.000000 2.449175
 2931.000000 2.446040
 2932.000000 2.440398
 2933.000000 2.432611
 2934.000000 2.423234
 2935.000000 2.412972
 2936.000000 2.402711
 2937.000000 2.393132
 2938.000000 2.384650
 2939.000000 2.377475
 2940.000000 2.371693
 2941.000000 2.367220
 2942.000000 2.363920
 2943.000000 2.361519
 2944.000000 2.359771
 2945.000000 2.358456
 2946.000000 2.357320
 2947.000000 2.356137
 2948.000000 2.354782
 2949.000000 2.353244
 2950.000000 2.351673
 2951.000000 2.350408
 2952.000000 2.349825
 2953.000000 2.350304
 2954.000000 2.352139
 2955.000000 2.355459
 2956.000000 2.360316
 2957.000000 2.366669
 2958.000000 2.374418
 2959.000000 2.383319
 2960.000000 2.393124
 2961.000000 2.403588
 2962.000000 2.414357
 2963.000000 2.424825
 2964.000000 2.434444
 2965.000000 2.442405
 2966.000000 2.448266
 2967.000000 2.451744
 2968.000000 2.452713
 2969.000000 2.451358
 2970.000000 2.447985
 2971.000000 2.443011
 2972.000000 2.436888
 2973.000000 2.430177
 2974.000000 2.423300
 2975.000000 2.416645
 2976.000000 2.410578
 2977.000000 2.405350
 2978.000000 2.401038
 2979.000000 2.397788
 2980.000000 2.395595
 2981.000000 2.394428
 2982.000000 2.394253
