#! FIELDS time d
 0.000000 1.498738
 1.000000 1.492066
 2.000000 1.487070
 3.000000 1.483850
 4.000000 1.482369
 5.000000 1.482553
 6.000000 1.484310
 7.000000 1.487538
 8.000000 1.492095
 9.000000 1.497922
 10.000000 1.504878
 11.000000 1.512750
 12.000000 1.521412
 13.000000 1.530566
 14.000000 1.539979
 15.000000 1.549372
 16.000000 1.558500
 17.000000 1.567170
 18.000000 1.575077
 19.000000 1.582121
 20.000000 1.587991
 21.000000 1.592469
 22.000000 1.595475
 23.000000 1.596808
 24.000000 1.596281
 25.000000 1.593738
 26.000000 1.589111
 27.000000 1.582383
 28.000000 1.573727
 29.000000 1.563367
 30.000000 1.551879
 31.000000 1.539640
 32.000000 1.527305
 33.000000 1.515575
 34.000000 1.504557
 35.000000 1.494737
 36.000000 1.486318
 37.000000 1.479444
 38.000000 1.473981
 39.000000 1.469873
 40.000000 1.467003
 41.000000 1.465162
 42.000000 1.464166
 43.000000 1.463846
 44.000000 1.464099
 45.000000 1.464894
 46.000000 1.466266
 47.000000 1.468335
 48.000000 1.471244
 49.000000 1.475177
 50.000000 1.480304
 51.000000 1.486767
 52.000000 1.494622
 53.000000 1.503878
 54.000000 1.514543
 55.000000 1.526671
 56.000000 1.539935
 57.000000 1.554199
 58.000000 1.568981
 59.000000 1.583527
 60.000000 1.597443
 61.000000 1.610582
 62.000000 1.622515
 63.000000 1.632940
 64.000000 1.641728
 65.000000 1.648897
 66.000000 1.654443
 67.000000 1.658447
 68.000000 1.661099
 69.000000 1.662647
 70.000000 1.663357
 71.000000 1.663482
 72.000000 1.663238
 73.000000 1.662811
 74.000000 1.662346
 75.000000 1.661952
 76.000000 1.661698
 77.000000 1.661608
 78.000000 1.661670
 79.000000 1.661833
 80.000000 1.662018
 81.000000 1.662118
 82.000000 1.662022
 83.000000 1.661615
 84.000000 1.660802
 85.000000 1.659511
 86.000000 1.657736
 87.000000 1.655494
 88.000000 1.652836
 89.000000 1.649878
 90.000000 1.646807
 91.000000 1.643792
 92.000000 1.640970
 93.000000 1.638535
 94.000000 1.636588
 95.000000 1.635176
 96.000000 1.634301
 97.000000 1.633942
 98.000000 1.634036
 99.000000 1.634499
 100.000000 1.635240
 101.000000 1.636170
 102.000000 1.637189
 103.000000 1.638220
 104.000000 1.639169
 105.000000 1.639919
 106.000000 1.640371
 107.000000 1.640412
 108.000000 1.639900
 109.000000 1.638674
 110.000000 1.636543
 111.000000 1.633265
 112.000000 1.628586
 113.000000 1.622201
 114.000000 1.613908
 115.000000 1.603624
 116.000000 1.591398
 117.000000 1.577355
 118.000000 1.561820
 119.000000 1.545379
 120.000000 1.528734
 121.000000 1.512517
 122.000000 1.497139
 123.000000 1.482583
 124.000000 1.468848
 125.000000 1.455916
 126.000000 1.444066
 127.000000 1.433580
 128.000000 1.424679
 129.000000 1.417792
 130.000000 1.413361
 131.000000 1.411613
 132.000000 1.412707
 133.000000 1.416667
 134.000000 1.423303
 135.000000 1.432309
 136.000000 1.443281
 137.000000 1.455881
 138.000000 1.469874
 139.000000 1.484994
 140.000000 1.501417
 141.000000 1.518906
 142.000000 1.537604
 143.000000 1.557288
 144.000000 1.577651
 145.000000 1.597991
 146.000000 1.617300
 147.000000 1.635104
 148.000000 1.651144
 149.000000 1.665161
 150.000000 1.677446
 151.000000 1.688322
 152.000000 1.697902
 153.000000 1.706312
 154.000000 1.713527
 155.000000 1.719638
 156.000000 1.724767
 157.000000 1.729039
 158.000000 1.732594
 159.000000 1.735524
 160.000000 1.738004
 161.000000 1.740239
 162.000000 1.742452
 163.000000 1.744924
 164.000000 1.747862
 165.000000 1.751434
 166.000000 1.755739
 167.000000 1.760823
 168.000000 1.766742
 169.000000 1.773468
 170.000000 1.780865
 171.000000 1.788759
 172.000000 1.797027
 173.000000 1.805428
 174.000000 1.813702
 175.000000 1.821484
 176.000000 1.828466
 177.000000 1.834419
 178.000000 1.839246
 179.000000 1.842984
 180.000000 1.845670
 181.000000 1.847469
 182.000000 1.848518
 183.000000 1.848960
 184.000000 1.848950
 185.000000 1.848641
 186.000000 1.848195
 187.000000 1.847789
 188.000000 1.847582
 189.000000 1.847722
 190.000000 1.848322
 191.000000 1.849462
 192.000000 1.851186
 193.000000 1.853495
 194.000000 1.856389
 195.000000 1.859831
 196.000000 1.863825
 197.000000 1.868301
 198.000000 1.873246
 199.000000 1.878676
 200.000000 1.884658
 201.000000 1.891217
 202.000000 1.898521
 203.000000 1.906890
 204.000000 1.916438
 205.000000 1.927613
 206.000000 1.940463
 207.000000 1.955021
 208.000000 1.971094
 209.000000 1.988179
 210.000000 2.006005
 211.000000 2.024056
 212.000000 2.042115
 213.000000 2.059902
 214.000000 2.076807
 215.000000 2.092930
 216.000000 2.108341
 217.000000 2.123034
 218.000000 2.137171
 219.000000 2.150836
 220.000000 2.163892
 221.000000 2.176502
 222.000000 2.188691
 223.000000 2.200716
 224.000000 2.212534
 225.000000 2.224046
 226.000000 2.235271
 227.000000 2.246221
 228.000000 2.257017
 229.000000 2.267544
 230.000000 2.277965
 231.000000 2.288239
 232.000000 2.298353
 233.000000 2.308323
 234.000000 2.318212
 235.000000 2.328091
 236.000000 2.337781
 237.000000 2.347535
 238.000000 2.357524
 239.000000 2.367781
 240.000000 2.378441
 241.000000 2.389616
 242.000000 2.401641
 243.000000 2.414988
 244.000000 2.429838
 245.000000 2.446200
 246.000000 2.463810
 247.000000 2.482176
 248.000000 2.500818
 249.000000 2.519539
 250.000000 2.537898
 251.000000 2.555702
 252.000000 2.572970
 253.000000 2.589826
 254.000000 2.606388
 255.000000 2.622682
 256.000000 2.638642
 257.000000 2.654433
 258.000000 2.670396
 259.000000 2.686402
 260.000000 2.702592
 261.000000 2.718727
 262.000000 2.734596
 263.000000 2.750111
 264.000000 2.765108
 265.000000 2.779459
 266.000000 2.792985
 267.000000 2.805612
 268.000000 2.817111
 269.000000 2.827428
 270.000000 2.836462
 271.000000 2.844148
 272.000000 2.850490
 273.000000 2.855580
 274.000000 2.859504
 275.000000 2.862450
 276.000000 2.864678
 277.000000 2.866404
 278.000000 2.867842
 279.000000 2.869191
 280.000000 2.870632
 281.000000 2.872298
 282.000000 2.874339
 283.000000 2.876866
 284.000000 2.879968
 285.000000 2.883715
 286.000000 2.888235
 287.000000 2.893696
 288.000000 2.900253
 289.000000 2.908149
 290.000000 2.917539
 291.000000 2.928620
 292.000000 2.941425
 293.000000 2.955809
 294.000000 2.971450
 295.000000 2.988019
 296.000000 3.005107
 297.000000 3.021553
 298.000000 3.035165
 299.000000 3.043698
 300.000000 3.046001
 301.000000 3.041699
 302.000000 3.031571
 303.000000 3.017168
 304.000000 3.000564
 305.000000 2.984028
 306.000000 2.968377
 307.000000 2.954051
 308.000000 2.941536
 309.000000 2.931273
 310.000000 2.923397
 311.000000 2.917917
 312.000000 2.914957
 313.000000 2.914468
 314.000000 2.916317
 315.000000 2.920346
 316.000000 2.926294
 317.000000 2.933978
 318.000000 2.943057
 319.000000 2.953062
 320.000000 2.963667
 321.000000 2.974439
 322.000000 2.985244
 323.000000 2.995837
 324.000000 3.006307
 325.000000 3.015822
 326.000000 3.022924
 327.000000 3.026660
 328.000000 3.026597
 329.000000 3.022935
 330.000000 3.016445
 331.000000 3.008393
 332.000000 3.000239
 333.000000 2.993062
 334.000000 2.987194
 335.000000 2.982587
 336.000000 2.979207
 337.000000 2.976929
 338.000000 2.975585
 339.000000 2.974962
 340.000000 2.974815
 341.000000 2.974892
 342.000000 2.974944
 343.000000 2.974736
 344.000000 2.974056
 345.000000 2.972718
 346.000000 2.970570
 347.000000 2.967518
 348.000000 2.963457
 349.000000 2.958335
 350.000000 2.952219
 351.000000 2.945132
 352.000000 2.937094
 353.000000 2.928150
 354.000000 2.918417
 355.000000 2.908089
 356.000000 2.897185
 357.000000 2.885754
 358.000000 2.873848
 359.000000 2.861348
 360.000000 2.848031
 361.000000 2.833908
 362.000000 2.818627
 363.000000 2.802099
 364.000000 2.784498
 365.000000 2.766246
 366.000000 2.748200
 367.000000 2.730798
 368.000000 2.714493
 369.000000 2.699531
 370.000000 2.685949
 371.000000 2.673890
 372.000000 2.663171
 373.000000 2.653514
 374.000000 2.644607
 375.000000 2.636309
 376.000000 2.628666
 377.000000 2.621509
 378.000000 2.614703
 379.000000 2.608221
 380.000000 2.602161
 381.000000 2.596661
 382.000000 2.591738
 383.000000 2.587422
 384.000000 2.583768
 385.000000 2.580815
 386.000000 2.578640
 387.000000 2.577300
 388.000000 2.576859
 389.000000 2.577335
 390.000000 2.578706
 391.000000 2.580923
 392.000000 2.583886
 393.000000 2.587433
 394.000000 2.591364
 395.000000 2.595438
 396.000000 2.599381
 397.000000 2.602837
 398.000000 2.605533
 399.000000 2.607220
 400.000000 2.607731
 401.000000 2.606948
 402.000000 2.604814
 403.000000 2.601363
 404.000000 2.596630
 405.000000 2.590706
 406.000000 2.583611
 407.000000 2.575453
 408.000000 2.566259
 409.000000 2.556106
 410.000000 2.544931
 411.000000 2.532860
 412.000000 2.520096
 413.000000 2.506782
 414.000000 2.493365
 415.000000 2.480266
 416.000000 2.467692
 417.000000 2.456171
 418.000000 2.445957
 419.000000 2.437574
 420.000000 2.431216
 421.000000 2.427062
 422.000000 2.425390
 423.000000 2.426271
 424.000000 2.429756
 425.000000 2.435804
 426.000000 2.444183
 427.000000 2.454910
 428.000000 2.467665
 429.000000 2.482186
 430.000000 2.498009
 431.000000 2.514515
 432.000000 2.531521
 433.000000 2.548710
 434.000000 2.565891
 435.000000 2.582816
 436.000000 2.599761
 437.000000 2.616834
 438.000000 2.634389
 439.000000 2.652616
 440.000000 2.671915
 441.000000 2.692361
 442.000000 2.714059
 443.000000 2.737229
 444.000000 2.761583
 445.000000 2.786276
 446.000000 2.810596
 447.000000 2.834045
 448.000000 2.856599
 449.000000 2.878884
 450.000000 2.901243
 451.000000 2.923643
 452.000000 2.945672
 453.000000 2.966763
 454.000000 2.986494
 455.000000 3.004480
 456.000000 3.019811
 457.000000 3.030255
 458.000000 3.034178
 459.000000 3.031121
 460.000000 3.021743
 461.000000 3.007873
 462.000000 2.991823
 463.000000 2.975071
 464.000000 2.957924
 465.000000 2.940540
 466.000000 2.923325
 467.000000 2.906799
 468.000000 2.891520
 469.000000 2.877691
 470.000000 2.865461
 471.000000 2.854681
 472.000000 2.845161
 473.000000 2.836599
 474.000000 2.828670
 475.000000 2.821044
 476.000000 2.813386
 477.000000 2.805494
 478.000000 2.797202
 479.000000 2.788327
 480.000000 2.778837
 481.000000 2.768775
 482.000000 2.758085
 483.000000 2.746842
 484.000000 2.735319
 485.000000 2.723888
 486.000000 2.712940
 487.000000 2.702801
 488.000000 2.693861
 489.000000 2.686367
 490.000000 2.680551
 491.000000 2.676553
 492.000000 2.674525
 493.000000 2.674602
 494.000000 2.676910
 495.000000 2.681533
 496.000000 2.688481
 497.000000 2.697660
 498.000000 2.708814
 499.000000 2.721525
 500.000000 2.735161
 501.000000 2.748896
 502.000000 2.761663
 503.000000 2.772939
 504.000000 2.782162
 505.000000 2.788807
 506.000000 2.792599
 507.000000 2.793411
 508.000000 2.791248
 509.000000 2.786241
 510.000000 2.778619
 511.000000 2.768609
 512.000000 2.756756
 513.000000 2.743561
 514.000000 2.729630
 515.000000 2.715695
 516.000000 2.702238
 517.000000 2.689805
 518.000000 2.678881
 519.000000 2.669645
 520.000000 2.662043
 521.000000 2.655872
 522.000000 2.650813
 523.000000 2.646608
 524.000000 2.642971
 525.000000 2.639713
 526.000000 2.636653
 527.000000 2.633558
 528.000000 2.630181
 529.000000 2.626223
 530.000000 2.621334
 531.000000 2.615404
 532.000000 2.608334
 533.000000 2.600008
 534.000000 2.590679
 535.000000 2.580780
 536.000000 2.570699
 537.000000 2.560927
 538.000000 2.551937
 539.000000 2.543934
 540.000000 2.537062
 541.000000 2.531492
 542.000000 2.527187
 543.000000 2.523995
 544.000000 2.521833
 545.000000 2.520542
 546.000000 2.520010
 547.000000 2.520135
 548.000000 2.520850
 549.000000 2.522107
 550.000000 2.523867
 551.000000 2.526079
 552.000000 2.528710
 553.000000 2.531676
 554.000000 2.534848
 555.000000 2.538145
 556.000000 2.541364
 557.000000 2.544321
 558.000000 2.546816
 559.000000 2.548650
 560.000000 2.549636
 561.000000 2.549630
 562.000000 2.548525
 563.000000 2.546228
 564.000000 2.542725
 565.000000 2.538026
 566.000000 2.532083
 567.000000 2.524954
 568.000000 2.516799
 569.000000 2.507792
 570.000000 2.498291
 571.000000 2.488648
 572.000000 2.479190
 573.000000 2.470344
 574.000000 2.462299
 575.000000 2.455282
 576.000000 2.449321
 577.000000 2.444394
 578.000000 2.440286
 579.000000 2.436706
 580.000000 2.433359
 581.000000 2.429939
 582.000000 2.426216
 583.000000 2.422032
 584.000000 2.417351
 585.000000 2.412283
 586.000000 2.407094
 587.000000 2.401963
 588.000000 2.397211
 589.000000 2.393080
 590.000000 2.389764
 591.000000 2.387483
 592.000000 2.386331
 593.000000 2.386354
 594.000000 2.387540
 595.000000 2.389859
 596.000000 2.393267
 597.000000 2.397702
 598.000000 2.403055
 599.000000 2.409314
 600.000000 2.416441
 601.000000 2.424421
 602.000000 2.433300
 603.000000 2.443161
 604.000000 2.453922
 605.000000 2.465426
 606.000000 2.477572
 607.000000 2.490027
 608.000000 2.502441
 609.000000 2.514660
 610.000000 2.526629
 611.000000 2.538368
 612.000000 2.550133
 613.000000 2.562216
 614.000000 2.574886
 615.000000 2.588248
 616.000000 2.602562
 617.000000 2.617867
 618.000000 2.634356
 619.000000 2.652327
 620.000000 2.672300
 621.000000 2.694720
 622.000000 2.719697
 623.000000 2.746633
 624.000000 2.774691
 625.000000 2.803420
 626.000000 2.832217
 627.000000 2.861276
 628.000000 2.891546
 629.000000 2.923165
 630.000000 2.956253
 631.000000 2.990050
 632.000000 3.024162
 633.000000 3.054851
 634.000000 3.077061
 635.000000 3.087877
 636.000000 3.086180
 637.000000 3.072826
 638.000000 3.050464
 639.000000 3.023158
 640.000000 2.995448
 641.000000 2.970931
 642.000000 2.949341
 643.000000 2.930340
 644.000000 2.913860
 645.000000 2.899618
 646.000000 2.887543
 647.000000 2.877351
 648.000000 2.868672
 649.000000 2.861133
 650.000000 2.854471
 651.000000 2.848589
 652.000000 2.843576
 653.000000 2.839595
 654.000000 2.836798
 655.000000 2.835263
 656.000000 2.835030
 657.000000 2.836142
 658.000000 2.838663
 659.000000 2.842636
 660.000000 2.848156
 661.000000 2.855370
 662.000000 2.864353
 663.000000 2.875263
 664.000000 2.887847
 665.000000 2.902125
 666.000000 2.917559
 667.000000 2.933577
 668.000000 2.949223
 669.000000 2.963917
 670.000000 2.977521
 671.000000 2.990210
 672.000000 3.002413
 673.000000 3.013834
 674.000000 3.023206
 675.000000 3.029552
 676.000000 3.032176
 677.000000 3.030909
 678.000000 3.026212
 679.000000 3.018997
 680.000000 3.010378
 681.000000 3.001382
 682.000000 2.992637
 683.000000 2.983662
 684.000000 2.973716
 685.000000 2.962278
 686.000000 2.948987
 687.000000 2.933632
 688.000000 2.916799
 689.000000 2.899459
 690.000000 2.882897
 691.000000 2.867866
 692.000000 2.854742
 693.000000 2.843525
 694.000000 2.833920
 695.000000 2.825348
 696.000000 2.817316
 697.000000 2.809324
 698.000000 2.800964
 699.000000 2.791962
 700.000000 2.782154
 701.000000 2.771519
 702.000000 2.760445
 703.000000 2.749662
 704.000000 2.740163
 705.000000 2.732887
 706.000000 2.728523
 707.000000 2.727500
 708.000000 2.729944
 709.000000 2.735668
 710.000000 2.744259
 711.000000 2.755107
 712.000000 2.767311
 713.000000 2.780242
 714.000000 2.793504
 715.000000 2.806666
 716.000000 2.819319
 717.000000 2.831268
 718.000000 2.842449
 719.000000 2.852674
 720.000000 2.861584
 721.000000 2.869030
 722.000000 2.875144
 723.000000 2.880198
 724.000000 2.884558
 725.000000 2.888697
 726.000000 2.893097
 727.000000 2.898189
 728.000000 2.904396
 729.000000 2.911972
 730.000000 2.920830
 731.000000 2.930481
 732.000000 2.940086
 733.000000 2.948680
 734.000000 2.955412
 735.000000 2.959494
 736.000000 2.960418
 737.000000 2.957733
 738.000000 2.951032
 739.000000 2.940238
 740.000000 2.926114
 741.000000 2.909871
 742.000000 2.893073
 743.000000 2.877068
 744.000000 2.862485
 745.000000 2.849518
 746.000000 2.837793
 747.000000 2.826910
 748.000000 2.816553
 749.000000 2.806496
 750.000000 2.796415
 751.000000 2.786290
 752.000000 2.776150
 753.000000 2.766167
 754.000000 2.756706
 755.000000 2.748070
 756.000000 2.740701
 757.000000 2.734966
 758.000000 2.730987
 759.000000 2.728836
 760.000000 2.728379
 761.000000 2.729455
 762.000000 2.731918
 763.000000 2.735654
 764.000000 2.740636
 765.000000 2.746857
 766.000000 2.754241
 767.000000 2.762653
 768.000000 2.771964
 769.000000 2.781830
 770.000000 2.791905
 771.000000 2.801819
 772.000000 2.811009
 773.000000 2.819175
 774.000000 2.826230
 775.000000 2.832170
 776.000000 2.837032
 777.000000 2.841048
 778.000000 2.844480
 779.000000 2.847675
 780.000000 2.850902
 781.000000 2.854461
 782.000000 2.858572
 783.000000 2.863262
 784.000000 2.868386
 785.000000 2.873732
 786.000000 2.878968
 787.000000 2.883715
 788.000000 2.887801
 789.000000 2.891164
 790.000000 2.893965
 791.000000 2.896548
 792.000000 2.899420
 793.000000 2.903220
 794.000000 2.908582
 795.000000 2.915925
 796.000000 2.925245
 797.000000 2.936405
 798.000000 2.948658
 799.000000 2.961229
 800.000000 2.973476
 801.000000 2.985582
 802.000000 2.997971
 803.000000 3.011127
 804.000000 3.024397
 805.000000 3.036592
 806.000000 3.046550
 807.000000 3.053169
 808.000000 3.055669
 809.000000 3.053830
 810.000000 3.047996
 811.000000 3.039083
 812.000000 3.028247
 813.000000 3.016898
 814.000000 3.006356
 815.000000 2.997480
 816.000000 2.990762
 817.000000 2.986011
 818.000000 2.983111
 819.000000 2.982077
 820.000000 2.982950
 821.000000 2.985787
 822.000000 2.990684
 823.000000 2.997810
 824.000000 3.007283
 825.000000 3.018432
 826.000000 3.030207
 827.000000 3.041019
 828.000000 3.049526
 829.000000 3.054558
 830.000000 3.055503
 831.000000 3.052462
 832.000000 3.046212
 833.000000 3.037942
 834.000000 3.029123
 835.000000 3.020858
 836.000000 3.013824
 837.000000 3.008375
 838.000000 3.004702
 839.000000 3.002799
 840.000000 3.002671
 841.000000 3.004372
 842.000000 3.007961
 843.000000 3.013464
 844.000000 3.020855
 845.000000 3.029834
 846.000000 3.039720
 847.000000 3.049301
 848.000000 3.057136
 849.000000 3.061628
 850.000000 3.061752
 851.000000 3.057141
 852.000000 3.048253
 853.000000 3.036384
 854.000000 3.023133
 855.000000 3.009913
 856.000000 2.997658
 857.000000 2.986614
 858.000000 2.976049
 859.000000 2.965165
 860.000000 2.953503
 861.000000 2.940899
 862.000000 2.927284
 863.000000 2.913214
 864.000000 2.899254
 865.000000 2.885987
 866.000000 2.873844
 867.000000 2.862749
 868.000000 2.852601
 869.000000 2.843181
 870.000000 2.834253
 871.000000 2.825763
 872.000000 2.817583
 873.000000 2.809574
 874.000000 2.801743
 875.000000 2.794009
 876.000000 2.786431
 877.000000 2.778979
 878.000000 2.771904
 879.000000 2.765506
 880.000000 2.760138
 881.000000 2.756159
 882.000000 2.753798
 883.000000 2.753279
 884.000000 2.754767
 885.000000 2.758279
 886.000000 2.763634
 887.000000 2.770311
 888.000000 2.777632
 889.000000 2.784922
 890.000000 2.791478
 891.000000 2.796857
 892.000000 2.801000
 893.000000 2.804029
 894.000000 2.806311
 895.000000 2.808330
 896.000000 2.810580
 897.000000 2.813451
 898.000000 2.817150
 899.000000 2.821625
 900.000000 2.826547
 901.000000 2.831462
 902.000000 2.835809
 903.000000 2.839090
 904.000000 2.840914
 905.000000 2.841019
 906.000000 2.839265
 907.000000 2.835656
 908.000000 2.830391
 909.000000 2.823807
 910.000000 2.816392
 911.000000 2.808678
 912.000000 2.801122
 913.000000 2.794245
 914.000000 2.788437
 915.000000 2.783968
 916.000000 2.781017
 917.000000 2.779608
 918.000000 2.779682
 919.000000 2.781126
 920.000000 2.783735
 921.000000 2.787258
 922.000000 2.791371
 923.000000 2.795698
 924.000000 2.799757
 925.000000 2.803001
 926.000000 2.804957
 927.000000 2.805293
 928.000000 2.803928
 929.000000 2.801018
 930.000000 2.796977
 931.000000 2.792407
 932.000000 2.788118
 933.000000 2.784817
 934.000000 2.783074
 935.000000 2.783315
 936.000000 2.785819
 937.000000 2.790688
 938.000000 2.797771
 939.000000 2.806695
 940.000000 2.816788
 941.000000 2.827340
 942.000000 2.837764
 943.000000 2.847626
 944.000000 2.856598
 945.000000 2.864644
 946.000000 2.871905
 947.000000 2.878490
 948.000000 2.884497
 949.000000 2.889961
 950.000000 2.894980
 951.000000 2.899405
 952.000000 2.903045
 953.000000 2.905603
 954.000000 2.906895
 955.000000 2.906780
 956.000000 2.905212
 957.000000 2.902271
 958.000000 2.898151
 959.000000 2.893118
 960.000000 2.887529
 961.000000 2.881651
 962.000000 2.875697
 963.000000 2.869710
 964.000000 2.863727
 965.000000 2.857806
 966.000000 2.851789
 967.000000 2.845612
 968.000000 2.839164
 969.000000 2.832406
 970.000000 2.825337
 971.000000 2.817991
 972.000000 2.810486
 973.000000 2.802991
 974.000000 2.795692
 975.000000 2.788610
 976.000000 2.781639
 977.000000 2.774642
 978.000000 2.767312
 979.000000 2.759395
 980.000000 2.750749
 981.000000 2.741377
 982.000000 2.731534
 983.000000 2.721608
 984.000000 2.712055
 985.000000 2.703616
 986.000000 2.696879
 987.000000 2.692372
 988.000000 2.690354
 989.000000 2.690790
 990.000000 2.693346
 991.000000 2.697467
 992.000000 2.702469
 993.000000 2.707581
 994.000000 2.712302
 995.000000 2.716253
 996.000000 2.719347
 997.000000 2.721749
 998.000000 2.723719
 999.000000 2.725581
 1000.000000 2.727637
 1001.000000 2.729992
 1002.000000 2.732681
 1003.000000 2.735670
 1004.000000 2.738804
 1005.000000 2.741974
 1006.000000 2.745039
 1007.000000 2.747931
 1008.000000 2.750656
 1009.000000 2.753298
 1010.000000 2.755978
 1011.000000 2.758897
 1012.000000 2.762264
 1013.000000 2.766346
 1014.000000 2.771295
 1015.000000 2.777150
 1016.000000 2.783679
 1017.000000 2.790627
 1018.000000 2.797648
 1019.000000 2.804252
 1020.000000 2.809993
 1021.000000 2.814665
 1022.000000 2.818228
 1023.000000 2.820802
 1024.000000 2.822693
 1025.000000 2.824330
 1026.000000 2.826187
 1027.000000 2.828668
 1028.000000 2.831968
 1029.000000 2.836126
 1030.000000 2.841016
 1031.000000 2.846510
 1032.000000 2.852413
 1033.000000 2.858663
 1034.000000 2.865170
 1035.000000 2.871918
 1036.000000 2.879026
 1037.000000 2.886535
 1038.000000 2.894580
 1039.000000 2.903290
 1040.000000 2.912701
 1041.000000 2.922517
 1042.000000 2.932424
 1043.000000 2.941946
 1044.000000 2.950746
 1045.000000 2.958615
 1046.000000 2.965730
 1047.000000 2.972465
 1048.000000 2.979410
 1049.000000 2.987362
 1050.000000 2.997277
 1051.000000 3.010290
 1052.000000 3.025967
 1053.000000 3.042295
 1054.000000 3.055969
 1055.000000 3.065558
 1056.000000 3.069836
 1057.000000 3.067721
 1058.000000 3.059148
 1059.000000 3.045360
 1060.000000 3.028399
 1061.000000 3.010481
 1062.000000 2.993443
 1063.000000 2.977695
 1064.000000 2.962488
 1065.000000 2.947642
 1066.000000 2.933141
 1067.000000 2.919452
 1068.000000 2.907262
 1069.000000 2.897014
 1070.000000 2.888888
 1071.000000 2.882841
 1072.000000 2.878850
 1073.000000 2.876836
 1074.000000 2.876719
 1075.000000 2.878446
 1076.000000 2.881950
 1077.000000 2.887126
 1078.000000 2.893890
 1079.000000 2.902009
 1080.000000 2.911269
 1081.000000 2.921097
 1082.000000 2.931280
 1083.000000 2.941558
 1084.000000 2.951644
 1085.000000 2.961330
 1086.000000 2.970610
 1087.000000 2.979598
 1088.000000 2.988567
 1089.000000 2.998068
 1090.000000 3.008606
 1091.000000 3.019810
 1092.000000 3.030826
 1093.000000 3.040660
 1094.000000 3.048147
 1095.000000 3.052324
 1096.000000 3.052588
 1097.000000 3.049018
 1098.000000 3.042287
 1099.000000 3.033480
 1100.000000 3.023965
 1101.000000 3.014993
 1102.000000 3.007447
 1103.000000 3.001807
 1104.000000 2.998471
 1105.000000 2.997501
 1106.000000 2.998753
 1107.000000 3.002226
 1108.000000 3.007753
 1109.000000 3.014883
 1110.000000 3.023033
 1111.000000 3.031340
 1112.000000 3.038980
 1113.000000 3.044980
 1114.000000 3.048544
 1115.000000 3.049293
 1116.000000 3.047331
 1117.000000 3.043218
 1118.000000 3.037824
 1119.000000 3.032190
 1120.000000 3.027225
 1121.000000 3.023613
 1122.000000 3.021679
 1123.000000 3.021467
 1124.000000 3.022827
 1125.000000 3.025429
 1126.000000 3.028843
 1127.000000 3.032537
 1128.000000 3.035963
 1129.000000 3.038595
 1130.000000 3.040030
 1131.000000 3.040039
 1132.000000 3.038568
 1133.000000 3.035767
 1134.000000 3.031922
 1135.000000 3.027487
 1136.000000 3.022920
 1137.000000 3.018515
 1138.000000 3.014650
 1139.000000 3.011662
 1140.000000 3.009752
 1141.000000 3.009033
 1142.000000 3.009513
 1143.000000 3.011100
 1144.000000 3.013637
 1145.000000 3.016870
 1146.000000 3.020437
 1147.000000 3.023968
 1148.000000 3.027124
 1149.000000 3.029589
 1150.000000 3.031105
 1151.000000 3.031571
 1152.000000 3.031008
 1153.000000 3.029570
 1154.000000 3.027504
 1155.000000 3.025118
 1156.000000 3.022723
 1157.000000 3.020614
 1158.000000 3.018936
 1159.000000 3.017791
 1160.000000 3.017183
 1161.000000 3.017046
 1162.000000 3.017257
 1163.000000 3.017689
 1164.000000 3.018228
 1165.000000 3.018803
 1166.000000 3.019398
 1167.000000 3.020054
 1168.000000 3.020842
 1169.000000 3.021832
 1170.000000 3.023079
 1171.000000 3.024552
 1172.000000 3.026185
 1173.000000 3.027857
 1174.000000 3.029436
 1175.000000 3.030826
 1176.000000 3.032006
 1177.000000 3.032957
 1178.000000 3.033710
 1179.000000 3.034298
 1180.000000 3.034763
 1181.000000 3.035113
 1182.000000 3.035327
 1183.000000 3.035359
 1184.000000 3.035153
 1185.000000 3.034661
 1186.000000 3.033867
 1187.000000 3.032781
 1188.000000 3.031448
 1189.000000 3.029898
 1190.000000 3.028166
 1191.000000 3.026305
 1192.000000 3.024381
 1193.000000 3.022518
 1194.000000 3.020849
 1195.000000 3.019519
 1196.000000 3.018685
 1197.000000 3.018470
 1198.000000 3.018973
 1199.000000 3.020259
 1200.000000 3.022375
 1201.000000 3.025371
 1202.000000 3.029308
 1203.000000 3.034123
 1204.000000 3.039686
 1205.000000 3.045696
 1206.000000 3.051638
 1207.000000 3.056916
 1208.000000 3.060826
 1209.000000 3.062752
 1210.000000 3.062376
 1211.000000 3.059786
 1212.000000 3.055521
 1213.000000 3.050363
 1214.000000 3.045280
 1215.000000 3.041133
 1216.000000 3.038570
 1217.000000 3.037967
 1218.000000 3.039447
 1219.000000 3.042846
 1220.000000 3.047659
 1221.000000 3.053137
 1222.000000 3.058376
 1223.000000 3.062275
 1224.000000 3.064047
 1225.000000 3.063257
 1226.000000 3.059978
 1227.000000 3.054761
 1228.000000 3.048425
 1229.000000 3.041818
 1230.000000 3.035745
 1231.000000 3.030764
 1232.000000 3.027207
 1233.000000 3.025307
 1234.000000 3.025185
 1235.000000 3.026815
 1236.000000 3.030040
 1237.000000 3.034474
 1238.000000 3.039596
 1239.000000 3.044712
 1240.000000 3.049026
 1241.000000 3.051828
 1242.000000 3.052662
 1243.000000 3.051400
 1244.000000 3.048249
 1245.000000 3.043641
 1246.000000 3.038112
 1247.000000 3.032220
 1248.000000 3.026356
 1249.000000 3.020674
 1250.000000 3.015248
 1251.000000 3.009904
 1252.000000 3.004492
 1253.000000 2.998859
 1254.000000 2.992608
 1255.000000 2.984974
 1256.000000 2.975078
 1257.000000 2.962429
 1258.000000 2.946916
 1259.000000 2.928708
 1260.000000 2.908922
 1261.000000 2.888408
 1262.000000 2.867224
 1263.000000 2.845463
 1264.000000 2.823224
 1265.000000 2.801201
 1266.000000 2.780740
 1267.000000 2.762278
 1268.000000 2.745994
 1269.000000 2.731648
 1270.000000 2.718779
 1271.000000 2.706938
 1272.000000 2.695738
 1273.000000 2.684777
 1274.000000 2.673597
 1275.000000 2.661835
 1276.000000 2.649437
 1277.000000 2.636412
 1278.000000 2.622828
 1279.000000 2.609113
 1280.000000 2.595501
 1281.000000 2.582454
 1282.000000 2.570001
 1283.000000 2.558244
 1284.000000 2.547233
 1285.000000 2.537282
 1286.000000 2.528776
 1287.000000 2.521978
 1288.000000 2.516884
 1289.000000 2.513363
 1290.000000 2.511142
 1291.000000 2.509748
 1292.000000 2.508560
 1293.000000 2.506916
 1294.000000 2.504216
 1295.000000 2.500051
 1296.000000 2.494396
 1297.000000 2.487532
 1298.000000 2.479993
 1299.000000 2.472550
 1300.000000 2.466039
 1301.000000 2.461164
 1302.000000 2.458338
 1303.000000 2.457822
 1304.000000 2.459632
 1305.000000 2.463628
 1306.000000 2.469471
 1307.000000 2.476647
 1308.000000 2.484700
 1309.000000 2.493092
 1310.000000 2.501085
 1311.000000 2.507972
 1312.000000 2.513325
 1313.000000 2.516735
 1314.000000 2.517882
 1315.000000 2.516632
 1316.000000 2.513051
 1317.000000 2.507413
 1318.000000 2.500132
 1319.000000 2.491950
 1320.000000 2.483835
 1321.000000 2.476539
 1322.000000 2.470504
 1323.000000 2.466179
 1324.000000 2.463910
 1325.000000 2.463922
 1326.000000 2.466266
 1327.000000 2.470874
 1328.000000 2.477528
 1329.000000 2.485785
 1330.000000 2.495179
 1331.000000 2.505221
 1332.000000 2.515427
 1333.000000 2.525158
 1334.000000 2.534034
 1335.000000 2.541831
 1336.000000 2.548403
 1337.000000 2.553716
 1338.000000 2.557849
 1339.000000 2.560877
 1340.000000 2.562860
 1341.000000 2.563855
 1342.000000 2.563886
 1343.000000 2.562997
 1344.000000 2.561279
 1345.000000 2.558865
 1346.000000 2.555971
 1347.000000 2.552870
 1348.000000 2.549821
 1349.000000 2.547098
 1350.000000 2.544941
 1351.000000 2.543497
 1352.000000 2.542780
 1353.000000 2.542664
 1354.000000 2.542879
 1355.000000 2.543047
 1356.000000 2.542736
 1357.000000 2.541524
 1358.000000 2.539047
 1359.000000 2.535049
 1360.000000 2.529408
 1361.000000 2.522199
 1362.000000 2.513449
 1363.000000 2.503380
 1364.000000 2.492077
 1365.000000 2.480070
 1366.000000 2.467980
 1367.000000 2.456279
 1368.000000 2.445531
 1369.000000 2.436120
 1370.000000 2.428420
 1371.000000 2.422586
 1372.000000 2.418632
 1373.000000 2.416501
 1374.000000 2.416113
 1375.000000 2.417296
 1376.000000 2.419847
 1377.000000 2.423551
 1378.000000 2.428177
 1379.000000 2.433519
 1380.000000 2.439289
 1381.000000 2.445278
 1382.000000 2.451318
 1383.000000 2.457249
 1384.000000 2.462824
 1385.000000 2.467902
 1386.000000 2.472439
 1387.000000 2.476388
 1388.000000 2.479763
 1389.000000 2.482667
 1390.000000 2.485301
 1391.000000 2.487795
 1392.000000 2.490317
 1393.000000 2.492892
 1394.000000 2.495438
 1395.000000 2.497805
 1396.000000 2.499773
 1397.000000 2.501080
 1398.000000 2.501493
 1399.000000 2.500809
 1400.000000 2.498875
 1401.000000 2.495617
 1402.000000 2.490952
 1403.000000 2.484773
 1404.000000 2.476994
 1405.000000 2.467676
 1406.000000 2.456822
 1407.000000 2.444755
 1408.000000 2.431832
 1409.000000 2.418571
 1410.000000 2.405271
 1411.000000 2.392104
 1412.000000 2.379291
 1413.000000 2.366768
 1414.000000 2.354527
 1415.000000 2.342665
 1416.000000 2.331217
 1417.000000 2.320234
 1418.000000 2.309941
 1419.000000 2.300506
 1420.000000 2.292008
 1421.000000 2.284318
 1422.000000 2.277285
 1423.000000 2.270772
 1424.000000 2.264713
 1425.000000 2.259026
 1426.000000 2.253592
 1427.000000 2.248343
 1428.000000 2.243305
 1429.000000 2.238470
 1430.000000 2.233931
 1431.000000 2.229800
 1432.000000 2.226164
 1433.000000 2.223107
 1434.000000 2.220710
 1435.000000 2.219035
 1436.000000 2.218071
 1437.000000 2.217768
 1438.000000 2.218035
 1439.000000 2.218739
 1440.000000 2.219724
 1441.000000 2.220832
 1442.000000 2.221917
 1443.000000 2.222850
 1444.000000 2.223546
 1445.000000 2.223940
 1446.000000 2.224012
 1447.000000 2.223773
 1448.000000 2.223247
 1449.000000 2.222451
 1450.000000 2.221370
 1451.000000 2.219956
 1452.000000 2.218129
 1453.000000 2.215723
 1454.000000 2.212562
 1455.000000 2.208472
 1456.000000 2.203252
 1457.000000 2.196778
 1458.000000 2.188927
 1459.000000 2.179657
 1460.000000 2.169158
 1461.000000 2.157497
 1462.000000 2.144869
 1463.000000 2.131458
 1464.000000 2.117682
 1465.000000 2.104082
 1466.000000 2.090918
 1467.000000 2.078620
 1468.000000 2.067334
 1469.000000 2.057189
 1470.000000 2.048440
 1471.000000 2.041136
 1472.000000 2.035394
 1473.000000 2.031286
 1474.000000 2.028767
 1475.000000 2.027743
 1476.000000 2.028046
 1477.000000 2.029484
 1478.000000 2.031850
 1479.000000 2.034909
 1480.000000 2.038391
 1481.000000 2.042158
 1482.000000 2.046079
 1483.000000 2.050137
 1484.000000 2.054287
 1485.000000 2.058595
 1486.000000 2.063097
 1487.000000 2.067865
 1488.000000 2.073053
 1489.000000 2.078736
 1490.000000 2.085002
 1491.000000 2.091898
 1492.000000 2.099440
 1493.000000 2.107623
 1494.000000 2.116367
 1495.000000 2.125355
 1496.000000 2.134208
 1497.000000 2.142527
 1498.000000 2.149941
 1499.000000 2.156029
 1500.000000 2.160490
 1501.000000 2.163185
 1502.000000 2.164019
 1503.000000 2.163050
 1504.000000 2.160460
 1505.000000 2.156559
 1506.000000 2.151743
 1507.000000 2.146523
 1508.000000 2.141339
 1509.000000 2.136626
 1510.000000 2.132808
 1511.000000 2.130123
 1512.000000 2.128659
 1513.000000 2.128376
 1514.000000 2.129103
 1515.000000 2.130586
 1516.000000 2.132487
 1517.000000 2.134494
 1518.000000 2.136306
 1519.000000 2.137757
 1520.000000 2.138750
 1521.000000 2.139286
 1522.000000 2.139476
 1523.000000 2.139489
 1524.000000 2.139533
 1525.000000 2.139810
 1526.000000 2.140493
 1527.000000 2.141712
 1528.000000 2.143566
 1529.000000 2.146159
 1530.000000 2.149479
 1531.000000 2.153551
 1532.000000 2.158367
 1533.000000 2.163934
 1534.000000 2.170080
 1535.000000 2.176605
 1536.000000 2.183297
 1537.000000 2.189966
 1538.000000 2.196403
 1539.000000 2.202442
 1540.000000 2.208028
 1541.000000 2.213190
 1542.000000 2.218084
 1543.000000 2.222988
 1544.000000 2.228200
 1545.000000 2.234017
 1546.000000 2.240824
 1547.000000 2.248831
 1548.000000 2.258188
 1549.000000 2.269016
 1550.000000 2.281034
 1551.000000 2.294002
 1552.000000 2.307320
 1553.000000 2.320416
 1554.000000 2.332552
 1555.000000 2.343325
 1556.000000 2.352427
 1557.000000 2.359606
 1558.000000 2.364785
 1559.000000 2.367909
 1560.000000 2.368956
 1561.000000 2.367902
 1562.000000 2.364676
 1563.000000 2.359223
 1564.000000 2.351389
 1565.000000 2.341130
 1566.000000 2.328477
 1567.000000 2.313774
 1568.000000 2.297552
 1569.000000 2.280939
 1570.000000 2.264799
 1571.000000 2.249655
 1572.000000 2.235789
 1573.000000 2.223330
 1574.000000 2.212075
 1575.000000 2.201868
 1576.000000 2.192402
 1577.000000 2.183548
 1578.000000 2.175240
 1579.000000 2.167251
 1580.000000 2.159473
 1581.000000 2.151617
 1582.000000 2.143550
 1583.000000 2.135085
 1584.000000 2.126107
 1585.000000 2.116636
 1586.000000 2.106673
 1587.000000 2.096372
 1588.000000 2.085972
 1589.000000 2.075580
 1590.000000 2.065386
 1591.000000 2.055553
 1592.000000 2.046277
 1593.000000 2.037625
 1594.000000 2.029549
 1595.000000 2.021942
 1596.000000 2.014673
 1597.000000 2.007662
 1598.000000 2.000880
 1599.000000 1.994260
 1600.000000 1.987802
 1601.000000 1.981481
 1602.000000 1.975207
 1603.000000 1.968840
 1604.000000 1.962314
 1605.000000 1.955545
 1606.000000 1.948499
 1607.000000 1.941296
 1608.000000 1.934133
 1609.000000 1.927151
 1610.000000 1.920430
 1611.000000 1.914136
 1612.000000 1.908487
 1613.000000 1.903650
 1614.000000 1.899682
 1615.000000 1.896688
 1616.000000 1.894648
 1617.000000 1.893551
 1618.000000 1.893382
 1619.000000 1.894108
 1620.000000 1.895722
 1621.000000 1.898216
 1622.000000 1.901586
 1623.000000 1.905792
 1624.000000 1.910840
 1625.000000 1.916581
 1626.000000 1.922929
 1627.000000 1.929694
 1628.000000 1.936747
 1629.000000 1.943865
 1630.000000 1.950948
 1631.000000 1.957880
 1632.000000 1.964632
 1633.000000 1.971198
 1634.000000 1.977604
 1635.000000 1.983855
 1636.000000 1.990014
 1637.000000 1.996200
 1638.000000 2.002585
 1639.000000 2.009346
 1640.000000 2.016735
 1641.000000 2.025029
 1642.000000 2.034491
 1643.000000 2.045352
 1644.000000 2.057797
 1645.000000 2.071767
 1646.000000 2.086816
 1647.000000 2.102227
 1648.000000 2.117185
 1649.000000 2.131013
 1650.000000 2.143303
 1651.000000 2.153893
 1652.000000 2.162911
 1653.000000 2.170472
 1654.000000 2.176879
 1655.000000 2.182409
 1656.000000 2.187368
 1657.000000 2.192060
 1658.000000 2.196751
 1659.000000 2.201650
 1660.000000 2.206973
 1661.000000 2.212897
 1662.000000 2.219562
 1663.000000 2.227216
 1664.000000 2.236078
 1665.000000 2.246278
 1666.000000 2.257851
 1667.000000 2.270596
 1668.000000 2.284107
 1669.000000 2.297598
 1670.000000 2.310307
 1671.000000 2.321469
 1672.000000 2.330462
 1673.000000 2.336792
 1674.000000 2.340267
 1675.000000 2.340828
 1676.000000 2.338548
 1677.000000 2.333559
 1678.000000 2.326150
 1679.000000 2.316687
 1680.000000 2.305679
 1681.000000 2.293723
 1682.000000 2.281168
 1683.000000 2.268432
 1684.000000 2.255673
 1685.000000 2.242853
 1686.000000 2.230077
 1687.000000 2.217278
 1688.000000 2.204444
 1689.000000 2.191424
 1690.000000 2.178354
 1691.000000 2.165129
 1692.000000 2.151805
 1693.000000 2.138377
 1694.000000 2.124748
 1695.000000 2.110984
 1696.000000 2.097575
 1697.000000 2.085080
 1698.000000 2.073875
 1699.000000 2.064272
 1700.000000 2.056420
 1701.000000 2.050499
 1702.000000 2.046630
 1703.000000 2.044876
 1704.000000 2.045288
 1705.000000 2.047916
 1706.000000 2.052802
 1707.000000 2.059911
 1708.000000 2.069160
 1709.000000 2.080313
 1710.000000 2.092963
 1711.000000 2.106375
 1712.000000 2.120002
 1713.000000 2.133137
 1714.000000 2.145381
 1715.000000 2.156431
 1716.000000 2.166000
 1717.000000 2.174015
 1718.000000 2.180481
 1719.000000 2.185380
 1720.000000 2.188704
 1721.000000 2.190562
 1722.000000 2.191110
 1723.000000 2.190509
 1724.000000 2.188924
 1725.000000 2.186524
 1726.000000 2.183473
 1727.000000 2.179952
 1728.000000 2.176075
 1729.000000 2.171874
 1730.000000 2.167360
 1731.000000 2.162596
 1732.000000 2.157498
 1733.000000 2.151975
 1734.000000 2.145884
 1735.000000 2.139046
 1736.000000 2.131326
 1737.000000 2.122773
 1738.000000 2.113429
 1739.000000 2.103512
 1740.000000 2.093499
 1741.000000 2.083962
 1742.000000 2.075359
 1743.000000 2.068351
 1744.000000 2.063390
 1745.000000 2.060826
 1746.000000 2.060933
 1747.000000 2.063809
 1748.000000 2.069442
 1749.000000 2.077614
 1750.000000 2.087882
 1751.000000 2.099833
 1752.000000 2.112282
 1753.000000 2.124432
 1754.000000 2.135718
 1755.000000 2.145499
 1756.000000 2.153283
 1757.000000 2.158859
 1758.000000 2.162023
 1759.000000 2.162690
 1760.000000 2.160815
 1761.000000 2.156396
 1762.000000 2.149398
 1763.000000 2.139803
 1764.000000 2.127644
 1765.000000 2.113561
 1766.000000 2.098395
 1767.000000 2.083182
 1768.000000 2.068783
 1769.000000 2.056398
 1770.000000 2.046580
 1771.000000 2.039372
 1772.000000 2.034689
 1773.000000 2.032336
 1774.000000 2.032101
 1775.000000 2.033778
 1776.000000 2.037195
 1777.000000 2.042147
 1778.000000 2.048489
 1779.000000 2.056120
 1780.000000 2.064800
 1781.000000 2.074123
 1782.000000 2.083644
 1783.000000 2.092976
 1784.000000 2.101712
 1785.000000 2.109574
 1786.000000 2.116481
 1787.000000 2.122488
 1788.000000 2.127775
 1789.000000 2.132505
 1790.000000 2.136866
 1791.000000 2.140976
 1792.000000 2.144837
 1793.000000 2.148393
 1794.000000 2.151625
 1795.000000 2.154403
 1796.000000 2.156506
 1797.000000 2.157685
 1798.000000 2.157686
 1799.000000 2.156210
 1800.000000 2.152936
 1801.000000 2.147532
 1802.000000 2.139576
 1803.000000 2.128723
 1804.000000 2.114681
 1805.000000 2.097880
 1806.000000 2.079185
 1807.000000 2.059869
 1808.000000 2.041185
 1809.000000 2.023560
 1810.000000 2.006994
 1811.000000 1.991015
 1812.000000 1.975400
 1813.000000 1.960154
 1814.000000 1.945514
 1815.000000 1.931942
 1816.000000 1.919667
 1817.000000 1.908949
 1818.000000 1.899736
 1819.000000 1.891993
 1820.000000 1.885642
 1821.000000 1.880512
 1822.000000 1.876419
 1823.000000 1.873242
 1824.000000 1.870863
 1825.000000 1.869226
 1826.000000 1.868324
 1827.000000 1.868170
 1828.000000 1.868808
 1829.000000 1.870327
 1830.000000 1.872832
 1831.000000 1.876412
 1832.000000 1.881194
 1833.000000 1.887304
 1834.000000 1.894752
 1835.000000 1.903434
 1836.000000 1.913203
 1837.000000 1.923707
 1838.000000 1.934515
 1839.000000 1.944859
 1840.000000 1.954116
 1841.000000 1.961723
 1842.000000 1.967440
 1843.000000 1.971133
 1844.000000 1.972877
 1845.000000 1.972701
 1846.000000 1.970699
 1847.000000 1.966998
 1848.000000 1.961649
 1849.000000 1.954793
 1850.000000 1.946569
 1851.000000 1.937094
 1852.000000 1.926466
 1853.000000 1.914775
 1854.000000 1.902142
 1855.000000 1.888600
 1856.000000 1.874266
 1857.000000 1.859176
 1858.000000 1.843347
 1859.000000 1.827262
 1860.000000 1.811413
 1861.000000 1.796432
 1862.000000 1.783062
 1863.000000 1.771795
 1864.000000 1.762999
 1865.000000 1.756926
 1866.000000 1.753646
 1867.000000 1.753260
 1868.000000 1.755848
 1869.000000 1.761472
 1870.000000 1.770114
 1871.000000 1.781604
 1872.000000 1.795657
 1873.000000 1.811869
 1874.000000 1.829454
 1875.000000 1.847183
 1876.000000 1.864459
 1877.000000 1.880930
 1878.000000 1.896162
 1879.000000 1.909707
 1880.000000 1.921435
 1881.000000 1.931274
 1882.000000 1.939461
 1883.000000 1.946389
 1884.000000 1.952337
 1885.000000 1.957653
 1886.000000 1.962548
 1887.000000 1.967160
 1888.000000 1.971535
 1889.000000 1.975674
 1890.000000 1.979333
 1891.000000 1.982253
 1892.000000 1.984160
 1893.000000 1.984786
 1894.000000 1.983875
 1895.000000 1.981252
 1896.000000 1.976801
 1897.000000 1.970437
 1898.000000 1.962279
 1899.000000 1.952563
 1900.000000 1.941470
 1901.000000 1.929158
 1902.000000 1.915841
 1903.000000 1.901653
 1904.000000 1.886654
 1905.000000 1.871086
 1906.000000 1.854958
 1907.000000 1.838609
 1908.000000 1.822505
 1909.000000 1.807242
 1910.000000 1.793370
 1911.000000 1.781129
 1912.000000 1.770736
 1913.000000 1.762305
 1914.000000 1.755494
 1915.000000 1.750061
 1916.000000 1.745853
 1917.000000 1.742839
 1918.000000 1.740995
 1919.000000 1.740385
 1920.000000 1.741157
 1921.000000 1.743474
 1922.000000 1.747565
 1923.000000 1.753672
 1924.000000 1.762094
 1925.000000 1.772976
 1926.000000 1.786447
 1927.000000 1.802309
 1928.000000 1.819837
 1929.000000 1.838187
 1930.000000 1.856223
 1931.000000 1.873085
 1932.000000 1.888352
 1933.000000 1.902225
 1934.000000 1.914793
 1935.000000 1.926286
 1936.000000 1.936867
 1937.000000 1.946644
 1938.000000 1.955768
 1939.000000 1.964294
 1940.000000 1.972332
 1941.000000 1.980130
 1942.000000 1.987901
 1943.000000 1.995882
 1944.000000 2.004375
 1945.000000 2.013807
 1946.000000 2.024582
 1947.000000 2.037061
 1948.000000 2.051400
 1949.000000 2.067128
 1950.000000 2.083385
 1951.000000 2.099221
 1952.000000 2.113614
 1953.000000 2.125665
 1954.000000 2.135332
 1955.000000 2.142986
 1956.000000 2.149039
 1957.000000 2.154064
 1958.000000 2.158580
 1959.000000 2.163065
 1960.000000 2.167928
 1961.000000 2.173549
 1962.000000 2.180280
 1963.000000 2.188599
 1964.000000 2.199053
 1965.000000 2.211929
 1966.000000 2.227474
 1967.000000 2.245471
 1968.000000 2.265251
 1969.000000 2.285490
 1970.000000 2.304730
 1971.000000 2.322188
 1972.000000 2.337299
 1973.000000 2.350205
 1974.000000 2.360977
 1975.000000 2.369850
 1976.000000 2.377271
 1977.000000 2.383609
 1978.000000 2.389227
 1979.000000 2.394442
 1980.000000 2.399495
 1981.000000 2.404574
 1982.000000 2.409807
 1983.000000 2.415257
 1984.000000 2.420787
 1985.000000 2.426229
 1986.000000 2.431311
 1987.000000 2.435769
 1988.000000 2.439399
 1989.000000 2.442054
 1990.000000 2.443610
 1991.000000 2.443984
 1992.000000 2.443091
 1993.000000 2.440858
 1994.000000 2.437268
 1995.000000 2.432349
 1996.000000 2.426172
 1997.000000 2.418854
 1998.000000 2.410626
 1999.000000 2.401793
 2000.000000 2.392626
 2001.000000 2.383217
 2002.000000 2.373397
 2003.000000 2.362977
 2004.000000 2.351838
 2005.000000 2.339862
 2006.000000 2.326886
 2007.000000 2.313048
 2008.000000 2.298732
 2009.000000 2.284539
 2010.000000 2.271202
 2011.000000 2.259280
 2012.000000 2.249661
 2013.000000 2.242882
 2014.000000 2.239382
 2015.000000 2.239316
 2016.000000 2.242687
 2017.000000 2.249314
 2018.000000 2.258770
 2019.000000 2.270487
 2020.000000 2.283358
 2021.000000 2.296399
 2022.000000 2.308677
 2023.000000 2.319561
 2024.000000 2.328600
 2025.000000 2.335535
 2026.000000 2.340294
 2027.000000 2.342819
 2028.000000 2.343139
 2029.000000 2.341268
 2030.000000 2.337192
 2031.000000 2.330864
 2032.000000 2.322276
 2033.000000 2.311619
 2034.000000 2.299394
 2035.000000 2.286248
 2036.000000 2.272970
 2037.000000 2.260603
 2038.000000 2.250186
 2039.000000 2.242360
 2040.000000 2.237422
 2041.000000 2.235316
 2042.000000 2.235825
 2043.000000 2.238673
 2044.000000 2.243610
 2045.000000 2.250365
 2046.000000 2.258644
 2047.000000 2.268126
 2048.000000 2.278199
 2049.000000 2.288322
 2050.000000 2.297881
 2051.000000 2.306386
 2052.000000 2.313560
 2053.000000 2.319053
 2054.000000 2.322900
 2055.000000 2.325165
 2056.000000 2.325991
 2057.000000 2.325576
 2058.000000 2.324161
 2059.000000 2.322004
 2060.000000 2.319349
 2061.000000 2.316422
 2062.000000 2.313355
 2063.000000 2.310196
 2064.000000 2.306906
 2065.000000 2.303490
 2066.000000 2.299892
 2067.000000 2.296059
 2068.000000 2.292055
 2069.000000 2.288017
 2070.000000 2.284149
 2071.000000 2.280664
 2072.000000 2.277877
 2073.000000 2.275940
 2074.000000 2.274873
 2075.000000 2.274639
 2076.000000 2.275377
 2077.000000 2.277342
 2078.000000 2.280670
 2079.000000 2.285214
 2080.000000 2.290661
 2081.000000 2.296579
 2082.000000 2.302563
 2083.000000 2.308258
 2084.000000 2.313391
 2085.000000 2.317791
 2086.000000 2.321361
 2087.000000 2.324092
 2088.000000 2.326022
 2089.000000 2.327160
 2090.000000 2.327439
 2091.000000 2.326691
 2092.000000 2.324894
 2093.000000 2.322378
 2094.000000 2.319599
 2095.000000 2.316831
 2096.000000 2.314218
 2097.000000 2.311886
 2098.000000 2.309874
 2099.000000 2.308190
 2100.000000 2.306801
 2101.000000 2.305595
 2102.000000 2.304405
 2103.000000 2.303055
 2104.000000 2.301358
 2105.000000 2.299207
 2106.000000 2.296604
 2107.000000 2.293594
 2108.000000 2.290389
 2109.000000 2.287295
 2110.000000 2.284710
 2111.000000 2.283021
 2112.000000 2.282612
 2113.000000 2.283821
 2114.000000 2.286876
 2115.000000 2.291760
 2116.000000 2.298404
 2117.000000 2.306489
 2118.000000 2.315631
 2119.000000 2.325435
 2120.000000 2.335332
 2121.000000 2.344976
 2122.000000 2.354384
 2123.000000 2.363502
 2124.000000 2.372511
 2125.000000 2.381676
 2126.000000 2.391075
 2127.000000 2.400883
 2128.000000 2.411193
 2129.000000 2.421969
 2130.000000 2.433263
 2131.000000 2.444784
 2132.000000 2.456087
 2133.000000 2.466842
 2134.000000 2.476854
 2135.000000 2.485980
 2136.000000 2.494382
 2137.000000 2.502260
 2138.000000 2.509794
 2139.000000 2.517147
 2140.000000 2.524467
 2141.000000 2.531875
 2142.000000 2.539448
 2143.000000 2.547111
 2144.000000 2.554811
 2145.000000 2.562332
 2146.000000 2.569269
 2147.000000 2.575187
 2148.000000 2.579740
 2149.000000 2.582911
 2150.000000 2.585017
 2151.000000 2.586373
 2152.000000 2.587249
 2153.000000 2.587861
 2154.000000 2.588416
 2155.000000 2.589084
 2156.000000 2.590001
 2157.000000 2.591323
 2158.000000 2.593177
 2159.000000 2.595719
 2160.000000 2.599149
 2161.000000 2.603700
 2162.000000 2.609721
 2163.000000 2.617625
 2164.000000 2.627681
 2165.000000 2.640143
 2166.000000 2.654972
 2167.000000 2.671958
 2168.000000 2.690410
 2169.000000 2.709559
 2170.000000 2.728691
 2171.000000 2.747877
 2172.000000 2.766922
 2173.000000 2.786107
 2174.000000 2.805149
 2175.000000 2.823496
 2176.000000 2.840491
 2177.000000 2.855816
 2178.000000 2.869513
 2179.000000 2.881970
 2180.000000 2.893335
 2181.000000 2.903690
 2182.000000 2.913015
 2183.000000 2.921009
 2184.000000 2.927372
 2185.000000 2.931885
 2186.000000 2.934283
 2187.000000 2.934514
 2188.000000 2.932676
 2189.000000 2.929043
 2190.000000 2.924011
 2191.000000 2.917928
 2192.000000 2.911352
 2193.000000 2.904646
 2194.000000 2.898072
 2195.000000 2.891758
 2196.000000 2.885798
 2197.000000 2.880147
 2198.000000 2.874822
 2199.000000 2.869704
 2200.000000 2.864663
 2201.000000 2.859634
 2202.000000 2.854451
 2203.000000 2.849031
 2204.000000 2.843262
 2205.000000 2.837143
 2206.000000 2.830706
 2207.000000 2.824214
 2208.000000 2.817816
 2209.000000 2.811713
 2210.000000 2.806177
 2211.000000 2.801514
 2212.000000 2.797828
 2213.000000 2.795146
 2214.000000 2.793477
 2215.000000 2.792805
 2216.000000 2.793080
 2217.000000 2.794248
 2218.000000 2.796266
 2219.000000 2.799085
 2220.000000 2.802647
 2221.000000 2.806809
 2222.000000 2.811395
 2223.000000 2.816201
 2224.000000 2.821094
 2225.000000 2.825892
 2226.000000 2.830414
 2227.000000 2.834525
 2228.000000 2.838220
 2229.000000 2.841482
 2230.000000 2.844301
 2231.000000 2.846662
 2232.000000 2.848449
 2233.000000 2.849535
 2234.000000 2.849702
 2235.000000 2.848674
 2236.000000 2.846140
 2237.000000 2.841814
 2238.000000 2.835456
 2239.000000 2.826921
 2240.000000 2.816192
 2241.000000 2.803730
 2242.000000 2.789723
 2243.000000 2.774418
 2244.000000 2.758159
 2245.000000 2.740917
 2246.000000 2.722853
 2247.000000 2.704137
 2248.000000 2.685106
 2249.000000 2.666092
 2250.000000 2.647892
 2251.000000 2.630987
 2252.000000 2.615500
 2253.000000 2.601569
 2254.000000 2.589020
 2255.000000 2.577833
 2256.000000 2.567966
 2257.000000 2.559298
 2258.000000 2.551643
 2259.000000 2.544677
 2260.000000 2.538153
 2261.000000 2.531759
 2262.000000 2.525318
 2263.000000 2.518781
 2264.000000 2.512238
 2265.000000 2.505894
 2266.000000 2.499929
 2267.000000 2.494630
 2268.000000 2.490297
 2269.000000 2.487148
 2270.000000 2.485290
 2271.000000 2.484767
 2272.000000 2.485473
 2273.000000 2.487178
 2274.000000 2.489552
 2275.000000 2.492215
 2276.000000 2.494766
 2277.000000 2.496905
 2278.000000 2.498376
 2279.000000 2.499027
 2280.000000 2.498781
 2281.000000 2.497632
 2282.000000 2.495604
 2283.000000 2.492671
 2284.000000 2.488775
 2285.000000 2.483868
 2286.000000 2.477868
 2287.000000 2.470783
 2288.000000 2.462775
 2289.000000 2.454211
 2290.000000 2.445397
 2291.000000 2.436978
 2292.000000 2.429522
 2293.000000 2.423394
 2294.000000 2.418881
 2295.000000 2.416141
 2296.000000 2.415223
 2297.000000 2.416070
 2298.000000 2.418600
 2299.000000 2.422645
 2300.000000 2.428009
 2301.000000 2.434448
 2302.000000 2.441794
 2303.000000 2.449669
 2304.000000 2.457773
 2305.000000 2.465629
 2306.000000 2.472894
 2307.000000 2.479396
 2308.000000 2.484852
 2309.000000 2.489164
 2310.000000 2.492247
 2311.000000 2.494136
 2312.000000 2.494928
 2313.000000 2.494782
 2314.000000 2.493907
 2315.000000 2.492539
 2316.000000 2.490929
 2317.000000 2.489293
 2318.000000 2.487824
 2319.000000 2.486599
 2320.000000 2.485621
 2321.000000 2.484840
 2322.000000 2.484168
 2323.000000 2.483551
 2324.000000 2.483009
 2325.000000 2.482608
 2326.000000 2.482441
 2327.000000 2.482601
 2328.000000 2.483139
 2329.000000 2.484061
 2330.000000 2.485336
 2331.000000 2.486917
 2332.000000 2.488726
 2333.000000 2.490717
 2334.000000 2.492881
 2335.000000 2.495182
 2336.000000 2.497470
 2337.000000 2.499351
 2338.000000 2.500302
 2339.000000 2.500386
 2340.000000 2.500182
 2341.000000 2.500146
 2342.000000 2.500580
 2343.000000 2.501791
 2344.000000 2.504145
 2345.000000 2.508011
 2346.000000 2.513744
 2347.000000 2.521658
 2348.000000 2.532050
 2349.000000 2.545041
 2350.000000 2.560529
 2351.000000 2.578187
 2352.000000 2.597524
 2353.000000 2.617983
 2354.000000 2.639268
 2355.000000 2.660748
 2356.000000 2.681760
 2357.000000 2.701374
 2358.000000 2.719112
 2359.000000 2.734763
 2360.000000 2.748223
 2361.000000 2.759635
 2362.000000 2.769215
 2363.000000 2.777111
 2364.000000 2.783279
 2365.000000 2.787752
 2366.000000 2.790573
 2367.000000 2.791912
 2368.000000 2.791848
 2369.000000 2.790305
 2370.000000 2.787563
 2371.000000 2.784387
 2372.000000 2.781343
 2373.000000 2.778690
 2374.000000 2.776511
 2375.000000 2.774746
 2376.000000 2.773242
 2377.000000 2.771835
 2378.000000 2.770378
 2379.000000 2.768754
 2380.000000 2.766866
 2381.000000 2.764646
 2382.000000 2.762070
 2383.000000 2.759147
 2384.000000 2.755838
 2385.000000 2.752079
 2386.000000 2.747677
 2387.000000 2.742439
 2388.000000 2.736028
 2389.000000 2.728082
 2390.000000 2.718501
 2391.000000 2.707342
 2392.000000 2.695076
 2393.000000 2.682160
 2394.000000 2.669631
 2395.000000 2.658655
 2396.000000 2.650165
 2397.000000 2.644858
 2398.000000 2.642970
 2399.000000 2.644493
 2400.000000 2.649164
 2401.000000 2.656450
 2402.000000 2.665713
 2403.000000 2.676301
 2404.000000 2.687430
 2405.000000 2.698295
 2406.000000 2.707970
 2407.000000 2.716027
 2408.000000 2.722330
 2409.000000 2.726918
 2410.000000 2.729895
 2411.000000 2.731420
 2412.000000 2.731653
 2413.000000 2.730764
 2414.000000 2.728885
 2415.000000 2.726105
 2416.000000 2.722498
 2417.000000 2.718065
 2418.000000 2.712800
 2419.000000 2.706644
 2420.000000 2.699574
 2421.000000 2.691450
 2422.000000 2.682279
 2423.000000 2.672245
 2424.000000 2.661509
 2425.000000 2.650252
 2426.000000 2.638669
 2427.000000 2.626606
 2428.000000 2.613957
 2429.000000 2.600805
 2430.000000 2.587034
 2431.000000 2.572868
 2432.000000 2.558215
 2433.000000 2.543273
 2434.000000 2.527925
 2435.000000 2.512304
 2436.000000 2.496479
 2437.000000 2.480157
 2438.000000 2.463179
 2439.000000 2.445903
 2440.000000 2.429110
 2441.000000 2.413527
 2442.000000 2.399415
 2443.000000 2.386453
 2444.000000 2.374267
 2445.000000 2.362478
 2446.000000 2.350694
 2447.000000 2.338824
 2448.000000 2.326877
 2449.000000 2.314965
 2450.000000 2.303311
 2451.000000 2.292278
 2452.000000 2.282382
 2453.000000 2.273895
 2454.000000 2.267166
 2455.000000 2.262412
 2456.000000 2.259770
 2457.000000 2.259343
 2458.000000 2.261086
 2459.000000 2.264850
 2460.000000 2.270378
 2461.000000 2.277260
 2462.000000 2.285000
 2463.000000 2.293096
 2464.000000 2.301103
 2465.000000 2.308496
 2466.000000 2.314838
 2467.000000 2.319860
 2468.000000 2.323490
 2469.000000 2.325754
 2470.000000 2.326734
 2471.000000 2.326597
 2472.000000 2.325554
 2473.000000 2.323816
 2474.000000 2.321571
 2475.000000 2.318908
 2476.000000 2.315865
 2477.000000 2.312407
 2478.000000 2.308426
 2479.000000 2.303823
 2480.000000 2.298507
 2481.000000 2.292272
 2482.000000 2.285003
 2483.000000 2.276637
 2484.000000 2.267160
 2485.000000 2.256823
 2486.000000 2.246129
 2487.000000 2.235561
 2488.000000 2.225647
 2489.000000 2.216723
 2490.000000 2.209014
 2491.000000 2.202466
 2492.000000 2.197027
 2493.000000 2.192479
 2494.000000 2.188577
 2495.000000 2.185052
 2496.000000 2.181603
 2497.000000 2.177900
 2498.000000 2.173610
 2499.000000 2.168338
 2500.000000 2.161671
 2501.000000 2.153161
 2502.000000 2.142365
 2503.000000 2.128919
 2504.000000 2.112681
 2505.000000 2.094145
 2506.000000 2.074971
 2507.000000 2.057186
 2508.000000 2.042174
 2509.000000 2.030761
 2510.000000 2.022983
 2511.000000 2.018642
 2512.000000 2.017309
 2513.000000 2.018599
 2514.000000 2.022128
 2515.000000 2.027554
 2516.000000 2.034585
 2517.000000 2.042880
 2518.000000 2.051832
 2519.000000 2.060956
 2520.000000 2.069500
 2521.000000 2.076818
 2522.000000 2.082415
 2523.000000 2.086004
 2524.000000 2.087600
 2525.000000 2.087411
 2526.000000 2.085851
 2527.000000 2.083502
 2528.000000 2.081008
 2529.000000 2.078937
 2530.000000 2.077788
 2531.000000 2.077939
 2532.000000 2.079580
 2533.000000 2.082694
 2534.000000 2.087027
 2535.000000 2.092209
 2536.000000 2.097727
 2537.000000 2.103045
 2538.000000 2.107682
 2539.000000 2.111209
 2540.000000 2.113294
 2541.000000 2.113713
 2542.000000 2.112344
 2543.000000 2.109167
 2544.000000 2.104199
 2545.000000 2.097632
 2546.000000 2.089817
 2547.000000 2.081278
 2548.000000 2.072617
 2549.000000 2.064272
 2550.000000 2.056702
 2551.000000 2.050450
 2552.000000 2.045735
 2553.000000 2.042709
 2554.000000 2.041421
 2555.000000 2.041925
 2556.000000 2.044291
 2557.000000 2.048568
 2558.000000 2.054842
 2559.000000 2.062967
 2560.000000 2.072647
 2561.000000 2.083507
 2562.000000 2.095155
 2563.000000 2.107171
 2564.000000 2.118529
 2565.000000 2.128362
 2566.000000 2.136174
 2567.000000 2.141594
 2568.000000 2.144451
 2569.000000 2.144534
 2570.000000 2.141664
 2571.000000 2.135659
 2572.000000 2.126420
 2573.000000 2.113977
 2574.000000 2.098778
 2575.000000 2.081805
 2576.000000 2.063956
 2577.000000 2.046274
 2578.000000 2.029398
 2579.000000 2.013557
 2580.000000 1.998856
 2581.000000 1.985415
 2582.000000 1.973476
 2583.000000 1.963143
 2584.000000 1.954233
 2585.000000 1.946553
 2586.000000 1.939847
 2587.000000 1.933826
 2588.000000 1.928087
 2589.000000 1.922165
 2590.000000 1.915755
 2591.000000 1.908591
 2592.000000 1.900515
 2593.000000 1.891405
 2594.000000 1.881372
 2595.000000 1.870543
 2596.000000 1.859240
 2597.000000 1.847766
 2598.000000 1.836514
 2599.000000 1.826067
 2600.000000 1.816988
 2601.000000 1.809702
 2602.000000 1.804360
 2603.000000 1.800992
 2604.000000 1.799679
 2605.000000 1.800441
 2606.000000 1.803231
 2607.000000 1.807872
 2608.000000 1.814118
 2609.000000 1.821429
 2610.000000 1.829323
 2611.000000 1.837166
 2612.000000 1.844457
 2613.000000 1.850485
 2614.000000 1.854810
 2615.000000 1.857084
 2616.000000 1.857157
 2617.000000 1.855014
 2618.000000 1.850717
 2619.000000 1.844454
 2620.000000 1.836457
 2621.000000 1.827013
 2622.000000 1.816434
 2623.000000 1.805174
 2624.000000 1.793642
 2625.000000 1.782053
 2626.000000 1.770677
 2627.000000 1.759652
 2628.000000 1.748992
 2629.000000 1.738759
 2630.000000 1.728907
 2631.000000 1.719283
 2632.000000 1.709789
 2633.000000 1.700523
 2634.000000 1.691425
 2635.000000 1.682432
 2636.000000 1.673630
 2637.000000 1.665189
 2638.000000 1.657192
 2639.000000 1.649651
 2640.000000 1.642724
 2641.000000 1.636678
 2642.000000 1.631339
 2643.000000 1.626669
 2644.000000 1.622638
 2645.000000 1.619179
 2646.000000 1.616211
 2647.000000 1.613676
 2648.000000 1.611608
 2649.000000 1.610092
 2650.000000 1.609200
 2651.000000 1.608983
 2652.000000 1.609410
 2653.000000 1.610345
 2654.000000 1.611558
 2655.000000 1.612787
 2656.000000 1.613776
 2657.000000 1.614330
 2658.000000 1.614336
 2659.000000 1.613724
 2660.000000 1.612442
 2661.000000 1.610429
 2662.000000 1.607600
 2663.000000 1.603821
 2664.000000 1.599030
 2665.000000 1.593055
 2666.000000 1.585861
 2667.000000 1.577498
 2668.000000 1.568099
 2669.000000 1.557964
 2670.000000 1.547324
 2671.000000 1.536485
 2672.000000 1.525646
 2673.000000 1.515057
 2674.000000 1.504857
 2675.000000 1.495256
 2676.000000 1.486544
 2677.000000 1.478977
 2678.000000 1.472637
 2679.000000 1.467772
 2680.000000 1.464563
 2681.000000 1.463057
 2682.000000 1.463223
 2683.000000 1.465021
 2684.000000 1.468487
 2685.000000 1.473734
 2686.000000 1.480864
 2687.000000 1.489998
 2688.000000 1.501374
 2689.000000 1.515366
 2690.000000 1.531928
 2691.000000 1.550608
 2692.000000 1.570682
 2693.000000 1.591268
 2694.000000 1.611573
 2695.000000 1.630795
 2696.000000 1.648938
 2697.000000 1.666385
 2698.000000 1.683318
 2699.000000 1.700323
 2700.000000 1.717680
 2701.000000 1.735639
 2702.000000 1.754444
 2703.000000 1.774360
 2704.000000 1.795283
 2705.000000 1.817159
 2706.000000 1.839056
 2707.000000 1.860081
 2708.000000 1.879178
 2709.000000 1.895731
 2710.000000 1.909494
 2711.000000 1.920420
 2712.000000 1.928698
 2713.000000 1.934445
 2714.000000 1.938023
 2715.000000 1.939720
 2716.000000 1.939788
 2717.000000 1.938379
 2718.000000 1.935531
 2719.000000 1.931198
 2720.000000 1.925313
 2721.000000 1.917729
 2722.000000 1.908057
 2723.000000 1.896239
 2724.000000 1.882099
 2725.000000 1.865444
 2726.000000 1.846572
 2727.000000 1.826033
 2728.000000 1.805136
 2729.000000 1.784536
 2730.000000 1.765024
 2731.000000 1.746914
 2732.000000 1.730286
 2733.000000 1.715266
 2734.000000 1.701797
 2735.000000 1.689795
 2736.000000 1.679216
 2737.000000 1.669993
 2738.000000 1.662038
 2739.000000 1.655280
 2740.000000 1.649483
 2741.000000 1.644507
 2742.000000 1.640099
 2743.000000 1.635906
 2744.000000 1.631674
 2745.000000 1.627088
 2746.000000 1.621853
 2747.000000 1.615893
 2748.000000 1.609241
 2749.000000 1.602116
 2750.000000 1.594817
 2751.000000 1.587687
 2752.000000 1.580972
 2753.000000 1.575060
 2754.000000 1.570185
 2755.000000 1.566564
 2756.000000 1.564161
 2757.000000 1.562885
 2758.000000 1.562543
 2759.000000 1.562901
 2760.000000 1.563745
 2761.000000 1.564899
 2762.000000 1.566224
 2763.000000 1.567632
 2764.000000 1.569115
 2765.000000 1.570693
 2766.000000 1.572374
 2767.000000 1.574214
 2768.000000 1.576250
 2769.000000 1.578522
 2770.000000 1.581071
 2771.000000 1.583905
 2772.000000 1.587074
 2773.000000 1.590507
 2774.000000 1.594216
 2775.000000 1.598106
 2776.000000 1.602124
 2777.000000 1.606118
 2778.000000 1.609875
 2779.000000 1.613266
 2780.000000 1.616058
 2781.000000 1.618003
 2782.000000 1.618901
 2783.000000 1.618629
 2784.000000 1.617174
 2785.000000 1.614687
 2786.000000 1.611468
 2787.000000 1.607971
 2788.000000 1.604649
 2789.000000 1.601924
 2790.000000 1.600191
 2791.000000 1.599704
 2792.000000 1.600586
 2793.000000 1.602867
 2794.000000 1.606485
 2795.000000 1.611243
 2796.000000 1.616961
 2797.000000 1.623425
 2798.000000 1.630380
 2799.000000 1.637447
 2800.000000 1.644366
 2801.000000 1.650861
 2802.000000 1.656899
 2803.000000 1.662493
 2804.000000 1.667778
 2805.000000 1.672771
 2806.000000 1.677531
 2807.000000 1.682126
 2808.000000 1.686558
 2809.000000 1.690863
 2810.000000 1.694982
 2811.000000 1.698791
 2812.000000 1.702211
 2813.000000 1.705065
 2814.000000 1.707282
 2815.000000 1.708801
 2816.000000 1.709567
 2817.000000 1.709590
 2818.000000 1.708924
 2819.000000 1.707687
 2820.000000 1.706053
 2821.000000 1.704222
 2822.000000 1.702411
 2823.000000 1.700788
 2824.000000 1.699414
 2825.000000 1.698237
 2826.000000 1.697119
 2827.000000 1.695883
 2828.000000 1.694331
 2829.000000 1.692362
 2830.000000 1.689891
 2831.000000 1.686970
 2832.000000 1.683745
 2833.000000 1.680434
 2834.000000 1.677227
 2835.000000 1.674358
 2836.000000 1.672002
 2837.000000 1.670286
 2838.000000 1.669314
 2839.000000 1.669204
 2840.000000 1.670101
 2841.000000 1.672186
 2842.000000 1.675632
 2843.000000 1.680760
 2844.000000 1.687847
 2845.000000 1.697162
 2846.000000 1.708989
 2847.000000 1.723438
 2848.000000 1.740531
 2849.000000 1.759976
 2850.000000 1.781552
 2851.000000 1.804457
 2852.000000 1.827836
 2853.000000 1.850349
 2854.000000 1.871028
 2855.000000 1.889230
 2856.000000 1.904842
 2857.000000 1.918019
 2858.000000 1.929174
 2859.000000 1.938916
 2860.000000 1.947780
 2861.000000 1.956235
 2862.000000 1.964671
 2863.000000 1.973480
 2864.000000 1.982617
 2865.000000 1.992043
 2866.000000 2.001618
 2867.000000 2.011478
 2868.000000 2.021614
 2869.000000 2.031941
 2870.000000 2.042565
 2871.000000 2.053295
 2872.000000 2.064269
 2873.000000 2.075366
 2874.000000 2.086427
 2875.000000 2.097074
 2876.000000 2.106985
 2877.000000 2.115825
 2878.000000 2.123441
 2879.000000 2.129663
 2880.000000 2.134311
 2881.000000 2.137235
 2882.000000 2.138251
 2883.000000 2.137124
 2884.000000 2.133606
 2885.000000 2.127490
 2886.000000 2.118747
 2887.000000 2.107493
 2888.000000 2.094178
 2889.000000 2.079370
 2890.000000 2.063924
 2891.000000 2.048554
 2892.000000 2.033985
 2893.000000 2.020377
 2894.000000 2.008138
 2895.000000 1.997560
 2896.000000 1.988910
 2897.000000 1.982444
 2898.000000 1.978141
 2899.000000 1.975935
 2900.000000 1.975722
 2901.000000 1.977328
 2902.000000 1.980505
 2903.000000 1.985035
 2904.000000 1.990617
 2905.000000 1.996954
 2906.000000 2.003817
 2907.000000 2.010969
 2908.000000 2.018217
 2909.000000 2.025378
 2910.000000 2.032269
 2911.000000 2.038774
 2912.000000 2.044771
 2913.000000 2.050050
 2914.000000 2.054454
 2915.000000 2.057668
 2916.000000 2.059382
 2917.000000 2.059328
 2918.000000 2.057297
 2919.000000 2.053193
 2920.000000 2.047088
 2921.000000 2.039031
 2922.000000 2.028993
 2923.000000 2.017116
 2924.000000 2.003570
 2925.000000 1.988556
 2926.000000 1.972460
 2927.000000 1.955293
 2928.000000 1.937591
 2929.000000 1.919499
 2930.000000 1.900388
 2931.000000 1.880132
 2932.000000 1.858665
 2933.000000 1.836613
 2934.000000 1.814779
 2935.000000 1.793957
 2936.000000 1.775132
 2937.000000 1.758905
 2938.000000 1.745593
 2939.000000 1.735410
 2940.000000 1.728584
 2941.000000 1.725181
 2942.000000 1.725146
 2943.000000 1.728305
 2944.000000 1.734453
 2945.000000 1.743203
 2946.000000 1.754286
 2947.000000 1.767478
 2948.000000 1.782255
 2949.000000 1.798214
 2950.000000 1.814882
 2951.000000 1.831246
 2952.000000 1.846658
 2953.000000 1.860239
 2954.000000 1.871491
 2955.000000 1.879920
 2956.000000 1.885522
 2957.000000 1.888402
 2958.000000 1.888763
 2959.000000 1.886853
 2960.000000 1.882931
 2961.000000 1.877223
 2962.000000 1.869886
 2963.000000 1.861115
 2964.000000 1.850953
 2965.000000 1.839777
 2966.000000 1.827798
 2967.000000 1.815434
 2968.000000 1.803362
 2969.000000 1.791882
 2970.000000 1.781412
 2971.000000 1.772161
 2972.000000 1.764156
 2973.000000 1.757466
 2974.000000 1.751973
 2975.000000 1.747645
 2976.000000 1.744614
 2977.000000 1.743080
 2978.000000 1.743254
 2979.000000 1.745357
 2980.000000 1.749547
 2981.000000 1.755892
 2982.000000 1.764395
 2983.000000 1.774934
 2984.000000 1.787292
 2985.000000 1.801099
 2986.000000 1.815884
 2987.000000 1.830963
 2988.000000 1.845759
 2989.000000 1.859920
 2990.000000 1.872966
 2991.000000 1.884810
 2992.000000 1.895224
 2993.000000 1.904341
 2994.000000 1.912342
 2995.000000 1.919307
 2996.000000 1.925265
 2997.000000 1.930267
 2998.000000 1.934356
 2999.000000 1.937603
 3000.000000 1.940178
 3001.000000 1.942307
 3002.000000 1.944297
 3003.000000 1.946549
 3004.000000 1.949404
 3005.000000 1.953211
 3006.000000 1.958177
 3007.000000 1.964474
 3008.000000 1.971966
 3009.000000 1.980399
 3010.000000 1.989491
 3011.000000 1.998821
 3012.000000 2.008208
 3013.000000 2.017316
 3014.000000 2.026075
 3015.000000 2.034410
 3016.000000 2.042567
 3017.000000 2.050666
 3018.000000 2.058811
 3019.000000 2.066968
 3020.000000 2.075091
 3021.000000 2.082980
 3022.000000 2.090370
 3023.000000 2.096801
 3024.000000 2.101929
 3025.000000 2.105534
 3026.000000 2.107542
 3027.000000 2.108036
 3028.000000 2.107274
 3029.000000 2.105693
 3030.000000 2.103833
 3031.000000 2.102293
 3032.000000 2.101620
 3033.000000 2.102230
 3034.000000 2.104364
 3035.000000 2.108035
 3036.000000 2.113093
 3037.000000 2.119261
 3038.000000 2.126294
 3039.000000 2.133947
 3040.000000 2.142030
 3041.000000 2.150445
 3042.000000 2.159319
 3043.000000 2.168929
 3044.000000 2.179503
 3045.000000 2.191230
 3046.000000 2.204218
 3047.000000 2.218226
 3048.000000 2.232675
 3049.000000 2.246953
 3050.000000 2.260425
 3051.000000 2.272391
 3052.000000 2.282759
 3053.000000 2.291577
 3054.000000 2.299109
 3055.000000 2.305708
 3056.000000 2.311717
 3057.000000 2.317332
 3058.000000 2.322690
 3059.000000 2.327777
 3060.000000 2.332376
 3061.000000 2.336150
 3062.000000 2.338672
 3063.000000 2.339509
 3064.000000 2.338257
 3065.000000 2.334560
 3066.000000 2.328148
 3067.000000 2.318911
 3068.000000 2.306716
 3069.000000 2.291602
 3070.000000 2.273800
 3071.000000 2.253976
 3072.000000 2.233042
 3073.000000 2.212650
 3074.000000 2.194091
 3075.000000 2.178005
 3076.000000 2.163785
 3077.000000 2.150946
 3078.000000 2.138832
 3079.000000 2.126657
 3080.000000 2.113947
 3081.000000 2.100402
 3082.000000 2.085974
 3083.000000 2.070978
 3084.000000 2.055647
 3085.000000 2.040464
 3086.000000 2.025462
 3087.000000 2.010786
 3088.000000 1.996641
 3089.000000 1.983399
 3090.000000 1.971490
 3091.000000 1.961238
 3092.000000 1.952815
 3093.000000 1.946227
 3094.000000 1.941451
 3095.000000 1.938334
 3096.000000 1.936643
 3097.000000 1.936099
 3098.000000 1.936458
 3099.000000 1.937490
 3100.000000 1.939014
 3101.000000 1.940919
 3102.000000 1.943155
 3103.000000 1.945764
 3104.000000 1.948847
 3105.000000 1.952509
 3106.000000 1.956841
 3107.000000 1.962002
 3108.000000 1.968010
 3109.000000 1.974858
 3110.000000 1.982585
 3111.000000 1.990773
 3112.000000 1.999159
 3113.000000 2.007290
 3114.000000 2.014791
 3115.000000 2.021121
 3116.000000 2.025833
 3117.000000 2.028635
 3118.000000 2.029202
 3119.000000 2.027375
 3120.000000 2.023163
 3121.000000 2.016682
 3122.000000 2.008031
 3123.000000 1.997314
 3124.000000 1.984996
 3125.000000 1.971423
 3126.000000 1.956913
 3127.000000 1.941639
 3128.000000 1.925771
 3129.000000 1.909020
 3130.000000 1.891020
 3131.000000 1.871283
 3132.000000 1.849630
 3133.000000 1.826753
 3134.000000 1.804135
 3135.000000 1.783009
 3136.000000 1.764516
 3137.000000 1.749340
 3138.000000 1.737945
 3139.000000 1.730363
 3140.000000 1.726230
 3141.000000 1.725116
 3142.000000 1.726613
 3143.000000 1.730384
 3144.000000 1.736225
 3145.000000 1.743967
 3146.000000 1.753684
 3147.000000 1.765366
 3148.000000 1.778901
 3149.000000 1.793920
 3150.000000 1.809827
 3151.000000 1.825901
 3152.000000 1.841221
 3153.000000 1.854771
 3154.000000 1.866105
 3155.000000 1.874748
 3156.000000 1.880449
 3157.000000 1.883063
 3158.000000 1.882469
 3159.000000 1.878490
 3160.000000 1.871011
 3161.000000 1.859999
 3162.000000 1.845271
 3163.000000 1.827054
 3164.000000 1.806082
 3165.000000 1.783826
 3166.000000 1.761544
 3167.000000 1.740055
 3168.000000 1.720010
 3169.000000 1.701874
 3170.000000 1.685606
 3171.000000 1.671136
 3172.000000 1.657905
 3173.000000 1.645301
 3174.000000 1.632701
 3175.000000 1.619655
 3176.000000 1.605897
 3177.000000 1.591572
 3178.000000 1.577030
 3179.000000 1.562852
 3180.000000 1.549692
 3181.000000 1.538106
 3182.000000 1.528443
 3183.000000 1.521077
 3184.000000 1.516316
 3185.000000 1.514326
 3186.000000 1.515161
 3187.000000 1.518681
 3188.000000 1.524582
 3189.000000 1.532598
 3190.000000 1.541988
 3191.000000 1.552078
 3192.000000 1.562145
 3193.000000 1.571584
 3194.000000 1.579865
 3195.000000 1.586635
 3196.000000 1.591666
 3197.000000 1.595060
 3198.000000 1.596996
 3199.000000 1.597706
 3200.000000 1.597442
 3201.000000 1.596443
 3202.000000 1.594904
 3203.000000 1.592964
 3204.000000 1.590706
 3205.000000 1.588166
 3206.000000 1.585396
 3207.000000 1.582437
 3208.000000 1.579391
 3209.000000 1.576391
 3210.000000 1.573542
 3211.000000 1.571003
 3212.000000 1.568831
 3213.000000 1.567035
 3214.000000 1.565531
 3215.000000 1.564187
 3216.000000 1.562837
 3217.000000 1.561316
 3218.000000 1.559513
 3219.000000 1.557439
 3220.000000 1.555176
 3221.000000 1.552926
 3222.000000 1.551016
 3223.000000 1.549724
 3224.000000 1.549296
 3225.000000 1.549919
 3226.000000 1.551659
 3227.000000 1.554448
 3228.000000 1.557998
 3229.000000 1.561938
 3230.000000 1.565731
 3231.000000 1.568850
 3232.000000 1.570736
 3233.000000 1.570907
 3234.000000 1.569028
 3235.000000 1.564929
 3236.000000 1.558657
 3237.000000 1.550411
 3238.000000 1.540634
 3239.000000 1.529853
 3240.000000 1.518626
 3241.000000 1.507296
 3242.000000 1.495912
 3243.000000 1.484490
 3244.000000 1.472888
 3245.000000 1.460774
 3246.000000 1.448052
 3247.000000 1.435070
 3248.000000 1.422113
 3249.000000 1.409701
 3250.000000 1.398711
 3251.000000 1.389894
 3252.000000 1.383893
 3253.000000 1.381109
 3254.000000 1.381707
 3255.000000 1.385588
 3256.000000 1.392365
 3257.000000 1.401417
 3258.000000 1.412180
 3259.000000 1.424168
 3260.000000 1.436987
 3261.000000 1.450416
 3262.000000 1.464615
 3263.000000 1.479950
 3264.000000 1.496665
 3265.000000 1.515254
 3266.000000 1.535950
 3267.000000 1.558517
 3268.000000 1.582197
 3269.000000 1.606552
 3270.000000 1.631229
 3271.000000 1.656479
 3272.000000 1.683045
 3273.000000 1.711614
 3274.000000 1.742815
 3275.000000 1.776370
 3276.000000 1.810620
 3277.000000 1.843499
 3278.000000 1.872727
 3279.000000 1.898609
 3280.000000 1.922032
 3281.000000 1.943949
 3282.000000 1.965216
 3283.000000 1.985726
 3284.000000 2.005254
 3285.000000 2.023413
 3286.000000 2.040118
 3287.000000 2.055428
 3288.000000 2.069463
 3289.000000 2.082144
 3290.000000 2.093027
 3291.000000 2.101746
 3292.000000 2.108163
 3293.000000 2.112242
 3294.000000 2.114072
 3295.000000 2.113861
 3296.000000 2.111828
 3297.000000 2.108190
 3298.000000 2.103279
 3299.000000 2.097345
 3300.000000 2.090646
 3301.000000 2.083481
 3302.000000 2.076062
 3303.000000 2.068641
 3304.000000 2.061266
 3305.000000 2.054070
 3306.000000 2.047139
 3307.000000 2.040545
 3308.000000 2.034398
 3309.000000 2.028889
 3310.000000 2.024298
 3311.000000 2.020933
 3312.000000 2.019050
 3313.000000 2.018861
 3314.000000 2.020461
 3315.000000 2.023790
 3316.000000 2.028655
 3317.000000 2.034736
 3318.000000 2.041584
 3319.000000 2.048880
 3320.000000 2.056341
 3321.000000 2.063691
 3322.000000 2.070721
 3323.000000 2.077448
 3324.000000 2.083870
 3325.000000 2.089848
 3326.000000 2.095266
 3327.000000 2.100055
 3328.000000 2.104052
 3329.000000 2.107041
 3330.000000 2.108843
 3331.000000 2.109392
 3332.000000 2.108671
 3333.000000 2.106749
 3334.000000 2.103768
 3335.000000 2.099998
 3336.000000 2.095632
 3337.000000 2.090925
 3338.000000 2.086152
 3339.000000 2.081441
 3340.000000 2.076792
 3341.000000 2.072150
 3342.000000 2.067421
 3343.000000 2.062331
 3344.000000 2.056559
 3345.000000 2.049860
 3346.000000 2.041997
 3347.000000 2.032558
 3348.000000 2.021367
 3349.000000 2.008636
 3350.000000 1.994776
 3351.000000 1.980460
 3352.000000 1.966596
 3353.000000 1.953884
 3354.000000 1.942806
 3355.000000 1.933193
 3356.000000 1.924555
 3357.000000 1.916329
 3358.000000 1.907722
 3359.000000 1.897942
 3360.000000 1.886165
 3361.000000 1.871688
 3362.000000 1.853676
 3363.000000 1.832042
 3364.000000 1.807914
 3365.000000 1.783385
 3366.000000 1.760414
 3367.000000 1.740548
 3368.000000 1.724382
 3369.000000 1.712072
 3370.000000 1.703282
 3371.000000 1.697705
 3372.000000 1.694901
 3373.000000 1.694415
 3374.000000 1.695906
 3375.000000 1.699154
 3376.000000 1.703995
 3377.000000 1.710355
 3378.000000 1.718163
 3379.000000 1.727425
 3380.000000 1.737947
 3381.000000 1.749386
 3382.000000 1.761148
 3383.000000 1.772776
 3384.000000 1.783529
 3385.000000 1.792586
 3386.000000 1.799197
 3387.000000 1.802771
 3388.000000 1.803062
 3389.000000 1.800114
 3390.000000 1.794265
 3391.000000 1.785992
 3392.000000 1.776108
 3393.000000 1.765354
 3394.000000 1.754445
 3395.000000 1.744013
 3396.000000 1.734245
 3397.000000 1.725428
 3398.000000 1.717669
 3399.000000 1.710957
 3400.000000 1.705379
 3401.000000 1.700982
 3402.000000 1.697714
 3403.000000 1.695568
 3404.000000 1.694500
 3405.000000 1.694563
 3406.000000 1.695863
 3407.000000 1.698544
 3408.000000 1.702829
 3409.000000 1.708857
 3410.000000 1.716783
 3411.000000 1.726583
 3412.000000 1.738381
 3413.000000 1.752000
 3414.000000 1.767452
 3415.000000 1.784363
 3416.000000 1.801827
 3417.000000 1.818174
 3418.000000 1.832490
 3419.000000 1.843850
 3420.000000 1.851856
 3421.000000 1.856207
 3422.000000 1.856752
 3423.000000 1.853315
 3424.000000 1.845720
 3425.000000 1.833969
 3426.000000 1.818431
 3427.000000 1.800054
 3428.000000 1.780458
 3429.000000 1.761213
 3430.000000 1.743220
 3431.000000 1.727195
 3432.000000 1.713202
 3433.000000 1.701101
 3434.000000 1.690763
 3435.000000 1.681783
 3436.000000 1.673917
 3437.000000 1.666917
 3438.000000 1.660515
 3439.000000 1.654614
 3440.000000 1.649113
 3441.000000 1.643930
 3442.000000 1.638977
 3443.000000 1.634177
 3444.000000 1.629454
 3445.000000 1.624632
 3446.000000 1.619571
 3447.000000 1.613937
 3448.000000 1.607331
 3449.000000 1.599413
 3450.000000 1.589853
 3451.000000 1.578645
 3452.000000 1.565893
 3453.000000 1.551929
 3454.000000 1.537190
 3455.000000 1.522149
 3456.000000 1.507169
 3457.000000 1.492338
 3458.000000 1.477702
 3459.000000 1.463132
 3460.000000 1.448878
 3461.000000 1.435246
 3462.000000 1.422647
 3463.000000 1.411768
 3464.000000 1.403331
 3465.000000 1.397845
 3466.000000 1.395676
 3467.000000 1.396911
 3468.000000 1.401309
 3469.000000 1.408349
 3470.000000 1.417348
 3471.000000 1.427531
 3472.000000 1.438030
 3473.000000 1.448086
 3474.000000 1.457192
 3475.000000 1.465089
 3476.000000 1.471705
 3477.000000 1.477165
 3478.000000 1.481726
 3479.000000 1.485620
 3480.000000 1.489124
 3481.000000 1.492485
 3482.000000 1.496044
 3483.000000 1.500016
 3484.000000 1.504530
 3485.000000 1.509630
 3486.000000 1.515279
 3487.000000 1.521414
 3488.000000 1.528001
 3489.000000 1.535055
 3490.000000 1.542521
 3491.000000 1.550317
 3492.000000 1.558305
 3493.000000 1.566295
 3494.000000 1.573697
 3495.000000 1.579998
 3496.000000 1.584805
 3497.000000 1.587844
 3498.000000 1.588992
 3499.000000 1.588270
 3500.000000 1.585846
 3501.000000 1.582018
 3502.000000 1.577192
 3503.000000 1.571813
 3504.000000 1.566263
 3505.000000 1.560832
 3506.000000 1.555629
 3507.000000 1.550726
 3508.000000 1.545922
 3509.000000 1.541187
 3510.000000 1.536491
 3511.000000 1.531861
 3512.000000 1.527431
 3513.000000 1.523461
 3514.000000 1.520203
 3515.000000 1.517854
 3516.000000 1.516627
 3517.000000 1.516656
 3518.000000 1.518014
 3519.000000 1.520698
 3520.000000 1.524616
 3521.000000 1.529610
 3522.000000 1.535587
 3523.000000 1.542368
 3524.000000 1.549577
 3525.000000 1.556925
 3526.000000 1.563832
 3527.000000 1.569847
 3528.000000 1.574584
 3529.000000 1.577815
 3530.000000 1.579580
 3531.000000 1.580042
 3532.000000 1.579424
 3533.000000 1.577914
 3534.000000 1.575661
 3535.000000 1.572754
 3536.000000 1.569204
 3537.000000 1.565139
 3538.000000 1.560689
 3539.000000 1.555953
 3540.000000 1.551155
 3541.000000 1.546520
 3542.000000 1.542233
 3543.000000 1.538397
 3544.000000 1.535124
 3545.000000 1.532492
 3546.000000 1.530577
 3547.000000 1.529532
 3548.000000 1.529628
 3549.000000 1.531168
 3550.000000 1.534524
 3551.000000 1.540014
 3552.000000 1.547866
 3553.000000 1.558189
 3554.000000 1.570686
 3555.000000 1.584683
 3556.000000 1.599356
 3557.000000 1.613936
 3558.000000 1.627858
 3559.000000 1.640962
 3560.000000 1.653484
 3561.000000 1.665994
 3562.000000 1.679189
 3563.000000 1.693775
 3564.000000 1.710227
 3565.000000 1.729102
 3566.000000 1.750386
 3567.000000 1.773784
 3568.000000 1.798056
 3569.000000 1.821284
 3570.000000 1.841423
 3571.000000 1.856986
 3572.000000 1.867731
 3573.000000 1.873855
 3574.000000 1.875560
 3575.000000 1.873065
 3576.000000 1.866437
 3577.000000 1.855666
 3578.000000 1.840726
 3579.000000 1.822182
 3580.000000 1.801430
 3581.000000 1.780352
 3582.000000 1.760647
 3583.000000 1.744043
 3584.000000 1.731466
 3585.000000 1.723151
 3586.000000 1.719297
 3587.000000 1.719883
 3588.000000 1.724753
 3589.000000 1.733751
 3590.000000 1.746473
 3591.000000 1.762343
 3592.000000 1.780452
 3593.000000 1.799277
 3594.000000 1.817333
 3595.000000 1.833031
 3596.000000 1.845143
 3597.000000 1.853051
 3598.000000 1.856524
 3599.000000 1.855522
 3600.000000 1.850078
 3601.000000 1.840315
 3602.000000 1.826646
 3603.000000 1.809985
 3604.000000 1.791874
 3605.000000 1.774339
 3606.000000 1.759432
 3607.000000 1.748462
 3608.000000 1.742192
 3609.000000 1.740951
 3610.000000 1.744703
 3611.000000 1.752990
 3612.000000 1.764805
 3613.000000 1.778823
 3614.000000 1.793414
 3615.000000 1.806680
 3616.000000 1.816899
 3617.000000 1.823096
 3618.000000 1.824788
 3619.000000 1.822005
 3620.000000 1.815141
 3621.000000 1.805031
 3622.000000 1.792952
 3623.000000 1.780028
 3624.000000 1.767531
 3625.000000 1.756441
 3626.000000 1.747113
 3627.000000 1.739727
 3628.000000 1.734291
 3629.000000 1.730953
 3630.000000 1.729742
 3631.000000 1.730817
 3632.000000 1.734388
 3633.000000 1.740550
 3634.000000 1.749301
 3635.000000 1.760182
 3636.000000 1.772519
 3637.000000 1.785327
 3638.000000 1.797339
 3639.000000 1.807241
 3640.000000 1.814104
 3641.000000 1.817409
 3642.000000 1.816945
 3643.000000 1.812809
 3644.000000 1.805393
 3645.000000 1.795461
 3646.000000 1.783968
 3647.000000 1.772196
 3648.000000 1.761342
 3649.000000 1.752680
 3650.000000 1.746857
 3651.000000 1.744200
 3652.000000 1.744495
 3653.000000 1.747163
 3654.000000 1.751458
 3655.000000 1.756531
 3656.000000 1.761748
 3657.000000 1.766637
 3658.000000 1.771046
 3659.000000 1.775023
 3660.000000 1.778690
 3661.000000 1.782041
 3662.000000 1.785029
 3663.000000 1.787576
 3664.000000 1.789526
 3665.000000 1.790702
 3666.000000 1.790907
 3667.000000 1.790011
 3668.000000 1.788002
 3669.000000 1.785041
 3670.000000 1.781376
 3671.000000 1.777301
 3672.000000 1.773150
 3673.000000 1.769197
 3674.000000 1.765716
 3675.000000 1.763014
 3676.000000 1.761340
 3677.000000 1.760936
 3678.000000 1.761973
 3679.000000 1.764540
 3680.000000 1.768542
 3681.000000 1.773719
 3682.000000 1.779738
 3683.000000 1.786194
 3684.000000 1.792521
 3685.000000 1.798181
 3686.000000 1.802718
 3687.000000 1.805685
 3688.000000 1.806813
 3689.000000 1.805915
 3690.000000 1.802915
 3691.000000 1.797810
 3692.000000 1.790712
 3693.000000 1.781888
 3694.000000 1.771830
 3695.000000 1.761282
 3696.000000 1.751123
 3697.000000 1.742370
 3698.000000 1.735963
 3699.000000 1.732547
 3700.000000 1.732627
 3701.000000 1.736450
 3702.000000 1.743942
 3703.000000 1.754814
 3704.000000 1.768598
 3705.000000 1.784333
 3706.000000 1.801027
 3707.000000 1.817550
 3708.000000 1.832973
 3709.000000 1.846823
 3710.000000 1.858757
 3711.000000 1.869033
 3712.000000 1.877912
 3713.000000 1.885635
 3714.000000 1.892610
 3715.000000 1.898997
 3716.000000 1.904994
 3717.000000 1.910701
 3718.000000 1.916297
 3719.000000 1.921997
 3720.000000 1.928131
 3721.000000 1.934966
 3722.000000 1.942991
 3723.000000 1.952571
 3724.000000 1.963800
 3725.000000 1.976526
 3726.000000 1.990204
 3727.000000 2.004202
 3728.000000 2.017731
 3729.000000 2.030334
 3730.000000 2.041800
 3731.000000 2.052033
 3732.000000 2.061112
 3733.000000 2.069011
 3734.000000 2.075645
 3735.000000 2.080939
 3736.000000 2.084772
 3737.000000 2.087182
 3738.000000 2.088180
 3739.000000 2.087820
 3740.000000 2.086198
 3741.000000 2.083443
 3742.000000 2.079669
 3743.000000 2.075015
 3744.000000 2.069665
 3745.000000 2.063875
 3746.000000 2.057925
 3747.000000 2.052219
 3748.000000 2.047083
 3749.000000 2.042857
 3750.000000 2.039732
 3751.000000 2.037772
 3752.000000 2.036938
 3753.000000 2.037064
 3754.000000 2.037865
 3755.000000 2.038992
 3756.000000 2.040092
 3757.000000 2.040855
 3758.000000 2.041129
 3759.000000 2.040949
 3760.000000 2.040541
 3761.000000 2.040279
 3762.000000 2.040615
 3763.000000 2.042063
 3764.000000 2.045140
 3765.000000 2.050317
 3766.000000 2.057935
 3767.000000 2.068225
 3768.000000 2.081082
 3769.000000 2.096452
 3770.000000 2.113525
 3771.000000 2.131795
 3772.000000 2.150961
 3773.000000 2.171257
 3774.000000 2.193331
 3775.000000 2.217641
 3776.000000 2.243483
 3777.000000 2.269053
 3778.000000 2.293114
 3779.000000 2.314824
 3780.000000 2.334061
 3781.000000 2.350995
 3782.000000 2.365545
 3783.000000 2.377836
 3784.000000 2.388200
 3785.000000 2.396953
 3786.000000 2.404234
 3787.000000 2.410253
 3788.000000 2.415185
 3789.000000 2.419140
 3790.000000 2.422145
 3791.000000 2.424210
 3792.000000 2.425284
 3793.000000 2.425317
 3794.000000 2.424240
 3795.000000 2.421976
 3796.000000 2.418442
 3797.000000 2.413646
 3798.000000 2.407661
 3799.000000 2.400645
 3800.000000 2.392784
 3801.000000 2.384140
 3802.000000 2.374375
 3803.000000 2.363336
 3804.000000 2.350724
 3805.000000 2.336502
 3806.000000 2.320714
 3807.000000 2.303332
 3808.000000 2.284744
 3809.000000 2.265476
 3810.000000 2.246661
 3811.000000 2.229726
 3812.000000 2.216149
 3813.000000 2.206950
 3814.000000 2.202626
 3815.000000 2.203300
 3816.000000 2.208832
 3817.000000 2.218888
 3818.000000 2.232524
 3819.000000 2.248432
 3820.000000 2.265337
 3821.000000 2.281577
 3822.000000 2.296223
 3823.000000 2.308849
 3824.000000 2.319401
 3825.000000 2.327920
 3826.000000 2.334739
 3827.000000 2.340336
 3828.000000 2.345112
 3829.000000 2.349438
 3830.000000 2.353692
 3831.000000 2.358111
 3832.000000 2.362776
 3833.000000 2.367705
 3834.000000 2.372878
 3835.000000 2.378236
 3836.000000 2.383735
 3837.000000 2.389206
 3838.000000 2.394447
 3839.000000 2.399200
 3840.000000 2.403268
 3841.000000 2.406331
 3842.000000 2.408140
 3843.000000 2.408461
 3844.000000 2.407072
 3845.000000 2.403856
 3846.000000 2.398870
 3847.000000 2.392384
 3848.000000 2.384529
 3849.000000 2.375384
 3850.000000 2.364981
 3851.000000 2.353415
 3852.000000 2.340737
 3853.000000 2.327324
 3854.000000 2.313495
 3855.000000 2.299554
 3856.000000 2.285905
 3857.000000 2.273054
 3858.000000 2.261323
 3859.000000 2.250882
 3860.000000 2.241975
 3861.000000 2.234811
 3862.000000 2.229420
 3863.000000 2.225927
 3864.000000 2.224382
 3865.000000 2.224908
 3866.000000 2.227565
 3867.000000 2.232373
 3868.000000 2.239116
 3869.000000 2.247536
 3870.000000 2.257140
 3871.000000 2.267233
 3872.000000 2.277245
 3873.000000 2.286613
 3874.000000 2.294888
 3875.000000 2.301927
 3876.000000 2.307713
 3877.000000 2.312449
 3878.000000 2.316321
 3879.000000 2.319627
 3880.000000 2.322426
 3881.000000 2.324752
 3882.000000 2.326548
 3883.000000 2.327633
 3884.000000 2.327722
 3885.000000 2.326406
 3886.000000 2.323210
 3887.000000 2.317676
 3888.000000 2.309414
 3889.000000 2.298147
 3890.000000 2.283808
 3891.000000 2.266617
 3892.000000 2.247381
 3893.000000 2.227562
 3894.000000 2.208692
 3895.000000 2.192025
 3896.000000 2.178045
 3897.000000 2.166513
 3898.000000 2.156868
 3899.000000 2.148611
 3900.000000 2.141448
 3901.000000 2.135077
 3902.000000 2.129432
 3903.000000 2.124586
 3904.000000 2.120621
 3905.000000 2.117539
 3906.000000 2.115354
 3907.000000 2.113961
 3908.000000 2.113167
 3909.000000 2.112694
 3910.000000 2.112207
 3911.000000 2.111377
 3912.000000 2.109938
 3913.000000 2.107732
 3914.000000 2.104746
 3915.000000 2.101102
 3916.000000 2.097068
 3917.000000 2.092958
 3918.000000 2.089103
 3919.000000 2.085775
 3920.000000 2.083190
 3921.000000 2.081397
 3922.000000 2.080360
 3923.000000 2.079937
 3924.000000 2.079918
 3925.000000 2.080091
 3926.000000 2.080283
 3927.000000 2.080394
 3928.000000 2.080388
 3929.000000 2.080245
 3930.000000 2.079939
 3931.000000 2.079417
 3932.000000 2.078616
 3933.000000 2.077475
 3934.000000 2.075928
 3935.000000 2.073911
 3936.000000 2.071326
 3937.000000 2.068103
 3938.000000 2.064235
 3939.000000 2.059811
 3940.000000 2.055084
 3941.000000 2.050362
 3942.000000 2.045969
 3943.000000 2.042285
 3944.000000 2.039628
 3945.000000 2.038297
 3946.000000 2.038480
 3947.000000 2.040251
 3948.000000 2.043616
 3949.000000 2.048458
 3950.000000 2.054580
 3951.000000 2.061865
 3952.000000 2.070214
 3953.000000 2.079509
 3954.000000 2.089545
 3955.000000 2.100006
 3956.000000 2.110678
 3957.000000 2.121412
 3958.000000 2.132146
 3959.000000 2.142963
 3960.000000 2.154340
 3961.000000 2.166724
 3962.000000 2.180872
 3963.000000 2.197495
 3964.000000 2.217012
 3965.000000 2.238742
 3966.000000 2.261095
 3967.000000 2.282055
 3968.000000 2.300440
 3969.000000 2.316142
 3970.000000 2.328960
 3971.000000 2.338980
 3972.000000 2.346106
 3973.000000 2.350349
 3974.000000 2.351554
 3975.000000 2.349461
 3976.000000 2.343692
 3977.000000 2.333833
 3978.000000 2.319773
 3979.000000 2.301397
 3980.000000 2.278844
 3981.000000 2.253206
 3982.000000 2.226058
 3983.000000 2.199870
 3984.000000 2.176676
 3985.000000 2.156395
 3986.000000 2.138057
 3987.000000 2.120636
 3988.000000 2.103433
 3989.000000 2.086134
 3990.000000 2.069005
 3991.000000 2.051738
 3992.000000 2.034081
 3993.000000 2.015886
 3994.000000 1.997432
 3995.000000 1.979964
 3996.000000 1.964865
 3997.000000 1.953344
 3998.000000 1.945968
 3999.000000 1.942554
 4000.000000 1.942715
 4001.000000 1.946112
 4002.000000 1.952502
 4003.000000 1.961778
 4004.000000 1.973893
 4005.000000 1.988615
 4006.000000 2.005318
 4007.000000 2.023182
 4008.000000 2.041390
 4009.000000 2.059875
 4010.000000 2.078635
 4011.000000 2.097690
 4012.000000 2.116246
 4013.000000 2.133880
 4014.000000 2.150745
 4015.000000 2.167677
 4016.000000 2.185603
 4017.000000 2.205285
 4018.000000 2.226667
 4019.000000 2.248313
 4020.000000 2.268862
 4021.000000 2.286867
 4022.000000 2.301581
 4023.000000 2.312722
 4024.000000 2.320458
 4025.000000 2.324809
 4026.000000 2.325930
 4027.000000 2.323904
 4028.000000 2.318789
 4029.000000 2.310565
 4030.000000 2.299101
 4031.000000 2.284303
 4032.000000 2.266510
 4033.000000 2.246680
 4034.000000 2.226270
 4035.000000 2.206844
 4036.000000 2.189652
 4037.000000 2.175279
 4038.000000 2.163295
 4039.000000 2.153030
 4040.000000 2.144211
 4041.000000 2.136464
 4042.000000 2.129528
 4043.000000 2.123261
 4044.000000 2.117655
 4045.000000 2.112629
 4046.000000 2.108248
 4047.000000 2.104386
 4048.000000 2.100858
 4049.000000 2.097406
 4050.000000 2.093721
 4051.000000 2.089546
 4052.000000 2.084739
 4053.000000 2.079169
 4054.000000 2.072886
 4055.000000 2.066054
 4056.000000 2.058945
 4057.000000 2.051617
 4058.000000 2.044098
 4059.000000 2.036342
 4060.000000 2.028343
 4061.000000 2.020029
 4062.000000 2.011590
 4063.000000 2.003332
 4064.000000 1.995459
 4065.000000 1.988321
 4066.000000 1.982273
 4067.000000 1.977684
 4068.000000 1.974779
 4069.000000 1.973677
 4070.000000 1.974281
 4071.000000 1.976315
 4072.000000 1.979397
 4073.000000 1.983105
 4074.000000 1.987075
 4075.000000 1.990987
 4076.000000 1.994656
 4077.000000 1.997968
 4078.000000 2.000860
 4079.000000 2.003366
 4080.000000 2.005548
 4081.000000 2.007469
 4082.000000 2.009155
 4083.000000 2.010580
 4084.000000 2.011646
 4085.000000 2.012170
 4086.000000 2.011941
 4087.000000 2.010754
 4088.000000 2.008461
 4089.000000 2.005008
 4090.000000 2.000449
 4091.000000 1.994944
 4092.000000 1.988882
 4093.000000 1.982569
 4094.000000 1.976422
 4095.000000 1.970821
 4096.000000 1.966105
 4097.000000 1.962499
 4098.000000 1.960094
 4099.000000 1.958977
 4100.000000 1.959294
 4101.000000 1.961196
 4102.000000 1.964803
 4103.000000 1.970254
 4104.000000 1.977506
 4105.000000 1.986401
 4106.000000 1.996551
 4107.000000 2.007509
 4108.000000 2.018740
 4109.000000 2.030070
 4110.000000 2.041462
 4111.000000 2.052978
 4112.000000 2.064702
 4113.000000 2.076566
 4114.000000 2.088387
 4115.000000 2.099876
 4116.000000 2.110609
 4117.000000 2.120448
 4118.000000 2.129296
 4119.000000 2.137620
 4120.000000 2.145996
 4121.000000 2.155092
 4122.000000 2.166063
 4123.000000 2.180187
 4124.000000 2.198238
 4125.000000 2.220567
 4126.000000 2.245955
 4127.000000 2.271988
 4128.000000 2.296690
 4129.000000 2.318604
 4130.000000 2.337688
 4131.000000 2.354215
 4132.000000 2.368360
 4133.000000 2.380584
 4134.000000 2.391540
 4135.000000 2.401760
 4136.000000 2.411858
 4137.000000 2.422141
 4138.000000 2.432812
 4139.000000 2.443858
 4140.000000 2.455390
 4141.000000 2.467324
 4142.000000 2.479645
 4143.000000 2.492419
 4144.000000 2.505761
 4145.000000 2.519691
 4146.000000 2.533991
 4147.000000 2.548321
 4148.000000 2.561780
 4149.000000 2.572972
 4150.000000 2.581893
 4151.000000 2.589343
 4152.000000 2.595733
 4153.000000 2.601242
 4154.000000 2.605987
 4155.000000 2.610226
 4156.000000 2.614244
 4157.000000 2.618242
 4158.000000 2.622348
 4159.000000 2.626573
 4160.000000 2.630843
 4161.000000 2.634993
 4162.000000 2.638959
 4163.000000 2.642652
 4164.000000 2.645987
 4165.000000 2.648900
 4166.000000 2.651371
 4167.000000 2.653468
 4168.000000 2.655318
 4169.000000 2.657101
 4170.000000 2.659014
 4171.000000 2.661211
 4172.000000 2.663830
 4173.000000 2.666899
 4174.000000 2.670454
 4175.000000 2.674438
 4176.000000 2.678760
 4177.000000 2.683301
 4178.000000 2.687932
 4179.000000 2.692447
 4180.000000 2.696658
 4181.000000 2.700342
 4182.000000 2.703269
 4183.000000 2.705195
 4184.000000 2.705882
 4185.000000 2.705172
 4186.000000 2.703102
 4187.000000 2.699920
 4188.000000 2.696061
 4189.000000 2.692131
 4190.000000 2.688874
 4191.000000 2.686962
 4192.000000 2.686944
 4193.000000 2.689121
 4194.000000 2.693567
 4195.000000 2.700136
 4196.000000 2.708453
 4197.000000 2.718015
 4198.000000 2.728169
 4199.000000 2.738430
 4200.000000 2.748435
 4201.000000 2.758030
 4202.000000 2.767403
 4203.000000 2.776832
 4204.000000 2.786236
 4205.000000 2.795670
 4206.000000 2.805209
 4207.000000 2.814818
 4208.000000 2.824381
 4209.000000 2.833796
 4210.000000 2.843099
 4211.000000 2.852498
 4212.000000 2.862114
 4213.000000 2.872219
 4214.000000 2.883105
 4215.000000 2.895108
 4216.000000 2.908320
 4217.000000 2.922420
 4218.000000 2.936652
 4219.000000 2.950002
 4220.000000 2.961418
 4221.000000 2.970495
 4222.000000 2.976956
 4223.000000 2.980886
 4224.000000 2.982322
 4225.000000 2.981156
 4226.000000 2.977200
 4227.000000 2.970191
 4228.000000 2.960071
 4229.000000 2.947143
 4230.000000 2.932392
 4231.000000 2.917133
 4232.000000 2.902691
 4233.000000 2.889911
 4234.000000 2.879164
 4235.000000 2.870456
 4236.000000 2.863403
 4237.000000 2.857450
 4238.000000 2.852138
 4239.000000 2.847002
 4240.000000 2.841740
 4241.000000 2.836243
 4242.000000 2.830383
 4243.000000 2.824241
 4244.000000 2.817953
 4245.000000 2.811714
 4246.000000 2.805913
 4247.000000 2.800808
 4248.000000 2.796492
 4249.000000 2.792845
 4250.000000 2.789627
