#! FIELDS time d
 0.000000 1.498738
 1.000000 1.505001
 2.000000 1.512573
 3.000000 1.521070
 4.000000 1.530208
 5.000000 1.539791
 6.000000 1.549504
 7.000000 1.559200
 8.000000 1.568670
 9.000000 1.577882
 10.000000 1.586693
 11.000000 1.594945
 12.000000 1.602626
 13.000000 1.609601
 14.000000 1.615824
 15.000000 1.621259
 16.000000 1.625943
 17.000000 1.629987
 18.000000 1.633483
 19.000000 1.636612
 20.000000 1.639414
 21.000000 1.641908
 22.000000 1.644103
 23.000000 1.645884
 24.000000 1.647100
 25.000000 1.647588
 26.000000 1.647201
 27.000000 1.645837
 28.000000 1.643497
 29.000000 1.640256
 30.000000 1.636324
 31.000000 1.631858
 32.000000 1.627097
 33.000000 1.622266
 34.000000 1.617305
 35.000000 1.612276
 36.000000 1.607091
 37.000000 1.601638
 38.000000 1.595652
 39.000000 1.589003
 40.000000 1.581597
 41.000000 1.573254
 42.000000 1.563919
 43.000000 1.553572
 44.000000 1.542332
 45.000000 1.530347
 46.000000 1.518088
 47.000000 1.506015
 48.000000 1.494631
 49.000000 1.484317
 50.000000 1.475428
 51.000000 1.468249
 52.000000 1.463056
 53.000000 1.460045
 54.000000 1.459338
 55.000000 1.461037
 56.000000 1.465188
 57.000000 1.471820
 58.000000 1.480725
 59.000000 1.491371
 60.000000 1.503235
 61.000000 1.515811
 62.000000 1.528239
 63.000000 1.539783
 64.000000 1.549958
 65.000000 1.558563
 66.000000 1.565480
 67.000000 1.570761
 68.000000 1.574646
 69.000000 1.577473
 70.000000 1.579602
 71.000000 1.581363
 72.000000 1.583014
 73.000000 1.584730
 74.000000 1.586625
 75.000000 1.588755
 76.000000 1.591127
 77.000000 1.593709
 78.000000 1.596408
 79.000000 1.599160
 80.000000 1.601946
 81.000000 1.604692
 82.000000 1.607408
 83.000000 1.610080
 84.000000 1.612678
 85.000000 1.615182
 86.000000 1.617510
 87.000000 1.619614
 88.000000 1.621448
 89.000000 1.622962
 90.000000 1.624133
 91.000000 1.625018
 92.000000 1.625774
 93.000000 1.626616
 94.000000 1.627824
 95.000000 1.629696
 96.000000 1.632521
 97.000000 1.636515
 98.000000 1.641852
 99.000000 1.648516
 100.000000 1.656477
 101.000000 1.665600
 102.000000 1.675543
 103.000000 1.686131
 104.000000 1.697037
 105.000000 1.707812
 106.000000 1.718364
 107.000000 1.728630
 108.000000 1.738529
 109.000000 1.747804
 110.000000 1.756242
 111.000000 1.763788
 112.000000 1.770341
 113.000000 1.775835
 114.000000 1.780154
 115.000000 1.783217
 116.000000 1.785025
 117.000000 1.785639
 118.000000 1.785155
 119.000000 1.783696
 120.000000 1.781394
 121.000000 1.778363
 122.000000 1.774692
 123.000000 1.770369
 124.000000 1.765356
 125.000000 1.759561
 126.000000 1.752935
 127.000000 1.745373
 128.000000 1.736725
 129.000000 1.727072
 130.000000 1.716695
 131.000000 1.705847
 132.000000 1.695153
 133.000000 1.685032
 134.000000 1.676103
 135.000000 1.668908
 136.000000 1.663854
 137.000000 1.661211
 138.000000 1.661111
 139.000000 1.663610
 140.000000 1.668663
 141.000000 1.675980
 142.000000 1.685261
 143.000000 1.695992
 144.000000 1.707690
 145.000000 1.719826
 146.000000 1.731794
 147.000000 1.743349
 148.000000 1.754356
 149.000000 1.764648
 150.000000 1.774471
 151.000000 1.784131
 152.000000 1.793845
 153.000000 1.803857
 154.000000 1.814214
 155.000000 1.825017
 156.000000 1.836291
 157.000000 1.848000
 158.000000 1.859989
 159.000000 1.871844
 160.000000 1.883322
 161.000000 1.894333
 162.000000 1.904962
 163.000000 1.915730
 164.000000 1.926877
 165.000000 1.938574
 166.000000 1.950813
 167.000000 1.963436
 168.000000 1.976353
 169.000000 1.989439
 170.000000 2.002496
 171.000000 2.015393
 172.000000 2.028196
 173.000000 2.040862
 174.000000 2.053372
 175.000000 2.065545
 176.000000 2.077230
 177.000000 2.088302
 178.000000 2.098731
 179.000000 2.108574
 180.000000 2.117713
 181.000000 2.126271
 182.000000 2.134189
 183.000000 2.141379
 184.000000 2.147854
 185.000000 2.153663
 186.000000 2.158836
 187.000000 2.163191
 188.000000 2.166699
 189.000000 2.169299
 190.000000 2.170931
 191.000000 2.171608
 192.000000 2.171362
 193.000000 2.170268
 194.000000 2.168452
 195.000000 2.166105
 196.000000 2.163408
 197.000000 2.160580
 198.000000 2.157771
 199.000000 2.155073
 200.000000 2.152517
 201.000000 2.150129
 202.000000 2.147849
 203.000000 2.145542
 204.000000 2.143106
 205.000000 2.140323
 206.000000 2.137044
 207.000000 2.133081
 208.000000 2.128284
 209.000000 2.122591
 210.000000 2.115891
 211.000000 2.108200
 212.000000 2.099494
 213.000000 2.089862
 214.000000 2.079662
 215.000000 2.068922
 216.000000 2.057723
 217.000000 2.046215
 218.000000 2.034461
 219.000000 2.022632
 220.000000 2.011200
 221.000000 2.000451
 222.000000 1.990846
 223.000000 1.982682
 224.000000 1.976437
 225.000000 1.972537
 226.000000 1.971196
 227.000000 1.972478
 228.000000 1.976272
 229.000000 1.982267
 230.000000 1.990176
 231.000000 1.999509
 232.000000 2.009782
 233.000000 2.020546
 234.000000 2.031483
 235.000000 2.042370
 236.000000 2.052792
 237.000000 2.062874
 238.000000 2.072700
 239.000000 2.082227
 240.000000 2.091524
 241.000000 2.100665
 242.000000 2.109928
 243.000000 2.119740
 244.000000 2.130382
 245.000000 2.142133
 246.000000 2.155215
 247.000000 2.169757
 248.000000 2.185839
 249.000000 2.203606
 250.000000 2.222709
 251.000000 2.242802
 252.000000 2.263588
 253.000000 2.284878
 254.000000 2.306520
 255.000000 2.328297
 256.000000 2.349896
 257.000000 2.371319
 258.000000 2.392742
 259.000000 2.413550
 260.000000 2.433428
 261.000000 2.451986
 262.000000 2.469358
 263.000000 2.485864
 264.000000 2.501581
 265.000000 2.516544
 266.000000 2.530716
 267.000000 2.544165
 268.000000 2.556758
 269.000000 2.568420
 270.000000 2.578627
 271.000000 2.586370
 272.000000 2.591293
 273.000000 2.594269
 274.000000 2.596022
 275.000000 2.596827
 276.000000 2.596799
 277.000000 2.595990
 278.000000 2.594449
 279.000000 2.592234
 280.000000 2.589385
 281.000000 2.585959
 282.000000 2.581890
 283.000000 2.577113
 284.000000 2.571575
 285.000000 2.565314
 286.000000 2.558392
 287.000000 2.551001
 288.000000 2.543504
 289.000000 2.536255
 290.000000 2.529668
 291.000000 2.524029
 292.000000 2.519545
 293.000000 2.516286
 294.000000 2.514165
 295.000000 2.512947
 296.000000 2.512316
 297.000000 2.511958
 298.000000 2.511638
 299.000000 2.511293
 300.000000 2.511031
 301.000000 2.511106
 302.000000 2.511836
 303.000000 2.513540
 304.000000 2.516493
 305.000000 2.520873
 306.000000 2.526745
 307.000000 2.534080
 308.000000 2.542718
 309.000000 2.552430
 310.000000 2.563198
 311.000000 2.575204
 312.000000 2.588447
 313.000000 2.603216
 314.000000 2.619937
 315.000000 2.638829
 316.000000 2.659603
 317.000000 2.682063
 318.000000 2.705505
 319.000000 2.728979
 320.000000 2.752047
 321.000000 2.774093
 322.000000 2.795074
 323.000000 2.814450
 324.000000 2.831950
 325.000000 2.846865
 326.000000 2.859058
 327.000000 2.869287
 328.000000 2.878030
 329.000000 2.885558
 330.000000 2.892072
 331.000000 2.897667
 332.000000 2.902349
 333.000000 2.906178
 334.000000 2.909087
 335.000000 2.911020
 336.000000 2.911882
 337.000000 2.911655
 338.000000 2.910436
 339.000000 2.908444
 340.000000 2.905964
 341.000000 2.903273
 342.000000 2.900662
 343.000000 2.898333
 344.000000 2.896411
 345.000000 2.894945
 346.000000 2.893871
 347.000000 2.893034
 348.000000 2.892182
 349.000000 2.891039
 350.000000 2.889405
 351.000000 2.887198
 352.000000 2.884504
 353.000000 2.881555
 354.000000 2.878675
 355.000000 2.876216
 356.000000 2.874440
 357.000000 2.873559
 358.000000 2.873699
 359.000000 2.874899
 360.000000 2.877125
 361.000000 2.880193
 362.000000 2.883794
 363.000000 2.887480
 364.000000 2.891397
 365.000000 2.896228
 366.000000 2.902434
 367.000000 2.910379
 368.000000 2.920215
 369.000000 2.931939
 370.000000 2.945363
 371.000000 2.959862
 372.000000 2.974871
 373.000000 2.989837
 374.000000 3.004260
 375.000000 3.016840
 376.000000 3.025341
 377.000000 3.028597
 378.000000 3.026342
 379.000000 3.019238
 380.000000 3.008875
 381.000000 2.997512
 382.000000 2.986679
 383.000000 2.976762
 384.000000 2.967880
 385.000000 2.959900
 386.000000 2.952601
 387.000000 2.945587
 388.000000 2.938517
 389.000000 2.931058
 390.000000 2.923240
 391.000000 2.915259
 392.000000 2.907494
 393.000000 2.900373
 394.000000 2.894260
 395.000000 2.889411
 396.000000 2.885959
 397.000000 2.883953
 398.000000 2.883229
 399.000000 2.883500
 400.000000 2.884403
 401.000000 2.885561
 402.000000 2.886748
 403.000000 2.887907
 404.000000 2.889183
 405.000000 2.890804
 406.000000 2.893021
 407.000000 2.896012
 408.000000 2.899925
 409.000000 2.904829
 410.000000 2.910798
 411.000000 2.917750
 412.000000 2.925472
 413.000000 2.933722
 414.000000 2.942102
 415.000000 2.950408
 416.000000 2.958868
 417.000000 2.967735
 418.000000 2.977525
 419.000000 2.988395
 420.000000 3.000641
 421.000000 3.014015
 422.000000 3.026439
 423.000000 3.035989
 424.000000 3.040820
 425.000000 3.039813
 426.000000 3.032698
 427.000000 3.020081
 428.000000 3.003859
 429.000000 2.986453
 430.000000 2.969475
 431.000000 2.954125
 432.000000 2.941096
 433.000000 2.930972
 434.000000 2.924002
 435.000000 2.920275
 436.000000 2.919600
 437.000000 2.921684
 438.000000 2.926125
 439.000000 2.932471
 440.000000 2.940412
 441.000000 2.949720
 442.000000 2.960371
 443.000000 2.972603
 444.000000 2.986585
 445.000000 3.002254
 446.000000 3.018967
 447.000000 3.034355
 448.000000 3.045888
 449.000000 3.051814
 450.000000 3.051232
 451.000000 3.044310
 452.000000 3.032156
 453.000000 3.016740
 454.000000 3.000627
 455.000000 2.986257
 456.000000 2.974243
 457.000000 2.964682
 458.000000 2.957499
 459.000000 2.952297
 460.000000 2.948837
 461.000000 2.946913
 462.000000 2.946303
 463.000000 2.946859
 464.000000 2.948522
 465.000000 2.951302
 466.000000 2.955260
 467.000000 2.960471
 468.000000 2.967008
 469.000000 2.974982
 470.000000 2.984350
 471.000000 2.995034
 472.000000 3.006706
 473.000000 3.018183
 474.000000 3.027635
 475.000000 3.033581
 476.000000 3.035161
 477.000000 3.032265
 478.000000 3.025621
 479.000000 3.016537
 480.000000 3.006744
 481.000000 2.997989
 482.000000 2.991241
 483.000000 2.986564
 484.000000 2.983833
 485.000000 2.982805
 486.000000 2.983198
 487.000000 2.984744
 488.000000 2.987212
 489.000000 2.990429
 490.000000 2.994264
 491.000000 2.998648
 492.000000 3.003543
 493.000000 3.008584
 494.000000 3.013188
 495.000000 3.017027
 496.000000 3.019944
 497.000000 3.021974
 498.000000 3.023286
 499.000000 3.024140
 500.000000 3.024821
 501.000000 3.025562
 502.000000 3.026480
 503.000000 3.027567
 504.000000 3.028650
 505.000000 3.029398
 506.000000 3.029414
 507.000000 3.028307
 508.000000 3.025766
 509.000000 3.021672
 510.000000 3.016118
 511.000000 3.009379
 512.000000 3.002120
 513.000000 2.995044
 514.000000 2.988398
 515.000000 2.982212
 516.000000 2.976487
 517.000000 2.971343
 518.000000 2.966952
 519.000000 2.963401
 520.000000 2.960673
 521.000000 2.958580
 522.000000 2.956633
 523.000000 2.954317
 524.000000 2.951607
 525.000000 2.948695
 526.000000 2.945553
 527.000000 2.942036
 528.000000 2.938054
 529.000000 2.933547
 530.000000 2.928472
 531.000000 2.923075
 532.000000 2.917560
 533.000000 2.912034
 534.000000 2.906724
 535.000000 2.901797
 536.000000 2.897230
 537.000000 2.892915
 538.000000 2.888628
 539.000000 2.883952
 540.000000 2.878385
 541.000000 2.871472
 542.000000 2.862648
 543.000000 2.851400
 544.000000 2.837668
 545.000000 2.821567
 546.000000 2.803872
 547.000000 2.785497
 548.000000 2.767354
 549.000000 2.750100
 550.000000 2.734214
 551.000000 2.720057
 552.000000 2.707784
 553.000000 2.697716
 554.000000 2.690173
 555.000000 2.685201
 556.000000 2.682890
 557.000000 2.683070
 558.000000 2.685399
 559.000000 2.689373
 560.000000 2.694372
 561.000000 2.699792
 562.000000 2.705251
 563.000000 2.710588
 564.000000 2.715723
 565.000000 2.720803
 566.000000 2.726238
 567.000000 2.732461
 568.000000 2.739932
 569.000000 2.749127
 570.000000 2.760221
 571.000000 2.773149
 572.000000 2.787531
 573.000000 2.802449
 574.000000 2.816981
 575.000000 2.829825
 576.000000 2.839710
 577.000000 2.845231
 578.000000 2.846029
 579.000000 2.842669
 580.000000 2.835779
 581.000000 2.825844
 582.000000 2.813543
 583.000000 2.799696
 584.000000 2.785204
 585.000000 2.770947
 586.000000 2.757664
 587.000000 2.745387
 588.000000 2.734166
 589.000000 2.723635
 590.000000 2.713253
 591.000000 2.702743
 592.000000 2.691824
 593.000000 2.680399
 594.000000 2.668296
 595.000000 2.655413
 596.000000 2.641792
 597.000000 2.627667
 598.000000 2.613468
 599.000000 2.599333
 600.000000 2.585460
 601.000000 2.572015
 602.000000 2.559046
 603.000000 2.546596
 604.000000 2.534928
 605.000000 2.524362
 606.000000 2.515070
 607.000000 2.507321
 608.000000 2.501248
 609.000000 2.496758
 610.000000 2.493613
 611.000000 2.491462
 612.000000 2.489856
 613.000000 2.488364
 614.000000 2.486666
 615.000000 2.484644
 616.000000 2.482374
 617.000000 2.480163
 618.000000 2.478432
 619.000000 2.477643
 620.000000 2.478192
 621.000000 2.480331
 622.000000 2.484115
 623.000000 2.489394
 624.000000 2.495883
 625.000000 2.503224
 626.000000 2.510797
 627.000000 2.518013
 628.000000 2.524447
 629.000000 2.529642
 630.000000 2.533414
 631.000000 2.535566
 632.000000 2.536058
 633.000000 2.534909
 634.000000 2.532219
 635.000000 2.528067
 636.000000 2.522620
 637.000000 2.516143
 638.000000 2.508870
 639.000000 2.501074
 640.000000 2.493016
 641.000000 2.485104
 642.000000 2.477438
 643.000000 2.470149
 644.000000 2.463311
 645.000000 2.456809
 646.000000 2.450596
 647.000000 2.444569
 648.000000 2.438606
 649.000000 2.432589
 650.000000 2.426448
 651.000000 2.420202
 652.000000 2.413985
 653.000000 2.408025
 654.000000 2.402591
 655.000000 2.397918
 656.000000 2.394233
 657.000000 2.391704
 658.000000 2.390416
 659.000000 2.390412
 660.000000 2.391614
 661.000000 2.393855
 662.000000 2.396864
 663.000000 2.400340
 664.000000 2.403849
 665.000000 2.407104
 666.000000 2.409807
 667.000000 2.411794
 668.000000 2.412979
 669.000000 2.413397
 670.000000 2.413128
 671.000000 2.412261
 672.000000 2.410836
 673.000000 2.408873
 674.000000 2.406351
 675.000000 2.403175
 676.000000 2.399268
 677.000000 2.394581
 678.000000 2.389056
 679.000000 2.382663
 680.000000 2.375412
 681.000000 2.367289
 682.000000 2.358180
 683.000000 2.347790
 684.000000 2.335955
 685.000000 2.322798
 686.000000 2.308519
 687.000000 2.293154
 688.000000 2.277116
 689.000000 2.260781
 690.000000 2.244715
 691.000000 2.229215
 692.000000 2.214628
 693.000000 2.201310
 694.000000 2.189597
 695.000000 2.179610
 696.000000 2.171544
 697.000000 2.165479
 698.000000 2.161486
 699.000000 2.159601
 700.000000 2.159845
 701.000000 2.162237
 702.000000 2.166827
 703.000000 2.173692
 704.000000 2.182918
 705.000000 2.194564
 706.000000 2.208763
 707.000000 2.225291
 708.000000 2.243573
 709.000000 2.263286
 710.000000 2.283987
 711.000000 2.305128
 712.000000 2.325865
 713.000000 2.345964
 714.000000 2.365676
 715.000000 2.385232
 716.000000 2.404761
 717.000000 2.424444
 718.000000 2.444401
 719.000000 2.464431
 720.000000 2.483991
 721.000000 2.502919
 722.000000 2.521382
 723.000000 2.539425
 724.000000 2.556806
 725.000000 2.573397
 726.000000 2.589065
 727.000000 2.603656
 728.000000 2.617232
 729.000000 2.629710
 730.000000 2.640813
 731.000000 2.650240
 732.000000 2.657761
 733.000000 2.663304
 734.000000 2.666937
 735.000000 2.668751
 736.000000 2.668965
 737.000000 2.667836
 738.000000 2.665648
 739.000000 2.662669
 740.000000 2.659163
 741.000000 2.655345
 742.000000 2.651445
 743.000000 2.647671
 744.000000 2.644154
 745.000000 2.641023
 746.000000 2.638344
 747.000000 2.636218
 748.000000 2.634756
 749.000000 2.634055
 750.000000 2.634184
 751.000000 2.635172
 752.000000 2.636996
 753.000000 2.639556
 754.000000 2.642683
 755.000000 2.646227
 756.000000 2.650007
 757.000000 2.653856
 758.000000 2.657711
 759.000000 2.661481
 760.000000 2.665264
 761.000000 2.669232
 762.000000 2.673753
 763.000000 2.679264
 764.000000 2.686269
 765.000000 2.695231
 766.000000 2.706451
 767.000000 2.720108
 768.000000 2.736384
 769.000000 2.755100
 770.000000 2.775991
 771.000000 2.798467
 772.000000 2.821020
 773.000000 2.842334
 774.000000 2.861579
 775.000000 2.878337
 776.000000 2.892409
 777.000000 2.904073
 778.000000 2.913551
 779.000000 2.921221
 780.000000 2.927308
 781.000000 2.932215
 782.000000 2.936444
 783.000000 2.940486
 784.000000 2.944847
 785.000000 2.950056
 786.000000 2.956520
 787.000000 2.964477
 788.000000 2.974220
 789.000000 2.985871
 790.000000 2.999471
 791.000000 3.014528
 792.000000 3.028941
 793.000000 3.040514
 794.000000 3.047481
 795.000000 3.048584
 796.000000 3.043550
 797.000000 3.033018
 798.000000 3.018682
 799.000000 3.002850
 800.000000 2.987911
 801.000000 2.974182
 802.000000 2.961428
 803.000000 2.949393
 804.000000 2.937868
 805.000000 2.926661
 806.000000 2.915547
 807.000000 2.904431
 808.000000 2.893319
 809.000000 2.882255
 810.000000 2.871124
 811.000000 2.860013
 812.000000 2.848918
 813.000000 2.838118
 814.000000 2.828019
 815.000000 2.818852
 816.000000 2.811022
 817.000000 2.804797
 818.000000 2.800318
 819.000000 2.797646
 820.000000 2.796662
 821.000000 2.797220
 822.000000 2.799107
 823.000000 2.802082
 824.000000 2.805829
 825.000000 2.809956
 826.000000 2.814042
 827.000000 2.817294
 828.000000 2.818830
 829.000000 2.818443
 830.000000 2.816696
 831.000000 2.814053
 832.000000 2.810794
 833.000000 2.807151
 834.000000 2.803487
 835.000000 2.800101
 836.000000 2.797219
 837.000000 2.794952
 838.000000 2.793261
 839.000000 2.791872
 840.000000 2.790377
 841.000000 2.788355
 842.000000 2.785474
 843.000000 2.781581
 844.000000 2.776664
 845.000000 2.770893
 846.000000 2.764616
 847.000000 2.758370
 848.000000 2.752693
 849.000000 2.748208
 850.000000 2.745288
 851.000000 2.744203
 852.000000 2.744961
 853.000000 2.747306
 854.000000 2.750800
 855.000000 2.754914
 856.000000 2.759160
 857.000000 2.763116
 858.000000 2.766490
 859.000000 2.769214
 860.000000 2.771390
 861.000000 2.773303
 862.000000 2.775388
 863.000000 2.778066
 864.000000 2.781747
 865.000000 2.786730
 866.000000 2.793167
 867.000000 2.801199
 868.000000 2.810778
 869.000000 2.821788
 870.000000 2.834008
 871.000000 2.846986
 872.000000 2.860440
 873.000000 2.874252
 874.000000 2.888187
 875.000000 2.902266
 876.000000 2.916376
 877.000000 2.930753
 878.000000 2.945317
 879.000000 2.960152
 880.000000 2.975527
 881.000000 2.991985
 882.000000 3.010500
 883.000000 3.030516
 884.000000 3.049369
 885.000000 3.064400
 886.000000 3.073185
 887.000000 3.074443
 888.000000 3.068483
 889.000000 3.056909
 890.000000 3.042378
 891.000000 3.027652
 892.000000 3.014788
 893.000000 3.005344
 894.000000 3.000069
 895.000000 2.999117
 896.000000 3.002051
 897.000000 3.007828
 898.000000 3.014921
 899.000000 3.022434
 900.000000 3.029649
 901.000000 3.035667
 902.000000 3.039665
 903.000000 3.041301
 904.000000 3.040724
 905.000000 3.038478
 906.000000 3.035380
 907.000000 3.032215
 908.000000 3.029741
 909.000000 3.028487
 910.000000 3.028653
 911.000000 3.030091
 912.000000 3.032332
 913.000000 3.034624
 914.000000 3.036096
 915.000000 3.035954
 916.000000 3.033693
 917.000000 3.029185
 918.000000 3.022796
 919.000000 3.015215
 920.000000 3.007419
 921.000000 3.000476
 922.000000 2.995305
 923.000000 2.992282
 924.000000 2.991793
 925.000000 2.994413
 926.000000 3.000861
 927.000000 3.011701
 928.000000 3.026571
 929.000000 3.043852
 930.000000 3.060674
 931.000000 3.073593
 932.000000 3.079230
 933.000000 3.075802
 934.000000 3.063560
 935.000000 3.044587
 936.000000 3.022522
 937.000000 3.000427
 938.000000 2.979989
 939.000000 2.960380
 940.000000 2.940766
 941.000000 2.920874
 942.000000 2.900947
 943.000000 2.881515
 944.000000 2.863236
 945.000000 2.846379
 946.000000 2.831025
 947.000000 2.817376
 948.000000 2.805586
 949.000000 2.795762
 950.000000 2.787688
 951.000000 2.781391
 952.000000 2.776847
 953.000000 2.774153
 954.000000 2.773341
 955.000000 2.774488
 956.000000 2.777605
 957.000000 2.782585
 958.000000 2.789196
 959.000000 2.797154
 960.000000 2.806084
 961.000000 2.815768
 962.000000 2.826075
 963.000000 2.837076
 964.000000 2.848721
 965.000000 2.860751
 966.000000 2.873154
 967.000000 2.885621
 968.000000 2.897916
 969.000000 2.909648
 970.000000 2.920414
 971.000000 2.929849
 972.000000 2.937597
 973.000000 2.943382
 974.000000 2.946998
 975.000000 2.948397
 976.000000 2.947557
 977.000000 2.944527
 978.000000 2.939367
 979.000000 2.932207
 980.000000 2.923262
 981.000000 2.912808
 982.000000 2.901225
 983.000000 2.888817
 984.000000 2.875717
 985.000000 2.862274
 986.000000 2.848612
 987.000000 2.834938
 988.000000 2.821438
 989.000000 2.808185
 990.000000 2.795157
 991.000000 2.782351
 992.000000 2.769850
 993.000000 2.758061
 994.000000 2.747138
 995.000000 2.737489
 996.000000 2.729365
 997.000000 2.722809
 998.000000 2.717872
 999.000000 2.714461
 1000.000000 2.712439
 1001.000000 2.711789
 1002.000000 2.712524
 1003.000000 2.714739
 1004.000000 2.718643
 1005.000000 2.724561
 1006.000000 2.732723
 1007.000000 2.743294
 1008.000000 2.756299
 1009.000000 2.771571
 1010.000000 2.788591
 1011.000000 2.806804
 1012.000000 2.825411
 1013.000000 2.843895
 1014.000000 2.861487
 1015.000000 2.877804
 1016.000000 2.892521
 1017.000000 2.905963
 1018.000000 2.918678
 1019.000000 2.931172
 1020.000000 2.944042
 1021.000000 2.958128
 1022.000000 2.974402
 1023.000000 2.993920
 1024.000000 3.017845
 1025.000000 3.044837
 1026.000000 3.070605
 1027.000000 3.090018
 1028.000000 3.098765
 1029.000000 3.095091
 1030.000000 3.080027
 1031.000000 3.057010
 1032.000000 3.031273
 1033.000000 3.007190
 1034.000000 2.987414
 1035.000000 2.971562
 1036.000000 2.957889
 1037.000000 2.945238
 1038.000000 2.932718
 1039.000000 2.919757
 1040.000000 2.906089
 1041.000000 2.891950
 1042.000000 2.877545
 1043.000000 2.863395
 1044.000000 2.850138
 1045.000000 2.838585
 1046.000000 2.829198
 1047.000000 2.822215
 1048.000000 2.817608
 1049.000000 2.815180
 1050.000000 2.814677
 1051.000000 2.815804
 1052.000000 2.818288
 1053.000000 2.821971
 1054.000000 2.826679
 1055.000000 2.832356
 1056.000000 2.838890
 1057.000000 2.846106
 1058.000000 2.853988
 1059.000000 2.862184
 1060.000000 2.870263
 1061.000000 2.877697
 1062.000000 2.883936
 1063.000000 2.888524
 1064.000000 2.891099
 1065.000000 2.891355
 1066.000000 2.889129
 1067.000000 2.884318
 1068.000000 2.876999
 1069.000000 2.867343
 1070.000000 2.855675
 1071.000000 2.842359
 1072.000000 2.827932
 1073.000000 2.812835
 1074.000000 2.797336
 1075.000000 2.781554
 1076.000000 2.765781
 1077.000000 2.750194
 1078.000000 2.734785
 1079.000000 2.719717
 1080.000000 2.704885
 1081.000000 2.690597
 1082.000000 2.676558
 1083.000000 2.662692
 1084.000000 2.649192
 1085.000000 2.636374
 1086.000000 2.624430
 1087.000000 2.613503
 1088.000000 2.603657
 1089.000000 2.594787
 1090.000000 2.586883
 1091.000000 2.580039
 1092.000000 2.574449
 1093.000000 2.570448
 1094.000000 2.568553
 1095.000000 2.569361
 1096.000000 2.573342
 1097.000000 2.580691
 1098.000000 2.591168
 1099.000000 2.604177
 1100.000000 2.618709
 1101.000000 2.633649
 1102.000000 2.648055
 1103.000000 2.661441
 1104.000000 2.673410
 1105.000000 2.683898
 1106.000000 2.693370
 1107.000000 2.702549
 1108.000000 2.712133
 1109.000000 2.722356
 1110.000000 2.732966
 1111.000000 2.743847
 1112.000000 2.755297
 1113.000000 2.767018
 1114.000000 2.778380
 1115.000000 2.788794
 1116.000000 2.797843
 1117.000000 2.805323
 1118.000000 2.811157
 1119.000000 2.815460
 1120.000000 2.818541
 1121.000000 2.820820
 1122.000000 2.822704
 1123.000000 2.824407
 1124.000000 2.825874
 1125.000000 2.826931
 1126.000000 2.827433
 1127.000000 2.827289
 1128.000000 2.826494
 1129.000000 2.825150
 1130.000000 2.823458
 1131.000000 2.821698
 1132.000000 2.820244
 1133.000000 2.819528
 1134.000000 2.819939
 1135.000000 2.821675
 1136.000000 2.824607
 1137.000000 2.828416
 1138.000000 2.832553
 1139.000000 2.836424
 1140.000000 2.839602
 1141.000000 2.841816
 1142.000000 2.843041
 1143.000000 2.843471
 1144.000000 2.843524
 1145.000000 2.843807
 1146.000000 2.845038
 1147.000000 2.847883
 1148.000000 2.852745
 1149.000000 2.859583
 1150.000000 2.867914
 1151.000000 2.877247
 1152.000000 2.887026
 1153.000000 2.896781
 1154.000000 2.906219
 1155.000000 2.915194
 1156.000000 2.923776
 1157.000000 2.932127
 1158.000000 2.940882
 1159.000000 2.950598
 1160.000000 2.961883
 1161.000000 2.975103
 1162.000000 2.990891
 1163.000000 3.009984
 1164.000000 3.031273
 1165.000000 3.051500
 1166.000000 3.066843
 1167.000000 3.074183
 1168.000000 3.072238
 1169.000000 3.062029
 1170.000000 3.046334
 1171.000000 3.029290
 1172.000000 3.014417
 1173.000000 3.003960
 1174.000000 2.998623
 1175.000000 2.997810
 1176.000000 3.000605
 1177.000000 3.006183
 1178.000000 3.013461
 1179.000000 3.021215
 1180.000000 3.028482
 1181.000000 3.034465
 1182.000000 3.038709
 1183.000000 3.041271
 1184.000000 3.042679
 1185.000000 3.043568
 1186.000000 3.044227
 1187.000000 3.044467
 1188.000000 3.043933
 1189.000000 3.042439
 1190.000000 3.040074
 1191.000000 3.037164
 1192.000000 3.034203
 1193.000000 3.031831
 1194.000000 3.030603
 1195.000000 3.030909
 1196.000000 3.032970
 1197.000000 3.036718
 1198.000000 3.041592
 1199.000000 3.046369
 1200.000000 3.049575
 1201.000000 3.050027
 1202.000000 3.047302
 1203.000000 3.041840
 1204.000000 3.034726
 1205.000000 3.027447
 1206.000000 3.021610
 1207.000000 3.018554
 1208.000000 3.019336
 1209.000000 3.024623
 1210.000000 3.034363
 1211.000000 3.047540
 1212.000000 3.061607
 1213.000000 3.073381
 1214.000000 3.079682
 1215.000000 3.078497
 1216.000000 3.069614
 1217.000000 3.054524
 1218.000000 3.035945
 1219.000000 3.016961
 1220.000000 3.000516
 1221.000000 2.988412
 1222.000000 2.980600
 1223.000000 2.976941
 1224.000000 2.977032
 1225.000000 2.980486
 1226.000000 2.987010
 1227.000000 2.996527
 1228.000000 3.009146
 1229.000000 3.024090
 1230.000000 3.039533
 1231.000000 3.053466
 1232.000000 3.064022
 1233.000000 3.069759
 1234.000000 3.070223
 1235.000000 3.066070
 1236.000000 3.058559
 1237.000000 3.049178
 1238.000000 3.039108
 1239.000000 3.029366
 1240.000000 3.020806
 1241.000000 3.013983
 1242.000000 3.009094
 1243.000000 3.006218
 1244.000000 3.005464
 1245.000000 3.006855
 1246.000000 3.010361
 1247.000000 3.015891
 1248.000000 3.023221
 1249.000000 3.031809
 1250.000000 3.040421
 1251.000000 3.047646
 1252.000000 3.052036
 1253.000000 3.052744
 1254.000000 3.049736
 1255.000000 3.043782
 1256.000000 3.036136
 1257.000000 3.028449
 1258.000000 3.022234
 1259.000000 3.018596
 1260.000000 3.018454
 1261.000000 3.022134
 1262.000000 3.029208
 1263.000000 3.038243
 1264.000000 3.047237
 1265.000000 3.054049
 1266.000000 3.056828
 1267.000000 3.054818
 1268.000000 3.048386
 1269.000000 3.038924
 1270.000000 3.028279
 1271.000000 3.018465
 1272.000000 3.011384
 1273.000000 3.008498
 1274.000000 3.010637
 1275.000000 3.017898
 1276.000000 3.029366
 1277.000000 3.043280
 1278.000000 3.057206
 1279.000000 3.068053
 1280.000000 3.073303
 1281.000000 3.071420
 1282.000000 3.062423
 1283.000000 3.047854
 1284.000000 3.029987
 1285.000000 3.011704
 1286.000000 2.995584
 1287.000000 2.982702
 1288.000000 2.972258
 1289.000000 2.963330
 1290.000000 2.955183
 1291.000000 2.947170
 1292.000000 2.938747
 1293.000000 2.929490
 1294.000000 2.919037
 1295.000000 2.907197
 1296.000000 2.894154
 1297.000000 2.880096
 1298.000000 2.865206
 1299.000000 2.849813
 1300.000000 2.834285
 1301.000000 2.818912
 1302.000000 2.803719
 1303.000000 2.788952
 1304.000000 2.774913
 1305.000000 2.762005
 1306.000000 2.750763
 1307.000000 2.741766
 1308.000000 2.735219
 1309.000000 2.731322
 1310.000000 2.730292
 1311.000000 2.732219
 1312.000000 2.737003
 1313.000000 2.744249
 1314.000000 2.753157
 1315.000000 2.762817
 1316.000000 2.772422
 1317.000000 2.781145
 1318.000000 2.788518
 1319.000000 2.794132
 1320.000000 2.797830
 1321.000000 2.799914
 1322.000000 2.801020
 1323.000000 2.802001
 1324.000000 2.803854
 1325.000000 2.807496
 1326.000000 2.813572
 1327.000000 2.822290
 1328.000000 2.833444
 1329.000000 2.846360
 1330.000000 2.860202
 1331.000000 2.873981
 1332.000000 2.886718
 1333.000000 2.897410
 1334.000000 2.905648
 1335.000000 2.911468
 1336.000000 2.915142
 1337.000000 2.916956
 1338.000000 2.916936
 1339.000000 2.914829
 1340.000000 2.910424
 1341.000000 2.903662
 1342.000000 2.894709
 1343.000000 2.883753
 1344.000000 2.871325
 1345.000000 2.858119
 1346.000000 2.844996
 1347.000000 2.832764
 1348.000000 2.821807
 1349.000000 2.812236
 1350.000000 2.803761
 1351.000000 2.795716
 1352.000000 2.787233
 1353.000000 2.777632
 1354.000000 2.766676
 1355.000000 2.754394
 1356.000000 2.741360
 1357.000000 2.728025
 1358.000000 2.714878
 1359.000000 2.702499
 1360.000000 2.691333
 1361.000000 2.681871
 1362.000000 2.674201
 1363.000000 2.668347
 1364.000000 2.663965
 1365.000000 2.660713
 1366.000000 2.658136
 1367.000000 2.655696
 1368.000000 2.652907
 1369.000000 2.649329
 1370.000000 2.644697
 1371.000000 2.638867
 1372.000000 2.631886
 1373.000000 2.623995
 1374.000000 2.615637
 1375.000000 2.607210
 1376.000000 2.598906
 1377.000000 2.590658
 1378.000000 2.582341
 1379.000000 2.573745
 1380.000000 2.564852
 1381.000000 2.555629
 1382.000000 2.546127
 1383.000000 2.536552
 1384.000000 2.527380
 1385.000000 2.519005
 1386.000000 2.511742
 1387.000000 2.505947
 1388.000000 2.501843
 1389.000000 2.499401
 1390.000000 2.498344
 1391.000000 2.498355
 1392.000000 2.499108
 1393.000000 2.500341
 1394.000000 2.501860
 1395.000000 2.503581
 1396.000000 2.505533
 1397.000000 2.507823
 1398.000000 2.510679
 1399.000000 2.514354
 1400.000000 2.519052
 1401.000000 2.524738
 1402.000000 2.531288
 1403.000000 2.538544
 1404.000000 2.546366
 1405.000000 2.554605
 1406.000000 2.563353
 1407.000000 2.572601
 1408.000000 2.582466
 1409.000000 2.592980
 1410.000000 2.604246
 1411.000000 2.616248
 1412.000000 2.628635
 1413.000000 2.641019
 1414.000000 2.652747
 1415.000000 2.663058
 1416.000000 2.671421
 1417.000000 2.677469
 1418.000000 2.680901
 1419.000000 2.681514
 1420.000000 2.679193
 1421.000000 2.673873
 1422.000000 2.665465
 1423.000000 2.654042
 1424.000000 2.640109
 1425.000000 2.624513
 1426.000000 2.608145
 1427.000000 2.591839
 1428.000000 2.576297
 1429.000000 2.561699
 1430.000000 2.548263
 1431.000000 2.536049
 1432.000000 2.524885
 1433.000000 2.514497
 1434.000000 2.504570
 1435.000000 2.494835
 1436.000000 2.484843
 1437.000000 2.474135
 1438.000000 2.462374
 1439.000000 2.449441
 1440.000000 2.435274
 1441.000000 2.419961
 1442.000000 2.403754
 1443.000000 2.387055
 1444.000000 2.369917
 1445.000000 2.352633
 1446.000000 2.335281
 1447.000000 2.317931
 1448.000000 2.300755
 1449.000000 2.283815
 1450.000000 2.267085
 1451.000000 2.250705
 1452.000000 2.234920
 1453.000000 2.219720
 1454.000000 2.205274
 1455.000000 2.191910
 1456.000000 2.179804
 1457.000000 2.169194
 1458.000000 2.160235
 1459.000000 2.153054
 1460.000000 2.147852
 1461.000000 2.144603
 1462.000000 2.143212
 1463.000000 2.143525
 1464.000000 2.145350
 1465.000000 2.148461
 1466.000000 2.152679
 1467.000000 2.157769
 1468.000000 2.163590
 1469.000000 2.170033
 1470.000000 2.176939
 1471.000000 2.184305
 1472.000000 2.192056
 1473.000000 2.200102
 1474.000000 2.208425
 1475.000000 2.217004
 1476.000000 2.225897
 1477.000000 2.234917
 1478.000000 2.243947
 1479.000000 2.252670
 1480.000000 2.260605
 1481.000000 2.267599
 1482.000000 2.273512
 1483.000000 2.278457
 1484.000000 2.282543
 1485.000000 2.286021
 1486.000000 2.289110
 1487.000000 2.292047
 1488.000000 2.295088
 1489.000000 2.298409
 1490.000000 2.302138
 1491.000000 2.306316
 1492.000000 2.310933
 1493.000000 2.315968
 1494.000000 2.321362
 1495.000000 2.326919
 1496.000000 2.332408
 1497.000000 2.337591
 1498.000000 2.342260
 1499.000000 2.346184
 1500.000000 2.349208
 1501.000000 2.351265
 1502.000000 2.352277
 1503.000000 2.352220
 1504.000000 2.351169
 1505.000000 2.349328
 1506.000000 2.347011
