#! FIELDS time d
 0.000000 1.449148
 1.000000 1.446641
 2.000000 1.441785
 3.000000 1.435416
 4.000000 1.428532
 5.000000 1.422159
 6.000000 1.417354
 7.000000 1.414858
 8.000000 1.415065
 9.000000 1.417950
 10.000000 1.423038
 11.000000 1.429464
 12.000000 1.436257
 13.000000 1.442321
 14.000000 1.446772
 15.000000 1.448968
 16.000000 1.448600
 17.000000 1.445688
 18.000000 1.440521
 19.000000 1.433535
 20.000000 1.425533
 21.000000 1.417355
 22.000000 1.409649
 23.000000 1.403188
 24.000000 1.398534
 25.000000 1.396013
 26.000000 1.395775
 27.000000 1.397773
 28.000000 1.401757
 29.000000 1.407352
 30.000000 1.413938
 31.000000 1.420943
 32.000000 1.427579
 33.000000 1.433013
 34.000000 1.436744
 35.000000 1.438225
 36.000000 1.437180
 37.000000 1.433615
 38.000000 1.427767
 39.000000 1.420283
 40.000000 1.412100
 41.000000 1.404222
 42.000000 1.397928
 43.000000 1.394309
 44.000000 1.394154
 45.000000 1.397771
 46.000000 1.404901
 47.000000 1.414817
 48.000000 1.426369
 49.000000 1.438317
 50.000000 1.449357
 51.000000 1.458336
 52.000000 1.464333
 53.000000 1.466895
 54.000000 1.466068
 55.000000 1.462272
 56.000000 1.456253
 57.000000 1.448792
 58.000000 1.440834
 59.000000 1.433369
 60.000000 1.427058
 61.000000 1.422278
 62.000000 1.419286
 63.000000 1.418066
 64.000000 1.418375
 65.000000 1.419883
 66.000000 1.422196
 67.000000 1.424891
 68.000000 1.427588
 69.000000 1.429957
 70.000000 1.431765
 71.000000 1.432886
 72.000000 1.433281
 73.000000 1.432991
 74.000000 1.432115
 75.000000 1.430755
 76.000000 1.429005
 77.000000 1.426978
 78.000000 1.424883
 79.000000 1.422991
 80.000000 1.421616
 81.000000 1.421117
 82.000000 1.421733
 83.000000 1.423524
 84.000000 1.426343
 85.000000 1.429865
 86.000000 1.433567
 87.000000 1.436933
 88.000000 1.439484
 89.000000 1.440818
 90.000000 1.440699
 91.000000 1.439115
 92.000000 1.436277
 93.000000 1.432663
 94.000000 1.428834
 95.000000 1.425396
 96.000000 1.422911
 97.000000 1.421843
 98.000000 1.422441
 99.000000 1.424707
 100.000000 1.428396
 101.000000 1.433050
 102.000000 1.438014
 103.000000 1.442696
 104.000000 1.446499
 105.000000 1.448924
 106.000000 1.449788
 107.000000 1.449103
 108.000000 1.447044
 109.000000 1.443968
 110.000000 1.440320
 111.000000 1.436524
 112.000000 1.433003
 113.000000 1.430085
 114.000000 1.428032
 115.000000 1.426972
 116.000000 1.426893
 117.000000 1.427691
 118.000000 1.429213
 119.000000 1.431265
 120.000000 1.433619
 121.000000 1.436004
 122.000000 1.438097
 123.000000 1.439631
 124.000000 1.440398
 125.000000 1.440290
 126.000000 1.439318
 127.000000 1.437629
 128.000000 1.435462
 129.000000 1.433180
 130.000000 1.431230
 131.000000 1.430024
 132.000000 1.429953
 133.000000 1.431273
 134.000000 1.434033
 135.000000 1.438074
 136.000000 1.443016
 137.000000 1.448347
 138.000000 1.453464
 139.000000 1.457671
 140.000000 1.460421
 141.000000 1.461182
 142.000000 1.459701
 143.000000 1.456007
 144.000000 1.450411
 145.000000 1.443499
 146.000000 1.436110
 147.000000 1.429010
 148.000000 1.422960
 149.000000 1.418690
 150.000000 1.416567
 151.000000 1.416721
 152.000000 1.419029
 153.000000 1.423118
 154.000000 1.428384
 155.000000 1.434203
 156.000000 1.439993
 157.000000 1.445288
 158.000000 1.449749
 159.000000 1.453091
 160.000000 1.455243
 161.000000 1.456258
 162.000000 1.456254
 163.000000 1.455401
 164.000000 1.453851
 165.000000 1.451728
 166.000000 1.449127
 167.000000 1.446155
 168.000000 1.442950
 169.000000 1.439783
 170.000000 1.437082
 171.000000 1.435331
 172.000000 1.434931
 173.000000 1.436136
 174.000000 1.438968
 175.000000 1.443181
 176.000000 1.448290
 177.000000 1.453653
 178.000000 1.458612
 179.000000 1.462571
 180.000000 1.464959
 181.000000 1.465449
 182.000000 1.463887
 183.000000 1.460413
 184.000000 1.455390
 185.000000 1.449318
 186.000000 1.442804
 187.000000 1.436733
 188.000000 1.431736
 189.000000 1.428355
 190.000000 1.426919
 191.000000 1.427436
 192.000000 1.429652
 193.000000 1.433073
 194.000000 1.437077
 195.000000 1.440977
 196.000000 1.444217
 197.000000 1.446360
 198.000000 1.447201
 199.000000 1.446733
 200.000000 1.445126
 201.000000 1.442693
 202.000000 1.439839
 203.000000 1.436961
 204.000000 1.434491
 205.000000 1.432669
 206.000000 1.431674
 207.000000 1.431534
 208.000000 1.432156
 209.000000 1.433365
 210.000000 1.434971
 211.000000 1.436760
 212.000000 1.438546
 213.000000 1.440140
 214.000000 1.441344
 215.000000 1.442068
 216.000000 1.442278
 217.000000 1.441984
 218.000000 1.441223
 219.000000 1.440028
 220.000000 1.438451
 221.000000 1.436524
 222.000000 1.434352
 223.000000 1.432078
 224.000000 1.429976
 225.000000 1.428344
 226.000000 1.427406
 227.000000 1.427279
 228.000000 1.427936
 229.000000 1.429205
 230.000000 1.430826
 231.000000 1.432425
 232.000000 1.433599
 233.000000 1.434013
 234.000000 1.433458
 235.000000 1.431940
 236.000000 1.429712
 237.000000 1.427098
 238.000000 1.424522
 239.000000 1.422437
 240.000000 1.421184
 241.000000 1.420950
 242.000000 1.421724
 243.000000 1.423314
 244.000000 1.425371
 245.000000 1.427444
 246.000000 1.429067
 247.000000 1.429850
 248.000000 1.429584
 249.000000 1.428253
 250.000000 1.426034
 251.000000 1.423209
 252.000000 1.420103
 253.000000 1.417014
 254.000000 1.414200
 255.000000 1.411855
 256.000000 1.410092
 257.000000 1.408897
 258.000000 1.408183
 259.000000 1.407880
 260.000000 1.407949
 261.000000 1.408440
 262.000000 1.409472
 263.000000 1.411173
 264.000000 1.413585
 265.000000 1.416614
 266.000000 1.420015
 267.000000 1.423448
 268.000000 1.426468
 269.000000 1.428668
 270.000000 1.429675
 271.000000 1.429238
 272.000000 1.427312
 273.000000 1.424095
 274.000000 1.420105
 275.000000 1.415976
 276.000000 1.412389
 277.000000 1.410029
 278.000000 1.409401
 279.000000 1.410715
 280.000000 1.413882
 281.000000 1.418500
 282.000000 1.424024
 283.000000 1.429712
 284.000000 1.434767
 285.000000 1.438461
 286.000000 1.440368
 287.000000 1.440366
 288.000000 1.438638
 289.000000 1.435601
 290.000000 1.431856
 291.000000 1.428021
 292.000000 1.424705
 293.000000 1.422410
 294.000000 1.421465
 295.000000 1.421964
 296.000000 1.423774
 297.000000 1.426557
 298.000000 1.429902
 299.000000 1.433324
 300.000000 1.436507
 301.000000 1.439206
 302.000000 1.441275
 303.000000 1.442659
 304.000000 1.443352
 305.000000 1.443336
 306.000000 1.442609
 307.000000 1.441165
 308.000000 1.439020
 309.000000 1.436215
 310.000000 1.432792
 311.000000 1.428856
 312.000000 1.424761
 313.000000 1.420947
 314.000000 1.417907
 315.000000 1.416140
 316.000000 1.416006
 317.000000 1.417642
 318.000000 1.420901
 319.000000 1.425371
 320.000000 1.430503
 321.000000 1.435555
 322.000000 1.439789
 323.000000 1.442515
 324.000000 1.443414
 325.000000 1.442455
 326.000000 1.439952
 327.000000 1.436501
 328.000000 1.432850
 329.000000 1.429713
 330.000000 1.427655
 331.000000 1.427004
 332.000000 1.427803
 333.000000 1.429802
 334.000000 1.432513
 335.000000 1.435337
 336.000000 1.437601
 337.000000 1.438746
 338.000000 1.438408
 339.000000 1.436475
 340.000000 1.433076
 341.000000 1.428515
 342.000000 1.423349
 343.000000 1.418154
 344.000000 1.413505
 345.000000 1.409919
 346.000000 1.407746
 347.000000 1.407161
 348.000000 1.408075
 349.000000 1.410207
 350.000000 1.413140
 351.000000 1.416491
 352.000000 1.419968
 353.000000 1.423359
 354.000000 1.426476
 355.000000 1.429090
 356.000000 1.430984
 357.000000 1.431889
 358.000000 1.431525
 359.000000 1.429659
 360.000000 1.426118
 361.000000 1.420950
 362.000000 1.414323
 363.000000 1.406668
 364.000000 1.398587
 365.000000 1.390820
 366.000000 1.384295
 367.000000 1.379703
 368.000000 1.377546
 369.000000 1.377947
 370.000000 1.380607
 371.000000 1.384814
 372.000000 1.389655
 373.000000 1.394181
 374.000000 1.397577
 375.000000 1.399237
 376.000000 1.398920
 377.000000 1.396827
 378.000000 1.393464
 379.000000 1.389573
 380.000000 1.386030
 381.000000 1.383658
 382.000000 1.383023
 383.000000 1.384433
 384.000000 1.387884
 385.000000 1.393080
 386.000000 1.399384
 387.000000 1.405981
 388.000000 1.411915
 389.000000 1.416407
 390.000000 1.418798
 391.000000 1.418727
 392.000000 1.416132
 393.000000 1.411271
 394.000000 1.404635
 395.000000 1.396921
 396.000000 1.388955
 397.000000 1.381730
 398.000000 1.375966
 399.000000 1.372182
 400.000000 1.370557
 401.000000 1.371040
 402.000000 1.373337
 403.000000 1.376950
 404.000000 1.381364
 405.000000 1.386066
 406.000000 1.390684
 407.000000 1.394875
 408.000000 1.398431
 409.000000 1.401174
 410.000000 1.403012
 411.000000 1.403820
 412.000000 1.403492
 413.000000 1.401966
 414.000000 1.399335
 415.000000 1.395875
 416.000000 1.392042
 417.000000 1.388575
 418.000000 1.386208
 419.000000 1.385651
 420.000000 1.387290
 421.000000 1.391161
 422.000000 1.396810
 423.000000 1.403582
 424.000000 1.410546
 425.000000 1.416772
 426.000000 1.421307
 427.000000 1.423700
 428.000000 1.423715
 429.000000 1.421475
 430.000000 1.417476
 431.000000 1.412520
 432.000000 1.407410
 433.000000 1.402977
 434.000000 1.399920
 435.000000 1.398780
 436.000000 1.399790
 437.000000 1.402852
 438.000000 1.407563
 439.000000 1.413278
 440.000000 1.419367
 441.000000 1.425153
 442.000000 1.430026
 443.000000 1.433589
 444.000000 1.435542
 445.000000 1.435705
 446.000000 1.434039
 447.000000 1.430688
 448.000000 1.426020
 449.000000 1.420558
 450.000000 1.414983
 451.000000 1.409960
 452.000000 1.406055
 453.000000 1.403716
 454.000000 1.403222
 455.000000 1.404692
 456.000000 1.408100
 457.000000 1.413272
 458.000000 1.419834
 459.000000 1.427430
 460.000000 1.435305
 461.000000 1.442478
 462.000000 1.448080
 463.000000 1.451329
 464.000000 1.451636
 465.000000 1.448697
 466.000000 1.442502
 467.000000 1.433450
 468.000000 1.422364
 469.000000 1.410341
 470.000000 1.398892
 471.000000 1.389508
 472.000000 1.383541
 473.000000 1.381850
 474.000000 1.384607
 475.000000 1.391344
 476.000000 1.401017
 477.000000 1.412046
 478.000000 1.422722
 479.000000 1.431588
 480.000000 1.437454
 481.000000 1.439562
 482.000000 1.437684
 483.000000 1.432132
 484.000000 1.423750
 485.000000 1.413769
 486.000000 1.403568
 487.000000 1.394449
 488.000000 1.387635
 489.000000 1.383901
 490.000000 1.383606
 491.000000 1.386551
 492.000000 1.392150
 493.000000 1.399498
 494.000000 1.407447
 495.000000 1.415049
 496.000000 1.421462
 497.000000 1.426065
 498.000000 1.428443
 499.000000 1.428425
 500.000000 1.426106
 501.000000 1.421807
 502.000000 1.416130
 503.000000 1.409628
 504.000000 1.402971
 505.000000 1.396890
 506.000000 1.391982
 507.000000 1.388779
 508.000000 1.387694
 509.000000 1.389011
 510.000000 1.392765
 511.000000 1.398745
 512.000000 1.406313
 513.000000 1.414661
 514.000000 1.422812
 515.000000 1.429715
 516.000000 1.434523
 517.000000 1.436505
 518.000000 1.435272
 519.000000 1.430893
 520.000000 1.423915
 521.000000 1.415251
 522.000000 1.406157
 523.000000 1.398061
 524.000000 1.392139
 525.000000 1.389397
 526.000000 1.390393
 527.000000 1.395057
 528.000000 1.402690
 529.000000 1.412224
 530.000000 1.422497
 531.000000 1.431878
 532.000000 1.439068
 533.000000 1.443207
 534.000000 1.443714
 535.000000 1.440541
 536.000000 1.434137
 537.000000 1.425389
 538.000000 1.415509
 539.000000 1.405666
 540.000000 1.397059
 541.000000 1.390869
 542.000000 1.387786
 543.000000 1.387983
 544.000000 1.391254
 545.000000 1.397039
 546.000000 1.404500
 547.000000 1.412774
 548.000000 1.420984
 549.000000 1.428298
 550.000000 1.433938
 551.000000 1.437303
 552.000000 1.438083
 553.000000 1.436203
 554.000000 1.431847
 555.000000 1.425294
 556.000000 1.417129
 557.000000 1.408031
 558.000000 1.398828
 559.000000 1.390485
 560.000000 1.384028
 561.000000 1.380357
 562.000000 1.380039
 563.000000 1.383221
 564.000000 1.389459
 565.000000 1.397797
 566.000000 1.407069
 567.000000 1.415876
 568.000000 1.422921
 569.000000 1.427172
 570.000000 1.427890
 571.000000 1.424823
 572.000000 1.418324
 573.000000 1.409392
 574.000000 1.399341
 575.000000 1.389862
 576.000000 1.382497
 577.000000 1.378580
 578.000000 1.378816
 579.000000 1.383314
 580.000000 1.391400
 581.000000 1.401865
 582.000000 1.413147
 583.000000 1.423769
 584.000000 1.432509
 585.000000 1.438474
 586.000000 1.441169
 587.000000 1.440646
 588.000000 1.437198
 589.000000 1.431358
 590.000000 1.423786
 591.000000 1.415395
 592.000000 1.407014
 593.000000 1.399501
 594.000000 1.393495
 595.000000 1.389452
 596.000000 1.387618
 597.000000 1.388020
 598.000000 1.390460
 599.000000 1.394561
 600.000000 1.399762
 601.000000 1.405371
 602.000000 1.410573
 603.000000 1.414630
 604.000000 1.416969
 605.000000 1.417282
 606.000000 1.415551
 607.000000 1.411978
 608.000000 1.406974
 609.000000 1.401045
 610.000000 1.394821
 611.000000 1.389044
 612.000000 1.384412
 613.000000 1.381555
 614.000000 1.380933
 615.000000 1.382746
 616.000000 1.386889
 617.000000 1.392921
 618.000000 1.400117
 619.000000 1.407489
 620.000000 1.413901
 621.000000 1.418179
 622.000000 1.419381
 623.000000 1.417018
 624.000000 1.411201
 625.000000 1.402590
 626.000000 1.392578
 627.000000 1.382809
 628.000000 1.374787
 629.000000 1.369902
 630.000000 1.368855
 631.000000 1.371787
 632.000000 1.378141
 633.000000 1.386789
 634.000000 1.396257
 635.000000 1.405265
 636.000000 1.412595
 637.000000 1.417302
 638.000000 1.418966
 639.000000 1.417572
 640.000000 1.413422
 641.000000 1.407170
 642.000000 1.399541
 643.000000 1.391454
 644.000000 1.383836
 645.000000 1.377384
 646.000000 1.372795
 647.000000 1.370535
 648.000000 1.370845
 649.000000 1.373747
 650.000000 1.379054
 651.000000 1.386347
 652.000000 1.394953
 653.000000 1.403963
 654.000000 1.412370
 655.000000 1.419253
 656.000000 1.423826
 657.000000 1.425538
 658.000000 1.424145
 659.000000 1.419717
 660.000000 1.412622
 661.000000 1.403491
 662.000000 1.393335
 663.000000 1.383235
 664.000000 1.374687
 665.000000 1.368672
 666.000000 1.366046
 667.000000 1.367168
 668.000000 1.371857
 669.000000 1.379416
 670.000000 1.388809
 671.000000 1.398768
 672.000000 1.408098
 673.000000 1.415473
 674.000000 1.419899
 675.000000 1.420920
 676.000000 1.418500
 677.000000 1.413051
 678.000000 1.405378
 679.000000 1.396571
 680.000000 1.387885
 681.000000 1.380522
 682.000000 1.375530
 683.000000 1.373485
 684.000000 1.374535
 685.000000 1.378262
 686.000000 1.383784
 687.000000 1.390080
 688.000000 1.396013
 689.000000 1.400663
 690.000000 1.403340
 691.000000 1.403742
 692.000000 1.401988
 693.000000 1.398416
 694.000000 1.393547
 695.000000 1.387932
 696.000000 1.382244
 697.000000 1.377102
 698.000000 1.373060
 699.000000 1.370541
 700.000000 1.369806
 701.000000 1.370991
 702.000000 1.374146
 703.000000 1.379102
 704.000000 1.385428
 705.000000 1.392452
 706.000000 1.399401
 707.000000 1.405311
 708.000000 1.409201
 709.000000 1.410442
 710.000000 1.408698
 711.000000 1.404003
 712.000000 1.396930
 713.000000 1.388311
 714.000000 1.379209
 715.000000 1.370966
 716.000000 1.364890
 717.000000 1.361848
 718.000000 1.362175
 719.000000 1.365718
 720.000000 1.371785
 721.000000 1.379390
 722.000000 1.387374
 723.000000 1.394637
 724.000000 1.400246
 725.000000 1.403570
 726.000000 1.404218
 727.000000 1.402099
 728.000000 1.397485
 729.000000 1.390957
 730.000000 1.383436
 731.000000 1.376074
 732.000000 1.370106
 733.000000 1.366622
 734.000000 1.366367
 735.000000 1.369611
 736.000000 1.376036
 737.000000 1.384835
 738.000000 1.394813
 739.000000 1.404753
 740.000000 1.413470
 741.000000 1.420049
 742.000000 1.423839
 743.000000 1.424571
 744.000000 1.422356
 745.000000 1.417622
 746.000000 1.410954
 747.000000 1.403151
 748.000000 1.395123
 749.000000 1.387722
 750.000000 1.381513
 751.000000 1.376993
 752.000000 1.374432
 753.000000 1.373936
 754.000000 1.375454
 755.000000 1.378821
 756.000000 1.383704
 757.000000 1.389591
 758.000000 1.395903
 759.000000 1.401799
 760.000000 1.406582
 761.000000 1.409584
 762.000000 1.410376
 763.000000 1.408826
 764.000000 1.405083
 765.000000 1.399557
 766.000000 1.392911
 767.000000 1.385964
 768.000000 1.379545
 769.000000 1.374563
 770.000000 1.371747
 771.000000 1.371579
 772.000000 1.374199
 773.000000 1.379311
 774.000000 1.386238
 775.000000 1.393973
 776.000000 1.401236
 777.000000 1.406911
 778.000000 1.410026
 779.000000 1.409977
 780.000000 1.406627
 781.000000 1.400309
 782.000000 1.391871
 783.000000 1.382587
 784.000000 1.373852
 785.000000 1.366847
 786.000000 1.362600
 787.000000 1.361748
 788.000000 1.364333
 789.000000 1.369873
 790.000000 1.377464
 791.000000 1.385892
 792.000000 1.393792
 793.000000 1.400023
 794.000000 1.403774
 795.000000 1.404568
 796.000000 1.402393
 797.000000 1.397572
 798.000000 1.390825
 799.000000 1.383144
 800.000000 1.375730
 801.000000 1.369519
 802.000000 1.365449
 803.000000 1.364142
 804.000000 1.365781
 805.000000 1.370096
 806.000000 1.376558
 807.000000 1.384405
 808.000000 1.392734
 809.000000 1.400614
 810.000000 1.407308
 811.000000 1.412107
 812.000000 1.414564
 813.000000 1.414410
 814.000000 1.411671
 815.000000 1.406637
 816.000000 1.399866
 817.000000 1.392069
 818.000000 1.384057
 819.000000 1.376793
 820.000000 1.371084
 821.000000 1.367844
 822.000000 1.367651
 823.000000 1.370725
 824.000000 1.376819
 825.000000 1.385185
 826.000000 1.394863
 827.000000 1.404427
 828.000000 1.412681
 829.000000 1.418495
 830.000000 1.421013
 831.000000 1.419714
 832.000000 1.414497
 833.000000 1.405730
 834.000000 1.394451
 835.000000 1.381970
 836.000000 1.369824
 837.000000 1.359639
 838.000000 1.352943
 839.000000 1.350578
 840.000000 1.352777
 841.000000 1.359107
 842.000000 1.368458
 843.000000 1.379352
 844.000000 1.390284
 845.000000 1.399829
 846.000000 1.406870
 847.000000 1.410731
 848.000000 1.411278
 849.000000 1.408766
 850.000000 1.403699
 851.000000 1.396848
 852.000000 1.389062
 853.000000 1.381369
 854.000000 1.374758
 855.000000 1.370014
 856.000000 1.367630
 857.000000 1.367822
 858.000000 1.370472
 859.000000 1.375218
 860.000000 1.381407
 861.000000 1.388169
 862.000000 1.394658
 863.000000 1.399873
 864.000000 1.402967
 865.000000 1.403295
 866.000000 1.400568
 867.000000 1.394954
 868.000000 1.387116
 869.000000 1.378052
 870.000000 1.368986
 871.000000 1.361340
 872.000000 1.356319
 873.000000 1.354810
 874.000000 1.357301
 875.000000 1.363667
 876.000000 1.373104
 877.000000 1.384595
 878.000000 1.396645
 879.000000 1.407770
 880.000000 1.416627
 881.000000 1.422144
 882.000000 1.423695
 883.000000 1.421039
 884.000000 1.414443
 885.000000 1.404600
 886.000000 1.392637
 887.000000 1.380184
 888.000000 1.368888
 889.000000 1.360173
 890.000000 1.355268
 891.000000 1.354839
 892.000000 1.358873
 893.000000 1.366747
 894.000000 1.377261
 895.000000 1.388888
 896.000000 1.399987
 897.000000 1.409072
 898.000000 1.415029
 899.000000 1.417137
 900.000000 1.415162
 901.000000 1.409348
 902.000000 1.400447
 903.000000 1.389601
 904.000000 1.378225
 905.000000 1.367790
 906.000000 1.359927
 907.000000 1.355578
 908.000000 1.355256
 909.000000 1.358864
 910.000000 1.365715
 911.000000 1.374812
 912.000000 1.385110
 913.000000 1.395440
 914.000000 1.404771
 915.000000 1.412230
 916.000000 1.417111
 917.000000 1.419055
 918.000000 1.417989
 919.000000 1.414076
 920.000000 1.407762
 921.000000 1.399647
 922.000000 1.390568
 923.000000 1.381402
 924.000000 1.373111
 925.000000 1.366655
 926.000000 1.362826
 927.000000 1.362210
 928.000000 1.364985
 929.000000 1.370883
 930.000000 1.379156
 931.000000 1.388801
 932.000000 1.398479
 933.000000 1.407030
 934.000000 1.413504
 935.000000 1.417275
 936.000000 1.417962
 937.000000 1.415631
 938.000000 1.410746
 939.000000 1.404108
 940.000000 1.396891
 941.000000 1.390362
 942.000000 1.385652
 943.000000 1.383639
 944.000000 1.384749
 945.000000 1.388910
 946.000000 1.395586
 947.000000 1.403799
 948.000000 1.412263
 949.000000 1.419566
 950.000000 1.424599
 951.000000 1.426393
 952.000000 1.424512
 953.000000 1.419121
 954.000000 1.410828
 955.000000 1.400632
 956.000000 1.389967
 957.000000 1.380310
 958.000000 1.373023
 959.000000 1.369026
 960.000000 1.368766
 961.000000 1.372049
 962.000000 1.378169
 963.000000 1.386124
 964.000000 1.394697
 965.000000 1.402593
 966.000000 1.408923
 967.000000 1.412918
 968.000000 1.414193
 969.000000 1.412616
 970.000000 1.408380
 971.000000 1.401918
 972.000000 1.393936
 973.000000 1.385351
 974.000000 1.377221
 975.000000 1.370464
 976.000000 1.365838
 977.000000 1.363880
 978.000000 1.364766
 979.000000 1.368366
 980.000000 1.374268
 981.000000 1.381811
 982.000000 1.390090
 983.000000 1.398131
 984.000000 1.405025
 985.000000 1.409829
 986.000000 1.411938
 987.000000 1.411041
 988.000000 1.407245
 989.000000 1.400972
 990.000000 1.392916
 991.000000 1.384026
 992.000000 1.375460
 993.000000 1.368615
 994.000000 1.364517
 995.000000 1.363989
 996.000000 1.367289
 997.000000 1.374138
 998.000000 1.383630
 999.000000 1.394561
 1000.000000 1.405698
 1001.000000 1.415375
 1002.000000 1.422331
 1003.000000 1.425875
 1004.000000 1.425503
 1005.000000 1.421176
 1006.000000 1.413356
 1007.000000 1.402953
 1008.000000 1.391219
 1009.000000 1.379618
 1010.000000 1.369787
 1011.000000 1.363123
 1012.000000 1.360658
 1013.000000 1.362773
 1014.000000 1.369204
 1015.000000 1.379046
 1016.000000 1.390806
 1017.000000 1.403007
 1018.000000 1.414203
 1019.000000 1.423028
 1020.000000 1.428562
 1021.000000 1.430526
 1022.000000 1.429010
 1023.000000 1.424467
 1024.000000 1.417599
 1025.000000 1.409295
 1026.000000 1.400575
 1027.000000 1.392350
 1028.000000 1.385459
 1029.000000 1.380441
 1030.000000 1.377613
 1031.000000 1.376973
 1032.000000 1.378290
 1033.000000 1.381171
 1034.000000 1.385029
 1035.000000 1.389152
 1036.000000 1.392804
 1037.000000 1.395214
 1038.000000 1.395807
 1039.000000 1.394307
 1040.000000 1.390739
 1041.000000 1.385509
 1042.000000 1.379303
 1043.000000 1.373061
 1044.000000 1.367783
 1045.000000 1.364485
 1046.000000 1.363953
 1047.000000 1.366664
 1048.000000 1.372644
 1049.000000 1.381381
 1050.000000 1.391877
 1051.000000 1.403017
 1052.000000 1.413393
 1053.000000 1.421916
 1054.000000 1.427465
 1055.000000 1.429312
 1056.000000 1.427060
 1057.000000 1.420801
 1058.000000 1.410960
 1059.000000 1.398667
 1060.000000 1.385429
 1061.000000 1.373046
 1062.000000 1.363352
 1063.000000 1.357777
 1064.000000 1.357119
 1065.000000 1.361421
 1066.000000 1.369974
 1067.000000 1.381478
 1068.000000 1.394097
 1069.000000 1.406001
 1070.000000 1.415602
 1071.000000 1.421830
 1072.000000 1.424035
 1073.000000 1.422140
 1074.000000 1.416510
 1075.000000 1.407867
 1076.000000 1.397382
 1077.000000 1.386441
 1078.000000 1.376354
 1079.000000 1.368401
 1080.000000 1.363372
 1081.000000 1.361727
 1082.000000 1.363277
 1083.000000 1.367457
 1084.000000 1.373438
 1085.000000 1.380319
 1086.000000 1.387262
 1087.000000 1.393481
 1088.000000 1.398305
 1089.000000 1.401307
 1090.000000 1.402235
 1091.000000 1.401072
 1092.000000 1.398047
 1093.000000 1.393549
 1094.000000 1.388162
 1095.000000 1.382565
 1096.000000 1.377658
 1097.000000 1.374210
 1098.000000 1.372872
 1099.000000 1.374071
 1100.000000 1.377887
 1101.000000 1.383976
 1102.000000 1.391695
 1103.000000 1.400270
 1104.000000 1.408626
 1105.000000 1.415599
 1106.000000 1.420279
 1107.000000 1.422032
 1108.000000 1.420628
 1109.000000 1.416265
 1110.000000 1.409604
 1111.000000 1.401794
 1112.000000 1.394020
 1113.000000 1.387581
 1114.000000 1.383530
 1115.000000 1.382428
 1116.000000 1.384308
 1117.000000 1.388720
 1118.000000 1.394853
 1119.000000 1.401605
 1120.000000 1.407868
 1121.000000 1.412614
 1122.000000 1.415119
 1123.000000 1.415058
 1124.000000 1.412489
 1125.000000 1.407815
 1126.000000 1.401668
 1127.000000 1.394910
 1128.000000 1.388470
 1129.000000 1.383253
 1130.000000 1.379948
 1131.000000 1.378920
 1132.000000 1.380227
 1133.000000 1.383553
 1134.000000 1.388314
 1135.000000 1.393701
 1136.000000 1.398945
 1137.000000 1.403546
 1138.000000 1.406953
 1139.000000 1.408701
 1140.000000 1.408532
 1141.000000 1.406387
 1142.000000 1.402403
 1143.000000 1.396993
 1144.000000 1.390706
 1145.000000 1.384224
 1146.000000 1.378319
 1147.000000 1.373592
 1148.000000 1.370477
 1149.000000 1.369316
 1150.000000 1.370336
 1151.000000 1.373584
 1152.000000 1.378852
 1153.000000 1.385658
 1154.000000 1.393336
 1155.000000 1.401079
 1156.000000 1.408085
 1157.000000 1.413556
 1158.000000 1.417044
 1159.000000 1.418181
 1160.000000 1.416839
 1161.000000 1.413194
 1162.000000 1.407692
 1163.000000 1.401008
 1164.000000 1.394104
 1165.000000 1.387936
 1166.000000 1.383296
 1167.000000 1.380730
 1168.000000 1.380470
 1169.000000 1.382415
 1170.000000 1.386199
 1171.000000 1.391147
 1172.000000 1.396495
 1173.000000 1.401355
 1174.000000 1.404888
 1175.000000 1.406518
 1176.000000 1.406029
 1177.000000 1.403586
 1178.000000 1.399681
 1179.000000 1.395075
 1180.000000 1.390577
 1181.000000 1.387031
 1182.000000 1.385139
 1183.000000 1.385319
 1184.000000 1.387659
 1185.000000 1.391840
 1186.000000 1.397209
 1187.000000 1.402949
 1188.000000 1.408218
 1189.000000 1.412421
 1190.000000 1.415157
 1191.000000 1.416216
 1192.000000 1.415626
 1193.000000 1.413589
 1194.000000 1.410418
 1195.000000 1.406504
 1196.000000 1.402296
 1197.000000 1.398190
 1198.000000 1.394501
 1199.000000 1.391466
 1200.000000 1.389200
 1201.000000 1.387809
 1202.000000 1.387418
 1203.000000 1.388138
 1204.000000 1.389961
 1205.000000 1.392728
 1206.000000 1.396093
 1207.000000 1.399645
 1208.000000 1.402885
 1209.000000 1.405282
 1210.000000 1.406321
 1211.000000 1.405618
 1212.000000 1.402978
 1213.000000 1.398485
 1214.000000 1.392682
 1215.000000 1.386465
 1216.000000 1.380975
 1217.000000 1.377334
 1218.000000 1.376423
 1219.000000 1.378671
 1220.000000 1.383943
 1221.000000 1.391623
 1222.000000 1.400750
 1223.000000 1.409935
 1224.000000 1.417977
 1225.000000 1.423707
 1226.000000 1.426218
 1227.000000 1.425080
 1228.000000 1.420425
 1229.000000 1.412904
 1230.000000 1.403712
 1231.000000 1.394241
 1232.000000 1.385859
 1233.000000 1.379858
 1234.000000 1.377235
 1235.000000 1.378429
 1236.000000 1.383262
 1237.000000 1.390950
 1238.000000 1.400374
 1239.000000 1.410199
 1240.000000 1.419074
 1241.000000 1.425905
 1242.000000 1.429950
 1243.000000 1.430861
 1244.000000 1.428633
 1245.000000 1.423579
 1246.000000 1.416260
 1247.000000 1.407526
 1248.000000 1.398352
 1249.000000 1.389648
 1250.000000 1.382357
 1251.000000 1.377067
 1252.000000 1.374263
 1253.000000 1.374185
 1254.000000 1.376834
 1255.000000 1.381949
 1256.000000 1.389081
 1257.000000 1.397394
 1258.000000 1.405911
 1259.000000 1.413772
 1260.000000 1.419904
 1261.000000 1.423466
 1262.000000 1.423899
 1263.000000 1.420917
 1264.000000 1.414584
 1265.000000 1.405383
 1266.000000 1.394411
 1267.000000 1.382992
 1268.000000 1.372913
 1269.000000 1.365900
 1270.000000 1.363266
 1271.000000 1.365669
 1272.000000 1.372963
 1273.000000 1.384154
 1274.000000 1.397742
 1275.000000 1.411877
 1276.000000 1.424420
 1277.000000 1.433588
 1278.000000 1.438121
 1279.000000 1.437309
 1280.000000 1.431208
 1281.000000 1.420623
 1282.000000 1.406789
 1283.000000 1.391442
 1284.000000 1.376334
 1285.000000 1.363491
 1286.000000 1.354665
 1287.000000 1.350858
 1288.000000 1.352206
 1289.000000 1.358088
 1290.000000 1.367173
 1291.000000 1.377799
 1292.000000 1.388339
 1293.000000 1.397472
 1294.000000 1.404365
 1295.000000 1.408579
 1296.000000 1.409986
 1297.000000 1.408834
 1298.000000 1.405595
 1299.000000 1.400923
 1300.000000 1.395595
 1301.000000 1.390423
 1302.000000 1.386049
 1303.000000 1.383017
 1304.000000 1.381667
 1305.000000 1.382194
 1306.000000 1.384645
 1307.000000 1.388903
 1308.000000 1.394741
 1309.000000 1.401726
 1310.000000 1.409078
 1311.000000 1.415868
 1312.000000 1.421301
 1313.000000 1.424552
 1314.000000 1.424933
 1315.000000 1.422055
 1316.000000 1.415874
 1317.000000 1.406770
 1318.000000 1.395465
 1319.000000 1.383345
 1320.000000 1.372246
 1321.000000 1.363723
 1322.000000 1.358953
 1323.000000 1.358750
 1324.000000 1.363197
 1325.000000 1.371585
 1326.000000 1.382685
 1327.000000 1.394854
 1328.000000 1.406266
 1329.000000 1.415084
 1330.000000 1.420033
 1331.000000 1.420421
 1332.000000 1.416188
 1333.000000 1.408010
 1334.000000 1.397056
 1335.000000 1.384835
 1336.000000 1.373070
 1337.000000 1.363414
 1338.000000 1.357118
 1339.000000 1.354947
 1340.000000 1.356987
 1341.000000 1.362646
 1342.000000 1.370749
 1343.000000 1.380017
 1344.000000 1.389142
 1345.000000 1.397094
 1346.000000 1.403143
 1347.000000 1.406850
 1348.000000 1.408160
 1349.000000 1.407249
 1350.000000 1.404502
 1351.000000 1.400484
 1352.000000 1.395835
 1353.000000 1.391238
 1354.000000 1.387383
 1355.000000 1.384829
 1356.000000 1.384076
 1357.000000 1.385437
 1358.000000 1.389056
 1359.000000 1.394784
 1360.000000 1.402132
 1361.000000 1.410189
 1362.000000 1.417935
 1363.000000 1.424217
 1364.000000 1.428184
 1365.000000 1.429061
 1366.000000 1.426439
 1367.000000 1.420303
 1368.000000 1.411100
 1369.000000 1.399637
 1370.000000 1.387316
 1371.000000 1.375744
 1372.000000 1.366622
 1373.000000 1.361482
 1374.000000 1.361446
 1375.000000 1.366757
 1376.000000 1.376876
 1377.000000 1.390593
 1378.000000 1.406196
 1379.000000 1.421874
 1380.000000 1.435624
 1381.000000 1.445887
 1382.000000 1.451571
 1383.000000 1.452053
 1384.000000 1.447249
 1385.000000 1.437745
 1386.000000 1.424591
 1387.000000 1.409390
 1388.000000 1.394085
 1389.000000 1.380549
 1390.000000 1.370155
 1391.000000 1.364137
 1392.000000 1.362796
 1393.000000 1.365832
 1394.000000 1.372218
 1395.000000 1.380559
 1396.000000 1.389424
 1397.000000 1.397513
 1398.000000 1.403926
 1399.000000 1.407959
 1400.000000 1.409159
 1401.000000 1.407362
 1402.000000 1.402823
 1403.000000 1.396174
 1404.000000 1.388350
 1405.000000 1.380547
 1406.000000 1.373773
 1407.000000 1.368969
 1408.000000 1.366688
 1409.000000 1.367244
 1410.000000 1.370686
 1411.000000 1.376795
 1412.000000 1.384956
 1413.000000 1.394367
 1414.000000 1.404013
 1415.000000 1.412784
 1416.000000 1.419751
 1417.000000 1.424134
 1418.000000 1.425338
 1419.000000 1.423124
 1420.000000 1.417648
 1421.000000 1.409440
 1422.000000 1.399397
 1423.000000 1.388845
 1424.000000 1.379423
 1425.000000 1.372558
 1426.000000 1.369134
 1427.000000 1.369471
 1428.000000 1.373382
 1429.000000 1.380292
 1430.000000 1.389227
 1431.000000 1.398819
 1432.000000 1.407545
 1433.000000 1.413902
 1434.000000 1.416708
 1435.000000 1.415506
 1436.000000 1.410750
 1437.000000 1.403585
 1438.000000 1.395623
 1439.000000 1.388586
 1440.000000 1.383767
 1441.000000 1.381901
 1442.000000 1.383150
 1443.000000 1.386991
 1444.000000 1.392417
 1445.000000 1.398026
 1446.000000 1.402445
 1447.000000 1.404640
 1448.000000 1.404062
 1449.000000 1.400760
 1450.000000 1.395258
 1451.000000 1.388457
 1452.000000 1.381430
 1453.000000 1.375025
 1454.000000 1.369916
 1455.000000 1.366521
 1456.000000 1.364900
 1457.000000 1.364864
 1458.000000 1.366077
 1459.000000 1.368157
 1460.000000 1.370795
 1461.000000 1.373913
 1462.000000 1.377564
 1463.000000 1.381849
 1464.000000 1.386723
 1465.000000 1.391975
 1466.000000 1.397387
 1467.000000 1.402599
 1468.000000 1.407313
 1469.000000 1.411173
 1470.000000 1.413695
 1471.000000 1.414423
 1472.000000 1.412967
 1473.000000 1.409230
 1474.000000 1.403542
 1475.000000 1.396666
 1476.000000 1.389594
 1477.000000 1.383533
 1478.000000 1.379402
 1479.000000 1.377822
 1480.000000 1.379001
 1481.000000 1.382619
 1482.000000 1.387886
 1483.000000 1.393745
 1484.000000 1.398947
 1485.000000 1.402502
 1486.000000 1.403758
 1487.000000 1.402669
 1488.000000 1.399781
 1489.000000 1.396106
 1490.000000 1.392821
 1491.000000 1.391030
 1492.000000 1.391487
 1493.000000 1.394481
 1494.000000 1.399752
 1495.000000 1.406442
 1496.000000 1.413310
 1497.000000 1.419030
 1498.000000 1.422489
 1499.000000 1.422997
 1500.000000 1.420493
 1501.000000 1.415431
 1502.000000 1.408741
 1503.000000 1.401601
 1504.000000 1.395059
 1505.000000 1.390034
 1506.000000 1.387139
 1507.000000 1.386651
 1508.000000 1.388374
 1509.000000 1.391706
 1510.000000 1.395709
 1511.000000 1.399416
 1512.000000 1.402054
 1513.000000 1.403182
 1514.000000 1.402757
 1515.000000 1.401019
 1516.000000 1.398415
 1517.000000 1.395433
 1518.000000 1.392623
 1519.000000 1.390415
 1520.000000 1.389171
 1521.000000 1.389085
 1522.000000 1.390100
 1523.000000 1.391939
 1524.000000 1.394234
 1525.000000 1.396635
 1526.000000 1.398935
 1527.000000 1.401057
 1528.000000 1.402987
 1529.000000 1.404733
 1530.000000 1.406207
 1531.000000 1.407336
 1532.000000 1.408045
 1533.000000 1.408234
 1534.000000 1.407709
 1535.000000 1.406197
 1536.000000 1.403396
 1537.000000 1.399130
 1538.000000 1.393547
 1539.000000 1.387243
 1540.000000 1.381166
 1541.000000 1.376430
 1542.000000 1.373975
 1543.000000 1.374369
 1544.000000 1.377724
 1545.000000 1.383669
 1546.000000 1.391498
 1547.000000 1.400080
 1548.000000 1.408207
 1549.000000 1.414843
 1550.000000 1.419064
 1551.000000 1.420452
 1552.000000 1.419048
 1553.000000 1.415300
 1554.000000 1.410010
 1555.000000 1.404037
 1556.000000 1.398240
 1557.000000 1.393411
 1558.000000 1.390073
 1559.000000 1.388476
 1560.000000 1.388533
 1561.000000 1.389839
 1562.000000 1.391783
 1563.000000 1.393655
 1564.000000 1.394929
 1565.000000 1.395337
 1566.000000 1.394881
 1567.000000 1.393681
 1568.000000 1.391872
 1569.000000 1.389639
 1570.000000 1.387199
 1571.000000 1.384867
 1572.000000 1.383058
 1573.000000 1.382168
 1574.000000 1.382397
 1575.000000 1.383668
 1576.000000 1.385707
 1577.000000 1.388158
 1578.000000 1.390733
 1579.000000 1.393329
 1580.000000 1.395888
 1581.000000 1.398417
 1582.000000 1.400834
 1583.000000 1.403125
 1584.000000 1.405228
 1585.000000 1.406958
 1586.000000 1.408012
 1587.000000 1.407928
 1588.000000 1.406189
 1589.000000 1.402464
 1590.000000 1.396842
 1591.000000 1.389905
 1592.000000 1.382709
 1593.000000 1.376464
 1594.000000 1.372267
 1595.000000 1.370911
 1596.000000 1.372743
 1597.000000 1.377526
 1598.000000 1.384477
 1599.000000 1.392487
 1600.000000 1.400253
 1601.000000 1.406577
 1602.000000 1.410505
 1603.000000 1.411638
 1604.000000 1.410138
 1605.000000 1.406735
 1606.000000 1.402413
 1607.000000 1.398246
 1608.000000 1.395113
 1609.000000 1.393545
 1610.000000 1.393769
 1611.000000 1.395764
 1612.000000 1.399227
 1613.000000 1.403635
 1614.000000 1.408338
 1615.000000 1.412562
 1616.000000 1.415730
 1617.000000 1.417432
 1618.000000 1.417516
 1619.000000 1.416095
 1620.000000 1.413396
 1621.000000 1.409726
 1622.000000 1.405392
 1623.000000 1.400743
 1624.000000 1.396056
 1625.000000 1.391715
 1626.000000 1.387975
 1627.000000 1.385061
 1628.000000 1.383094
 1629.000000 1.382191
 1630.000000 1.382455
 1631.000000 1.383987
 1632.000000 1.386815
 1633.000000 1.390846
 1634.000000 1.395853
 1635.000000 1.401478
 1636.000000 1.407305
 1637.000000 1.412889
 1638.000000 1.417755
 1639.000000 1.421407
 1640.000000 1.423370
 1641.000000 1.423294
 1642.000000 1.421051
 1643.000000 1.416866
 1644.000000 1.411270
 1645.000000 1.405059
 1646.000000 1.399177
 1647.000000 1.394516
 1648.000000 1.391766
 1649.000000 1.391303
 1650.000000 1.393114
 1651.000000 1.396810
 1652.000000 1.401732
 1653.000000 1.406993
 1654.000000 1.411768
 1655.000000 1.415322
 1656.000000 1.417193
 1657.000000 1.417244
 1658.000000 1.415623
 1659.000000 1.412749
 1660.000000 1.409187
 1661.000000 1.405593
 1662.000000 1.402606
 1663.000000 1.400659
 1664.000000 1.399970
 1665.000000 1.400508
 1666.000000 1.402027
 1667.000000 1.404181
 1668.000000 1.406696
 1669.000000 1.409444
 1670.000000 1.412502
 1671.000000 1.415995
 1672.000000 1.419937
 1673.000000 1.424098
 1674.000000 1.428069
 1675.000000 1.431251
 1676.000000 1.433018
 1677.000000 1.432786
 1678.000000 1.430115
 1679.000000 1.424815
 1680.000000 1.417075
 1681.000000 1.407553
 1682.000000 1.397316
 1683.000000 1.387900
 1684.000000 1.380776
 1685.000000 1.377153
 1686.000000 1.377834
 1687.000000 1.382839
 1688.000000 1.391371
 1689.000000 1.402069
 1690.000000 1.412983
 1691.000000 1.422308
 1692.000000 1.428399
 1693.000000 1.430194
 1694.000000 1.427410
 1695.000000 1.420413
 1696.000000 1.410366
 1697.000000 1.398815
 1698.000000 1.387336
 1699.000000 1.377419
 1700.000000 1.370234
 1701.000000 1.366672
 1702.000000 1.367086
 1703.000000 1.371195
 1704.000000 1.378130
 1705.000000 1.386739
 1706.000000 1.395650
 1707.000000 1.403563
 1708.000000 1.409502
 1709.000000 1.412849
 1710.000000 1.413291
 1711.000000 1.410781
 1712.000000 1.405473
 1713.000000 1.397842
 1714.000000 1.388602
 1715.000000 1.378782
 1716.000000 1.369716
 1717.000000 1.362613
 1718.000000 1.358457
 1719.000000 1.357927
 1720.000000 1.361248
 1721.000000 1.368236
 1722.000000 1.378292
 1723.000000 1.390456
 1724.000000 1.403491
 1725.000000 1.415861
 1726.000000 1.426039
 1727.000000 1.432646
 1728.000000 1.434862
 1729.000000 1.432374
 1730.000000 1.425327
 1731.000000 1.414518
 1732.000000 1.401005
 1733.000000 1.386263
 1734.000000 1.371910
 1735.000000 1.359587
 1736.000000 1.350934
 1737.000000 1.347416
 1738.000000 1.349809
 1739.000000 1.358086
 1740.000000 1.371219
 1741.000000 1.387387
 1742.000000 1.404577
 1743.000000 1.420262
 1744.000000 1.432438
 1745.000000 1.439650
 1746.000000 1.441109
 1747.000000 1.436980
 1748.000000 1.428109
 1749.000000 1.415984
 1750.000000 1.402515
 1751.000000 1.389421
 1752.000000 1.378947
 1753.000000 1.372373
 1754.000000 1.370205
 1755.000000 1.372241
 1756.000000 1.377439
 1757.000000 1.384324
 1758.000000 1.391172
 1759.000000 1.396568
 1760.000000 1.399675
 1761.000000 1.400203
 1762.000000 1.398368
 1763.000000 1.394713
 1764.000000 1.389837
 1765.000000 1.384371
 1766.000000 1.378735
 1767.000000 1.373235
 1768.000000 1.368112
 1769.000000 1.363882
 1770.000000 1.360998
 1771.000000 1.359825
 1772.000000 1.360669
 1773.000000 1.363708
 1774.000000 1.368962
 1775.000000 1.376272
 1776.000000 1.385194
 1777.000000 1.394862
 1778.000000 1.404347
 1779.000000 1.412732
 1780.000000 1.419002
 1781.000000 1.422319
 1782.000000 1.422141
 1783.000000 1.418342
 1784.000000 1.411205
 1785.000000 1.401505
 1786.000000 1.390456
 1787.000000 1.379613
 1788.000000 1.370574
 1789.000000 1.364822
 1790.000000 1.363314
 1791.000000 1.366370
 1792.000000 1.373544
 1793.000000 1.383718
 1794.000000 1.395549
 1795.000000 1.407348
 1796.000000 1.417231
 1797.000000 1.423577
 1798.000000 1.425338
 1799.000000 1.421990
 1800.000000 1.413728
 1801.000000 1.401602
 1802.000000 1.387340
 1803.000000 1.373293
 1804.000000 1.361722
 1805.000000 1.354789
 1806.000000 1.353711
 1807.000000 1.358706
 1808.000000 1.368914
 1809.000000 1.382706
 1810.000000 1.397886
 1811.000000 1.412430
 1812.000000 1.424494
 1813.000000 1.432808
 1814.000000 1.436755
 1815.000000 1.436205
 1816.000000 1.431504
 1817.000000 1.423419
 1818.000000 1.412888
 1819.000000 1.401139
 1820.000000 1.389460
 1821.000000 1.378864
 1822.000000 1.370065
 1823.000000 1.363615
 1824.000000 1.359841
 1825.000000 1.359043
 1826.000000 1.361359
 1827.000000 1.366621
 1828.000000 1.374361
 1829.000000 1.383864
 1830.000000 1.394087
 1831.000000 1.403897
 1832.000000 1.412482
 1833.000000 1.419219
 1834.000000 1.423619
 1835.000000 1.425412
 1836.000000 1.424558
 1837.000000 1.421279
 1838.000000 1.416036
 1839.000000 1.409632
 1840.000000 1.402917
 1841.000000 1.396834
 1842.000000 1.392197
 1843.000000 1.389558
 1844.000000 1.389003
 1845.000000 1.390280
 1846.000000 1.392751
 1847.000000 1.395509
 1848.000000 1.397625
 1849.000000 1.398284
 1850.000000 1.397075
 1851.000000 1.394104
 1852.000000 1.389914
 1853.000000 1.385314
 1854.000000 1.381187
 1855.000000 1.378275
 1856.000000 1.377102
 1857.000000 1.377892
 1858.000000 1.380606
 1859.000000 1.384933
 1860.000000 1.390384
 1861.000000 1.396285
 1862.000000 1.401790
 1863.000000 1.406149
 1864.000000 1.408821
 1865.000000 1.409567
 1866.000000 1.408457
 1867.000000 1.405776
 1868.000000 1.401922
 1869.000000 1.397475
 1870.000000 1.393032
 1871.000000 1.389162
 1872.000000 1.386302
 1873.000000 1.384699
 1874.000000 1.384454
 1875.000000 1.385500
 1876.000000 1.387729
 1877.000000 1.391101
 1878.000000 1.395560
 1879.000000 1.400917
 1880.000000 1.406865
 1881.000000 1.412833
 1882.000000 1.418055
 1883.000000 1.421738
 1884.000000 1.423061
 1885.000000 1.421398
 1886.000000 1.416382
 1887.000000 1.408027
 1888.000000 1.396762
 1889.000000 1.383389
 1890.000000 1.369667
 1891.000000 1.357589
 1892.000000 1.349055
 1893.000000 1.345560
 1894.000000 1.347981
 1895.000000 1.356179
 1896.000000 1.369160
 1897.000000 1.385335
 1898.000000 1.402372
 1899.000000 1.417820
 1900.000000 1.429743
 1901.000000 1.436729
 1902.000000 1.437985
 1903.000000 1.433498
 1904.000000 1.424002
 1905.000000 1.411003
 1906.000000 1.396228
 1907.000000 1.381847
 1908.000000 1.369967
 1909.000000 1.362351
 1910.000000 1.360017
 1911.000000 1.363059
 1912.000000 1.370587
 1913.000000 1.380912
 1914.000000 1.392409
 1915.000000 1.403382
 1916.000000 1.412444
 1917.000000 1.418663
 1918.000000 1.421771
 1919.000000 1.421889
 1920.000000 1.419372
 1921.000000 1.414778
 1922.000000 1.408736
 1923.000000 1.401937
 1924.000000 1.394954
 1925.000000 1.388390
 1926.000000 1.382670
 1927.000000 1.378229
 1928.000000 1.375474
 1929.000000 1.374710
 1930.000000 1.376063
 1931.000000 1.379357
 1932.000000 1.384059
 1933.000000 1.389462
 1934.000000 1.394640
 1935.000000 1.398740
 1936.000000 1.401081
 1937.000000 1.401268
 1938.000000 1.399232
 1939.000000 1.395230
 1940.000000 1.389831
 1941.000000 1.383860
 1942.000000 1.378469
 1943.000000 1.374905
 1944.000000 1.374202
 1945.000000 1.376893
 1946.000000 1.382958
 1947.000000 1.391813
 1948.000000 1.402398
 1949.000000 1.413173
 1950.000000 1.422585
 1951.000000 1.429343
 1952.000000 1.432363
 1953.000000 1.430900
 1954.000000 1.424873
 1955.000000 1.414782
 1956.000000 1.401831
 1957.000000 1.387617
 1958.000000 1.374053
 1959.000000 1.362978
 1960.000000 1.355882
 1961.000000 1.353582
 1962.000000 1.356255
 1963.000000 1.363286
 1964.000000 1.373458
 1965.000000 1.384996
 1966.000000 1.396263
 1967.000000 1.405862
 1968.000000 1.412819
 1969.000000 1.416459
 1970.000000 1.416464
 1971.000000 1.412910
 1972.000000 1.406262
 1973.000000 1.397240
 1974.000000 1.387064
 1975.000000 1.377158
 1976.000000 1.368809
 1977.000000 1.363151
 1978.000000 1.360896
 1979.000000 1.362228
 1980.000000 1.366853
 1981.000000 1.374158
 1982.000000 1.383292
 1983.000000 1.393364
 1984.000000 1.403227
 1985.000000 1.411853
 1986.000000 1.418219
 1987.000000 1.421532
 1988.000000 1.421309
 1989.000000 1.417412
 1990.000000 1.410101
 1991.000000 1.399914
 1992.000000 1.388049
 1993.000000 1.375566
 1994.000000 1.363989
 1995.000000 1.354787
 1996.000000 1.349072
 1997.000000 1.347498
 1998.000000 1.350228
 1999.000000 1.356817
 2000.000000 1.366356
 2001.000000 1.377664
 2002.000000 1.389469
 2003.000000 1.400426
 2004.000000 1.409274
 2005.000000 1.415164
 2006.000000 1.417781
 2007.000000 1.417251
 2008.000000 1.414100
 2009.000000 1.409136
 2010.000000 1.403277
 2011.000000 1.397353
 2012.000000 1.392282
 2013.000000 1.388703
 2014.000000 1.387049
 2015.000000 1.387395
 2016.000000 1.389501
 2017.000000 1.392869
 2018.000000 1.396838
 2019.000000 1.400790
 2020.000000 1.404097
 2021.000000 1.406377
 2022.000000 1.407406
 2023.000000 1.407103
 2024.000000 1.405507
 2025.000000 1.402818
 2026.000000 1.399398
 2027.000000 1.395845
 2028.000000 1.392760
 2029.000000 1.390764
 2030.000000 1.390356
 2031.000000 1.391779
 2032.000000 1.395085
 2033.000000 1.400126
 2034.000000 1.406500
 2035.000000 1.413677
 2036.000000 1.421009
 2037.000000 1.427675
 2038.000000 1.432810
 2039.000000 1.435744
 2040.000000 1.435992
 2041.000000 1.433327
 2042.000000 1.427800
 2043.000000 1.419838
 2044.000000 1.409989
 2045.000000 1.399118
 2046.000000 1.388263
 2047.000000 1.378521
 2048.000000 1.371151
 2049.000000 1.367026
 2050.000000 1.366663
 2051.000000 1.370133
 2052.000000 1.377025
 2053.000000 1.386304
 2054.000000 1.396908
 2055.000000 1.407465
 2056.000000 1.416723
 2057.000000 1.423606
 2058.000000 1.427310
 2059.000000 1.427469
 2060.000000 1.424162
 2061.000000 1.417945
 2062.000000 1.409745
 2063.000000 1.400743
 2064.000000 1.392158
 2065.000000 1.385293
 2066.000000 1.380948
 2067.000000 1.379436
 2068.000000 1.380695
 2069.000000 1.384242
 2070.000000 1.389344
 2071.000000 1.395195
 2072.000000 1.400868
 2073.000000 1.405689
 2074.000000 1.409177
 2075.000000 1.411073
 2076.000000 1.411222
 2077.000000 1.409610
 2078.000000 1.406359
 2079.000000 1.401808
 2080.000000 1.396462
 2081.000000 1.391052
 2082.000000 1.386470
 2083.000000 1.383577
 2084.000000 1.383043
 2085.000000 1.385208
 2086.000000 1.390056
 2087.000000 1.397163
 2088.000000 1.405706
 2089.000000 1.414574
 2090.000000 1.422658
 2091.000000 1.429084
 2092.000000 1.432906
 2093.000000 1.433518
 2094.000000 1.430695
 2095.000000 1.424613
 2096.000000 1.415847
 2097.000000 1.405449
 2098.000000 1.394477
 2099.000000 1.384073
 2100.000000 1.375368
 2101.000000 1.369132
 2102.000000 1.365800
 2103.000000 1.365543
 2104.000000 1.368183
 2105.000000 1.373243
 2106.000000 1.380013
 2107.000000 1.387840
 2108.000000 1.395917
 2109.000000 1.403515
 2110.000000 1.409957
 2111.000000 1.414839
 2112.000000 1.417960
 2113.000000 1.419311
 2114.000000 1.419106
 2115.000000 1.417728
 2116.000000 1.415579
 2117.000000 1.413069
 2118.000000 1.410515
 2119.000000 1.408125
 2120.000000 1.406045
 2121.000000 1.404299
 2122.000000 1.402822
 2123.000000 1.401527
 2124.000000 1.400270
 2125.000000 1.398909
 2126.000000 1.397386
 2127.000000 1.395708
 2128.000000 1.393966
 2129.000000 1.392294
 2130.000000 1.390765
 2131.000000 1.389372
 2132.000000 1.387953
 2133.000000 1.386230
 2134.000000 1.384021
 2135.000000 1.381486
 2136.000000 1.379150
 2137.000000 1.377805
 2138.000000 1.378253
 2139.000000 1.380980
 2140.000000 1.386034
 2141.000000 1.393043
 2142.000000 1.401319
 2143.000000 1.409896
 2144.000000 1.417872
 2145.000000 1.424392
 2146.000000 1.428789
 2147.000000 1.430768
 2148.000000 1.430326
 2149.000000 1.427762
 2150.000000 1.423584
 2151.000000 1.418437
 2152.000000 1.412951
 2153.000000 1.407710
 2154.000000 1.403009
 2155.000000 1.399029
 2156.000000 1.395817
 2157.000000 1.393249
 2158.000000 1.391302
 2159.000000 1.390019
 2160.000000 1.389533
 2161.000000 1.390029
 2162.000000 1.391626
 2163.000000 1.394265
 2164.000000 1.397616
 2165.000000 1.401187
 2166.000000 1.404413
 2167.000000 1.406850
 2168.000000 1.408228
 2169.000000 1.408550
 2170.000000 1.408030
 2171.000000 1.407022
 2172.000000 1.405941
 2173.000000 1.405146
 2174.000000 1.404912
 2175.000000 1.405364
 2176.000000 1.406470
 2177.000000 1.408054
 2178.000000 1.409831
 2179.000000 1.411481
 2180.000000 1.412651
 2181.000000 1.413053
 2182.000000 1.412494
 2183.000000 1.410891
 2184.000000 1.408260
 2185.000000 1.404721
 2186.000000 1.400603
 2187.000000 1.396254
 2188.000000 1.392164
 2189.000000 1.388784
 2190.000000 1.386508
 2191.000000 1.385592
 2192.000000 1.386239
 2193.000000 1.388434
 2194.000000 1.391906
 2195.000000 1.396155
 2196.000000 1.400471
 2197.000000 1.404156
 2198.000000 1.406580
 2199.000000 1.407441
 2200.000000 1.406748
 2201.000000 1.404778
 2202.000000 1.401990
 2203.000000 1.398930
 2204.000000 1.396047
 2205.000000 1.393698
 2206.000000 1.392078
 2207.000000 1.391279
 2208.000000 1.391245
 2209.000000 1.391879
 2210.000000 1.393087
 2211.000000 1.394801
 2212.000000 1.397017
 2213.000000 1.399734
 2214.000000 1.402828
 2215.000000 1.406051
 2216.000000 1.409059
 2217.000000 1.411440
 2218.000000 1.412864
 2219.000000 1.413063
 2220.000000 1.411858
 2221.000000 1.409258
 2222.000000 1.405493
 2223.000000 1.401050
 2224.000000 1.396553
 2225.000000 1.392800
 2226.000000 1.390581
 2227.000000 1.390446
 2228.000000 1.392607
 2229.000000 1.396934
 2230.000000 1.402958
 2231.000000 1.410006
 2232.000000 1.417091
 2233.000000 1.423325
 2234.000000 1.427785
 2235.000000 1.429720
 2236.000000 1.428619
 2237.000000 1.424379
 2238.000000 1.417298
 2239.000000 1.408053
 2240.000000 1.397581
 2241.000000 1.387298
 2242.000000 1.378419
 2243.000000 1.372078
 2244.000000 1.369165
 2245.000000 1.369984
 2246.000000 1.374237
 2247.000000 1.381023
 2248.000000 1.389129
 2249.000000 1.397399
 2250.000000 1.404710
 2251.000000 1.410351
 2252.000000 1.414030
 2253.000000 1.415691
 2254.000000 1.415542
 2255.000000 1.413920
 2256.000000 1.411254
 2257.000000 1.408008
 2258.000000 1.404612
 2259.000000 1.401398
 2260.000000 1.398640
 2261.000000 1.396505
 2262.000000 1.395181
 2263.000000 1.394881
 2264.000000 1.395766
 2265.000000 1.397787
 2266.000000 1.400658
 2267.000000 1.403823
 2268.000000 1.406628
 2269.000000 1.408532
 2270.000000 1.409222
 2271.000000 1.408605
 2272.000000 1.406817
 2273.000000 1.404148
 2274.000000 1.400978
 2275.000000 1.397765
 2276.000000 1.395071
 2277.000000 1.393435
 2278.000000 1.393369
 2279.000000 1.395207
 2280.000000 1.399013
 2281.000000 1.404472
 2282.000000 1.410952
 2283.000000 1.417762
 2284.000000 1.424023
 2285.000000 1.428806
 2286.000000 1.431324
 2287.000000 1.431049
 2288.000000 1.427890
 2289.000000 1.422267
 2290.000000 1.414924
 2291.000000 1.407029
 2292.000000 1.399726
 2293.000000 1.393898
 2294.000000 1.390213
 2295.000000 1.388978
 2296.000000 1.390096
 2297.000000 1.393112
 2298.000000 1.397274
 2299.000000 1.401617
 2300.000000 1.405260
 2301.000000 1.407534
 2302.000000 1.408177
 2303.000000 1.407251
 2304.000000 1.405116
 2305.000000 1.402331
 2306.000000 1.399490
 2307.000000 1.397126
 2308.000000 1.395756
 2309.000000 1.395701
 2310.000000 1.397008
 2311.000000 1.399448
 2312.000000 1.402566
 2313.000000 1.405767
 2314.000000 1.408600
 2315.000000 1.410825
 2316.000000 1.412411
 2317.000000 1.413498
 2318.000000 1.414223
 2319.000000 1.414671
 2320.000000 1.414810
 2321.000000 1.414497
 2322.000000 1.413516
 2323.000000 1.411609
 2324.000000 1.408559
 2325.000000 1.404182
 2326.000000 1.398455
 2327.000000 1.391708
 2328.000000 1.384594
 2329.000000 1.377981
 2330.000000 1.372825
 2331.000000 1.369877
 2332.000000 1.369640
 2333.000000 1.372222
 2334.000000 1.377381
 2335.000000 1.384567
 2336.000000 1.392923
 2337.000000 1.401507
 2338.000000 1.409221
 2339.000000 1.415056
 2340.000000 1.418404
 2341.000000 1.419002
 2342.000000 1.417052
 2343.000000 1.413073
 2344.000000 1.407740
 2345.000000 1.401898
 2346.000000 1.396391
 2347.000000 1.391963
 2348.000000 1.389079
 2349.000000 1.387942
 2350.000000 1.388401
 2351.000000 1.390000
 2352.000000 1.392104
 2353.000000 1.394068
 2354.000000 1.395434
 2355.000000 1.395942
 2356.000000 1.395535
 2357.000000 1.394324
 2358.000000 1.392538
 2359.000000 1.390522
 2360.000000 1.388709
 2361.000000 1.387487
 2362.000000 1.387121
 2363.000000 1.387665
 2364.000000 1.388960
 2365.000000 1.390748
 2366.000000 1.392784
 2367.000000 1.394966
 2368.000000 1.397259
 2369.000000 1.399627
 2370.000000 1.401948
 2371.000000 1.404003
 2372.000000 1.405476
 2373.000000 1.406025
 2374.000000 1.405327
 2375.000000 1.403122
 2376.000000 1.399258
 2377.000000 1.393761
 2378.000000 1.386971
 2379.000000 1.379600
 2380.000000 1.372648
 2381.000000 1.367286
 2382.000000 1.364677
 2383.000000 1.365576
 2384.000000 1.370179
 2385.000000 1.378050
 2386.000000 1.388328
 2387.000000 1.399601
 2388.000000 1.410485
 2389.000000 1.419624
 2390.000000 1.425659
 2391.000000 1.427745
 2392.000000 1.425671
 2393.000000 1.419825
 2394.000000 1.411186
 2395.000000 1.401113
 2396.000000 1.391078
 2397.000000 1.382577
 2398.000000 1.376664
 2399.000000 1.374115
 2400.000000 1.375130
 2401.000000 1.379245
 2402.000000 1.385460
 2403.000000 1.392509
 2404.000000 1.399085
 2405.000000 1.404149
 2406.000000 1.407005
 2407.000000 1.407507
 2408.000000 1.405802
 2409.000000 1.402215
 2410.000000 1.397216
 2411.000000 1.391402
 2412.000000 1.385546
 2413.000000 1.380414
 2414.000000 1.376803
 2415.000000 1.375304
 2416.000000 1.376318
 2417.000000 1.379984
 2418.000000 1.386209
 2419.000000 1.394678
 2420.000000 1.404761
 2421.000000 1.415784
 2422.000000 1.426811
 2423.000000 1.436688
 2424.000000 1.444376
 2425.000000 1.448962
 2426.000000 1.449795
 2427.000000 1.446621
 2428.000000 1.439598
 2429.000000 1.429438
 2430.000000 1.417225
 2431.000000 1.404632
 2432.000000 1.393182
 2433.000000 1.384582
 2434.000000 1.380013
 2435.000000 1.380048
 2436.000000 1.384415
 2437.000000 1.392169
 2438.000000 1.401892
 2439.000000 1.411886
 2440.000000 1.420536
 2441.000000 1.426602
 2442.000000 1.429264
 2443.000000 1.428318
 2444.000000 1.424133
 2445.000000 1.417742
 2446.000000 1.410591
 2447.000000 1.404395
 2448.000000 1.400600
 2449.000000 1.400148
 2450.000000 1.403339
 2451.000000 1.409763
 2452.000000 1.418314
 2453.000000 1.427619
 2454.000000 1.436073
 2455.000000 1.442304
 2456.000000 1.445340
 2457.000000 1.444652
 2458.000000 1.440309
 2459.000000 1.432786
 2460.000000 1.422890
 2461.000000 1.411765
 2462.000000 1.400680
 2463.000000 1.390801
 2464.000000 1.382990
 2465.000000 1.377835
 2466.000000 1.375397
 2467.000000 1.375359
 2468.000000 1.377330
 2469.000000 1.381167
 2470.000000 1.386898
 2471.000000 1.394497
 2472.000000 1.403728
 2473.000000 1.413983
 2474.000000 1.424173
 2475.000000 1.433188
 2476.000000 1.439842
 2477.000000 1.443169
 2478.000000 1.442548
 2479.000000 1.437840
 2480.000000 1.429438
 2481.000000 1.418102
 2482.000000 1.405303
 2483.000000 1.392852
 2484.000000 1.382532
 2485.000000 1.376130
 2486.000000 1.374922
 2487.000000 1.379251
 2488.000000 1.388511
 2489.000000 1.401192
 2490.000000 1.415090
 2491.000000 1.427874
 2492.000000 1.437115
 2493.000000 1.441161
 2494.000000 1.439290
 2495.000000 1.431805
 2496.000000 1.419931
 2497.000000 1.405322
 2498.000000 1.390040
 2499.000000 1.376204
 2500.000000 1.365762
 2501.000000 1.360290
 2502.000000 1.360568
 2503.000000 1.366515
 2504.000000 1.377233
 2505.000000 1.391275
 2506.000000 1.406634
 2507.000000 1.421328
 2508.000000 1.433850
 2509.000000 1.442921
 2510.000000 1.447831
 2511.000000 1.448201
 2512.000000 1.444117
 2513.000000 1.436041
 2514.000000 1.424972
 2515.000000 1.412193
 2516.000000 1.399126
 2517.000000 1.387202
 2518.000000 1.377916
 2519.000000 1.372045
 2520.000000 1.370193
 2521.000000 1.372531
 2522.000000 1.378803
 2523.000000 1.388235
 2524.000000 1.399665
 2525.000000 1.411654
 2526.000000 1.422822
 2527.000000 1.431967
 2528.000000 1.438295
 2529.000000 1.441494
 2530.000000 1.441409
 2531.000000 1.438011
 2532.000000 1.431427
 2533.000000 1.422170
 2534.000000 1.411350
 2535.000000 1.400363
 2536.000000 1.390905
 2537.000000 1.384522
 2538.000000 1.382323
 2539.000000 1.384780
 2540.000000 1.391593
 2541.000000 1.401720
 2542.000000 1.413698
 2543.000000 1.425469
 2544.000000 1.435342
 2545.000000 1.441797
 2546.000000 1.443854
 2547.000000 1.441280
 2548.000000 1.434606
 2549.000000 1.424881
 2550.000000 1.413677
 2551.000000 1.403073
 2552.000000 1.394715
 2553.000000 1.389889
 2554.000000 1.389207
 2555.000000 1.392657
 2556.000000 1.399560
 2557.000000 1.408603
 2558.000000 1.418375
 2559.000000 1.427337
 2560.000000 1.434462
 2561.000000 1.439349
 2562.000000 1.442041
 2563.000000 1.442769
 2564.000000 1.441693
 2565.000000 1.438966
 2566.000000 1.434737
 2567.000000 1.429339
 2568.000000 1.423164
 2569.000000 1.416881
 2570.000000 1.411225
 2571.000000 1.406792
 2572.000000 1.404079
 2573.000000 1.403518
 2574.000000 1.405456
 2575.000000 1.410052
 2576.000000 1.417224
 2577.000000 1.426403
 2578.000000 1.436696
 2579.000000 1.447061
 2580.000000 1.456391
 2581.000000 1.463605
 2582.000000 1.467710
 2583.000000 1.468065
 2584.000000 1.464400
 2585.000000 1.456844
 2586.000000 1.446131
 2587.000000 1.433642
 2588.000000 1.421051
 2589.000000 1.410050
 2590.000000 1.402356
 2591.000000 1.399075
 2592.000000 1.400568
 2593.000000 1.406466
 2594.000000 1.415679
 2595.000000 1.426727
 2596.000000 1.437812
 2597.000000 1.447316
 2598.000000 1.453934
 2599.000000 1.456770
 2600.000000 1.455547
 2601.000000 1.450566
 2602.000000 1.442538
 2603.000000 1.432379
 2604.000000 1.421287
 2605.000000 1.410443
 2606.000000 1.400828
 2607.000000 1.393502
 2608.000000 1.389069
 2609.000000 1.387815
 2610.000000 1.389503
 2611.000000 1.393591
 2612.000000 1.399539
 2613.000000 1.406672
 2614.000000 1.414533
 2615.000000 1.422542
 2616.000000 1.430098
 2617.000000 1.436590
 2618.000000 1.441562
 2619.000000 1.444547
 2620.000000 1.445249
 2621.000000 1.443576
 2622.000000 1.439611
 2623.000000 1.433654
 2624.000000 1.426225
 2625.000000 1.418017
 2626.000000 1.410071
 2627.000000 1.403530
 2628.000000 1.399390
 2629.000000 1.398350
 2630.000000 1.400554
 2631.000000 1.405658
 2632.000000 1.412863
 2633.000000 1.420883
 2634.000000 1.428346
 2635.000000 1.433861
 2636.000000 1.436141
 2637.000000 1.434344
 2638.000000 1.428376
 2639.000000 1.418911
 2640.000000 1.407433
 2641.000000 1.396069
 2642.000000 1.386409
 2643.000000 1.380044
 2644.000000 1.378010
 2645.000000 1.380579
 2646.000000 1.387261
 2647.000000 1.397055
 2648.000000 1.408436
 2649.000000 1.419661
 2650.000000 1.429303
 2651.000000 1.436250
 2652.000000 1.439992
 2653.000000 1.440558
 2654.000000 1.438403
 2655.000000 1.434204
 2656.000000 1.428763
 2657.000000 1.422841
 2658.000000 1.417194
 2659.000000 1.412377
 2660.000000 1.408830
 2661.000000 1.406774
 2662.000000 1.406148
 2663.000000 1.406721
 2664.000000 1.408256
 2665.000000 1.410669
 2666.000000 1.413971
 2667.000000 1.418147
 2668.000000 1.423044
 2669.000000 1.428272
 2670.000000 1.433355
 2671.000000 1.437700
 2672.000000 1.440785
 2673.000000 1.442177
 2674.000000 1.441620
 2675.000000 1.439020
 2676.000000 1.434556
 2677.000000 1.428688
 2678.000000 1.422079
 2679.000000 1.415808
 2680.000000 1.411018
 2681.000000 1.408575
 2682.000000 1.408949
 2683.000000 1.412072
 2684.000000 1.417433
 2685.000000 1.424155
 2686.000000 1.430973
 2687.000000 1.436551
 2688.000000 1.439774
 2689.000000 1.439930
 2690.000000 1.436737
 2691.000000 1.430604
 2692.000000 1.422529
 2693.000000 1.413886
 2694.000000 1.406210
 2695.000000 1.401111
 2696.000000 1.399725
 2697.000000 1.402627
 2698.000000 1.409659
 2699.000000 1.420155
 2700.000000 1.432773
 2701.000000 1.445836
 2702.000000 1.457599
 2703.000000 1.466590
 2704.000000 1.471732
 2705.000000 1.472658
 2706.000000 1.469429
 2707.000000 1.462559
 2708.000000 1.453006
 2709.000000 1.441798
 2710.000000 1.429927
 2711.000000 1.418357
 2712.000000 1.407874
 2713.000000 1.399314
 2714.000000 1.393027
 2715.000000 1.389213
 2716.000000 1.387866
 2717.000000 1.388958
 2718.000000 1.392435
 2719.000000 1.398156
 2720.000000 1.405763
 2721.000000 1.414753
 2722.000000 1.424622
 2723.000000 1.434363
 2724.000000 1.443100
 2725.000000 1.450094
 2726.000000 1.454532
 2727.000000 1.455773
 2728.000000 1.453373
 2729.000000 1.447281
 2730.000000 1.438031
 2731.000000 1.426698
 2732.000000 1.414797
 2733.000000 1.404062
 2734.000000 1.395908
 2735.000000 1.391336
 2736.000000 1.390839
 2737.000000 1.394331
 2738.000000 1.401146
 2739.000000 1.410117
 2740.000000 1.419950
 2741.000000 1.429106
 2742.000000 1.436311
 2743.000000 1.440806
 2744.000000 1.442227
 2745.000000 1.440749
 2746.000000 1.436907
 2747.000000 1.431458
 2748.000000 1.425198
 2749.000000 1.418913
 2750.000000 1.413233
 2751.000000 1.408584
 2752.000000 1.405130
 2753.000000 1.402964
 2754.000000 1.402025
 2755.000000 1.402264
 2756.000000 1.403723
 2757.000000 1.406518
 2758.000000 1.410676
 2759.000000 1.415981
 2760.000000 1.422001
 2761.000000 1.428073
 2762.000000 1.433392
 2763.000000 1.437223
 2764.000000 1.439096
 2765.000000 1.438679
 2766.000000 1.435861
 2767.000000 1.430783
 2768.000000 1.423973
 2769.000000 1.416314
 2770.000000 1.408982
 2771.000000 1.403298
 2772.000000 1.400296
 2773.000000 1.400722
 2774.000000 1.404693
 2775.000000 1.411698
 2776.000000 1.420815
 2777.000000 1.430595
 2778.000000 1.439381
 2779.000000 1.445948
 2780.000000 1.449286
 2781.000000 1.449009
 2782.000000 1.445411
 2783.000000 1.439332
 2784.000000 1.431850
 2785.000000 1.424224
 2786.000000 1.417554
 2787.000000 1.412707
 2788.000000 1.410143
 2789.000000 1.409990
 2790.000000 1.412023
 2791.000000 1.415718
 2792.000000 1.420325
 2793.000000 1.425075
 2794.000000 1.429277
 2795.000000 1.432454
 2796.000000 1.434547
 2797.000000 1.435784
 2798.000000 1.436545
 2799.000000 1.437182
 2800.000000 1.437912
 2801.000000 1.438722
 2802.000000 1.439393
 2803.000000 1.439548
 2804.000000 1.438780
 2805.000000 1.436825
 2806.000000 1.433682
 2807.000000 1.429695
 2808.000000 1.425551
 2809.000000 1.422017
 2810.000000 1.419805
 2811.000000 1.419320
 2812.000000 1.420557
 2813.000000 1.423158
 2814.000000 1.426616
 2815.000000 1.430363
 2816.000000 1.433831
 2817.000000 1.436620
 2818.000000 1.438433
 2819.000000 1.439063
 2820.000000 1.438500
 2821.000000 1.437001
 2822.000000 1.435100
 2823.000000 1.433478
 2824.000000 1.432771
 2825.000000 1.433426
 2826.000000 1.435622
 2827.000000 1.439204
 2828.000000 1.443755
 2829.000000 1.448425
 2830.000000 1.452311
 2831.000000 1.454339
 2832.000000 1.453556
 2833.000000 1.449468
 2834.000000 1.442276
 2835.000000 1.432926
 2836.000000 1.422847
 2837.000000 1.413568
 2838.000000 1.406493
 2839.000000 1.402748
 2840.000000 1.403052
 2841.000000 1.407475
 2842.000000 1.415312
 2843.000000 1.425543
 2844.000000 1.436649
 2845.000000 1.447044
 2846.000000 1.455460
 2847.000000 1.461001
 2848.000000 1.463270
 2849.000000 1.462196
 2850.000000 1.458011
 2851.000000 1.451204
 2852.000000 1.442426
 2853.000000 1.432624
 2854.000000 1.422759
 2855.000000 1.413835
 2856.000000 1.406735
 2857.000000 1.402155
 2858.000000 1.400417
 2859.000000 1.401503
 2860.000000 1.405175
 2861.000000 1.411077
 2862.000000 1.418748
 2863.000000 1.427707
 2864.000000 1.437021
 2865.000000 1.445814
 2866.000000 1.453231
 2867.000000 1.458767
 2868.000000 1.461880
 2869.000000 1.462135
 2870.000000 1.459250
 2871.000000 1.453254
 2872.000000 1.444355
 2873.000000 1.433322
 2874.000000 1.421286
 2875.000000 1.409801
 2876.000000 1.400317
 2877.000000 1.394061
 2878.000000 1.391708
 2879.000000 1.393440
 2880.000000 1.398851
 2881.000000 1.407113
 2882.000000 1.416867
 2883.000000 1.426610
 2884.000000 1.434795
 2885.000000 1.440099
 2886.000000 1.441589
 2887.000000 1.439078
 2888.000000 1.433047
 2889.000000 1.424508
 2890.000000 1.414916
 2891.000000 1.405828
 2892.000000 1.398823
 2893.000000 1.394924
 2894.000000 1.394770
 2895.000000 1.398337
 2896.000000 1.404897
 2897.000000 1.413112
 2898.000000 1.421577
 2899.000000 1.429016
 2900.000000 1.434507
 2901.000000 1.437676
 2902.000000 1.438486
 2903.000000 1.437074
 2904.000000 1.433674
 2905.000000 1.428595
 2906.000000 1.422218
 2907.000000 1.415034
 2908.000000 1.407555
 2909.000000 1.400286
 2910.000000 1.393658
 2911.000000 1.387921
 2912.000000 1.383217
 2913.000000 1.379790
 2914.000000 1.377982
 2915.000000 1.378285
 2916.000000 1.381070
 2917.000000 1.386398
 2918.000000 1.394007
 2919.000000 1.403266
 2920.000000 1.413203
 2921.000000 1.422833
 2922.000000 1.431043
 2923.000000 1.436537
 2924.000000 1.438257
 2925.000000 1.435614
 2926.000000 1.428701
 2927.000000 1.418158
 2928.000000 1.405688
 2929.000000 1.393357
 2930.000000 1.382957
 2931.000000 1.376368
 2932.000000 1.374749
 2933.000000 1.378363
 2934.000000 1.386506
 2935.000000 1.397575
 2936.000000 1.409190
 2937.000000 1.418928
 2938.000000 1.424974
 2939.000000 1.426531
 2940.000000 1.423921
 2941.000000 1.418240
 2942.000000 1.410922
 2943.000000 1.403108
 2944.000000 1.395784
 2945.000000 1.389797
 2946.000000 1.385561
 2947.000000 1.383215
 2948.000000 1.382768
 2949.000000 1.383974
 2950.000000 1.386440
 2951.000000 1.389675
 2952.000000 1.393356
 2953.000000 1.397262
 2954.000000 1.401303
 2955.000000 1.405219
 2956.000000 1.408679
 2957.000000 1.411191
 2958.000000 1.412236
 2959.000000 1.411396
 2960.000000 1.408471
 2961.000000 1.403520
 2962.000000 1.396856
 2963.000000 1.389076
 2964.000000 1.380882
 2965.000000 1.373513
 2966.000000 1.368231
 2967.000000 1.366247
 2968.000000 1.368289
 2969.000000 1.374230
 2970.000000 1.383187
 2971.000000 1.393792
 2972.000000 1.404555
 2973.000000 1.413926
 2974.000000 1.420772
 2975.000000 1.424137
 2976.000000 1.423258
 2977.000000 1.417750
