#! FIELDS time d
 0.000000 1.449148
 1.000000 1.447665
 2.000000 1.443192
 3.000000 1.435942
 4.000000 1.426705
 5.000000 1.416773
 6.000000 1.407896
 7.000000 1.401626
 8.000000 1.399150
 9.000000 1.401020
 10.000000 1.407124
 11.000000 1.416630
 12.000000 1.428275
 13.000000 1.440255
 14.000000 1.450804
 15.000000 1.458357
 16.000000 1.461916
 17.000000 1.461220
 18.000000 1.456576
 19.000000 1.448683
 20.000000 1.438721
 21.000000 1.427985
 22.000000 1.417607
 23.000000 1.408967
 24.000000 1.403183
 25.000000 1.400908
 26.000000 1.402224
 27.000000 1.406591
 28.000000 1.413002
 29.000000 1.420511
 30.000000 1.428313
 31.000000 1.436121
 32.000000 1.443608
 33.000000 1.450355
 34.000000 1.456145
 35.000000 1.460424
 36.000000 1.462711
 37.000000 1.462571
 38.000000 1.459685
 39.000000 1.453877
 40.000000 1.445186
 41.000000 1.433857
 42.000000 1.420909
 43.000000 1.407864
 44.000000 1.396653
 45.000000 1.389085
 46.000000 1.386684
 47.000000 1.390169
 48.000000 1.399306
 49.000000 1.413169
 50.000000 1.430191
 51.000000 1.448440
 52.000000 1.465709
 53.000000 1.479986
 54.000000 1.489802
 55.000000 1.494430
 56.000000 1.493678
 57.000000 1.488004
 58.000000 1.478330
 59.000000 1.465967
 60.000000 1.452139
 61.000000 1.437955
 62.000000 1.424840
 63.000000 1.413964
 64.000000 1.406058
 65.000000 1.401390
 66.000000 1.399868
 67.000000 1.401037
 68.000000 1.404349
 69.000000 1.409329
 70.000000 1.415668
 71.000000 1.423066
 72.000000 1.431087
 73.000000 1.439121
 74.000000 1.446518
 75.000000 1.452613
 76.000000 1.456774
 77.000000 1.458383
 78.000000 1.456896
 79.000000 1.451998
 80.000000 1.443659
 81.000000 1.432549
 82.000000 1.419853
 83.000000 1.407356
 84.000000 1.396937
 85.000000 1.390075
 86.000000 1.387787
 87.000000 1.390206
 88.000000 1.396816
 89.000000 1.406424
 90.000000 1.417300
 91.000000 1.427675
 92.000000 1.436006
 93.000000 1.440850
 94.000000 1.441499
 95.000000 1.437967
 96.000000 1.430913
 97.000000 1.421550
 98.000000 1.411288
 99.000000 1.401777
 100.000000 1.394332
 101.000000 1.389932
 102.000000 1.389082
 103.000000 1.391631
 104.000000 1.396768
 105.000000 1.403159
 106.000000 1.409514
 107.000000 1.414835
 108.000000 1.418601
 109.000000 1.420694
 110.000000 1.421289
 111.000000 1.420681
 112.000000 1.419193
 113.000000 1.417157
 114.000000 1.414932
 115.000000 1.412820
 116.000000 1.410957
 117.000000 1.409256
 118.000000 1.407444
 119.000000 1.405216
 120.000000 1.402460
 121.000000 1.399437
 122.000000 1.396767
 123.000000 1.395086
 124.000000 1.394862
 125.000000 1.396253
 126.000000 1.399071
 127.000000 1.402832
 128.000000 1.406902
 129.000000 1.410476
 130.000000 1.412728
 131.000000 1.413009
 132.000000 1.410903
 133.000000 1.406366
 134.000000 1.399989
 135.000000 1.392864
 136.000000 1.386372
 137.000000 1.381828
 138.000000 1.380237
 139.000000 1.382215
 140.000000 1.387831
 141.000000 1.396470
 142.000000 1.407144
 143.000000 1.418358
 144.000000 1.428534
 145.000000 1.436128
 146.000000 1.439870
 147.000000 1.439262
 148.000000 1.434434
 149.000000 1.426170
 150.000000 1.415505
 151.000000 1.403692
 152.000000 1.392306
 153.000000 1.382848
 154.000000 1.376693
 155.000000 1.374565
 156.000000 1.376462
 157.000000 1.381772
 158.000000 1.389299
 159.000000 1.397502
 160.000000 1.405063
 161.000000 1.411048
 162.000000 1.414807
 163.000000 1.416167
 164.000000 1.415084
 165.000000 1.411797
 166.000000 1.406788
 167.000000 1.400777
 168.000000 1.394495
 169.000000 1.388623
 170.000000 1.383701
 171.000000 1.380036
 172.000000 1.377786
 173.000000 1.377212
 174.000000 1.378656
 175.000000 1.382376
 176.000000 1.388309
 177.000000 1.395975
 178.000000 1.404635
 179.000000 1.413415
 180.000000 1.421224
 181.000000 1.427188
 182.000000 1.430368
 183.000000 1.430024
 184.000000 1.425773
 185.000000 1.417651
 186.000000 1.406291
 187.000000 1.393373
 188.000000 1.380651
 189.000000 1.370067
 190.000000 1.363329
 191.000000 1.361360
 192.000000 1.364395
 193.000000 1.371884
 194.000000 1.382616
 195.000000 1.394807
 196.000000 1.406626
 197.000000 1.416188
 198.000000 1.422198
 199.000000 1.424102
 200.000000 1.422118
 201.000000 1.417016
 202.000000 1.409946
 203.000000 1.402080
 204.000000 1.394743
 205.000000 1.388798
 206.000000 1.385048
 207.000000 1.383845
 208.000000 1.385052
 209.000000 1.388033
 210.000000 1.391830
 211.000000 1.395356
 212.000000 1.397841
 213.000000 1.398934
 214.000000 1.398670
 215.000000 1.397316
 216.000000 1.395215
 217.000000 1.392741
 218.000000 1.390269
 219.000000 1.388170
 220.000000 1.386749
 221.000000 1.386078
 222.000000 1.385992
 223.000000 1.386135
 224.000000 1.386141
 225.000000 1.385876
 226.000000 1.385553
 227.000000 1.385602
 228.000000 1.386438
 229.000000 1.388282
 230.000000 1.391164
 231.000000 1.394864
 232.000000 1.399029
 233.000000 1.403210
 234.000000 1.406907
 235.000000 1.409575
 236.000000 1.410595
 237.000000 1.409554
 238.000000 1.406358
 239.000000 1.401448
 240.000000 1.395739
 241.000000 1.390424
 242.000000 1.386601
 243.000000 1.384996
 244.000000 1.385983
 245.000000 1.389456
 246.000000 1.394867
 247.000000 1.401256
 248.000000 1.407382
 249.000000 1.411949
 250.000000 1.413689
 251.000000 1.411804
 252.000000 1.406248
 253.000000 1.397651
 254.000000 1.387207
 255.000000 1.376451
 256.000000 1.366984
 257.000000 1.360045
 258.000000 1.356438
 259.000000 1.356641
 260.000000 1.360478
 261.000000 1.367089
 262.000000 1.375113
 263.000000 1.383060
 264.000000 1.389649
 265.000000 1.394187
 266.000000 1.396571
 267.000000 1.397157
 268.000000 1.396485
 269.000000 1.395125
 270.000000 1.393607
 271.000000 1.392372
 272.000000 1.391733
 273.000000 1.391823
 274.000000 1.392540
 275.000000 1.393566
 276.000000 1.394447
 277.000000 1.394755
 278.000000 1.394332
 279.000000 1.393390
 280.000000 1.392382
 281.000000 1.391787
 282.000000 1.391901
 283.000000 1.392773
 284.000000 1.394214
 285.000000 1.395821
 286.000000 1.397086
 287.000000 1.397428
 288.000000 1.396285
 289.000000 1.393229
 290.000000 1.388216
 291.000000 1.381692
 292.000000 1.374729
 293.000000 1.368764
 294.000000 1.365150
 295.000000 1.364759
 296.000000 1.367845
 297.000000 1.374029
 298.000000 1.382503
 299.000000 1.391952
 300.000000 1.401088
 301.000000 1.408490
 302.000000 1.412897
 303.000000 1.413452
 304.000000 1.409831
 305.000000 1.402362
 306.000000 1.392098
 307.000000 1.380593
 308.000000 1.369680
 309.000000 1.361101
 310.000000 1.356035
 311.000000 1.355083
 312.000000 1.358244
 313.000000 1.364750
 314.000000 1.373283
 315.000000 1.382183
 316.000000 1.389719
 317.000000 1.394692
 318.000000 1.396480
 319.000000 1.395130
 320.000000 1.391263
 321.000000 1.385878
 322.000000 1.380110
 323.000000 1.375170
 324.000000 1.371898
 325.000000 1.370950
 326.000000 1.372644
 327.000000 1.376767
 328.000000 1.382613
 329.000000 1.389144
 330.000000 1.395249
 331.000000 1.400009
 332.000000 1.402924
 333.000000 1.404026
 334.000000 1.403577
 335.000000 1.401949
 336.000000 1.399530
 337.000000 1.396680
 338.000000 1.393746
 339.000000 1.391082
 340.000000 1.388975
 341.000000 1.387575
 342.000000 1.386889
 343.000000 1.386764
 344.000000 1.386996
 345.000000 1.387489
 346.000000 1.388305
 347.000000 1.389588
 348.000000 1.391476
 349.000000 1.393992
 350.000000 1.396994
 351.000000 1.400273
 352.000000 1.403563
 353.000000 1.406539
 354.000000 1.408828
 355.000000 1.410014
 356.000000 1.409736
 357.000000 1.407742
 358.000000 1.404057
 359.000000 1.399048
 360.000000 1.393377
 361.000000 1.387986
 362.000000 1.383670
 363.000000 1.380991
 364.000000 1.380202
 365.000000 1.381210
 366.000000 1.383651
 367.000000 1.386984
 368.000000 1.390503
 369.000000 1.393431
 370.000000 1.394995
 371.000000 1.394507
 372.000000 1.391618
 373.000000 1.386452
 374.000000 1.379674
 375.000000 1.372491
 376.000000 1.366404
 377.000000 1.362513
 378.000000 1.361545
 379.000000 1.363794
 380.000000 1.369029
 381.000000 1.376333
 382.000000 1.384572
 383.000000 1.392424
 384.000000 1.398580
 385.000000 1.402073
 386.000000 1.402422
 387.000000 1.399821
 388.000000 1.395019
 389.000000 1.389002
 390.000000 1.382913
 391.000000 1.377766
 392.000000 1.374403
 393.000000 1.373345
 394.000000 1.374714
 395.000000 1.378169
 396.000000 1.382960
 397.000000 1.387951
 398.000000 1.392051
 399.000000 1.394403
 400.000000 1.394698
 401.000000 1.393193
 402.000000 1.390591
 403.000000 1.387854
 404.000000 1.385833
 405.000000 1.385167
 406.000000 1.386177
 407.000000 1.388818
 408.000000 1.392706
 409.000000 1.397138
 410.000000 1.401279
 411.000000 1.404210
 412.000000 1.405244
 413.000000 1.404144
 414.000000 1.401214
 415.000000 1.397148
 416.000000 1.392754
 417.000000 1.388908
 418.000000 1.386203
 419.000000 1.385011
 420.000000 1.385277
 421.000000 1.386595
 422.000000 1.388210
 423.000000 1.389250
 424.000000 1.388893
 425.000000 1.386711
 426.000000 1.382894
 427.000000 1.378094
 428.000000 1.373423
 429.000000 1.369937
 430.000000 1.368424
 431.000000 1.369228
 432.000000 1.372276
 433.000000 1.377189
 434.000000 1.383377
 435.000000 1.390017
 436.000000 1.396295
 437.000000 1.401229
 438.000000 1.404018
 439.000000 1.404147
 440.000000 1.401649
 441.000000 1.397019
 442.000000 1.391118
 443.000000 1.384797
 444.000000 1.378849
 445.000000 1.374000
 446.000000 1.370777
 447.000000 1.369518
 448.000000 1.370284
 449.000000 1.372801
 450.000000 1.376495
 451.000000 1.380646
 452.000000 1.384599
 453.000000 1.387908
 454.000000 1.390409
 455.000000 1.392135
 456.000000 1.393239
 457.000000 1.393881
 458.000000 1.394211
 459.000000 1.394376
 460.000000 1.394480
 461.000000 1.394540
 462.000000 1.394453
 463.000000 1.393973
 464.000000 1.392765
 465.000000 1.390552
 466.000000 1.387323
 467.000000 1.383487
 468.000000 1.379841
 469.000000 1.377300
 470.000000 1.376713
 471.000000 1.378569
 472.000000 1.382888
 473.000000 1.389287
 474.000000 1.396993
 475.000000 1.405021
 476.000000 1.412276
 477.000000 1.417598
 478.000000 1.420063
 479.000000 1.419158
 480.000000 1.414854
 481.000000 1.407632
 482.000000 1.398418
 483.000000 1.388459
 484.000000 1.379129
 485.000000 1.371650
 486.000000 1.366916
 487.000000 1.365369
 488.000000 1.366985
 489.000000 1.371205
 490.000000 1.377068
 491.000000 1.383418
 492.000000 1.389168
 493.000000 1.393551
 494.000000 1.396174
 495.000000 1.397136
 496.000000 1.396733
 497.000000 1.395331
 498.000000 1.393277
 499.000000 1.390874
 500.000000 1.388391
 501.000000 1.386051
 502.000000 1.384016
 503.000000 1.382226
 504.000000 1.380506
 505.000000 1.378646
 506.000000 1.376519
 507.000000 1.374260
 508.000000 1.372250
 509.000000 1.371011
 510.000000 1.370988
 511.000000 1.372433
 512.000000 1.375346
 513.000000 1.379507
 514.000000 1.384490
 515.000000 1.389673
 516.000000 1.394412
 517.000000 1.397974
 518.000000 1.399740
 519.000000 1.399463
 520.000000 1.397389
 521.000000 1.394175
 522.000000 1.390730
 523.000000 1.388003
 524.000000 1.386708
 525.000000 1.387284
 526.000000 1.389778
 527.000000 1.393791
 528.000000 1.398516
 529.000000 1.402939
 530.000000 1.406031
 531.000000 1.406752
 532.000000 1.404568
 533.000000 1.399564
 534.000000 1.392622
 535.000000 1.385112
 536.000000 1.378407
 537.000000 1.373743
 538.000000 1.371979
 539.000000 1.373485
 540.000000 1.378164
 541.000000 1.385355
 542.000000 1.394073
 543.000000 1.403144
 544.000000 1.411142
 545.000000 1.417003
 546.000000 1.419934
 547.000000 1.419678
 548.000000 1.416391
 549.000000 1.410565
 550.000000 1.402949
 551.000000 1.394464
 552.000000 1.385978
 553.000000 1.378419
 554.000000 1.372575
 555.000000 1.368816
 556.000000 1.367296
 557.000000 1.367748
 558.000000 1.369682
 559.000000 1.372573
 560.000000 1.376021
 561.000000 1.379775
 562.000000 1.383647
 563.000000 1.387438
 564.000000 1.390816
 565.000000 1.393487
 566.000000 1.395301
 567.000000 1.396178
 568.000000 1.396139
 569.000000 1.395241
 570.000000 1.393556
 571.000000 1.391157
 572.000000 1.388195
 573.000000 1.385037
 574.000000 1.382208
 575.000000 1.380371
 576.000000 1.380052
 577.000000 1.381520
 578.000000 1.384706
 579.000000 1.389266
 580.000000 1.394556
 581.000000 1.399818
 582.000000 1.404237
 583.000000 1.407086
 584.000000 1.407768
 585.000000 1.405895
 586.000000 1.401485
 587.000000 1.394952
 588.000000 1.387262
 589.000000 1.379582
 590.000000 1.373084
 591.000000 1.368900
 592.000000 1.367680
 593.000000 1.369617
 594.000000 1.374405
 595.000000 1.381329
 596.000000 1.389361
 597.000000 1.397269
 598.000000 1.403766
 599.000000 1.407954
 600.000000 1.409325
 601.000000 1.407896
 602.000000 1.404262
 603.000000 1.399315
 604.000000 1.394099
 605.000000 1.389563
 606.000000 1.386398
 607.000000 1.385094
 608.000000 1.385786
 609.000000 1.388227
 610.000000 1.391811
 611.000000 1.395628
 612.000000 1.398691
 613.000000 1.400138
 614.000000 1.399436
 615.000000 1.396487
 616.000000 1.391537
 617.000000 1.385162
 618.000000 1.378131
 619.000000 1.371398
 620.000000 1.365956
 621.000000 1.362727
 622.000000 1.362309
 623.000000 1.364822
 624.000000 1.369871
 625.000000 1.376703
 626.000000 1.384199
 627.000000 1.391342
 628.000000 1.397463
 629.000000 1.402035
 630.000000 1.404869
 631.000000 1.405801
 632.000000 1.404820
 633.000000 1.402036
 634.000000 1.397724
 635.000000 1.392181
 636.000000 1.385863
 637.000000 1.379347
 638.000000 1.373138
 639.000000 1.367777
 640.000000 1.363848
 641.000000 1.362049
 642.000000 1.362933
 643.000000 1.366764
 644.000000 1.373344
 645.000000 1.382129
 646.000000 1.392080
 647.000000 1.401932
 648.000000 1.410392
 649.000000 1.416334
 650.000000 1.418877
 651.000000 1.417362
 652.000000 1.411469
 653.000000 1.401580
 654.000000 1.388829
 655.000000 1.375019
 656.000000 1.362493
 657.000000 1.353630
 658.000000 1.350284
 659.000000 1.353508
 660.000000 1.363088
 661.000000 1.377742
 662.000000 1.395253
 663.000000 1.413275
 664.000000 1.428923
 665.000000 1.440405
 666.000000 1.446261
 667.000000 1.445927
 668.000000 1.439684
 669.000000 1.428594
 670.000000 1.414196
 671.000000 1.398393
 672.000000 1.383093
 673.000000 1.370527
 674.000000 1.362482
 675.000000 1.359864
 676.000000 1.362817
 677.000000 1.370587
 678.000000 1.381675
 679.000000 1.394191
 680.000000 1.406195
 681.000000 1.416045
 682.000000 1.422433
 683.000000 1.424664
 684.000000 1.422490
 685.000000 1.416261
 686.000000 1.406863
 687.000000 1.395408
 688.000000 1.383440
 689.000000 1.372489
 690.000000 1.364010
 691.000000 1.358951
 692.000000 1.357851
 693.000000 1.360880
 694.000000 1.367735
 695.000000 1.377831
 696.000000 1.390094
 697.000000 1.403232
 698.000000 1.415774
 699.000000 1.426210
 700.000000 1.433242
 701.000000 1.435959
 702.000000 1.433758
 703.000000 1.426541
 704.000000 1.414761
 705.000000 1.399531
 706.000000 1.382426
 707.000000 1.365860
 708.000000 1.352666
 709.000000 1.345022
 710.000000 1.344396
 711.000000 1.351212
 712.000000 1.364440
 713.000000 1.382214
 714.000000 1.402187
 715.000000 1.421600
 716.000000 1.437804
 717.000000 1.448948
 718.000000 1.454030
 719.000000 1.452676
 720.000000 1.445267
 721.000000 1.432817
 722.000000 1.416988
 723.000000 1.399782
 724.000000 1.383469
 725.000000 1.370118
 726.000000 1.361576
 727.000000 1.359102
 728.000000 1.362890
 729.000000 1.372175
 730.000000 1.385277
 731.000000 1.400014
 732.000000 1.414174
 733.000000 1.425913
 734.000000 1.433949
 735.000000 1.437391
 736.000000 1.436021
 737.000000 1.430098
 738.000000 1.420342
 739.000000 1.407740
 740.000000 1.393601
 741.000000 1.379302
 742.000000 1.366426
 743.000000 1.356439
 744.000000 1.350373
 745.000000 1.348873
 746.000000 1.352061
 747.000000 1.359526
 748.000000 1.370293
 749.000000 1.382975
 750.000000 1.396232
 751.000000 1.408429
 752.000000 1.418159
 753.000000 1.424315
 754.000000 1.426130
 755.000000 1.423287
 756.000000 1.415881
 757.000000 1.404510
 758.000000 1.390169
 759.000000 1.374780
 760.000000 1.360409
 761.000000 1.349490
 762.000000 1.344034
 763.000000 1.345189
 764.000000 1.353033
 765.000000 1.366581
 766.000000 1.383903
 767.000000 1.402576
 768.000000 1.420333
 769.000000 1.434958
 770.000000 1.444904
 771.000000 1.449256
 772.000000 1.447612
 773.000000 1.440295
 774.000000 1.428203
 775.000000 1.412736
 776.000000 1.395879
 777.000000 1.379489
 778.000000 1.365497
 779.000000 1.355381
 780.000000 1.350401
 781.000000 1.351018
 782.000000 1.356785
 783.000000 1.366491
 784.000000 1.378435
 785.000000 1.390933
 786.000000 1.402262
 787.000000 1.410884
 788.000000 1.415944
 789.000000 1.417028
 790.000000 1.414297
 791.000000 1.408420
 792.000000 1.400575
 793.000000 1.392147
 794.000000 1.384560
 795.000000 1.379111
 796.000000 1.376670
 797.000000 1.377508
 798.000000 1.381499
 799.000000 1.388067
 800.000000 1.396292
 801.000000 1.405346
 802.000000 1.414127
 803.000000 1.421536
 804.000000 1.426578
 805.000000 1.428508
 806.000000 1.426848
 807.000000 1.421457
 808.000000 1.412630
 809.000000 1.401145
 810.000000 1.388028
 811.000000 1.374816
 812.000000 1.363035
 813.000000 1.354368
 814.000000 1.350201
 815.000000 1.351188
 816.000000 1.357360
 817.000000 1.367973
 818.000000 1.381686
 819.000000 1.396671
 820.000000 1.411369
 821.000000 1.423946
 822.000000 1.433188
 823.000000 1.438295
 824.000000 1.438819
 825.000000 1.434795
 826.000000 1.426689
 827.000000 1.415602
 828.000000 1.402793
 829.000000 1.389863
 830.000000 1.378394
 831.000000 1.369944
 832.000000 1.365802
 833.000000 1.366529
 834.000000 1.372001
 835.000000 1.381382
 836.000000 1.393258
 837.000000 1.405852
 838.000000 1.417137
 839.000000 1.425627
 840.000000 1.430301
 841.000000 1.430603
 842.000000 1.426643
 843.000000 1.419138
 844.000000 1.409172
 845.000000 1.398206
 846.000000 1.387864
 847.000000 1.379733
 848.000000 1.374920
 849.000000 1.374078
 850.000000 1.377184
 851.000000 1.383655
 852.000000 1.392507
 853.000000 1.402363
 854.000000 1.411815
 855.000000 1.419661
 856.000000 1.425022
 857.000000 1.427306
 858.000000 1.426279
 859.000000 1.422060
 860.000000 1.415147
 861.000000 1.406360
 862.000000 1.396522
 863.000000 1.386761
 864.000000 1.378090
 865.000000 1.371502
 866.000000 1.367865
 867.000000 1.367641
 868.000000 1.370945
 869.000000 1.377455
 870.000000 1.386393
 871.000000 1.396555
 872.000000 1.406700
 873.000000 1.415668
 874.000000 1.422304
 875.000000 1.425859
 876.000000 1.425949
 877.000000 1.422631
 878.000000 1.416382
 879.000000 1.408028
 880.000000 1.398712
 881.000000 1.389771
 882.000000 1.382488
 883.000000 1.377999
 884.000000 1.377092
 885.000000 1.379898
 886.000000 1.386041
 887.000000 1.394517
 888.000000 1.404026
 889.000000 1.413225
 890.000000 1.420712
 891.000000 1.425390
 892.000000 1.426643
 893.000000 1.424210
 894.000000 1.418399
 895.000000 1.410018
 896.000000 1.400339
 897.000000 1.390871
 898.000000 1.383081
 899.000000 1.378235
 900.000000 1.377153
 901.000000 1.380036
 902.000000 1.386431
 903.000000 1.395331
 904.000000 1.405371
 905.000000 1.415102
 906.000000 1.422895
 907.000000 1.427708
 908.000000 1.428801
 909.000000 1.425894
 910.000000 1.419246
 911.000000 1.409530
 912.000000 1.397726
 913.000000 1.385283
 914.000000 1.373788
 915.000000 1.364799
 916.000000 1.359616
 917.000000 1.358884
 918.000000 1.362555
 919.000000 1.369988
 920.000000 1.379995
 921.000000 1.391172
 922.000000 1.402029
 923.000000 1.411328
 924.000000 1.418065
 925.000000 1.421500
 926.000000 1.421275
 927.000000 1.417370
 928.000000 1.410083
 929.000000 1.400133
 930.000000 1.388581
 931.000000 1.376583
 932.000000 1.365618
 933.000000 1.356954
 934.000000 1.351662
 935.000000 1.350472
 936.000000 1.353703
 937.000000 1.361117
 938.000000 1.371925
 939.000000 1.384956
 940.000000 1.398616
 941.000000 1.411298
 942.000000 1.421607
 943.000000 1.428422
 944.000000 1.431017
 945.000000 1.429159
 946.000000 1.423070
 947.000000 1.413438
 948.000000 1.401434
 949.000000 1.388637
 950.000000 1.376508
 951.000000 1.366835
 952.000000 1.361005
 953.000000 1.359969
 954.000000 1.363881
 955.000000 1.372251
 956.000000 1.383835
 957.000000 1.396935
 958.000000 1.409610
 959.000000 1.420067
 960.000000 1.426720
 961.000000 1.428662
 962.000000 1.425570
 963.000000 1.417880
 964.000000 1.406794
 965.000000 1.394267
 966.000000 1.382261
 967.000000 1.372896
 968.000000 1.367679
 969.000000 1.367467
 970.000000 1.372198
 971.000000 1.381065
 972.000000 1.392634
 973.000000 1.405140
 974.000000 1.416695
 975.000000 1.425765
 976.000000 1.431176
 977.000000 1.432184
 978.000000 1.428613
 979.000000 1.420805
 980.000000 1.409555
 981.000000 1.396013
 982.000000 1.381666
 983.000000 1.368038
 984.000000 1.356422
 985.000000 1.348031
 986.000000 1.343593
 987.000000 1.343535
 988.000000 1.347789
 989.000000 1.355875
 990.000000 1.366912
 991.000000 1.379673
 992.000000 1.392688
 993.000000 1.404218
 994.000000 1.413101
 995.000000 1.418322
 996.000000 1.419432
 997.000000 1.416483
 998.000000 1.410005
 999.000000 1.400862
 1000.000000 1.390085
 1001.000000 1.379380
 1002.000000 1.370317
 1003.000000 1.364078
 1004.000000 1.361744
 1005.000000 1.363809
 1006.000000 1.370148
 1007.000000 1.379959
 1008.000000 1.391956
 1009.000000 1.404586
 1010.000000 1.416071
 1011.000000 1.424822
 1012.000000 1.429468
 1013.000000 1.429152
 1014.000000 1.423492
 1015.000000 1.412790
 1016.000000 1.398190
 1017.000000 1.381283
 1018.000000 1.364277
 1019.000000 1.349958
 1020.000000 1.340906
 1021.000000 1.338692
 1022.000000 1.343892
 1023.000000 1.355784
 1024.000000 1.372596
 1025.000000 1.391833
 1026.000000 1.410678
 1027.000000 1.426758
 1028.000000 1.438116
 1029.000000 1.443660
 1030.000000 1.442990
 1031.000000 1.436435
 1032.000000 1.424995
 1033.000000 1.409973
 1034.000000 1.393254
 1035.000000 1.376915
 1036.000000 1.362848
 1037.000000 1.352891
 1038.000000 1.348147
 1039.000000 1.348904
 1040.000000 1.354791
 1041.000000 1.364790
 1042.000000 1.377443
 1043.000000 1.390982
 1044.000000 1.403717
 1045.000000 1.414050
 1046.000000 1.420862
 1047.000000 1.423358
 1048.000000 1.421175
 1049.000000 1.414485
 1050.000000 1.404046
 1051.000000 1.390972
 1052.000000 1.377006
 1053.000000 1.363822
 1054.000000 1.353480
 1055.000000 1.347606
 1056.000000 1.347333
 1057.000000 1.352889
 1058.000000 1.363719
 1059.000000 1.378298
 1060.000000 1.394629
 1061.000000 1.410481
 1062.000000 1.423706
 1063.000000 1.432630
 1064.000000 1.436142
 1065.000000 1.433678
 1066.000000 1.425346
 1067.000000 1.411849
 1068.000000 1.394811
 1069.000000 1.376435
 1070.000000 1.359371
 1071.000000 1.346173
 1072.000000 1.339129
 1073.000000 1.339487
 1074.000000 1.347303
 1075.000000 1.361470
 1076.000000 1.379688
 1077.000000 1.399092
 1078.000000 1.417019
 1079.000000 1.431025
 1080.000000 1.439620
 1081.000000 1.441843
 1082.000000 1.437772
 1083.000000 1.428158
 1084.000000 1.414464
 1085.000000 1.398635
 1086.000000 1.382825
 1087.000000 1.369233
 1088.000000 1.359678
 1089.000000 1.355156
 1090.000000 1.355904
 1091.000000 1.361394
 1092.000000 1.370526
 1093.000000 1.382019
 1094.000000 1.394458
 1095.000000 1.406567
 1096.000000 1.416905
 1097.000000 1.424483
 1098.000000 1.428567
 1099.000000 1.428694
 1100.000000 1.424703
 1101.000000 1.416878
 1102.000000 1.405840
 1103.000000 1.392458
 1104.000000 1.378228
 1105.000000 1.365069
 1106.000000 1.354793
 1107.000000 1.348988
 1108.000000 1.348707
 1109.000000 1.354281
 1110.000000 1.365143
 1111.000000 1.379737
 1112.000000 1.396251
 1113.000000 1.412397
 1114.000000 1.425933
 1115.000000 1.435062
 1116.000000 1.438573
 1117.000000 1.435932
 1118.000000 1.427252
 1119.000000 1.413578
 1120.000000 1.396586
 1121.000000 1.378702
 1122.000000 1.362631
 1123.000000 1.350752
 1124.000000 1.345119
 1125.000000 1.346803
 1126.000000 1.355705
 1127.000000 1.370625
 1128.000000 1.389472
 1129.000000 1.409504
 1130.000000 1.428078
 1131.000000 1.443096
 1132.000000 1.452854
 1133.000000 1.456324
 1134.000000 1.453356
 1135.000000 1.444628
 1136.000000 1.431501
 1137.000000 1.415391
 1138.000000 1.398464
 1139.000000 1.383216
 1140.000000 1.371746
 1141.000000 1.365666
 1142.000000 1.365742
 1143.000000 1.371855
 1144.000000 1.383133
 1145.000000 1.398064
 1146.000000 1.414625
 1147.000000 1.430948
 1148.000000 1.445500
 1149.000000 1.456978
 1150.000000 1.464326
 1151.000000 1.467062
 1152.000000 1.465045
 1153.000000 1.458531
 1154.000000 1.448117
 1155.000000 1.434759
 1156.000000 1.419728
 1157.000000 1.404738
 1158.000000 1.391145
 1159.000000 1.380656
 1160.000000 1.374661
 1161.000000 1.374066
 1162.000000 1.378904
 1163.000000 1.388510
 1164.000000 1.401451
 1165.000000 1.415902
 1166.000000 1.429995
 1167.000000 1.441957
 1168.000000 1.450276
 1169.000000 1.453793
 1170.000000 1.451948
 1171.000000 1.444798
 1172.000000 1.432904
 1173.000000 1.417597
 1174.000000 1.400814
 1175.000000 1.384807
 1176.000000 1.371549
 1177.000000 1.363121
 1178.000000 1.360779
 1179.000000 1.364855
 1180.000000 1.374665
 1181.000000 1.388587
 1182.000000 1.404432
 1183.000000 1.419906
 1184.000000 1.433031
 1185.000000 1.442066
 1186.000000 1.445956
 1187.000000 1.444371
 1188.000000 1.437695
 1189.000000 1.426859
 1190.000000 1.413343
 1191.000000 1.399081
 1192.000000 1.386087
 1193.000000 1.376300
 1194.000000 1.371010
 1195.000000 1.370779
 1196.000000 1.375538
 1197.000000 1.384526
 1198.000000 1.396515
 1199.000000 1.409884
 1200.000000 1.423108
 1201.000000 1.434752
 1202.000000 1.443550
 1203.000000 1.448422
 1204.000000 1.448903
 1205.000000 1.444953
 1206.000000 1.437048
 1207.000000 1.425910
 1208.000000 1.412683
 1209.000000 1.398783
 1210.000000 1.385859
 1211.000000 1.375418
 1212.000000 1.369050
 1213.000000 1.367763
 1214.000000 1.371871
 1215.000000 1.380898
 1216.000000 1.393551
 1217.000000 1.408064
 1218.000000 1.422475
 1219.000000 1.434916
 1220.000000 1.443581
 1221.000000 1.447170
 1222.000000 1.445066
 1223.000000 1.437274
 1224.000000 1.424493
 1225.000000 1.408212
 1226.000000 1.390599
 1227.000000 1.374194
 1228.000000 1.361457
 1229.000000 1.354371
 1230.000000 1.354098
 1231.000000 1.360696
 1232.000000 1.373201
 1233.000000 1.389781
 1234.000000 1.407853
 1235.000000 1.424768
 1236.000000 1.438627
 1237.000000 1.447630
 1238.000000 1.450879
 1239.000000 1.448135
 1240.000000 1.439888
 1241.000000 1.427264
 1242.000000 1.411880
 1243.000000 1.395740
 1244.000000 1.381159
 1245.000000 1.370066
 1246.000000 1.363911
 1247.000000 1.363524
 1248.000000 1.368795
 1249.000000 1.378903
 1250.000000 1.392328
 1251.000000 1.407547
 1252.000000 1.422726
 1253.000000 1.436140
 1254.000000 1.446526
 1255.000000 1.452844
 1256.000000 1.454566
 1257.000000 1.451469
 1258.000000 1.443781
 1259.000000 1.431966
 1260.000000 1.417141
 1261.000000 1.400708
 1262.000000 1.384228
 1263.000000 1.369808
 1264.000000 1.359330
 1265.000000 1.354252
 1266.000000 1.355440
 1267.000000 1.362710
 1268.000000 1.374906
 1269.000000 1.390066
 1270.000000 1.405952
 1271.000000 1.420249
 1272.000000 1.430865
 1273.000000 1.436338
 1274.000000 1.435976
 1275.000000 1.429833
 1276.000000 1.418924
 1277.000000 1.404992
 1278.000000 1.390210
 1279.000000 1.377199
 1280.000000 1.368099
 1281.000000 1.364654
 1282.000000 1.367642
 1283.000000 1.376776
 1284.000000 1.391013
 1285.000000 1.408353
 1286.000000 1.426338
 1287.000000 1.442606
 1288.000000 1.455462
 1289.000000 1.463591
 1290.000000 1.466091
 1291.000000 1.462665
 1292.000000 1.453630
 1293.000000 1.439852
 1294.000000 1.422590
 1295.000000 1.403575
 1296.000000 1.385179
 1297.000000 1.369566
 1298.000000 1.358531
 1299.000000 1.353478
 1300.000000 1.355127
 1301.000000 1.363183
 1302.000000 1.376597
 1303.000000 1.393569
 1304.000000 1.411890
 1305.000000 1.429285
 1306.000000 1.443569
 1307.000000 1.452887
 1308.000000 1.456315
 1309.000000 1.453402
 1310.000000 1.444369
 1311.000000 1.430135
 1312.000000 1.411989
 1313.000000 1.391967
 1314.000000 1.372839
 1315.000000 1.357330
 1316.000000 1.347661
 1317.000000 1.345523
 1318.000000 1.351345
 1319.000000 1.364292
 1320.000000 1.382173
 1321.000000 1.402394
 1322.000000 1.422394
 1323.000000 1.439436
 1324.000000 1.451243
 1325.000000 1.456217
 1326.000000 1.453891
 1327.000000 1.444678
 1328.000000 1.429906
 1329.000000 1.411838
 1330.000000 1.393058
 1331.000000 1.376263
 1332.000000 1.363974
 1333.000000 1.358310
 1334.000000 1.360140
 1335.000000 1.369135
 1336.000000 1.383890
 1337.000000 1.402216
 1338.000000 1.421733
 1339.000000 1.440095
 1340.000000 1.455238
 1341.000000 1.465730
 1342.000000 1.470464
 1343.000000 1.468990
 1344.000000 1.461367
 1345.000000 1.448111
 1346.000000 1.430409
 1347.000000 1.409998
 1348.000000 1.388838
 1349.000000 1.369326
 1350.000000 1.353927
 1351.000000 1.344738
 1352.000000 1.343106
 1353.000000 1.349442
 1354.000000 1.362951
 1355.000000 1.381944
 1356.000000 1.403650
 1357.000000 1.425567
 1358.000000 1.445408
 1359.000000 1.461048
 1360.000000 1.471032
 1361.000000 1.474400
 1362.000000 1.471048
 1363.000000 1.461556
 1364.000000 1.446926
 1365.000000 1.429068
 1366.000000 1.410358
 1367.000000 1.393092
 1368.000000 1.379656
 1369.000000 1.371880
 1370.000000 1.370864
 1371.000000 1.376683
 1372.000000 1.388455
 1373.000000 1.404455
 1374.000000 1.422250
 1375.000000 1.439289
 1376.000000 1.453307
 1377.000000 1.462602
 1378.000000 1.465897
 1379.000000 1.462681
 1380.000000 1.453214
 1381.000000 1.438501
 1382.000000 1.420205
 1383.000000 1.400616
 1384.000000 1.382738
 1385.000000 1.369265
 1386.000000 1.362203
 1387.000000 1.362718
 1388.000000 1.370679
 1389.000000 1.384828
 1390.000000 1.403387
 1391.000000 1.423786
 1392.000000 1.444074
 1393.000000 1.462035
 1394.000000 1.475819
 1395.000000 1.484245
 1396.000000 1.486619
 1397.000000 1.482723
 1398.000000 1.472837
 1399.000000 1.457778
 1400.000000 1.438814
 1401.000000 1.417955
 1402.000000 1.397342
 1403.000000 1.378989
 1404.000000 1.364852
 1405.000000 1.356727
 1406.000000 1.355479
 1407.000000 1.361220
 1408.000000 1.373017
 1409.000000 1.389051
 1410.000000 1.407170
 1411.000000 1.425129
 1412.000000 1.440653
 1413.000000 1.452166
 1414.000000 1.458556
 1415.000000 1.459259
 1416.000000 1.454381
 1417.000000 1.444518
 1418.000000 1.431026
 1419.000000 1.415742
 1420.000000 1.400781
 1421.000000 1.388015
 1422.000000 1.379115
 1423.000000 1.375327
 1424.000000 1.377218
 1425.000000 1.384451
 1426.000000 1.395979
 1427.000000 1.410199
 1428.000000 1.425153
 1429.000000 1.439127
 1430.000000 1.450411
 1431.000000 1.457695
 1432.000000 1.460216
 1433.000000 1.457741
 1434.000000 1.450577
 1435.000000 1.439625
 1436.000000 1.426057
 1437.000000 1.411344
 1438.000000 1.397242
 1439.000000 1.385606
 1440.000000 1.377821
 1441.000000 1.374781
 1442.000000 1.376902
 1443.000000 1.383884
 1444.000000 1.394906
 1445.000000 1.408484
 1446.000000 1.422952
 1447.000000 1.436609
 1448.000000 1.447833
 1449.000000 1.455352
 1450.000000 1.458242
 1451.000000 1.455918
 1452.000000 1.448374
 1453.000000 1.435986
 1454.000000 1.419807
 1455.000000 1.401530
 1456.000000 1.383156
 1457.000000 1.367071
 1458.000000 1.355454
 1459.000000 1.349886
 1460.000000 1.351071
 1461.000000 1.358460
 1462.000000 1.370473
 1463.000000 1.384959
 1464.000000 1.399292
 1465.000000 1.410921
 1466.000000 1.418133
 1467.000000 1.419870
 1468.000000 1.416008
 1469.000000 1.407223
 1470.000000 1.394958
 1471.000000 1.380998
 1472.000000 1.367590
 1473.000000 1.356970
 1474.000000 1.350831
 1475.000000 1.350187
 1476.000000 1.355149
 1477.000000 1.364972
 1478.000000 1.378376
 1479.000000 1.393595
 1480.000000 1.408611
 1481.000000 1.421993
 1482.000000 1.432181
 1483.000000 1.438243
 1484.000000 1.439534
 1485.000000 1.435944
 1486.000000 1.427826
 1487.000000 1.416023
 1488.000000 1.401695
 1489.000000 1.386556
 1490.000000 1.372428
 1491.000000 1.361160
 1492.000000 1.354269
 1493.000000 1.352789
 1494.000000 1.357077
 1495.000000 1.366678
 1496.000000 1.380333
 1497.000000 1.396237
 1498.000000 1.412411
 1499.000000 1.426738
 1500.000000 1.437467
 1501.000000 1.443400
 1502.000000 1.443718
 1503.000000 1.438287
 1504.000000 1.427640
 1505.000000 1.413019
 1506.000000 1.396226
 1507.000000 1.379663
 1508.000000 1.365570
 1509.000000 1.356037
 1510.000000 1.352680
 1511.000000 1.356034
 1512.000000 1.365553
 1513.000000 1.379678
 1514.000000 1.396300
 1515.000000 1.413087
 1516.000000 1.427363
 1517.000000 1.437342
 1518.000000 1.441797
 1519.000000 1.440491
 1520.000000 1.433871
 1521.000000 1.423083
 1522.000000 1.409788
 1523.000000 1.396053
 1524.000000 1.383862
 1525.000000 1.375168
 1526.000000 1.371363
 1527.000000 1.373083
 1528.000000 1.380186
 1529.000000 1.391983
 1530.000000 1.406836
 1531.000000 1.423043
 1532.000000 1.438784
 1533.000000 1.452529
 1534.000000 1.462655
 1535.000000 1.468065
 1536.000000 1.468153
 1537.000000 1.462792
 1538.000000 1.452373
 1539.000000 1.437858
 1540.000000 1.420707
 1541.000000 1.402890
 1542.000000 1.386571
 1543.000000 1.373766
 1544.000000 1.366287
 1545.000000 1.365340
 1546.000000 1.371156
 1547.000000 1.382918
 1548.000000 1.399082
 1549.000000 1.417737
 1550.000000 1.436448
 1551.000000 1.453303
 1552.000000 1.466502
 1553.000000 1.474824
 1554.000000 1.477472
 1555.000000 1.474330
 1556.000000 1.465790
 1557.000000 1.452878
 1558.000000 1.437080
 1559.000000 1.420279
 1560.000000 1.404542
 1561.000000 1.391929
 1562.000000 1.383960
 1563.000000 1.381784
 1564.000000 1.385648
 1565.000000 1.394936
 1566.000000 1.408298
 1567.000000 1.423819
 1568.000000 1.439539
 1569.000000 1.453262
 1570.000000 1.463389
 1571.000000 1.468880
 1572.000000 1.469078
 1573.000000 1.463945
 1574.000000 1.453864
 1575.000000 1.439867
 1576.000000 1.423245
 1577.000000 1.405878
 1578.000000 1.389948
 1579.000000 1.377247
 1580.000000 1.369445
 1581.000000 1.367379
 1582.000000 1.371194
 1583.000000 1.380272
 1584.000000 1.393317
 1585.000000 1.408500
 1586.000000 1.423991
 1587.000000 1.437929
 1588.000000 1.448693
 1589.000000 1.455276
 1590.000000 1.456957
 1591.000000 1.453442
 1592.000000 1.444954
 1593.000000 1.432278
 1594.000000 1.416651
 1595.000000 1.399760
 1596.000000 1.383605
 1597.000000 1.370370
 1598.000000 1.361989
 1599.000000 1.359567
 1600.000000 1.363388
 1601.000000 1.372819
 1602.000000 1.386424
 1603.000000 1.402295
 1604.000000 1.418223
 1605.000000 1.432256
 1606.000000 1.442775
 1607.000000 1.448591
 1608.000000 1.449163
 1609.000000 1.444611
 1610.000000 1.435500
 1611.000000 1.422875
 1612.000000 1.408312
 1613.000000 1.393576
 1614.000000 1.380319
 1615.000000 1.370246
 1616.000000 1.364350
 1617.000000 1.363152
 1618.000000 1.366521
 1619.000000 1.373669
 1620.000000 1.383429
 1621.000000 1.394328
 1622.000000 1.404874
 1623.000000 1.413627
 1624.000000 1.419625
 1625.000000 1.422140
 1626.000000 1.420992
 1627.000000 1.416473
 1628.000000 1.409248
 1629.000000 1.400451
 1630.000000 1.391327
 1631.000000 1.383276
 1632.000000 1.377544
 1633.000000 1.375140
 1634.000000 1.376630
 1635.000000 1.382083
 1636.000000 1.390986
 1637.000000 1.402353
 1638.000000 1.414884
 1639.000000 1.427077
 1640.000000 1.437524
 1641.000000 1.444994
 1642.000000 1.448372
 1643.000000 1.447003
 1644.000000 1.440728
 1645.000000 1.429949
 1646.000000 1.415678
 1647.000000 1.399462
 1648.000000 1.383281
 1649.000000 1.369294
 1650.000000 1.359488
 1651.000000 1.355327
 1652.000000 1.357386
 1653.000000 1.365259
 1654.000000 1.377741
 1655.000000 1.392966
 1656.000000 1.408831
 1657.000000 1.423400
 1658.000000 1.435053
 1659.000000 1.442578
 1660.000000 1.445330
 1661.000000 1.443164
 1662.000000 1.436483
 1663.000000 1.426136
 1664.000000 1.413411
 1665.000000 1.399956
 1666.000000 1.387493
 1667.000000 1.377661
 1668.000000 1.371699
 1669.000000 1.370345
 1670.000000 1.373583
 1671.000000 1.380847
 1672.000000 1.391065
 1673.000000 1.402743
 1674.000000 1.414368
 1675.000000 1.424393
 1676.000000 1.431586
 1677.000000 1.435065
 1678.000000 1.434290
 1679.000000 1.429213
 1680.000000 1.420293
 1681.000000 1.408468
 1682.000000 1.395018
 1683.000000 1.381657
 1684.000000 1.370001
 1685.000000 1.361506
 1686.000000 1.357513
 1687.000000 1.358714
 1688.000000 1.365035
 1689.000000 1.375666
 1690.000000 1.388979
 1691.000000 1.403206
 1692.000000 1.416344
 1693.000000 1.426660
 1694.000000 1.432933
 1695.000000 1.434312
 1696.000000 1.430525
 1697.000000 1.421988
 1698.000000 1.409797
 1699.000000 1.395553
 1700.000000 1.381092
 1701.000000 1.368478
 1702.000000 1.359536
 1703.000000 1.355479
 1704.000000 1.356723
 1705.000000 1.362821
 1706.000000 1.372564
 1707.000000 1.384229
 1708.000000 1.396024
 1709.000000 1.406308
 1710.000000 1.413773
 1711.000000 1.417492
 1712.000000 1.417123
 1713.000000 1.412815
 1714.000000 1.405214
 1715.000000 1.395368
 1716.000000 1.384758
 1717.000000 1.374871
 1718.000000 1.367093
 1719.000000 1.362600
 1720.000000 1.362083
 1721.000000 1.365607
 1722.000000 1.372706
 1723.000000 1.382506
 1724.000000 1.393908
 1725.000000 1.405631
 1726.000000 1.416451
 1727.000000 1.425203
 1728.000000 1.431092
 1729.000000 1.433629
 1730.000000 1.432514
 1731.000000 1.427783
 1732.000000 1.419794
 1733.000000 1.409310
 1734.000000 1.397352
 1735.000000 1.385098
 1736.000000 1.373867
 1737.000000 1.365112
 1738.000000 1.359922
 1739.000000 1.359026
 1740.000000 1.362585
 1741.000000 1.370055
 1742.000000 1.380427
 1743.000000 1.392049
 1744.000000 1.403255
 1745.000000 1.412472
 1746.000000 1.418388
 1747.000000 1.420379
 1748.000000 1.418344
 1749.000000 1.412772
 1750.000000 1.404618
 1751.000000 1.394981
 1752.000000 1.385583
 1753.000000 1.377751
 1754.000000 1.372491
 1755.000000 1.370572
 1756.000000 1.372225
 1757.000000 1.377169
 1758.000000 1.384640
 1759.000000 1.393649
 1760.000000 1.403249
 1761.000000 1.412397
 1762.000000 1.420245
 1763.000000 1.426225
 1764.000000 1.430021
 1765.000000 1.431326
 1766.000000 1.430046
 1767.000000 1.426151
 1768.000000 1.419699
 1769.000000 1.411305
 1770.000000 1.401862
 1771.000000 1.392477
 1772.000000 1.384446
 1773.000000 1.378977
 1774.000000 1.376963
 1775.000000 1.378785
 1776.000000 1.384262
 1777.000000 1.392576
 1778.000000 1.402593
 1779.000000 1.413103
 1780.000000 1.422761
 1781.000000 1.430357
 1782.000000 1.434999
 1783.000000 1.436241
 1784.000000 1.433959
 1785.000000 1.428411
 1786.000000 1.420200
 1787.000000 1.410238
 1788.000000 1.399639
 1789.000000 1.389741
 1790.000000 1.381802
 1791.000000 1.376929
 1792.000000 1.375871
 1793.000000 1.378797
 1794.000000 1.385297
 1795.000000 1.394444
 1796.000000 1.404775
 1797.000000 1.414641
 1798.000000 1.422740
 1799.000000 1.427888
 1800.000000 1.429279
 1801.000000 1.426719
 1802.000000 1.420603
 1803.000000 1.411850
 1804.000000 1.401638
 1805.000000 1.391536
 1806.000000 1.382981
 1807.000000 1.377270
 1808.000000 1.375412
 1809.000000 1.377819
 1810.000000 1.384235
 1811.000000 1.393832
 1812.000000 1.405202
 1813.000000 1.416796
 1814.000000 1.427172
 1815.000000 1.435062
 1816.000000 1.439643
 1817.000000 1.440358
 1818.000000 1.437041
 1819.000000 1.429958
 1820.000000 1.419901
 1821.000000 1.408027
 1822.000000 1.395739
 1823.000000 1.384656
 1824.000000 1.376196
 1825.000000 1.371550
 1826.000000 1.371439
 1827.000000 1.375864
 1828.000000 1.384211
 1829.000000 1.395427
 1830.000000 1.407966
 1831.000000 1.420078
 1832.000000 1.430343
 1833.000000 1.437593
 1834.000000 1.440965
 1835.000000 1.440095
 1836.000000 1.435077
 1837.000000 1.426479
 1838.000000 1.415190
 1839.000000 1.402670
 1840.000000 1.390446
 1841.000000 1.380201
 1842.000000 1.373375
 1843.000000 1.370993
 1844.000000 1.373353
 1845.000000 1.380087
 1846.000000 1.390151
 1847.000000 1.401951
 1848.000000 1.413915
 1849.000000 1.424260
 1850.000000 1.431448
 1851.000000 1.434440
 1852.000000 1.432784
 1853.000000 1.426642
 1854.000000 1.416811
 1855.000000 1.404557
 1856.000000 1.391575
 1857.000000 1.379598
 1858.000000 1.370185
 1859.000000 1.364778
 1860.000000 1.364148
 1861.000000 1.368398
 1862.000000 1.376875
 1863.000000 1.388381
 1864.000000 1.401331
 1865.000000 1.414038
 1866.000000 1.425065
 1867.000000 1.433105
 1868.000000 1.437390
 1869.000000 1.437402
 1870.000000 1.433208
 1871.000000 1.425376
 1872.000000 1.414845
 1873.000000 1.402773
 1874.000000 1.390611
 1875.000000 1.380054
 1876.000000 1.372291
 1877.000000 1.368268
 1878.000000 1.368675
 1879.000000 1.373655
 1880.000000 1.382736
 1881.000000 1.394692
 1882.000000 1.407748
 1883.000000 1.420057
 1884.000000 1.429721
 1885.000000 1.435353
 1886.000000 1.435949
 1887.000000 1.431177
 1888.000000 1.421367
 1889.000000 1.407509
 1890.000000 1.391742
 1891.000000 1.376555
 1892.000000 1.364245
 1893.000000 1.356666
 1894.000000 1.355098
 1895.000000 1.359790
 1896.000000 1.370157
 1897.000000 1.384934
 1898.000000 1.401988
 1899.000000 1.418858
 1900.000000 1.433404
 1901.000000 1.443830
 1902.000000 1.448713
 1903.000000 1.447236
 1904.000000 1.439324
 1905.000000 1.425859
 1906.000000 1.408273
 1907.000000 1.388822
 1908.000000 1.370060
 1909.000000 1.354618
 1910.000000 1.344756
 1911.000000 1.341901
 1912.000000 1.346451
 1913.000000 1.357581
 1914.000000 1.373905
 1915.000000 1.393274
 1916.000000 1.413140
 1917.000000 1.430894
 1918.000000 1.444650
 1919.000000 1.453013
 1920.000000 1.454975
 1921.000000 1.450341
 1922.000000 1.439613
 1923.000000 1.424066
 1924.000000 1.405463
 1925.000000 1.386257
 1926.000000 1.368788
 1927.000000 1.355440
 1928.000000 1.348143
 1929.000000 1.347956
 1930.000000 1.354876
 1931.000000 1.367864
 1932.000000 1.385002
 1933.000000 1.404244
 1934.000000 1.423093
 1935.000000 1.439370
 1936.000000 1.451243
 1937.000000 1.457437
 1938.000000 1.457325
 1939.000000 1.450846
 1940.000000 1.438555
 1941.000000 1.421441
 1942.000000 1.401248
 1943.000000 1.380329
 1944.000000 1.361379
 1945.000000 1.346859
 1946.000000 1.338876
 1947.000000 1.338639
 1948.000000 1.346159
 1949.000000 1.360180
 1950.000000 1.378480
 1951.000000 1.398631
 1952.000000 1.418038
 1953.000000 1.434054
 1954.000000 1.445085
 1955.000000 1.450297
 1956.000000 1.449427
 1957.000000 1.443029
 1958.000000 1.432199
 1959.000000 1.418499
 1960.000000 1.403657
 1961.000000 1.389423
 1962.000000 1.377745
 1963.000000 1.370103
 1964.000000 1.367431
 1965.000000 1.370128
 1966.000000 1.377802
 1967.000000 1.389367
 1968.000000 1.403369
 1969.000000 1.417940
 1970.000000 1.431115
 1971.000000 1.441367
 1972.000000 1.447355
 1973.000000 1.448317
 1974.000000 1.443897
 1975.000000 1.434331
 1976.000000 1.420429
 1977.000000 1.403692
 1978.000000 1.386073
 1979.000000 1.369917
 1980.000000 1.357628
 1981.000000 1.351119
 1982.000000 1.351291
 1983.000000 1.358135
 1984.000000 1.370506
 1985.000000 1.386529
 1986.000000 1.403761
 1987.000000 1.419761
 1988.000000 1.432494
 1989.000000 1.440469
 1990.000000 1.442787
 1991.000000 1.439219
 1992.000000 1.430312
 1993.000000 1.417040
 1994.000000 1.401176
 1995.000000 1.384871
 1996.000000 1.370282
 1997.000000 1.359366
 1998.000000 1.353766
 1999.000000 1.354355
 2000.000000 1.361069
 2001.000000 1.372849
 2002.000000 1.387979
 2003.000000 1.404143
 2004.000000 1.418741
 2005.000000 1.429457
 2006.000000 1.434624
 2007.000000 1.433267
 2008.000000 1.425364
 2009.000000 1.411985
 2010.000000 1.395135
 2011.000000 1.377241
 2012.000000 1.361493
 2013.000000 1.350522
 2014.000000 1.346352
 2015.000000 1.349760
 2016.000000 1.360281
 2017.000000 1.376404
 2018.000000 1.395841
 2019.000000 1.416236
 2020.000000 1.434704
 2021.000000 1.449147
 2022.000000 1.457961
 2023.000000 1.460224
 2024.000000 1.455627
 2025.000000 1.444565
 2026.000000 1.428048
 2027.000000 1.408072
 2028.000000 1.386731
 2029.000000 1.366759
 2030.000000 1.351037
 2031.000000 1.341614
 2032.000000 1.339725
 2033.000000 1.345635
 2034.000000 1.358205
 2035.000000 1.375434
 2036.000000 1.394842
 2037.000000 1.413629
 2038.000000 1.429216
 2039.000000 1.439872
 2040.000000 1.444614
 2041.000000 1.443246
 2042.000000 1.436144
 2043.000000 1.424322
 2044.000000 1.409036
 2045.000000 1.392034
 2046.000000 1.375307
 2047.000000 1.360876
 2048.000000 1.350920
 2049.000000 1.346875
 2050.000000 1.349382
 2051.000000 1.358157
 2052.000000 1.372018
 2053.000000 1.388682
 2054.000000 1.406024
 2055.000000 1.421562
 2056.000000 1.433161
 2057.000000 1.439173
 2058.000000 1.438640
 2059.000000 1.431503
 2060.000000 1.418604
 2061.000000 1.401807
 2062.000000 1.383565
 2063.000000 1.366679
 2064.000000 1.353791
 2065.000000 1.347333
 2066.000000 1.348472
 2067.000000 1.357107
 2068.000000 1.371936
 2069.000000 1.390752
 2070.000000 1.410961
 2071.000000 1.430196
 2072.000000 1.445860
 2073.000000 1.456287
 2074.000000 1.460402
 2075.000000 1.457881
 2076.000000 1.449074
 2077.000000 1.434984
 2078.000000 1.417115
 2079.000000 1.397676
 2080.000000 1.379009
 2081.000000 1.363564
 2082.000000 1.353564
 2083.000000 1.350436
 2084.000000 1.354622
 2085.000000 1.365503
 2086.000000 1.381611
 2087.000000 1.400793
 2088.000000 1.420473
 2089.000000 1.438028
 2090.000000 1.451443
 2091.000000 1.459538
 2092.000000 1.461366
 2093.000000 1.456763
 2094.000000 1.446239
 2095.000000 1.430726
 2096.000000 1.411691
 2097.000000 1.391457
 2098.000000 1.372341
 2099.000000 1.356807
 2100.000000 1.347152
 2101.000000 1.344763
 2102.000000 1.349960
 2103.000000 1.361907
 2104.000000 1.378956
 2105.000000 1.398484
 2106.000000 1.417529
 2107.000000 1.433864
 2108.000000 1.445289
 2109.000000 1.450340
 2110.000000 1.448283
 2111.000000 1.439243
 2112.000000 1.424188
 2113.000000 1.404979
 2114.000000 1.383991
 2115.000000 1.364291
 2116.000000 1.348310
 2117.000000 1.338329
 2118.000000 1.335721
 2119.000000 1.340791
 2120.000000 1.352682
 2121.000000 1.369703
 2122.000000 1.389666
 2123.000000 1.409755
 2124.000000 1.427671
 2125.000000 1.441640
 2126.000000 1.450121
 2127.000000 1.452367
 2128.000000 1.448215
 2129.000000 1.438112
 2130.000000 1.422974
 2131.000000 1.404461
 2132.000000 1.384859
 2133.000000 1.366536
 2134.000000 1.351815
 2135.000000 1.342824
 2136.000000 1.340759
 2137.000000 1.345875
 2138.000000 1.357319
 2139.000000 1.373099
 2140.000000 1.390659
 2141.000000 1.407395
 2142.000000 1.421024
 2143.000000 1.429711
 2144.000000 1.432467
 2145.000000 1.429022
 2146.000000 1.419873
 2147.000000 1.406109
 2148.000000 1.389438
 2149.000000 1.372376
 2150.000000 1.357460
 2151.000000 1.347147
 2152.000000 1.343201
 2153.000000 1.346460
 2154.000000 1.356618
 2155.000000 1.372223
 2156.000000 1.390948
 2157.000000 1.410488
 2158.000000 1.427932
 2159.000000 1.440919
 2160.000000 1.447938
 2161.000000 1.448210
 2162.000000 1.441751
 2163.000000 1.429363
 2164.000000 1.412666
 2165.000000 1.393657
 2166.000000 1.374742
 2167.000000 1.358183
 2168.000000 1.346156
 2169.000000 1.340113
 2170.000000 1.340716
 2171.000000 1.347609
 2172.000000 1.359535
 2173.000000 1.374794
 2174.000000 1.391162
 2175.000000 1.406491
 2176.000000 1.418886
 2177.000000 1.426888
 2178.000000 1.429499
 2179.000000 1.426317
 2180.000000 1.417634
 2181.000000 1.404467
 2182.000000 1.388419
 2183.000000 1.371730
 2184.000000 1.356664
 2185.000000 1.345226
 2186.000000 1.339310
 2187.000000 1.339844
 2188.000000 1.346759
 2189.000000 1.358940
 2190.000000 1.374554
 2191.000000 1.391762
 2192.000000 1.408060
 2193.000000 1.421556
 2194.000000 1.430789
 2195.000000 1.434796
 2196.000000 1.433118
 2197.000000 1.425911
 2198.000000 1.414108
 2199.000000 1.399073
 2200.000000 1.382671
 2201.000000 1.367343
 2202.000000 1.355412
 2203.000000 1.348932
 2204.000000 1.349035
 2205.000000 1.355875
 2206.000000 1.368577
 2207.000000 1.385110
 2208.000000 1.403289
 2209.000000 1.420733
 2210.000000 1.435024
 2211.000000 1.444006
 2212.000000 1.446551
 2213.000000 1.442245
 2214.000000 1.431557
 2215.000000 1.415738
 2216.000000 1.396892
 2217.000000 1.377831
 2218.000000 1.361128
 2219.000000 1.349115
 2220.000000 1.343546
 2221.000000 1.345282
 2222.000000 1.354001
 2223.000000 1.368261
 2224.000000 1.386097
 2225.000000 1.405006
 2226.000000 1.422380
 2227.000000 1.436002
 2228.000000 1.444538
 2229.000000 1.447141
 2230.000000 1.443630
 2231.000000 1.434360
 2232.000000 1.420431
 2233.000000 1.403271
 2234.000000 1.384906
 2235.000000 1.367614
 2236.000000 1.353947
 2237.000000 1.346084
 2238.000000 1.345466
 2239.000000 1.352420
 2240.000000 1.366215
 2241.000000 1.384758
 2242.000000 1.405664
 2243.000000 1.426243
 2244.000000 1.443657
 2245.000000 1.455769
 2246.000000 1.460861
 2247.000000 1.458200
 2248.000000 1.447878
 2249.000000 1.430672
 2250.000000 1.408492
 2251.000000 1.383918
 2252.000000 1.360012
 2253.000000 1.340400
 2254.000000 1.328049
 2255.000000 1.325226
 2256.000000 1.332635
 2257.000000 1.349196
 2258.000000 1.372364
 2259.000000 1.398839
 2260.000000 1.424909
 2261.000000 1.447694
 2262.000000 1.464749
 2263.000000 1.474271
 2264.000000 1.475156
 2265.000000 1.467268
 2266.000000 1.451191
 2267.000000 1.428620
 2268.000000 1.402258
 2269.000000 1.375393
 2270.000000 1.351437
 2271.000000 1.334107
 2272.000000 1.326039
 2273.000000 1.328458
 2274.000000 1.340511
 2275.000000 1.359790
 2276.000000 1.382764
 2277.000000 1.406125
 2278.000000 1.426710
 2279.000000 1.442378
 2280.000000 1.451652
 2281.000000 1.453689
 2282.000000 1.448479
 2283.000000 1.436753
 2284.000000 1.419839
 2285.000000 1.399812
 2286.000000 1.378994
 2287.000000 1.360025
 2288.000000 1.345512
 2289.000000 1.337717
 2290.000000 1.337795
 2291.000000 1.345970
 2292.000000 1.361191
 2293.000000 1.381631
 2294.000000 1.404696
 2295.000000 1.427487
 2296.000000 1.447184
 2297.000000 1.461808
 2298.000000 1.469557
 2299.000000 1.469141
 2300.000000 1.460324
 2301.000000 1.443822
 2302.000000 1.421024
 2303.000000 1.394669
 2304.000000 1.367823
 2305.000000 1.344372
 2306.000000 1.327790
 2307.000000 1.320583
 2308.000000 1.324227
 2309.000000 1.338465
 2310.000000 1.361077
 2311.000000 1.388925
 2312.000000 1.418382
 2313.000000 1.445704
 2314.000000 1.468271
 2315.000000 1.484045
 2316.000000 1.491438
 2317.000000 1.489809
 2318.000000 1.479451
 2319.000000 1.461498
 2320.000000 1.437980
 2321.000000 1.411790
 2322.000000 1.386201
 2323.000000 1.364571
 2324.000000 1.350205
 2325.000000 1.345059
 2326.000000 1.349764
 2327.000000 1.363488
 2328.000000 1.384077
 2329.000000 1.408561
 2330.000000 1.433564
 2331.000000 1.456186
 2332.000000 1.473667
 2333.000000 1.484210
 2334.000000 1.486854
 2335.000000 1.481225
 2336.000000 1.467780
 2337.000000 1.447702
 2338.000000 1.423227
 2339.000000 1.397347
 2340.000000 1.373146
 2341.000000 1.354114
 2342.000000 1.342758
 2343.000000 1.340620
 2344.000000 1.347944
 2345.000000 1.363528
 2346.000000 1.384921
 2347.000000 1.408940
 2348.000000 1.432505
 2349.000000 1.452717
 2350.000000 1.467339
 2351.000000 1.474919
 2352.000000 1.474772
 2353.000000 1.466999
 2354.000000 1.452421
 2355.000000 1.432679
 2356.000000 1.409941
 2357.000000 1.387101
 2358.000000 1.366884
 2359.000000 1.351887
 2360.000000 1.344247
 2361.000000 1.344932
 2362.000000 1.353728
 2363.000000 1.369186
 2364.000000 1.388732
 2365.000000 1.409566
 2366.000000 1.428764
 2367.000000 1.444093
 2368.000000 1.453677
 2369.000000 1.456465
 2370.000000 1.452180
 2371.000000 1.441362
 2372.000000 1.425248
 2373.000000 1.405683
 2374.000000 1.385092
 2375.000000 1.366016
 2376.000000 1.350764
 2377.000000 1.341437
 2378.000000 1.339468
 2379.000000 1.345186
 2380.000000 1.357782
 2381.000000 1.375484
 2382.000000 1.395762
 2383.000000 1.415736
 2384.000000 1.432956
 2385.000000 1.445303
 2386.000000 1.451480
 2387.000000 1.450731
 2388.000000 1.443078
 2389.000000 1.429185
 2390.000000 1.410719
 2391.000000 1.389963
 2392.000000 1.369887
 2393.000000 1.353023
 2394.000000 1.342124
 2395.000000 1.339170
 2396.000000 1.344790
 2397.000000 1.358131
 2398.000000 1.377433
 2399.000000 1.399831
 2400.000000 1.422375
 2401.000000 1.442218
 2402.000000 1.456843
 2403.000000 1.464639
 2404.000000 1.464661
 2405.000000 1.456745
 2406.000000 1.441827
 2407.000000 1.421436
 2408.000000 1.397645
 2409.000000 1.373151
 2410.000000 1.351221
 2411.000000 1.335057
 2412.000000 1.327353
 2413.000000 1.329243
 2414.000000 1.340316
 2415.000000 1.358669
 2416.000000 1.381237
 2417.000000 1.404843
 2418.000000 1.426319
 2419.000000 1.443176
 2420.000000 1.453619
 2421.000000 1.456918
 2422.000000 1.453059
 2423.000000 1.442689
 2424.000000 1.427135
 2425.000000 1.408388
 2426.000000 1.389006
 2427.000000 1.371263
 2428.000000 1.357480
 2429.000000 1.349764
 2430.000000 1.349080
 2431.000000 1.355477
 2432.000000 1.368079
 2433.000000 1.385113
 2434.000000 1.404547
 2435.000000 1.423776
 2436.000000 1.440336
 2437.000000 1.452380
 2438.000000 1.458445
 2439.000000 1.457634
 2440.000000 1.449885
 2441.000000 1.435992
 2442.000000 1.417570
 2443.000000 1.396676
 2444.000000 1.375993
 2445.000000 1.358463
 2446.000000 1.346682
 2447.000000 1.342788
 2448.000000 1.347522
 2449.000000 1.360346
 2450.000000 1.379560
 2451.000000 1.402562
 2452.000000 1.426185
 2453.000000 1.447906
 2454.000000 1.465326
 2455.000000 1.476770
 2456.000000 1.481194
 2457.000000 1.478115
 2458.000000 1.467928
 2459.000000 1.451613
 2460.000000 1.430763
 2461.000000 1.407749
 2462.000000 1.385331
 2463.000000 1.366284
 2464.000000 1.353021
 2465.000000 1.347587
 2466.000000 1.350801
 2467.000000 1.362191
 2468.000000 1.380156
 2469.000000 1.402445
 2470.000000 1.426074
 2471.000000 1.447932
 2472.000000 1.465511
 2473.000000 1.476993
 2474.000000 1.481148
 2475.000000 1.477563
 2476.000000 1.466555
 2477.000000 1.449195
 2478.000000 1.427297
 2479.000000 1.403636
 2480.000000 1.381494
 2481.000000 1.363591
 2482.000000 1.352643
 2483.000000 1.350477
 2484.000000 1.357599
 2485.000000 1.373272
 2486.000000 1.395321
 2487.000000 1.420916
 2488.000000 1.446816
 2489.000000 1.470075
 2490.000000 1.487998
 2491.000000 1.498792
 2492.000000 1.501106
 2493.000000 1.494626
 2494.000000 1.479922
 2495.000000 1.458434
 2496.000000 1.432465
 2497.000000 1.404889
 2498.000000 1.379242
 2499.000000 1.359186
 2500.000000 1.347763
 2501.000000 1.346931
 2502.000000 1.356816
 2503.000000 1.375916
 2504.000000 1.401650
 2505.000000 1.431000
 2506.000000 1.460419
 2507.000000 1.486716
 2508.000000 1.507561
 2509.000000 1.520953
 2510.000000 1.525861
 2511.000000 1.521870
 2512.000000 1.509311
 2513.000000 1.489137
 2514.000000 1.463294
 2515.000000 1.434230
 2516.000000 1.404881
 2517.000000 1.378575
 2518.000000 1.359223
 2519.000000 1.349221
 2520.000000 1.350150
 2521.000000 1.361859
 2522.000000 1.382522
 2523.000000 1.409110
 2524.000000 1.438197
 2525.000000 1.466187
 2526.000000 1.489924
 2527.000000 1.506747
 2528.000000 1.514938
 2529.000000 1.513889
 2530.000000 1.503751
 2531.000000 1.485609
 2532.000000 1.461129
 2533.000000 1.432948
 2534.000000 1.404671
 2535.000000 1.379634
 2536.000000 1.361164
 2537.000000 1.351772
 2538.000000 1.352766
 2539.000000 1.363958
 2540.000000 1.383650
 2541.000000 1.409012
 2542.000000 1.437024
 2543.000000 1.463942
 2544.000000 1.487165
 2545.000000 1.504338
 2546.000000 1.513795
 2547.000000 1.514769
 2548.000000 1.507400
 2549.000000 1.492496
 2550.000000 1.471648
 2551.000000 1.447682
 2552.000000 1.423344
 2553.000000 1.401653
 2554.000000 1.385170
 2555.000000 1.376023
 2556.000000 1.375486
 2557.000000 1.383696
 2558.000000 1.399584
 2559.000000 1.420772
 2560.000000 1.444408
 2561.000000 1.467865
 2562.000000 1.488876
 2563.000000 1.505807
 2564.000000 1.516757
 2565.000000 1.520643
 2566.000000 1.517102
 2567.000000 1.506439
 2568.000000 1.489261
 2569.000000 1.467077
 2570.000000 1.442072
 2571.000000 1.416575
 2572.000000 1.393257
 2573.000000 1.374857
 2574.000000 1.363873
 2575.000000 1.362091
 2576.000000 1.369888
 2577.000000 1.386181
 2578.000000 1.408691
 2579.000000 1.434540
 2580.000000 1.460717
 2581.000000 1.484339
 2582.000000 1.502716
 2583.000000 1.513942
 2584.000000 1.516986
 2585.000000 1.511325
 2586.000000 1.497291
 2587.000000 1.476266
 2588.000000 1.450330
 2589.000000 1.422094
 2590.000000 1.395230
 2591.000000 1.373308
 2592.000000 1.359402
 2593.000000 1.355366
 2594.000000 1.361621
 2595.000000 1.377005
 2596.000000 1.398857
 2597.000000 1.424065
 2598.000000 1.449394
 2599.000000 1.471673
 2600.000000 1.488423
 2601.000000 1.498011
 2602.000000 1.499616
 2603.000000 1.493161
 2604.000000 1.479274
 2605.000000 1.459233
 2606.000000 1.434796
 2607.000000 1.408700
 2608.000000 1.383506
 2609.000000 1.362407
 2610.000000 1.347650
 2611.000000 1.340994
 2612.000000 1.343129
 2613.000000 1.353539
 2614.000000 1.370731
 2615.000000 1.392118
 2616.000000 1.414717
 2617.000000 1.435603
 2618.000000 1.452575
 2619.000000 1.463630
 2620.000000 1.467568
 2621.000000 1.464080
 2622.000000 1.453635
 2623.000000 1.437548
 2624.000000 1.417800
 2625.000000 1.396656
 2626.000000 1.376974
 2627.000000 1.361591
 2628.000000 1.352859
 2629.000000 1.352374
 2630.000000 1.360331
 2631.000000 1.375700
 2632.000000 1.396387
 2633.000000 1.419293
 2634.000000 1.441570
 2635.000000 1.460726
 2636.000000 1.474531
 2637.000000 1.481320
 2638.000000 1.480313
 2639.000000 1.471476
 2640.000000 1.455544
 2641.000000 1.434393
 2642.000000 1.409715
 2643.000000 1.384475
 2644.000000 1.362104
 2645.000000 1.345782
 2646.000000 1.337757
 2647.000000 1.339073
 2648.000000 1.349405
 2649.000000 1.367005
 2650.000000 1.389329
 2651.000000 1.413147
 2652.000000 1.435474
 2653.000000 1.453662
 2654.000000 1.465834
 2655.000000 1.470993
 2656.000000 1.468903
 2657.000000 1.460006
 2658.000000 1.445486
 2659.000000 1.426906
 2660.000000 1.406507
 2661.000000 1.386947
 2662.000000 1.370846
 2663.000000 1.360314
 2664.000000 1.357045
 2665.000000 1.361529
 2666.000000 1.373144
 2667.000000 1.390247
 2668.000000 1.410460
 2669.000000 1.430985
 2670.000000 1.449422
 2671.000000 1.463624
 2672.000000 1.472215
 2673.000000 1.474443
 2674.000000 1.470293
 2675.000000 1.460290
 2676.000000 1.445689
 2677.000000 1.428188
 2678.000000 1.409531
 2679.000000 1.392193
 2680.000000 1.378687
 2681.000000 1.370953
 2682.000000 1.370200
 2683.000000 1.376545
 2684.000000 1.389131
 2685.000000 1.406268
 2686.000000 1.425438
 2687.000000 1.443941
 2688.000000 1.459486
 2689.000000 1.470434
 2690.000000 1.475336
 2691.000000 1.473497
 2692.000000 1.465043
 2693.000000 1.450838
 2694.000000 1.432342
 2695.000000 1.411964
 2696.000000 1.392217
 2697.000000 1.375683
 2698.000000 1.364917
 2699.000000 1.361396
 2700.000000 1.365606
 2701.000000 1.376892
 2702.000000 1.393513
 2703.000000 1.413203
 2704.000000 1.433409
 2705.000000 1.452174
 2706.000000 1.467369
 2707.000000 1.477434
 2708.000000 1.481271
 2709.000000 1.478480
 2710.000000 1.469304
 2711.000000 1.454610
 2712.000000 1.435733
 2713.000000 1.414933
 2714.000000 1.394393
 2715.000000 1.376661
 2716.000000 1.363917
 2717.000000 1.358059
 2718.000000 1.359977
 2719.000000 1.369522
 2720.000000 1.385471
 2721.000000 1.405878
 2722.000000 1.428614
 2723.000000 1.450553
 2724.000000 1.469228
 2725.000000 1.482892
 2726.000000 1.490052
 2727.000000 1.489952
 2728.000000 1.482556
 2729.000000 1.468510
 2730.000000 1.449327
 2731.000000 1.427120
 2732.000000 1.404595
 2733.000000 1.384939
 2734.000000 1.370896
 2735.000000 1.364526
 2736.000000 1.366828
 2737.000000 1.377501
 2738.000000 1.394966
 2739.000000 1.416598
 2740.000000 1.439698
 2741.000000 1.461154
 2742.000000 1.478508
 2743.000000 1.490228
 2744.000000 1.495220
 2745.000000 1.493311
 2746.000000 1.485079
 2747.000000 1.471728
 2748.000000 1.454891
 2749.000000 1.436576
 2750.000000 1.418816
 2751.000000 1.403529
 2752.000000 1.392196
 2753.000000 1.386245
 2754.000000 1.386351
 2755.000000 1.392321
 2756.000000 1.403160
 2757.000000 1.417124
 2758.000000 1.432201
 2759.000000 1.446432
 2760.000000 1.458239
 2761.000000 1.466314
 2762.000000 1.469761
 2763.000000 1.468256
 2764.000000 1.462074
 2765.000000 1.451896
 2766.000000 1.439014
 2767.000000 1.424780
 2768.000000 1.410895
 2769.000000 1.398989
 2770.000000 1.390586
 2771.000000 1.386884
 2772.000000 1.388483
 2773.000000 1.395343
 2774.000000 1.406870
 2775.000000 1.421759
 2776.000000 1.438577
 2777.000000 1.455420
 2778.000000 1.470298
 2779.000000 1.481903
 2780.000000 1.488905
 2781.000000 1.490427
 2782.000000 1.486142
 2783.000000 1.476277
 2784.000000 1.461529
 2785.000000 1.443378
 2786.000000 1.423723
 2787.000000 1.404848
 2788.000000 1.388798
 2789.000000 1.377398
 2790.000000 1.372193
 2791.000000 1.373880
 2792.000000 1.382196
 2793.000000 1.396108
 2794.000000 1.413867
 2795.000000 1.433058
 2796.000000 1.451535
 2797.000000 1.467349
 2798.000000 1.478928
 2799.000000 1.485027
 2800.000000 1.485144
 2801.000000 1.479305
 2802.000000 1.468126
 2803.000000 1.452764
 2804.000000 1.434707
 2805.000000 1.416293
 2806.000000 1.399899
 2807.000000 1.387675
 2808.000000 1.381363
 2809.000000 1.381794
 2810.000000 1.388914
 2811.000000 1.401699
 2812.000000 1.418489
 2813.000000 1.436719
 2814.000000 1.454226
 2815.000000 1.468930
 2816.000000 1.478938
 2817.000000 1.483203
 2818.000000 1.481277
 2819.000000 1.473386
 2820.000000 1.460423
 2821.000000 1.443763
 2822.000000 1.425365
 2823.000000 1.407480
 2824.000000 1.392213
 2825.000000 1.381299
 2826.000000 1.375975
 2827.000000 1.376855
 2828.000000 1.383744
 2829.000000 1.395482
 2830.000000 1.410702
 2831.000000 1.427476
 2832.000000 1.443710
 2833.000000 1.457422
 2834.000000 1.467232
 2835.000000 1.472010
 2836.000000 1.471257
 2837.000000 1.465047
 2838.000000 1.454030
 2839.000000 1.439474
 2840.000000 1.423291
 2841.000000 1.407499
 2842.000000 1.394766
 2843.000000 1.386959
 2844.000000 1.385491
 2845.000000 1.390849
 2846.000000 1.402522
 2847.000000 1.419052
 2848.000000 1.438415
 2849.000000 1.458132
 2850.000000 1.476062
 2851.000000 1.490131
 2852.000000 1.498972
 2853.000000 1.501671
 2854.000000 1.497974
 2855.000000 1.488091
 2856.000000 1.472711
 2857.000000 1.453103
 2858.000000 1.431047
 2859.000000 1.408504
 2860.000000 1.387836
 2861.000000 1.371339
 2862.000000 1.360813
 2863.000000 1.357205
 2864.000000 1.360724
 2865.000000 1.370510
 2866.000000 1.384862
 2867.000000 1.402078
 2868.000000 1.420094
 2869.000000 1.436766
 2870.000000 1.450506
 2871.000000 1.459768
 2872.000000 1.463932
 2873.000000 1.462822
 2874.000000 1.456745
 2875.000000 1.446545
 2876.000000 1.433398
 2877.000000 1.418891
 2878.000000 1.404656
 2879.000000 1.392498
 2880.000000 1.384114
 2881.000000 1.380688
 2882.000000 1.382795
 2883.000000 1.390211
 2884.000000 1.401871
 2885.000000 1.416084
 2886.000000 1.430667
 2887.000000 1.443646
 2888.000000 1.453269
 2889.000000 1.458461
 2890.000000 1.458634
 2891.000000 1.453870
 2892.000000 1.444882
 2893.000000 1.432689
 2894.000000 1.418846
 2895.000000 1.404989
 2896.000000 1.392825
 2897.000000 1.383986
 2898.000000 1.379482
 2899.000000 1.379868
 2900.000000 1.385118
 2901.000000 1.394593
 2902.000000 1.407038
 2903.000000 1.421102
 2904.000000 1.435119
 2905.000000 1.447514
 2906.000000 1.457099
 2907.000000 1.462978
 2908.000000 1.464662
 2909.000000 1.462141
 2910.000000 1.455911
 2911.000000 1.446872
 2912.000000 1.436296
 2913.000000 1.425727
 2914.000000 1.416523
 2915.000000 1.410056
 2916.000000 1.407217
 2917.000000 1.408297
 2918.000000 1.413038
 2919.000000 1.420664
 2920.000000 1.429966
 2921.000000 1.439760
 2922.000000 1.448926
 2923.000000 1.456343
 2924.000000 1.461180
 2925.000000 1.462919
 2926.000000 1.461311
 2927.000000 1.456306
 2928.000000 1.448305
 2929.000000 1.437957
 2930.000000 1.425950
 2931.000000 1.413573
 2932.000000 1.402198
 2933.000000 1.393370
 2934.000000 1.388409
 2935.000000 1.388224
 2936.000000 1.393185
 2937.000000 1.402948
 2938.000000 1.416443
 2939.000000 1.432052
 2940.000000 1.447747
 2941.000000 1.461644
 2942.000000 1.472055
 2943.000000 1.478067
 2944.000000 1.479080
 2945.000000 1.475003
 2946.000000 1.466250
 2947.000000 1.453706
 2948.000000 1.438892
 2949.000000 1.423420
 2950.000000 1.408993
 2951.000000 1.397590
 2952.000000 1.390530
 2953.000000 1.388764
 2954.000000 1.392456
 2955.000000 1.400897
 2956.000000 1.412779
 2957.000000 1.426366
 2958.000000 1.439805
 2959.000000 1.451243
 2960.000000 1.459266
 2961.000000 1.463025
 2962.000000 1.462053
 2963.000000 1.456509
 2964.000000 1.446987
 2965.000000 1.434746
 2966.000000 1.421098
 2967.000000 1.407665
 2968.000000 1.396317
 2969.000000 1.388338
 2970.000000 1.384856
 2971.000000 1.386431
 2972.000000 1.393055
 2973.000000 1.404047
 2974.000000 1.418437
 2975.000000 1.434921
 2976.000000 1.451885
 2977.000000 1.467735
 2978.000000 1.481236
 2979.000000 1.490924
 2980.000000 1.495946
 2981.000000 1.495821
 2982.000000 1.490462
 2983.000000 1.480238
 2984.000000 1.466018
 2985.000000 1.449235
 2986.000000 1.431686
 2987.000000 1.415499
 2988.000000 1.402610
 2989.000000 1.394539
 2990.000000 1.392447
 2991.000000 1.396656
 2992.000000 1.406517
 2993.000000 1.420830
 2994.000000 1.438030
 2995.000000 1.456192
 2996.000000 1.473286
 2997.000000 1.487495
 2998.000000 1.497295
 2999.000000 1.501651
 3000.000000 1.500065
 3001.000000 1.492608
 3002.000000 1.479777
 3003.000000 1.462354
 3004.000000 1.441987
 3005.000000 1.420304
 3006.000000 1.399631
 3007.000000 1.382119
 3008.000000 1.370277
 3009.000000 1.365957
 3010.000000 1.369825
 3011.000000 1.381369
 3012.000000 1.399321
 3013.000000 1.421253
 3014.000000 1.444548
 3015.000000 1.466282
 3016.000000 1.484506
 3017.000000 1.497433
 3018.000000 1.504014
 3019.000000 1.503912
 3020.000000 1.497479
 3021.000000 1.485686
 3022.000000 1.469956
 3023.000000 1.452291
 3024.000000 1.434696
 3025.000000 1.419039
 3026.000000 1.406950
 3027.000000 1.399724
 3028.000000 1.397990
 3029.000000 1.401570
 3030.000000 1.409629
 3031.000000 1.420780
 3032.000000 1.433492
 3033.000000 1.446238
 3034.000000 1.457455
 3035.000000 1.465734
 3036.000000 1.470155
 3037.000000 1.470262
 3038.000000 1.466066
 3039.000000 1.458120
 3040.000000 1.447407
 3041.000000 1.435207
 3042.000000 1.422845
 3043.000000 1.411579
 3044.000000 1.402716
 3045.000000 1.397413
 3046.000000 1.396515
 3047.000000 1.400363
 3048.000000 1.408651
 3049.000000 1.420512
 3050.000000 1.434575
 3051.000000 1.448891
 3052.000000 1.461758
 3053.000000 1.471435
 3054.000000 1.476525
 3055.000000 1.476133
 3056.000000 1.469985
 3057.000000 1.458586
 3058.000000 1.442973
 3059.000000 1.424760
 3060.000000 1.406182
 3061.000000 1.389779
 3062.000000 1.378100
 3063.000000 1.373050
 3064.000000 1.375510
 3065.000000 1.385213
 3066.000000 1.400830
 3067.000000 1.420077
 3068.000000 1.440601
 3069.000000 1.459960
 3070.000000 1.476137
 3071.000000 1.487536
 3072.000000 1.493203
 3073.000000 1.492511
 3074.000000 1.485460
 3075.000000 1.472730
 3076.000000 1.455185
 3077.000000 1.434713
 3078.000000 1.413600
 3079.000000 1.394076
 3080.000000 1.378576
 3081.000000 1.369085
 3082.000000 1.366993
 3083.000000 1.372707
 3084.000000 1.385455
 3085.000000 1.403262
 3086.000000 1.423857
 3087.000000 1.444590
 3088.000000 1.463026
 3089.000000 1.477145
 3090.000000 1.485566
 3091.000000 1.487674
 3092.000000 1.483471
 3093.000000 1.473528
 3094.000000 1.459047
 3095.000000 1.441662
 3096.000000 1.423394
 3097.000000 1.406323
 3098.000000 1.392820
 3099.000000 1.384881
 3100.000000 1.383774
 3101.000000 1.389679
 3102.000000 1.401589
 3103.000000 1.417724
 3104.000000 1.435834
 3105.000000 1.453398
 3106.000000 1.468034
 3107.000000 1.478188
 3108.000000 1.482673
 3109.000000 1.481040
 3110.000000 1.473454
 3111.000000 1.460955
 3112.000000 1.444814
 3113.000000 1.426938
 3114.000000 1.409258
 3115.000000 1.394103
 3116.000000 1.383375
 3117.000000 1.378181
 3118.000000 1.379111
 3119.000000 1.385838
 3120.000000 1.397187
 3121.000000 1.411568
 3122.000000 1.427303
 3123.000000 1.442871
 3124.000000 1.456508
 3125.000000 1.467066
 3126.000000 1.473676
 3127.000000 1.475824
 3128.000000 1.473339
 3129.000000 1.466440
 3130.000000 1.455792
 3131.000000 1.442274
 3132.000000 1.427003
 3133.000000 1.411526
 3134.000000 1.397712
 3135.000000 1.387109
 3136.000000 1.381110
 3137.000000 1.380530
 3138.000000 1.385404
 3139.000000 1.394884
 3140.000000 1.407657
 3141.000000 1.422021
 3142.000000 1.436178
 3143.000000 1.448466
 3144.000000 1.457636
 3145.000000 1.462772
 3146.000000 1.463637
 3147.000000 1.460445
 3148.000000 1.453843
 3149.000000 1.444861
 3150.000000 1.434750
 3151.000000 1.424800
 3152.000000 1.416343
 3153.000000 1.410640
 3154.000000 1.408523
 3155.000000 1.410402
 3156.000000 1.416198
 3157.000000 1.425227
 3158.000000 1.436455
 3159.000000 1.448430
 3160.000000 1.459607
 3161.000000 1.468586
 3162.000000 1.474563
 3163.000000 1.477073
 3164.000000 1.476049
 3165.000000 1.471802
 3166.000000 1.464920
 3167.000000 1.456150
 3168.000000 1.446455
 3169.000000 1.436933
 3170.000000 1.428590
 3171.000000 1.422523
 3172.000000 1.419539
 3173.000000 1.420180
 3174.000000 1.424594
 3175.000000 1.432460
 3176.000000 1.443000
 3177.000000 1.454943
 3178.000000 1.466801
 3179.000000 1.476982
 3180.000000 1.484035
 3181.000000 1.486839
 3182.000000 1.484709
 3183.000000 1.477473
 3184.000000 1.465556
 3185.000000 1.449902
 3186.000000 1.432234
 3187.000000 1.414575
 3188.000000 1.399159
 3189.000000 1.387708
 3190.000000 1.382109
 3191.000000 1.383199
 3192.000000 1.390727
 3193.000000 1.403583
 3194.000000 1.419965
 3195.000000 1.437635
 3196.000000 1.454079
 3197.000000 1.467498
 3198.000000 1.476439
 3199.000000 1.479971
 3200.000000 1.477746
 3201.000000 1.470044
 3202.000000 1.457842
 3203.000000 1.442609
 3204.000000 1.426151
 3205.000000 1.410348
 3206.000000 1.397153
 3207.000000 1.388149
 3208.000000 1.384365
 3209.000000 1.386132
 3210.000000 1.392985
 3211.000000 1.403718
 3212.000000 1.416915
 3213.000000 1.430970
 3214.000000 1.444509
 3215.000000 1.456196
 3216.000000 1.464861
 3217.000000 1.469610
 3218.000000 1.469925
 3219.000000 1.465705
 3220.000000 1.457262
 3221.000000 1.445315
 3222.000000 1.431207
 3223.000000 1.416257
 3224.000000 1.401856
 3225.000000 1.389885
 3226.000000 1.381825
 3227.000000 1.378750
 3228.000000 1.381186
 3229.000000 1.388846
 3230.000000 1.400604
 3231.000000 1.414928
 3232.000000 1.429845
 3233.000000 1.443349
 3234.000000 1.453659
 3235.000000 1.459650
 3236.000000 1.460660
 3237.000000 1.456660
 3238.000000 1.448250
 3239.000000 1.436564
 3240.000000 1.423133
 3241.000000 1.409587
 3242.000000 1.397614
 3243.000000 1.388853
 3244.000000 1.384442
 3245.000000 1.384906
 3246.000000 1.390244
 3247.000000 1.399694
 3248.000000 1.412145
 3249.000000 1.426309
 3250.000000 1.440656
 3251.000000 1.453930
 3252.000000 1.465053
 3253.000000 1.473210
 3254.000000 1.477788
 3255.000000 1.478471
 3256.000000 1.475203
 3257.000000 1.468284
 3258.000000 1.458267
 3259.000000 1.445983
 3260.000000 1.432597
 3261.000000 1.419520
 3262.000000 1.408098
 3263.000000 1.399678
 3264.000000 1.395536
 3265.000000 1.396413
 3266.000000 1.402381
 3267.000000 1.412701
 3268.000000 1.425916
 3269.000000 1.440495
 3270.000000 1.454661
 3271.000000 1.466673
 3272.000000 1.475085
 3273.000000 1.479068
 3274.000000 1.478444
 3275.000000 1.473496
 3276.000000 1.465005
 3277.000000 1.454132
 3278.000000 1.442533
 3279.000000 1.431565
 3280.000000 1.422773
 3281.000000 1.417523
 3282.000000 1.416667
 3283.000000 1.420379
 3284.000000 1.428234
 3285.000000 1.439145
 3286.000000 1.451653
 3287.000000 1.464045
 3288.000000 1.474740
 3289.000000 1.482406
 3290.000000 1.486036
 3291.000000 1.485245
 3292.000000 1.480226
 3293.000000 1.471657
 3294.000000 1.460667
 3295.000000 1.448430
 3296.000000 1.436251
 3297.000000 1.425529
 3298.000000 1.417671
 3299.000000 1.413448
 3300.000000 1.413069
 3301.000000 1.416265
 3302.000000 1.422380
 3303.000000 1.430458
 3304.000000 1.439588
 3305.000000 1.448666
 3306.000000 1.456649
 3307.000000 1.462648
 3308.000000 1.465991
 3309.000000 1.466312
 3310.000000 1.463595
 3311.000000 1.458208
 3312.000000 1.450765
 3313.000000 1.442126
 3314.000000 1.433313
 3315.000000 1.425372
 3316.000000 1.419296
 3317.000000 1.415934
 3318.000000 1.415816
 3319.000000 1.419030
 3320.000000 1.425206
 3321.000000 1.433538
 3322.000000 1.442762
 3323.000000 1.451662
 3324.000000 1.459003
 3325.000000 1.463553
 3326.000000 1.464430
 3327.000000 1.461160
 3328.000000 1.453671
 3329.000000 1.442495
 3330.000000 1.428678
 3331.000000 1.413555
 3332.000000 1.398973
 3333.000000 1.386675
 3334.000000 1.378435
 3335.000000 1.375700
 3336.000000 1.378952
 3337.000000 1.387795
 3338.000000 1.400866
 3339.000000 1.416428
 3340.000000 1.432638
 3341.000000 1.447657
 3342.000000 1.459781
 3343.000000 1.468054
 3344.000000 1.471890
 3345.000000 1.471067
 3346.000000 1.465841
 3347.000000 1.456675
 3348.000000 1.444383
 3349.000000 1.430238
 3350.000000 1.415613
 3351.000000 1.401936
 3352.000000 1.390708
 3353.000000 1.383220
 3354.000000 1.380474
 3355.000000 1.382909
 3356.000000 1.390377
 3357.000000 1.402096
 3358.000000 1.416855
 3359.000000 1.432958
 3360.000000 1.448574
 3361.000000 1.461810
 3362.000000 1.471158
 3363.000000 1.475323
 3364.000000 1.473453
 3365.000000 1.465263
 3366.000000 1.451168
 3367.000000 1.432478
 3368.000000 1.411169
 3369.000000 1.389829
 3370.000000 1.371066
 3371.000000 1.357827
 3372.000000 1.352334
 3373.000000 1.355597
 3374.000000 1.367267
 3375.000000 1.385698
 3376.000000 1.408118
 3377.000000 1.431607
 3378.000000 1.453409
 3379.000000 1.471404
 3380.000000 1.483729
 3381.000000 1.489110
 3382.000000 1.486962
 3383.000000 1.477465
 3384.000000 1.461501
 3385.000000 1.440633
 3386.000000 1.416952
 3387.000000 1.393198
 3388.000000 1.371921
 3389.000000 1.355449
 3390.000000 1.345812
 3391.000000 1.343936
 3392.000000 1.349752
 3393.000000 1.362045
 3394.000000 1.378646
 3395.000000 1.396795
 3396.000000 1.414236
 3397.000000 1.428697
 3398.000000 1.438632
 3399.000000 1.443199
 3400.000000 1.442079
 3401.000000 1.435608
 3402.000000 1.424802
 3403.000000 1.411184
 3404.000000 1.396358
 3405.000000 1.382242
 3406.000000 1.370858
 3407.000000 1.363901
 3408.000000 1.362389
 3409.000000 1.366793
 3410.000000 1.376816
 3411.000000 1.391205
 3412.000000 1.408369
 3413.000000 1.426057
 3414.000000 1.442420
 3415.000000 1.455636
 3416.000000 1.464134
 3417.000000 1.466705
 3418.000000 1.463052
 3419.000000 1.453529
 3420.000000 1.439021
 3421.000000 1.421241
 3422.000000 1.402310
 3423.000000 1.384535
 3424.000000 1.370231
 3425.000000 1.361387
 3426.000000 1.359267
 3427.000000 1.364186
 3428.000000 1.375347
 3429.000000 1.391065
 3430.000000 1.409238
 3431.000000 1.427207
 3432.000000 1.442702
 3433.000000 1.453827
 3434.000000 1.459163
 3435.000000 1.458148
 3436.000000 1.450905
 3437.000000 1.438385
 3438.000000 1.422047
 3439.000000 1.404197
 3440.000000 1.387258
 3441.000000 1.373581
 3442.000000 1.365218
 3443.000000 1.363471
 3444.000000 1.368636
 3445.000000 1.380037
 3446.000000 1.395869
 3447.000000 1.414044
 3448.000000 1.432280
 3449.000000 1.448256
 3450.000000 1.460211
 3451.000000 1.466692
 3452.000000 1.466934
 3453.000000 1.460827
 3454.000000 1.448870
 3455.000000 1.432382
 3456.000000 1.413371
 3457.000000 1.394148
 3458.000000 1.377279
 3459.000000 1.364995
 3460.000000 1.359302
 3461.000000 1.361183
 3462.000000 1.370523
 3463.000000 1.386115
 3464.000000 1.405826
 3465.000000 1.427383
 3466.000000 1.448134
 3467.000000 1.465649
 3468.000000 1.477963
 3469.000000 1.483681
 3470.000000 1.482139
 3471.000000 1.473240
 3472.000000 1.457755
 3473.000000 1.437301
 3474.000000 1.414241
 3475.000000 1.391425
 3476.000000 1.371988
 3477.000000 1.358715
 3478.000000 1.353599
 3479.000000 1.357510
 3480.000000 1.369845
 3481.000000 1.388532
 3482.000000 1.411163
 3483.000000 1.434497
 3484.000000 1.455334
 3485.000000 1.471238
 3486.000000 1.480459
 3487.000000 1.482176
 3488.000000 1.476249
 3489.000000 1.463283
 3490.000000 1.444670
 3491.000000 1.422462
 3492.000000 1.399016
 3493.000000 1.376657
 3494.000000 1.358399
 3495.000000 1.346402
 3496.000000 1.341893
 3497.000000 1.345148
 3498.000000 1.355348
 3499.000000 1.370509
 3500.000000 1.388478
 3501.000000 1.406737
 3502.000000 1.422888
 3503.000000 1.435073
 3504.000000 1.442103
 3505.000000 1.443359
 3506.000000 1.438896
 3507.000000 1.429379
 3508.000000 1.415802
 3509.000000 1.399977
 3510.000000 1.383910
 3511.000000 1.369634
 3512.000000 1.359133
 3513.000000 1.354078
 3514.000000 1.355233
 3515.000000 1.362425
 3516.000000 1.374541
 3517.000000 1.389845
 3518.000000 1.406335
 3519.000000 1.421725
 3520.000000 1.433973
 3521.000000 1.441553
 3522.000000 1.443662
 3523.000000 1.440052
 3524.000000 1.431112
 3525.000000 1.417654
 3526.000000 1.401438
 3527.000000 1.384430
 3528.000000 1.369009
 3529.000000 1.357663
 3530.000000 1.352207
 3531.000000 1.353668
 3532.000000 1.361925
 3533.000000 1.375915
 3534.000000 1.393669
 3535.000000 1.412857
 3536.000000 1.431385
 3537.000000 1.446769
 3538.000000 1.457184
 3539.000000 1.461628
 3540.000000 1.459517
 3541.000000 1.450974
 3542.000000 1.436791
 3543.000000 1.418334
 3544.000000 1.397948
 3545.000000 1.378421
 3546.000000 1.362383
 3547.000000 1.352038
 3548.000000 1.349069
 3549.000000 1.353762
 3550.000000 1.365467
 3551.000000 1.382559
 3552.000000 1.402868
 3553.000000 1.424150
 3554.000000 1.444135
 3555.000000 1.460865
 3556.000000 1.472935
 3557.000000 1.479426
 3558.000000 1.479792
 3559.000000 1.474071
 3560.000000 1.462767
 3561.000000 1.446728
 3562.000000 1.427409
 3563.000000 1.406767
 3564.000000 1.387310
 3565.000000 1.371313
 3566.000000 1.361014
 3567.000000 1.357895
 3568.000000 1.362412
 3569.000000 1.373844
 3570.000000 1.390312
 3571.000000 1.409152
 3572.000000 1.427783
 3573.000000 1.443708
 3574.000000 1.454543
 3575.000000 1.458786
 3576.000000 1.455793
 3577.000000 1.445847
 3578.000000 1.430077
 3579.000000 1.410654
 3580.000000 1.390433
 3581.000000 1.372344
 3582.000000 1.358926
 3583.000000 1.352450
 3584.000000 1.353952
 3585.000000 1.363241
 3586.000000 1.378887
 3587.000000 1.398533
 3588.000000 1.419191
 3589.000000 1.438512
 3590.000000 1.453991
 3591.000000 1.463865
 3592.000000 1.467118
 3593.000000 1.463336
 3594.000000 1.452845
 3595.000000 1.436601
 3596.000000 1.416366
 3597.000000 1.394390
 3598.000000 1.373552
 3599.000000 1.356723
 3600.000000 1.346008
 3601.000000 1.342974
 3602.000000 1.348124
 3603.000000 1.360573
 3604.000000 1.378402
 3605.000000 1.399010
 3606.000000 1.419525
 3607.000000 1.437657
 3608.000000 1.451569
 3609.000000 1.459942
 3610.000000 1.461995
 3611.000000 1.457701
 3612.000000 1.447825
 3613.000000 1.433587
 3614.000000 1.416484
 3615.000000 1.398437
 3616.000000 1.381561
 3617.000000 1.367629
 3618.000000 1.358318
 3619.000000 1.354785
 3620.000000 1.357575
 3621.000000 1.366241
 3622.000000 1.379371
 3623.000000 1.395230
 3624.000000 1.411590
 3625.000000 1.426326
 3626.000000 1.437968
 3627.000000 1.445340
 3628.000000 1.447791
 3629.000000 1.445088
 3630.000000 1.437658
 3631.000000 1.426434
 3632.000000 1.412982
 3633.000000 1.399193
 3634.000000 1.386805
 3635.000000 1.377684
 3636.000000 1.373190
 3637.000000 1.374092
 3638.000000 1.380394
 3639.000000 1.391309
 3640.000000 1.405429
 3641.000000 1.421055
 3642.000000 1.436106
 3643.000000 1.448635
 3644.000000 1.457262
 3645.000000 1.461149
 3646.000000 1.460048
 3647.000000 1.454252
 3648.000000 1.444494
 3649.000000 1.432174
 3650.000000 1.418856
 3651.000000 1.406464
 3652.000000 1.396574
 3653.000000 1.390514
 3654.000000 1.388788
 3655.000000 1.391443
 3656.000000 1.398132
 3657.000000 1.408065
 3658.000000 1.420333
 3659.000000 1.433989
 3660.000000 1.447982
 3661.000000 1.460782
 3662.000000 1.471012
 3663.000000 1.477628
 3664.000000 1.479755
 3665.000000 1.476817
 3666.000000 1.468631
 3667.000000 1.455626
 3668.000000 1.438640
 3669.000000 1.419538
 3670.000000 1.400440
 3671.000000 1.383736
 3672.000000 1.371922
 3673.000000 1.366810
 3674.000000 1.369308
 3675.000000 1.379206
 3676.000000 1.395286
 3677.000000 1.415282
 3678.000000 1.436643
 3679.000000 1.456624
 3680.000000 1.473049
 3681.000000 1.484181
 3682.000000 1.488990
 3683.000000 1.487215
 3684.000000 1.479270
 3685.000000 1.466118
 3686.000000 1.449200
 3687.000000 1.430538
 3688.000000 1.412170
 3689.000000 1.396467
 3690.000000 1.385203
 3691.000000 1.379523
 3692.000000 1.379841
 3693.000000 1.385802
 3694.000000 1.396251
 3695.000000 1.409570
 3696.000000 1.424041
 3697.000000 1.437884
 3698.000000 1.449571
 3699.000000 1.458066
 3700.000000 1.462541
 3701.000000 1.462508
 3702.000000 1.458013
 3703.000000 1.449553
 3704.000000 1.437979
 3705.000000 1.424673
 3706.000000 1.411091
 3707.000000 1.398839
 3708.000000 1.389379
 3709.000000 1.383860
 3710.000000 1.383137
 3711.000000 1.387499
 3712.000000 1.396545
 3713.000000 1.409221
 3714.000000 1.424281
 3715.000000 1.439920
 3716.000000 1.454452
 3717.000000 1.466141
 3718.000000 1.473703
 3719.000000 1.476161
 3720.000000 1.473082
 3721.000000 1.464508
 3722.000000 1.450970
 3723.000000 1.433689
 3724.000000 1.414599
 3725.000000 1.395875
 3726.000000 1.379840
 3727.000000 1.368409
 3728.000000 1.363028
 3729.000000 1.364329
 3730.000000 1.371861
 3731.000000 1.384303
 3732.000000 1.399753
 3733.000000 1.415906
 3734.000000 1.430498
 3735.000000 1.441729
 3736.000000 1.448307
 3737.000000 1.449935
 3738.000000 1.446812
 3739.000000 1.439609
 3740.000000 1.429458
 3741.000000 1.417810
 3742.000000 1.406040
 3743.000000 1.395549
 3744.000000 1.387549
 3745.000000 1.382909
 3746.000000 1.381936
 3747.000000 1.384491
 3748.000000 1.390018
 3749.000000 1.397670
 3750.000000 1.406567
 3751.000000 1.415839
 3752.000000 1.424564
 3753.000000 1.431915
 3754.000000 1.437186
 3755.000000 1.439959
 3756.000000 1.440151
 3757.000000 1.437870
 3758.000000 1.433339
 3759.000000 1.426895
 3760.000000 1.419067
 3761.000000 1.410515
 3762.000000 1.402039
 3763.000000 1.394720
 3764.000000 1.389774
 3765.000000 1.388243
 3766.000000 1.390615
 3767.000000 1.396669
 3768.000000 1.405456
 3769.000000 1.415802
 3770.000000 1.425982
 3771.000000 1.434457
 3772.000000 1.439850
 3773.000000 1.441249
 3774.000000 1.438440
 3775.000000 1.431875
 3776.000000 1.422614
 3777.000000 1.412279
 3778.000000 1.402491
 3779.000000 1.394915
 3780.000000 1.390805
 3781.000000 1.390842
 3782.000000 1.395078
 3783.000000 1.402826
 3784.000000 1.412968
 3785.000000 1.424064
 3786.000000 1.434417
 3787.000000 1.442700
 3788.000000 1.448018
 3789.000000 1.449967
 3790.000000 1.448636
 3791.000000 1.444503
 3792.000000 1.438329
 3793.000000 1.430846
 3794.000000 1.422782
 3795.000000 1.414983
 3796.000000 1.408073
 3797.000000 1.402672
 3798.000000 1.399261
 3799.000000 1.398112
 3800.000000 1.399239
 3801.000000 1.402404
 3802.000000 1.407306
 3803.000000 1.413451
 3804.000000 1.420349
 3805.000000 1.427312
 3806.000000 1.433583
 3807.000000 1.438472
 3808.000000 1.441224
 3809.000000 1.441272
 3810.000000 1.438293
 3811.000000 1.432297
 3812.000000 1.423692
 3813.000000 1.413238
 3814.000000 1.402001
 3815.000000 1.391305
 3816.000000 1.382652
 3817.000000 1.377144
 3818.000000 1.375804
 3819.000000 1.379034
 3820.000000 1.386666
 3821.000000 1.397714
 3822.000000 1.410952
 3823.000000 1.424939
 3824.000000 1.438195
 3825.000000 1.449134
 3826.000000 1.456564
 3827.000000 1.459715
 3828.000000 1.458205
 3829.000000 1.452245
 3830.000000 1.442537
 3831.000000 1.430299
 3832.000000 1.417215
 3833.000000 1.405010
 3834.000000 1.395267
 3835.000000 1.389223
 3836.000000 1.387560
 3837.000000 1.390281
 3838.000000 1.396628
 3839.000000 1.405324
 3840.000000 1.415035
 3841.000000 1.424241
 3842.000000 1.431696
 3843.000000 1.436533
 3844.000000 1.438318
 3845.000000 1.436948
 3846.000000 1.432631
 3847.000000 1.425908
 3848.000000 1.417460
 3849.000000 1.408165
 3850.000000 1.398964
 3851.000000 1.390853
 3852.000000 1.384643
 3853.000000 1.381107
 3854.000000 1.380700
 3855.000000 1.383622
 3856.000000 1.389741
 3857.000000 1.398510
 3858.000000 1.409082
 3859.000000 1.420457
 3860.000000 1.431327
 3861.000000 1.440331
 3862.000000 1.446466
 3863.000000 1.448906
 3864.000000 1.447254
 3865.000000 1.441455
 3866.000000 1.431872
 3867.000000 1.419282
 3868.000000 1.405141
 3869.000000 1.390925
 3870.000000 1.378385
 3871.000000 1.369260
 3872.000000 1.364724
 3873.000000 1.365332
 3874.000000 1.370857
 3875.000000 1.380312
 3876.000000 1.392055
 3877.000000 1.404304
 3878.000000 1.415174
 3879.000000 1.423419
 3880.000000 1.427787
 3881.000000 1.427795
 3882.000000 1.423611
 3883.000000 1.416070
 3884.000000 1.406355
 3885.000000 1.396004
 3886.000000 1.386578
 3887.000000 1.379513
 3888.000000 1.375868
 3889.000000 1.376144
 3890.000000 1.380182
 3891.000000 1.387269
 3892.000000 1.396260
 3893.000000 1.405781
 3894.000000 1.414551
 3895.000000 1.421452
 3896.000000 1.425718
 3897.000000 1.427004
 3898.000000 1.425336
 3899.000000 1.421016
 3900.000000 1.414680
 3901.000000 1.407003
 3902.000000 1.398798
 3903.000000 1.390935
 3904.000000 1.384144
 3905.000000 1.378922
 3906.000000 1.375726
 3907.000000 1.374803
 3908.000000 1.376241
 3909.000000 1.379908
 3910.000000 1.385473
 3911.000000 1.392293
 3912.000000 1.399512
 3913.000000 1.406248
 3914.000000 1.411654
 3915.000000 1.415060
 3916.000000 1.415988
 3917.000000 1.414261
 3918.000000 1.410016
 3919.000000 1.403705
 3920.000000 1.396127
 3921.000000 1.388262
 3922.000000 1.381433
 3923.000000 1.376911
 3924.000000 1.375693
 3925.000000 1.378397
 3926.000000 1.385038
 3927.000000 1.394969
 3928.000000 1.407079
 3929.000000 1.420080
 3930.000000 1.432130
 3931.000000 1.441769
 3932.000000 1.447843
 3933.000000 1.449638
 3934.000000 1.447025
 3935.000000 1.440420
 3936.000000 1.430627
 3937.000000 1.418888
 3938.000000 1.406668
 3939.000000 1.395384
 3940.000000 1.386381
 3941.000000 1.380584
 3942.000000 1.378391
 3943.000000 1.379720
 3944.000000 1.383930
 3945.000000 1.389941
 3946.000000 1.396492
 3947.000000 1.402442
 3948.000000 1.407028
 3949.000000 1.409830
 3950.000000 1.410800
 3951.000000 1.410271
 3952.000000 1.408766
 3953.000000 1.406865
 3954.000000 1.405102
 3955.000000 1.403864
 3956.000000 1.403316
 3957.000000 1.403430
 3958.000000 1.404012
 3959.000000 1.404776
 3960.000000 1.405466
 3961.000000 1.405902
 3962.000000 1.406025
 3963.000000 1.405870
 3964.000000 1.405483
 3965.000000 1.404876
 3966.000000 1.403993
 3967.000000 1.402733
 3968.000000 1.400959
 3969.000000 1.398507
 3970.000000 1.395310
 3971.000000 1.391349
 3972.000000 1.386801
 3973.000000 1.381979
 3974.000000 1.377492
 3975.000000 1.374091
 3976.000000 1.372527
 3977.000000 1.373378
 3978.000000 1.376821
 3979.000000 1.382581
 3980.000000 1.389980
 3981.000000 1.397971
 3982.000000 1.405577
 3983.000000 1.411762
 3984.000000 1.415562
 3985.000000 1.416404
 3986.000000 1.414062
 3987.000000 1.408778
 3988.000000 1.401216
 3989.000000 1.392406
 3990.000000 1.383798
 3991.000000 1.376621
 3992.000000 1.372033
 3993.000000 1.370787
 3994.000000 1.373059
 3995.000000 1.378404
 3996.000000 1.385949
 3997.000000 1.394470
 3998.000000 1.402572
 3999.000000 1.409169
 4000.000000 1.413487
 4001.000000 1.415025
 4002.000000 1.413667
 4003.000000 1.409647
 4004.000000 1.403451
 4005.000000 1.395736
 4006.000000 1.387374
 4007.000000 1.379413
 4008.000000 1.373046
 4009.000000 1.369146
 4010.000000 1.368188
 4011.000000 1.370115
 4012.000000 1.374308
 4013.000000 1.379810
 4014.000000 1.385579
 4015.000000 1.390762
 4016.000000 1.394745
 4017.000000 1.397287
 4018.000000 1.398389
 4019.000000 1.398209
 4020.000000 1.397001
 4021.000000 1.395062
 4022.000000 1.392716
 4023.000000 1.390300
 4024.000000 1.388105
 4025.000000 1.386421
 4026.000000 1.385429
 4027.000000 1.385232
 4028.000000 1.385827
 4029.000000 1.387133
 4030.000000 1.389037
 4031.000000 1.391391
 4032.000000 1.393960
 4033.000000 1.396436
 4034.000000 1.398484
 4035.000000 1.399776
 4036.000000 1.400021
 4037.000000 1.399015
 4038.000000 1.396664
 4039.000000 1.392979
 4040.000000 1.388221
 4041.000000 1.382678
 4042.000000 1.376752
 4043.000000 1.370907
 4044.000000 1.365702
 4045.000000 1.361634
 4046.000000 1.359330
 4047.000000 1.359198
 4048.000000 1.361419
 4049.000000 1.365898
 4050.000000 1.372281
 4051.000000 1.379897
 4052.000000 1.387809
 4053.000000 1.395196
 4054.000000 1.401265
 4055.000000 1.405465
 4056.000000 1.407571
 4057.000000 1.407828
 4058.000000 1.406725
 4059.000000 1.404885
 4060.000000 1.402942
 4061.000000 1.401387
 4062.000000 1.400552
 4063.000000 1.400528
 4064.000000 1.401192
 4065.000000 1.402284
 4066.000000 1.403482
 4067.000000 1.404494
 4068.000000 1.405173
 4069.000000 1.405533
 4070.000000 1.405714
 4071.000000 1.405870
 4072.000000 1.406082
 4073.000000 1.406331
 4074.000000 1.406521
 4075.000000 1.406525
 4076.000000 1.406228
 4077.000000 1.405554
 4078.000000 1.404507
 4079.000000 1.403155
 4080.000000 1.401651
 4081.000000 1.400214
 4082.000000 1.399138
 4083.000000 1.398678
 4084.000000 1.398998
 4085.000000 1.400130
 4086.000000 1.401970
 4087.000000 1.404290
 4088.000000 1.406735
 4089.000000 1.408875
 4090.000000 1.410260
 4091.000000 1.410495
 4092.000000 1.409286
 4093.000000 1.406494
 4094.000000 1.402226
 4095.000000 1.396812
 4096.000000 1.390855
 4097.000000 1.385117
 4098.000000 1.380317
 4099.000000 1.377103
 4100.000000 1.376037
 4101.000000 1.377375
 4102.000000 1.381006
 4103.000000 1.386569
 4104.000000 1.393383
 4105.000000 1.400679
 4106.000000 1.407621
 4107.000000 1.413499
 4108.000000 1.417680
 4109.000000 1.419791
 4110.000000 1.419640
 4111.000000 1.417201
 4112.000000 1.412656
 4113.000000 1.406375
 4114.000000 1.398865
 4115.000000 1.390759
 4116.000000 1.382877
 4117.000000 1.375980
 4118.000000 1.370920
 4119.000000 1.368212
 4120.000000 1.368246
 4121.000000 1.371119
 4122.000000 1.376657
 4123.000000 1.384428
 4124.000000 1.393593
 4125.000000 1.403388
 4126.000000 1.412985
 4127.000000 1.421585
 4128.000000 1.428566
 4129.000000 1.433308
 4130.000000 1.435577
 4131.000000 1.435377
 4132.000000 1.432972
 4133.000000 1.428872
 4134.000000 1.423731
 4135.000000 1.418322
 4136.000000 1.413334
 4137.000000 1.409421
 4138.000000 1.406973
 4139.000000 1.406131
 4140.000000 1.406722
 4141.000000 1.408318
 4142.000000 1.410320
 4143.000000 1.412089
 4144.000000 1.413016
 4145.000000 1.412604
 4146.000000 1.410548
 4147.000000 1.406818
 4148.000000 1.401597
 4149.000000 1.395397
 4150.000000 1.388922
 4151.000000 1.383033
 4152.000000 1.378546
 4153.000000 1.376071
 4154.000000 1.376009
 4155.000000 1.378476
 4156.000000 1.383322
 4157.000000 1.390072
 4158.000000 1.398044
 4159.000000 1.406377
 4160.000000 1.414187
 4161.000000 1.420551
 4162.000000 1.424811
 4163.000000 1.426484
 4164.000000 1.425367
 4165.000000 1.421556
 4166.000000 1.415500
 4167.000000 1.407865
 4168.000000 1.399568
 4169.000000 1.391645
 4170.000000 1.385124
 4171.000000 1.380879
 4172.000000 1.379379
 4173.000000 1.380735
 4174.000000 1.384671
 4175.000000 1.390546
 4176.000000 1.397514
 4177.000000 1.404646
 4178.000000 1.411049
 4179.000000 1.415837
 4180.000000 1.418364
 4181.000000 1.418267
 4182.000000 1.415542
 4183.000000 1.410608
 4184.000000 1.404355
 4185.000000 1.397980
 4186.000000 1.392743
 4187.000000 1.389711
 4188.000000 1.389479
 4189.000000 1.392170
 4190.000000 1.397406
 4191.000000 1.404515
 4192.000000 1.412633
 4193.000000 1.421008
 4194.000000 1.428835
 4195.000000 1.435255
 4196.000000 1.439482
 4197.000000 1.441033
 4198.000000 1.439653
 4199.000000 1.435393
 4200.000000 1.428563
 4201.000000 1.419822
 4202.000000 1.409936
 4203.000000 1.399777
 4204.000000 1.390536
 4205.000000 1.383017
 4206.000000 1.377742
 4207.000000 1.375042
 4208.000000 1.375020
 4209.000000 1.377435
 4210.000000 1.381736
 4211.000000 1.387181
 4212.000000 1.392845
 4213.000000 1.397859
 4214.000000 1.401432
 4215.000000 1.403032
 4216.000000 1.402424
 4217.000000 1.399718
 4218.000000 1.395342
 4219.000000 1.389926
 4220.000000 1.384266
 4221.000000 1.379187
 4222.000000 1.375715
 4223.000000 1.374671
 4224.000000 1.376560
 4225.000000 1.381357
 4226.000000 1.388442
 4227.000000 1.396920
 4228.000000 1.405673
 4229.000000 1.413673
 4230.000000 1.419958
 4231.000000 1.423857
 4232.000000 1.424982
 4233.000000 1.423261
 4234.000000 1.418993
 4235.000000 1.412821
 4236.000000 1.405619
 4237.000000 1.398358
 4238.000000 1.392107
 4239.000000 1.387652
 4240.000000 1.385531
 4241.000000 1.385926
 4242.000000 1.388580
 4243.000000 1.392829
 4244.000000 1.397752
 4245.000000 1.402345
 4246.000000 1.405558
 4247.000000 1.406654
 4248.000000 1.405280
 4249.000000 1.401518
 4250.000000 1.395859
 4251.000000 1.389224
 4252.000000 1.382664
 4253.000000 1.377333
 4254.000000 1.374288
 4255.000000 1.374328
 4256.000000 1.377835
 4257.000000 1.384636
 4258.000000 1.394086
 4259.000000 1.405191
 4260.000000 1.416626
 4261.000000 1.427117
 4262.000000 1.435421
 4263.000000 1.440623
 4264.000000 1.442303
 4265.000000 1.440418
 4266.000000 1.435300
 4267.000000 1.427612
