#! FIELDS time d
 0.000000 1.449148
 1.000000 1.453941
 2.000000 1.455484
 3.000000 1.453695
 4.000000 1.448947
 5.000000 1.441928
 6.000000 1.433687
 7.000000 1.425307
 8.000000 1.417918
 9.000000 1.412358
 10.000000 1.409260
 11.000000 1.408882
 12.000000 1.411054
 13.000000 1.415241
 14.000000 1.420734
 15.000000 1.426720
 16.000000 1.432439
 17.000000 1.437279
 18.000000 1.440730
 19.000000 1.442560
 20.000000 1.442655
 21.000000 1.441115
 22.000000 1.438178
 23.000000 1.434221
 24.000000 1.429648
 25.000000 1.424871
 26.000000 1.420394
 27.000000 1.416715
 28.000000 1.414359
 29.000000 1.413731
 30.000000 1.415117
 31.000000 1.418568
 32.000000 1.423816
 33.000000 1.430273
 34.000000 1.437405
 35.000000 1.444282
 36.000000 1.450061
 37.000000 1.453937
 38.000000 1.455391
 39.000000 1.454096
 40.000000 1.450110
 41.000000 1.443825
 42.000000 1.436129
 43.000000 1.428107
 44.000000 1.420935
 45.000000 1.415627
 46.000000 1.413035
 47.000000 1.413580
 48.000000 1.417187
 49.000000 1.423401
 50.000000 1.431420
 51.000000 1.440234
 52.000000 1.448721
 53.000000 1.455896
 54.000000 1.461054
 55.000000 1.463788
 56.000000 1.463834
 57.000000 1.461203
 58.000000 1.456170
 59.000000 1.449318
 60.000000 1.441286
 61.000000 1.432708
 62.000000 1.424454
 63.000000 1.417303
 64.000000 1.411871
 65.000000 1.408625
 66.000000 1.407911
 67.000000 1.409808
 68.000000 1.414109
 69.000000 1.420282
 70.000000 1.427621
 71.000000 1.435312
 72.000000 1.442479
 73.000000 1.448236
 74.000000 1.451886
 75.000000 1.452912
 76.000000 1.451078
 77.000000 1.446416
 78.000000 1.439388
 79.000000 1.430723
 80.000000 1.421282
 81.000000 1.412297
 82.000000 1.404859
 83.000000 1.399950
 84.000000 1.398205
 85.000000 1.399804
 86.000000 1.404438
 87.000000 1.411398
 88.000000 1.419751
 89.000000 1.428364
 90.000000 1.436050
 91.000000 1.441897
 92.000000 1.445352
 93.000000 1.446077
 94.000000 1.444153
 95.000000 1.439982
 96.000000 1.434194
 97.000000 1.427663
 98.000000 1.421298
 99.000000 1.416085
 100.000000 1.412706
 101.000000 1.411561
 102.000000 1.412728
 103.000000 1.416010
 104.000000 1.420933
 105.000000 1.426816
 106.000000 1.433071
 107.000000 1.439121
 108.000000 1.444389
 109.000000 1.448257
 110.000000 1.450241
 111.000000 1.450063
 112.000000 1.447629
 113.000000 1.443032
 114.000000 1.436649
 115.000000 1.429112
 116.000000 1.421227
 117.000000 1.413839
 118.000000 1.407804
 119.000000 1.403875
 120.000000 1.402589
 121.000000 1.404170
 122.000000 1.408421
 123.000000 1.414812
 124.000000 1.422567
 125.000000 1.430826
 126.000000 1.438597
 127.000000 1.445040
 128.000000 1.449585
 129.000000 1.451807
 130.000000 1.451567
 131.000000 1.449070
 132.000000 1.444825
 133.000000 1.439432
 134.000000 1.433698
 135.000000 1.428407
 136.000000 1.424210
 137.000000 1.421532
 138.000000 1.420525
 139.000000 1.421095
 140.000000 1.422907
 141.000000 1.425433
 142.000000 1.428146
 143.000000 1.430558
 144.000000 1.432359
 145.000000 1.433413
 146.000000 1.433730
 147.000000 1.433453
 148.000000 1.432783
 149.000000 1.431951
 150.000000 1.431139
 151.000000 1.430469
 152.000000 1.430000
 153.000000 1.429707
 154.000000 1.429519
 155.000000 1.429355
 156.000000 1.429172
 157.000000 1.428985
 158.000000 1.428857
 159.000000 1.428853
 160.000000 1.428997
 161.000000 1.429249
 162.000000 1.429511
 163.000000 1.429660
 164.000000 1.429560
 165.000000 1.429109
 166.000000 1.428270
 167.000000 1.427108
 168.000000 1.425795
 169.000000 1.424630
 170.000000 1.424013
 171.000000 1.424348
 172.000000 1.425958
 173.000000 1.429001
 174.000000 1.433422
 175.000000 1.438885
 176.000000 1.444833
 177.000000 1.450558
 178.000000 1.455347
 179.000000 1.458576
 180.000000 1.459704
 181.000000 1.458484
 182.000000 1.454968
 183.000000 1.449605
 184.000000 1.443086
 185.000000 1.436223
 186.000000 1.429878
 187.000000 1.425079
 188.000000 1.422463
 189.000000 1.422390
 190.000000 1.424816
 191.000000 1.429363
 192.000000 1.435332
 193.000000 1.441811
 194.000000 1.447918
 195.000000 1.452855
 196.000000 1.456103
 197.000000 1.457374
 198.000000 1.456658
 199.000000 1.454163
 200.000000 1.450257
 201.000000 1.445480
 202.000000 1.440467
 203.000000 1.435769
 204.000000 1.431979
 205.000000 1.429392
 206.000000 1.428241
 207.000000 1.428576
 208.000000 1.430287
 209.000000 1.433138
 210.000000 1.436841
 211.000000 1.441000
 212.000000 1.445238
 213.000000 1.449133
 214.000000 1.452204
 215.000000 1.454163
 216.000000 1.454803
 217.000000 1.454002
 218.000000 1.451763
 219.000000 1.448200
 220.000000 1.443662
 221.000000 1.438552
 222.000000 1.433429
 223.000000 1.428790
 224.000000 1.425221
 225.000000 1.423199
 226.000000 1.422952
 227.000000 1.424473
 228.000000 1.427524
 229.000000 1.431626
 230.000000 1.436271
 231.000000 1.440826
 232.000000 1.444677
 233.000000 1.447311
 234.000000 1.448349
 235.000000 1.447615
 236.000000 1.445162
 237.000000 1.441177
 238.000000 1.436045
 239.000000 1.430369
 240.000000 1.424801
 241.000000 1.420020
 242.000000 1.416597
 243.000000 1.414880
 244.000000 1.415063
 245.000000 1.417071
 246.000000 1.420609
 247.000000 1.425220
 248.000000 1.430383
 249.000000 1.435637
 250.000000 1.440453
 251.000000 1.444378
 252.000000 1.447041
 253.000000 1.448124
 254.000000 1.447397
 255.000000 1.444772
 256.000000 1.440371
 257.000000 1.434460
 258.000000 1.427435
 259.000000 1.420064
 260.000000 1.413129
 261.000000 1.407612
 262.000000 1.404372
 263.000000 1.403981
 264.000000 1.406685
 265.000000 1.412303
 266.000000 1.420254
 267.000000 1.429691
 268.000000 1.439459
 269.000000 1.448483
 270.000000 1.455720
 271.000000 1.460327
 272.000000 1.461789
 273.000000 1.459975
 274.000000 1.455229
 275.000000 1.448188
 276.000000 1.439756
 277.000000 1.431100
 278.000000 1.423437
 279.000000 1.417832
 280.000000 1.414981
 281.000000 1.415213
 282.000000 1.418418
 283.000000 1.424043
 284.000000 1.431199
 285.000000 1.438772
 286.000000 1.445764
 287.000000 1.451332
 288.000000 1.454855
 289.000000 1.456051
 290.000000 1.454932
 291.000000 1.451746
 292.000000 1.446951
 293.000000 1.441150
 294.000000 1.435018
 295.000000 1.429174
 296.000000 1.424175
 297.000000 1.420435
 298.000000 1.418186
 299.000000 1.417604
 300.000000 1.418692
 301.000000 1.421369
 302.000000 1.425393
 303.000000 1.430442
 304.000000 1.436124
 305.000000 1.441895
 306.000000 1.447160
 307.000000 1.451327
 308.000000 1.453866
 309.000000 1.454410
 310.000000 1.452834
 311.000000 1.449232
 312.000000 1.444043
 313.000000 1.437913
 314.000000 1.431622
 315.000000 1.426055
 316.000000 1.422074
 317.000000 1.420268
 318.000000 1.420955
 319.000000 1.424121
 320.000000 1.429435
 321.000000 1.436208
 322.000000 1.443582
 323.000000 1.450519
 324.000000 1.456306
 325.000000 1.460300
 326.000000 1.461982
 327.000000 1.461157
 328.000000 1.457875
 329.000000 1.452421
 330.000000 1.445295
 331.000000 1.437249
 332.000000 1.429162
 333.000000 1.421770
 334.000000 1.415821
 335.000000 1.411748
 336.000000 1.409809
 337.000000 1.409966
 338.000000 1.411978
 339.000000 1.415484
 340.000000 1.420097
 341.000000 1.425464
 342.000000 1.431143
 343.000000 1.436786
 344.000000 1.442064
 345.000000 1.446619
 346.000000 1.450101
 347.000000 1.452142
 348.000000 1.452522
 349.000000 1.451144
 350.000000 1.448059
 351.000000 1.443399
 352.000000 1.437501
 353.000000 1.430987
 354.000000 1.424661
 355.000000 1.419300
 356.000000 1.415459
 357.000000 1.413557
 358.000000 1.413721
 359.000000 1.415753
 360.000000 1.419222
 361.000000 1.423426
 362.000000 1.427590
 363.000000 1.430961
 364.000000 1.432929
 365.000000 1.433091
 366.000000 1.431264
 367.000000 1.427522
 368.000000 1.422238
 369.000000 1.416022
 370.000000 1.409640
 371.000000 1.404030
 372.000000 1.399948
 373.000000 1.397931
 374.000000 1.398224
 375.000000 1.400737
 376.000000 1.404967
 377.000000 1.410287
 378.000000 1.416021
 379.000000 1.421477
 380.000000 1.425961
 381.000000 1.428921
 382.000000 1.430051
 383.000000 1.429230
 384.000000 1.426530
 385.000000 1.422190
 386.000000 1.416664
 387.000000 1.410502
 388.000000 1.404373
 389.000000 1.398847
 390.000000 1.394543
 391.000000 1.391939
 392.000000 1.391376
 393.000000 1.392952
 394.000000 1.396509
 395.000000 1.401620
 396.000000 1.407647
 397.000000 1.413709
 398.000000 1.419017
 399.000000 1.422845
 400.000000 1.424688
 401.000000 1.424207
 402.000000 1.421319
 403.000000 1.416316
 404.000000 1.409761
 405.000000 1.402531
 406.000000 1.395558
 407.000000 1.389869
 408.000000 1.386250
 409.000000 1.385234
 410.000000 1.386933
 411.000000 1.391061
 412.000000 1.396927
 413.000000 1.403608
 414.000000 1.409918
 415.000000 1.414754
 416.000000 1.417340
 417.000000 1.417171
 418.000000 1.414167
 419.000000 1.408716
 420.000000 1.401437
 421.000000 1.393193
 422.000000 1.385244
 423.000000 1.378565
 424.000000 1.374090
 425.000000 1.372365
 426.000000 1.373570
 427.000000 1.377436
 428.000000 1.383302
 429.000000 1.390373
 430.000000 1.397731
 431.000000 1.404481
 432.000000 1.410082
 433.000000 1.414130
 434.000000 1.416446
 435.000000 1.417019
 436.000000 1.416047
 437.000000 1.413882
 438.000000 1.410956
 439.000000 1.407722
 440.000000 1.404542
 441.000000 1.401775
 442.000000 1.399772
 443.000000 1.398811
 444.000000 1.399121
 445.000000 1.400795
 446.000000 1.403751
 447.000000 1.407673
 448.000000 1.412004
 449.000000 1.416084
 450.000000 1.419166
 451.000000 1.420600
 452.000000 1.419916
 453.000000 1.416899
 454.000000 1.411693
 455.000000 1.404845
 456.000000 1.397181
 457.000000 1.389796
 458.000000 1.383864
 459.000000 1.380269
 460.000000 1.379774
 461.000000 1.382716
 462.000000 1.388921
 463.000000 1.397764
 464.000000 1.408347
 465.000000 1.419666
 466.000000 1.430619
 467.000000 1.440205
 468.000000 1.447567
 469.000000 1.452187
 470.000000 1.453721
 471.000000 1.452133
 472.000000 1.447698
 473.000000 1.440905
 474.000000 1.432500
 475.000000 1.423354
 476.000000 1.414423
 477.000000 1.406766
 478.000000 1.401274
 479.000000 1.398506
 480.000000 1.398717
 481.000000 1.401814
 482.000000 1.407342
 483.000000 1.414507
 484.000000 1.422262
 485.000000 1.429507
 486.000000 1.435283
 487.000000 1.438928
 488.000000 1.440059
 489.000000 1.438692
 490.000000 1.435140
 491.000000 1.429983
 492.000000 1.423952
 493.000000 1.417888
 494.000000 1.412746
 495.000000 1.409254
 496.000000 1.407945
 497.000000 1.409019
 498.000000 1.412336
 499.000000 1.417454
 500.000000 1.423687
 501.000000 1.430194
 502.000000 1.436005
 503.000000 1.440458
 504.000000 1.442987
 505.000000 1.443249
 506.000000 1.441220
 507.000000 1.437195
 508.000000 1.431711
 509.000000 1.425552
 510.000000 1.419555
 511.000000 1.414425
 512.000000 1.410847
 513.000000 1.409188
 514.000000 1.409540
 515.000000 1.411688
 516.000000 1.415214
 517.000000 1.419517
 518.000000 1.423891
 519.000000 1.427716
 520.000000 1.430527
 521.000000 1.432016
 522.000000 1.432015
 523.000000 1.430505
 524.000000 1.427604
 525.000000 1.423613
 526.000000 1.418965
 527.000000 1.414154
 528.000000 1.409706
 529.000000 1.406029
 530.000000 1.403374
 531.000000 1.402022
 532.000000 1.402079
 533.000000 1.403527
 534.000000 1.406162
 535.000000 1.409612
 536.000000 1.413419
 537.000000 1.417035
 538.000000 1.419914
 539.000000 1.421651
 540.000000 1.421946
 541.000000 1.420634
 542.000000 1.417733
 543.000000 1.413458
 544.000000 1.408291
 545.000000 1.402781
 546.000000 1.397618
 547.000000 1.393417
 548.000000 1.390704
 549.000000 1.389834
 550.000000 1.390938
 551.000000 1.393856
 552.000000 1.398211
 553.000000 1.403385
 554.000000 1.408622
 555.000000 1.413258
 556.000000 1.416555
 557.000000 1.418003
 558.000000 1.417331
 559.000000 1.414558
 560.000000 1.410013
 561.000000 1.404308
 562.000000 1.398261
 563.000000 1.392779
 564.000000 1.388854
 565.000000 1.387210
 566.000000 1.388105
 567.000000 1.391386
 568.000000 1.396495
 569.000000 1.402679
 570.000000 1.409015
 571.000000 1.414703
 572.000000 1.419206
 573.000000 1.422229
 574.000000 1.423832
 575.000000 1.424235
 576.000000 1.423757
 577.000000 1.422698
 578.000000 1.421278
 579.000000 1.419616
 580.000000 1.417790
 581.000000 1.415856
 582.000000 1.413920
 583.000000 1.412162
 584.000000 1.410854
 585.000000 1.410284
 586.000000 1.410665
 587.000000 1.412055
 588.000000 1.414335
 589.000000 1.417241
 590.000000 1.420420
 591.000000 1.423408
 592.000000 1.425787
 593.000000 1.427188
 594.000000 1.427395
 595.000000 1.426347
 596.000000 1.424177
 597.000000 1.421205
 598.000000 1.417925
 599.000000 1.414844
 600.000000 1.412485
 601.000000 1.411294
 602.000000 1.411538
 603.000000 1.413255
 604.000000 1.416204
 605.000000 1.419964
 606.000000 1.424049
 607.000000 1.427897
 608.000000 1.431031
 609.000000 1.433201
 610.000000 1.434363
 611.000000 1.434642
 612.000000 1.434264
 613.000000 1.433471
 614.000000 1.432457
 615.000000 1.431344
 616.000000 1.430165
 617.000000 1.428908
 618.000000 1.427537
 619.000000 1.426040
 620.000000 1.424471
 621.000000 1.422949
 622.000000 1.421609
 623.000000 1.420564
 624.000000 1.419854
 625.000000 1.419417
 626.000000 1.419087
 627.000000 1.418602
 628.000000 1.417676
 629.000000 1.416126
 630.000000 1.413957
 631.000000 1.411447
 632.000000 1.408939
 633.000000 1.406752
 634.000000 1.405163
 635.000000 1.404451
 636.000000 1.404969
 637.000000 1.406997
 638.000000 1.410623
 639.000000 1.415684
 640.000000 1.421823
 641.000000 1.428386
 642.000000 1.434711
 643.000000 1.440067
 644.000000 1.443831
 645.000000 1.445599
 646.000000 1.445051
 647.000000 1.442112
 648.000000 1.436941
 649.000000 1.429922
 650.000000 1.421610
 651.000000 1.412675
 652.000000 1.403858
 653.000000 1.395872
 654.000000 1.389308
 655.000000 1.384551
 656.000000 1.381823
 657.000000 1.381170
 658.000000 1.382435
 659.000000 1.385249
 660.000000 1.389079
 661.000000 1.393302
 662.000000 1.397212
 663.000000 1.400235
 664.000000 1.401828
 665.000000 1.401783
 666.000000 1.400135
 667.000000 1.397177
 668.000000 1.393476
 669.000000 1.389674
 670.000000 1.386343
 671.000000 1.383897
 672.000000 1.382527
 673.000000 1.382257
 674.000000 1.382946
 675.000000 1.384427
 676.000000 1.386572
 677.000000 1.389298
 678.000000 1.392540
 679.000000 1.396169
 680.000000 1.399934
 681.000000 1.403469
 682.000000 1.406291
 683.000000 1.407950
 684.000000 1.408034
 685.000000 1.406296
 686.000000 1.402743
 687.000000 1.397608
 688.000000 1.391464
 689.000000 1.385086
 690.000000 1.379429
 691.000000 1.375310
 692.000000 1.373353
 693.000000 1.373849
 694.000000 1.376632
 695.000000 1.381202
 696.000000 1.386756
 697.000000 1.392435
 698.000000 1.397441
 699.000000 1.401165
 700.000000 1.403259
 701.000000 1.403642
 702.000000 1.402396
 703.000000 1.399836
 704.000000 1.396459
 705.000000 1.392871
 706.000000 1.389625
 707.000000 1.387228
 708.000000 1.386083
 709.000000 1.386353
 710.000000 1.387996
 711.000000 1.390769
 712.000000 1.394199
 713.000000 1.397792
 714.000000 1.401098
 715.000000 1.403695
 716.000000 1.405274
 717.000000 1.405707
 718.000000 1.405038
 719.000000 1.403439
 720.000000 1.401191
 721.000000 1.398566
 722.000000 1.395789
 723.000000 1.393004
 724.000000 1.390302
 725.000000 1.387727
 726.000000 1.385367
 727.000000 1.383385
 728.000000 1.381965
 729.000000 1.381327
 730.000000 1.381664
 731.000000 1.383063
 732.000000 1.385446
 733.000000 1.388544
 734.000000 1.391923
 735.000000 1.394981
 736.000000 1.397173
 737.000000 1.398132
 738.000000 1.397793
 739.000000 1.396441
 740.000000 1.394649
 741.000000 1.393119
 742.000000 1.392526
 743.000000 1.393322
 744.000000 1.395624
 745.000000 1.399168
 746.000000 1.403448
 747.000000 1.407740
 748.000000 1.411271
 749.000000 1.413415
 750.000000 1.413827
 751.000000 1.412456
 752.000000 1.409525
 753.000000 1.405490
 754.000000 1.400924
 755.000000 1.396286
 756.000000 1.391972
 757.000000 1.388228
 758.000000 1.385117
 759.000000 1.382705
 760.000000 1.380958
 761.000000 1.379881
 762.000000 1.379490
 763.000000 1.379807
 764.000000 1.380848
 765.000000 1.382575
 766.000000 1.384854
 767.000000 1.387460
 768.000000 1.390152
 769.000000 1.392667
 770.000000 1.394824
 771.000000 1.396521
 772.000000 1.397666
 773.000000 1.398217
 774.000000 1.398161
 775.000000 1.397492
 776.000000 1.396269
 777.000000 1.394616
 778.000000 1.392769
 779.000000 1.391013
 780.000000 1.389718
 781.000000 1.389193
 782.000000 1.389632
 783.000000 1.391063
 784.000000 1.393315
 785.000000 1.396091
 786.000000 1.398980
 787.000000 1.401552
 788.000000 1.403557
 789.000000 1.404899
 790.000000 1.405664
 791.000000 1.406045
 792.000000 1.406272
 793.000000 1.406540
 794.000000 1.406943
 795.000000 1.407448
 796.000000 1.407888
 797.000000 1.407996
 798.000000 1.407436
 799.000000 1.405915
 800.000000 1.403287
 801.000000 1.399567
 802.000000 1.395135
 803.000000 1.390659
 804.000000 1.386967
 805.000000 1.384809
 806.000000 1.384699
 807.000000 1.386825
 808.000000 1.390980
 809.000000 1.396586
 810.000000 1.402919
 811.000000 1.409088
 812.000000 1.414356
 813.000000 1.418079
 814.000000 1.419880
 815.000000 1.419761
 816.000000 1.417953
 817.000000 1.414895
 818.000000 1.411101
 819.000000 1.407106
 820.000000 1.403266
 821.000000 1.399941
 822.000000 1.397289
 823.000000 1.395352
 824.000000 1.394117
 825.000000 1.393531
 826.000000 1.393535
 827.000000 1.394105
 828.000000 1.395246
 829.000000 1.396948
 830.000000 1.399142
 831.000000 1.401634
 832.000000 1.404088
 833.000000 1.406127
 834.000000 1.407291
 835.000000 1.407189
 836.000000 1.405550
 837.000000 1.402266
 838.000000 1.397522
 839.000000 1.391657
 840.000000 1.385224
 841.000000 1.379059
 842.000000 1.374096
 843.000000 1.371130
 844.000000 1.370744
 845.000000 1.373187
 846.000000 1.378313
 847.000000 1.385502
 848.000000 1.393902
 849.000000 1.402360
 850.000000 1.409972
 851.000000 1.415789
 852.000000 1.419198
 853.000000 1.419911
 854.000000 1.418047
 855.000000 1.414112
 856.000000 1.408831
 857.000000 1.403067
 858.000000 1.397702
 859.000000 1.393396
 860.000000 1.390589
 861.000000 1.389364
 862.000000 1.389476
 863.000000 1.390462
 864.000000 1.391791
 865.000000 1.392978
 866.000000 1.393682
 867.000000 1.393779
 868.000000 1.393318
 869.000000 1.392482
 870.000000 1.391523
 871.000000 1.390703
 872.000000 1.390222
 873.000000 1.390184
 874.000000 1.390602
 875.000000 1.391419
 876.000000 1.392546
 877.000000 1.393931
 878.000000 1.395541
 879.000000 1.397384
 880.000000 1.399402
 881.000000 1.401468
 882.000000 1.403420
 883.000000 1.405047
 884.000000 1.406081
 885.000000 1.406269
 886.000000 1.405378
 887.000000 1.403336
 888.000000 1.400235
 889.000000 1.396328
 890.000000 1.392085
 891.000000 1.388049
 892.000000 1.384737
 893.000000 1.382686
 894.000000 1.382254
 895.000000 1.383568
 896.000000 1.386465
 897.000000 1.390532
 898.000000 1.395194
 899.000000 1.399770
 900.000000 1.403556
 901.000000 1.405965
 902.000000 1.406522
 903.000000 1.404963
 904.000000 1.401262
 905.000000 1.395657
 906.000000 1.388831
 907.000000 1.381575
 908.000000 1.374986
 909.000000 1.370179
 910.000000 1.368086
 911.000000 1.369272
 912.000000 1.373847
 913.000000 1.381411
 914.000000 1.391135
 915.000000 1.401852
 916.000000 1.412205
 917.000000 1.421130
 918.000000 1.427772
 919.000000 1.431609
 920.000000 1.432484
 921.000000 1.430477
 922.000000 1.425979
 923.000000 1.419537
 924.000000 1.411835
 925.000000 1.403560
 926.000000 1.395315
 927.000000 1.387679
 928.000000 1.381004
 929.000000 1.375667
 930.000000 1.371936
 931.000000 1.369873
 932.000000 1.369416
 933.000000 1.370332
 934.000000 1.372278
 935.000000 1.374884
 936.000000 1.377759
 937.000000 1.380676
 938.000000 1.383553
 939.000000 1.386420
 940.000000 1.389312
 941.000000 1.392227
 942.000000 1.395115
 943.000000 1.397875
 944.000000 1.400384
 945.000000 1.402585
 946.000000 1.404475
 947.000000 1.406041
 948.000000 1.407270
 949.000000 1.408083
 950.000000 1.408359
 951.000000 1.407903
 952.000000 1.406496
 953.000000 1.403973
 954.000000 1.400230
 955.000000 1.395341
 956.000000 1.389748
 957.000000 1.384161
 958.000000 1.379449
 959.000000 1.376402
 960.000000 1.375596
 961.000000 1.377188
 962.000000 1.380919
 963.000000 1.386189
 964.000000 1.392103
 965.000000 1.397574
 966.000000 1.401744
 967.000000 1.403893
 968.000000 1.403707
 969.000000 1.401249
 970.000000 1.396989
 971.000000 1.391665
 972.000000 1.386205
 973.000000 1.381554
 974.000000 1.378535
 975.000000 1.377635
 976.000000 1.379044
 977.000000 1.382597
 978.000000 1.387868
 979.000000 1.394183
 980.000000 1.400761
 981.000000 1.406864
 982.000000 1.411881
 983.000000 1.415458
 984.000000 1.417525
 985.000000 1.418173
 986.000000 1.417638
 987.000000 1.416186
 988.000000 1.414078
 989.000000 1.411490
 990.000000 1.408508
 991.000000 1.405148
 992.000000 1.401412
 993.000000 1.397400
 994.000000 1.393216
 995.000000 1.389186
 996.000000 1.385719
 997.000000 1.383219
 998.000000 1.382051
 999.000000 1.382377
 1000.000000 1.384158
 1001.000000 1.387053
 1002.000000 1.390583
 1003.000000 1.394229
 1004.000000 1.397379
 1005.000000 1.399550
 1006.000000 1.400366
 1007.000000 1.399713
 1008.000000 1.397754
 1009.000000 1.394903
 1010.000000 1.391760
 1011.000000 1.388922
 1012.000000 1.386826
 1013.000000 1.385675
 1014.000000 1.385559
 1015.000000 1.386441
 1016.000000 1.388186
 1017.000000 1.390623
 1018.000000 1.393531
 1019.000000 1.396614
 1020.000000 1.399565
 1021.000000 1.402157
 1022.000000 1.404263
 1023.000000 1.405841
 1024.000000 1.406901
 1025.000000 1.407431
 1026.000000 1.407361
 1027.000000 1.406581
 1028.000000 1.404967
 1029.000000 1.402420
 1030.000000 1.398954
 1031.000000 1.394665
 1032.000000 1.389841
 1033.000000 1.384831
 1034.000000 1.380158
 1035.000000 1.376377
 1036.000000 1.373949
 1037.000000 1.373233
 1038.000000 1.374351
 1039.000000 1.377178
 1040.000000 1.381396
 1041.000000 1.386452
 1042.000000 1.391679
 1043.000000 1.396314
 1044.000000 1.399651
 1045.000000 1.401063
 1046.000000 1.400228
 1047.000000 1.397229
 1048.000000 1.392599
 1049.000000 1.387271
 1050.000000 1.382388
 1051.000000 1.378939
 1052.000000 1.377663
 1053.000000 1.378790
 1054.000000 1.382076
 1055.000000 1.386913
 1056.000000 1.392356
 1057.000000 1.397317
 1058.000000 1.400949
 1059.000000 1.402486
 1060.000000 1.401517
 1061.000000 1.398022
 1062.000000 1.392392
 1063.000000 1.385335
 1064.000000 1.377775
 1065.000000 1.370801
 1066.000000 1.365260
 1067.000000 1.361865
 1068.000000 1.361068
 1069.000000 1.362978
 1070.000000 1.367377
 1071.000000 1.373808
 1072.000000 1.381603
 1073.000000 1.390034
 1074.000000 1.398391
 1075.000000 1.405989
 1076.000000 1.412052
 1077.000000 1.415976
 1078.000000 1.417394
 1079.000000 1.416164
 1080.000000 1.412415
 1081.000000 1.406670
 1082.000000 1.399603
 1083.000000 1.392126
 1084.000000 1.385303
 1085.000000 1.380210
 1086.000000 1.377724
 1087.000000 1.378421
 1088.000000 1.382410
 1089.000000 1.389330
 1090.000000 1.398327
 1091.000000 1.408240
 1092.000000 1.417821
 1093.000000 1.425934
 1094.000000 1.431572
 1095.000000 1.434074
 1096.000000 1.433138
 1097.000000 1.428908
 1098.000000 1.421894
 1099.000000 1.412887
 1100.000000 1.403029
 1101.000000 1.393571
 1102.000000 1.385634
 1103.000000 1.380044
 1104.000000 1.377517
 1105.000000 1.378377
 1106.000000 1.382390
 1107.000000 1.388892
 1108.000000 1.396863
 1109.000000 1.405120
 1110.000000 1.412509
 1111.000000 1.417976
 1112.000000 1.420898
 1113.000000 1.420977
 1114.000000 1.418315
 1115.000000 1.413372
 1116.000000 1.406840
 1117.000000 1.399558
 1118.000000 1.392457
 1119.000000 1.386456
 1120.000000 1.382282
 1121.000000 1.380449
 1122.000000 1.381175
 1123.000000 1.384408
 1124.000000 1.389758
 1125.000000 1.396596
 1126.000000 1.404217
 1127.000000 1.411763
 1128.000000 1.418399
 1129.000000 1.423350
 1130.000000 1.426018
 1131.000000 1.426034
 1132.000000 1.423260
 1133.000000 1.417926
 1134.000000 1.410593
 1135.000000 1.402245
 1136.000000 1.393959
 1137.000000 1.386553
 1138.000000 1.381019
 1139.000000 1.378205
 1140.000000 1.378542
 1141.000000 1.382047
 1142.000000 1.388385
 1143.000000 1.396820
 1144.000000 1.406499
 1145.000000 1.416454
 1146.000000 1.425591
 1147.000000 1.433029
 1148.000000 1.438137
 1149.000000 1.440526
 1150.000000 1.440093
 1151.000000 1.437071
 1152.000000 1.431982
 1153.000000 1.425553
 1154.000000 1.418581
 1155.000000 1.411883
 1156.000000 1.406154
 1157.000000 1.401958
 1158.000000 1.399458
 1159.000000 1.398646
 1160.000000 1.399260
 1161.000000 1.400827
 1162.000000 1.402783
 1163.000000 1.404560
 1164.000000 1.405594
 1165.000000 1.405452
 1166.000000 1.403884
 1167.000000 1.400859
 1168.000000 1.396554
 1169.000000 1.391381
 1170.000000 1.385789
 1171.000000 1.380428
 1172.000000 1.375895
 1173.000000 1.372812
 1174.000000 1.371710
 1175.000000 1.372883
 1176.000000 1.376401
 1177.000000 1.381930
 1178.000000 1.388862
 1179.000000 1.396315
 1180.000000 1.403454
 1181.000000 1.409442
 1182.000000 1.413643
 1183.000000 1.415711
 1184.000000 1.415565
 1185.000000 1.413363
 1186.000000 1.409467
 1187.000000 1.404378
 1188.000000 1.398735
 1189.000000 1.393159
 1190.000000 1.388337
 1191.000000 1.384966
 1192.000000 1.383576
 1193.000000 1.384464
 1194.000000 1.387632
 1195.000000 1.392765
 1196.000000 1.399240
 1197.000000 1.406198
 1198.000000 1.412632
 1199.000000 1.417457
 1200.000000 1.419807
 1201.000000 1.419090
 1202.000000 1.415111
 1203.000000 1.408226
 1204.000000 1.399283
 1205.000000 1.389579
 1206.000000 1.380715
 1207.000000 1.374129
 1208.000000 1.371020
 1209.000000 1.372054
 1210.000000 1.377161
 1211.000000 1.385660
 1212.000000 1.396243
 1213.000000 1.407583
 1214.000000 1.418315
 1215.000000 1.427412
 1216.000000 1.434189
 1217.000000 1.438242
 1218.000000 1.439342
 1219.000000 1.437442
 1220.000000 1.432705
 1221.000000 1.425465
 1222.000000 1.416261
 1223.000000 1.406067
 1224.000000 1.395809
 1225.000000 1.386603
 1226.000000 1.379550
 1227.000000 1.375495
 1228.000000 1.374884
 1229.000000 1.377687
 1230.000000 1.383300
 1231.000000 1.390661
 1232.000000 1.398412
 1233.000000 1.405002
 1234.000000 1.408955
 1235.000000 1.409274
 1236.000000 1.405697
 1237.000000 1.398687
 1238.000000 1.389227
 1239.000000 1.378679
 1240.000000 1.368579
 1241.000000 1.360349
 1242.000000 1.355150
 1243.000000 1.353741
 1244.000000 1.356397
 1245.000000 1.362836
 1246.000000 1.372305
 1247.000000 1.383608
 1248.000000 1.395398
 1249.000000 1.406432
 1250.000000 1.415401
 1251.000000 1.421417
 1252.000000 1.423731
 1253.000000 1.421991
 1254.000000 1.416258
 1255.000000 1.407109
 1256.000000 1.395485
 1257.000000 1.383025
 1258.000000 1.371594
 1259.000000 1.362814
 1260.000000 1.358296
 1261.000000 1.358906
 1262.000000 1.364709
 1263.000000 1.374884
 1264.000000 1.388033
 1265.000000 1.402413
 1266.000000 1.415823
 1267.000000 1.426492
 1268.000000 1.432927
 1269.000000 1.434398
 1270.000000 1.430921
 1271.000000 1.423229
 1272.000000 1.412628
 1273.000000 1.400790
 1274.000000 1.389376
 1275.000000 1.379843
 1276.000000 1.373368
 1277.000000 1.370622
 1278.000000 1.371818
 1279.000000 1.376721
 1280.000000 1.384770
 1281.000000 1.394984
 1282.000000 1.406300
 1283.000000 1.417497
 1284.000000 1.427504
 1285.000000 1.435163
 1286.000000 1.439422
 1287.000000 1.439551
 1288.000000 1.435184
 1289.000000 1.426436
 1290.000000 1.414125
 1291.000000 1.399642
 1292.000000 1.384818
 1293.000000 1.371684
 1294.000000 1.362059
 1295.000000 1.357317
 1296.000000 1.358057
 1297.000000 1.363758
 1298.000000 1.373038
 1299.000000 1.383909
 1300.000000 1.394271
 1301.000000 1.402427
 1302.000000 1.407466
 1303.000000 1.408973
 1304.000000 1.407026
 1305.000000 1.401959
 1306.000000 1.394400
 1307.000000 1.385284
 1308.000000 1.375590
 1309.000000 1.366552
 1310.000000 1.359673
 1311.000000 1.356268
 1312.000000 1.357069
 1313.000000 1.362266
 1314.000000 1.371261
 1315.000000 1.382896
 1316.000000 1.395706
 1317.000000 1.407905
 1318.000000 1.418014
 1319.000000 1.424638
 1320.000000 1.426912
 1321.000000 1.424835
 1322.000000 1.418975
 1323.000000 1.410436
 1324.000000 1.400667
 1325.000000 1.391231
 1326.000000 1.383316
 1327.000000 1.377861
 1328.000000 1.375484
 1329.000000 1.376420
 1330.000000 1.380447
 1331.000000 1.387031
 1332.000000 1.395431
 1333.000000 1.404617
 1334.000000 1.413655
 1335.000000 1.421654
 1336.000000 1.427703
 1337.000000 1.430941
 1338.000000 1.430649
 1339.000000 1.426313
 1340.000000 1.417885
 1341.000000 1.405968
 1342.000000 1.392119
 1343.000000 1.378275
 1344.000000 1.366729
 1345.000000 1.359512
 1346.000000 1.357965
 1347.000000 1.362533
 1348.000000 1.372631
 1349.000000 1.386790
 1350.000000 1.402992
 1351.000000 1.419044
 1352.000000 1.433007
 1353.000000 1.443239
 1354.000000 1.448527
 1355.000000 1.448341
 1356.000000 1.442771
 1357.000000 1.432414
 1358.000000 1.418278
 1359.000000 1.401846
 1360.000000 1.384828
 1361.000000 1.369248
 1362.000000 1.356734
 1363.000000 1.348660
 1364.000000 1.345558
 1365.000000 1.347480
 1366.000000 1.353778
 1367.000000 1.363334
 1368.000000 1.374625
 1369.000000 1.386107
 1370.000000 1.396201
 1371.000000 1.403773
 1372.000000 1.408173
 1373.000000 1.409227
 1374.000000 1.407165
 1375.000000 1.402638
 1376.000000 1.396498
 1377.000000 1.389684
 1378.000000 1.383205
 1379.000000 1.377980
 1380.000000 1.374896
 1381.000000 1.374564
 1382.000000 1.377265
 1383.000000 1.382881
 1384.000000 1.390768
 1385.000000 1.399937
 1386.000000 1.409246
 1387.000000 1.417379
 1388.000000 1.423135
 1389.000000 1.425680
 1390.000000 1.424682
 1391.000000 1.420285
 1392.000000 1.413066
 1393.000000 1.404175
 1394.000000 1.395158
 1395.000000 1.387588
 1396.000000 1.382884
 1397.000000 1.382084
 1398.000000 1.385595
 1399.000000 1.393154
 1400.000000 1.403875
 1401.000000 1.416174
 1402.000000 1.428288
 1403.000000 1.438628
 1404.000000 1.445819
 1405.000000 1.448728
 1406.000000 1.446792
 1407.000000 1.439911
 1408.000000 1.428582
 1409.000000 1.413943
 1410.000000 1.397490
 1411.000000 1.381070
 1412.000000 1.366896
 1413.000000 1.356780
 1414.000000 1.352097
 1415.000000 1.353460
 1416.000000 1.360516
 1417.000000 1.372216
 1418.000000 1.386726
 1419.000000 1.401956
 1420.000000 1.415888
 1421.000000 1.427060
 1422.000000 1.434343
 1423.000000 1.436990
 1424.000000 1.434695
 1425.000000 1.427707
 1426.000000 1.416711
 1427.000000 1.402854
 1428.000000 1.387737
 1429.000000 1.372972
 1430.000000 1.360476
 1431.000000 1.352034
 1432.000000 1.348986
 1433.000000 1.352030
 1434.000000 1.360998
 1435.000000 1.374726
 1436.000000 1.391551
 1437.000000 1.409461
 1438.000000 1.426252
 1439.000000 1.439788
 1440.000000 1.448623
 1441.000000 1.451889
 1442.000000 1.449170
 1443.000000 1.440756
 1444.000000 1.427478
 1445.000000 1.411042
 1446.000000 1.393559
 1447.000000 1.377415
 1448.000000 1.364977
 1449.000000 1.358037
 1450.000000 1.357609
 1451.000000 1.363792
 1452.000000 1.375568
 1453.000000 1.391374
 1454.000000 1.409069
 1455.000000 1.426307
 1456.000000 1.441135
 1457.000000 1.451938
 1458.000000 1.457707
 1459.000000 1.458077
 1460.000000 1.453275
 1461.000000 1.444060
 1462.000000 1.431628
 1463.000000 1.417361
 1464.000000 1.403044
 1465.000000 1.390608
 1466.000000 1.381518
 1467.000000 1.376953
 1468.000000 1.377350
 1469.000000 1.382497
 1470.000000 1.391559
 1471.000000 1.403349
 1472.000000 1.416234
 1473.000000 1.428414
 1474.000000 1.438290
 1475.000000 1.444498
 1476.000000 1.446169
 1477.000000 1.442837
 1478.000000 1.434648
 1479.000000 1.422455
 1480.000000 1.407784
 1481.000000 1.392224
 1482.000000 1.377960
 1483.000000 1.366857
 1484.000000 1.360648
 1485.000000 1.360262
 1486.000000 1.365864
 1487.000000 1.376649
 1488.000000 1.391129
 1489.000000 1.407155
 1490.000000 1.422577
 1491.000000 1.435410
 1492.000000 1.444150
 1493.000000 1.447799
 1494.000000 1.445897
 1495.000000 1.438535
 1496.000000 1.426443
 1497.000000 1.410914
 1498.000000 1.393655
 1499.000000 1.376905
 1500.000000 1.362894
 1501.000000 1.353463
 1502.000000 1.350113
 1503.000000 1.353427
 1504.000000 1.362930
 1505.000000 1.377165
 1506.000000 1.394050
 1507.000000 1.411065
 1508.000000 1.426116
 1509.000000 1.437432
 1510.000000 1.443650
 1511.000000 1.444220
 1512.000000 1.439268
 1513.000000 1.429553
 1514.000000 1.416292
 1515.000000 1.401084
 1516.000000 1.386173
 1517.000000 1.373380
 1518.000000 1.364361
 1519.000000 1.359885
 1520.000000 1.360190
 1521.000000 1.364898
 1522.000000 1.373111
 1523.000000 1.383595
 1524.000000 1.395108
 1525.000000 1.406302
 1526.000000 1.415978
 1527.000000 1.423129
 1528.000000 1.426913
 1529.000000 1.426626
 1530.000000 1.421864
 1531.000000 1.412702
 1532.000000 1.399844
 1533.000000 1.384493
 1534.000000 1.368760
 1535.000000 1.354929
 1536.000000 1.345096
 1537.000000 1.340800
 1538.000000 1.342814
 1539.000000 1.350966
 1540.000000 1.364199
 1541.000000 1.380699
 1542.000000 1.398311
 1543.000000 1.414979
 1544.000000 1.428679
 1545.000000 1.437643
 1546.000000 1.440802
 1547.000000 1.437692
 1548.000000 1.428624
 1549.000000 1.414683
 1550.000000 1.397917
 1551.000000 1.380513
 1552.000000 1.365061
 1553.000000 1.353792
 1554.000000 1.348480
 1555.000000 1.349786
 1556.000000 1.357374
 1557.000000 1.369833
 1558.000000 1.385073
 1559.000000 1.400702
 1560.000000 1.414480
 1561.000000 1.424586
 1562.000000 1.429993
 1563.000000 1.430157
 1564.000000 1.425200
 1565.000000 1.415802
 1566.000000 1.403136
 1567.000000 1.388949
 1568.000000 1.375258
 1569.000000 1.364485
 1570.000000 1.358501
 1571.000000 1.358337
 1572.000000 1.364122
 1573.000000 1.374806
 1574.000000 1.388766
 1575.000000 1.403863
 1576.000000 1.418179
 1577.000000 1.429639
 1578.000000 1.436460
 1579.000000 1.437713
 1580.000000 1.433140
 1581.000000 1.423279
 1582.000000 1.409614
 1583.000000 1.394117
 1584.000000 1.379128
 1585.000000 1.367018
 1586.000000 1.359467
 1587.000000 1.357220
 1588.000000 1.360200
 1589.000000 1.367750
 1590.000000 1.378888
 1591.000000 1.392384
 1592.000000 1.406690
 1593.000000 1.420257
 1594.000000 1.431709
 1595.000000 1.439923
 1596.000000 1.444074
 1597.000000 1.443722
 1598.000000 1.438854
 1599.000000 1.429903
 1600.000000 1.417717
 1601.000000 1.403499
 1602.000000 1.388889
 1603.000000 1.375725
 1604.000000 1.366038
 1605.000000 1.361367
 1606.000000 1.362631
 1607.000000 1.369709
 1608.000000 1.381432
 1609.000000 1.395985
 1610.000000 1.411323
 1611.000000 1.425157
 1612.000000 1.435289
 1613.000000 1.440124
 1614.000000 1.439012
 1615.000000 1.432082
 1616.000000 1.420240
 1617.000000 1.405126
 1618.000000 1.388868
 1619.000000 1.373670
 1620.000000 1.361574
 1621.000000 1.354300
 1622.000000 1.352916
 1623.000000 1.357676
 1624.000000 1.367938
 1625.000000 1.382078
 1626.000000 1.398167
 1627.000000 1.413951
 1628.000000 1.427546
 1629.000000 1.437308
 1630.000000 1.442312
 1631.000000 1.442141
 1632.000000 1.436958
 1633.000000 1.427437
 1634.000000 1.414831
 1635.000000 1.400943
 1636.000000 1.387834
 1637.000000 1.377471
 1638.000000 1.371384
 1639.000000 1.370328
 1640.000000 1.374265
 1641.000000 1.382381
 1642.000000 1.393324
 1643.000000 1.405591
 1644.000000 1.417891
 1645.000000 1.429110
 1646.000000 1.438258
 1647.000000 1.444577
 1648.000000 1.447569
 1649.000000 1.446986
 1650.000000 1.442806
 1651.000000 1.435182
 1652.000000 1.424390
 1653.000000 1.411078
 1654.000000 1.396063
 1655.000000 1.380719
 1656.000000 1.366858
 1657.000000 1.356462
 1658.000000 1.351309
 1659.000000 1.352417
 1660.000000 1.359707
 1661.000000 1.371934
 1662.000000 1.386897
 1663.000000 1.402184
 1664.000000 1.415406
 1665.000000 1.424560
 1666.000000 1.428398
 1667.000000 1.426456
 1668.000000 1.419009
 1669.000000 1.407064
 1670.000000 1.392170
 1671.000000 1.376358
 1672.000000 1.361963
 1673.000000 1.351393
 1674.000000 1.346429
 1675.000000 1.348090
 1676.000000 1.356360
 1677.000000 1.370281
 1678.000000 1.387862
 1679.000000 1.406687
 1680.000000 1.424247
 1681.000000 1.438279
 1682.000000 1.447250
 1683.000000 1.450226
 1684.000000 1.447127
 1685.000000 1.438380
 1686.000000 1.425028
 1687.000000 1.408538
 1688.000000 1.390933
 1689.000000 1.374295
 1690.000000 1.361022
 1691.000000 1.352759
 1692.000000 1.350360
 1693.000000 1.353608
 1694.000000 1.361351
 1695.000000 1.371997
 1696.000000 1.383713
 1697.000000 1.395051
 1698.000000 1.405177
 1699.000000 1.413584
 1700.000000 1.420001
 1701.000000 1.424140
 1702.000000 1.425798
 1703.000000 1.424952
 1704.000000 1.421800
 1705.000000 1.416702
 1706.000000 1.410212
 1707.000000 1.403029
 1708.000000 1.395932
 1709.000000 1.389856
 1710.000000 1.385811
 1711.000000 1.384699
 1712.000000 1.386971
 1713.000000 1.392476
 1714.000000 1.400471
 1715.000000 1.409718
 1716.000000 1.418578
 1717.000000 1.425484
 1718.000000 1.429078
 1719.000000 1.428389
 1720.000000 1.423165
 1721.000000 1.413946
 1722.000000 1.402107
 1723.000000 1.389527
 1724.000000 1.378116
 1725.000000 1.369548
 1726.000000 1.364900
 1727.000000 1.364625
 1728.000000 1.368533
 1729.000000 1.376049
 1730.000000 1.386255
 1731.000000 1.397716
 1732.000000 1.409050
 1733.000000 1.418765
 1734.000000 1.425589
 1735.000000 1.428683
 1736.000000 1.427695
 1737.000000 1.422871
 1738.000000 1.414927
 1739.000000 1.405020
 1740.000000 1.394713
 1741.000000 1.385629
 1742.000000 1.379051
 1743.000000 1.375994
 1744.000000 1.376696
 1745.000000 1.380646
 1746.000000 1.386749
 1747.000000 1.393734
 1748.000000 1.400467
 1749.000000 1.406163
 1750.000000 1.410373
 1751.000000 1.413078
 1752.000000 1.414273
 1753.000000 1.414165
 1754.000000 1.413003
 1755.000000 1.410991
 1756.000000 1.408222
 1757.000000 1.404598
 1758.000000 1.399987
 1759.000000 1.394318
 1760.000000 1.387773
 1761.000000 1.381134
 1762.000000 1.375586
 1763.000000 1.372385
 1764.000000 1.372443
 1765.000000 1.376061
 1766.000000 1.382734
 1767.000000 1.391431
 1768.000000 1.400936
 1769.000000 1.409549
 1770.000000 1.415814
 1771.000000 1.418629
 1772.000000 1.417208
 1773.000000 1.411302
 1774.000000 1.401318
 1775.000000 1.388351
 1776.000000 1.374188
 1777.000000 1.361173
 1778.000000 1.351319
 1779.000000 1.346078
 1780.000000 1.346360
 1781.000000 1.352093
 1782.000000 1.362321
 1783.000000 1.375354
 1784.000000 1.388964
 1785.000000 1.400889
 1786.000000 1.409359
 1787.000000 1.413373
 1788.000000 1.412880
 1789.000000 1.408586
 1790.000000 1.401728
 1791.000000 1.393847
 1792.000000 1.386630
 1793.000000 1.381561
 1794.000000 1.379531
 1795.000000 1.380973
 1796.000000 1.385616
 1797.000000 1.392486
 1798.000000 1.400386
 1799.000000 1.407891
 1800.000000 1.413747
 1801.000000 1.417193
 1802.000000 1.417981
 1803.000000 1.416180
 1804.000000 1.412132
 1805.000000 1.406458
 1806.000000 1.399886
 1807.000000 1.393260
 1808.000000 1.387503
 1809.000000 1.383382
 1810.000000 1.381490
 1811.000000 1.382080
 1812.000000 1.385083
 1813.000000 1.390227
 1814.000000 1.397141
 1815.000000 1.405371
 1816.000000 1.414471
 1817.000000 1.423731
 1818.000000 1.432456
 1819.000000 1.439781
 1820.000000 1.444858
 1821.000000 1.447020
 1822.000000 1.445765
 1823.000000 1.440802
 1824.000000 1.432146
 1825.000000 1.420258
 1826.000000 1.406412
 1827.000000 1.392339
 1828.000000 1.379890
 1829.000000 1.370704
 1830.000000 1.366067
 1831.000000 1.366487
 1832.000000 1.371537
 1833.000000 1.380182
 1834.000000 1.390866
 1835.000000 1.401824
 1836.000000 1.411421
 1837.000000 1.418180
 1838.000000 1.421060
 1839.000000 1.419519
 1840.000000 1.413780
 1841.000000 1.404854
 1842.000000 1.394301
 1843.000000 1.384069
 1844.000000 1.375747
 1845.000000 1.370880
 1846.000000 1.370317
 1847.000000 1.374144
 1848.000000 1.381734
 1849.000000 1.391668
 1850.000000 1.402132
 1851.000000 1.411353
 1852.000000 1.417993
 1853.000000 1.421322
 1854.000000 1.421201
 1855.000000 1.417931
 1856.000000 1.412143
 1857.000000 1.404638
 1858.000000 1.396314
 1859.000000 1.388286
 1860.000000 1.381482
 1861.000000 1.376604
 1862.000000 1.374023
 1863.000000 1.373698
 1864.000000 1.375370
 1865.000000 1.378776
 1866.000000 1.383763
 1867.000000 1.390167
 1868.000000 1.397798
 1869.000000 1.406041
 1870.000000 1.414177
 1871.000000 1.421458
 1872.000000 1.427292
 1873.000000 1.431274
 1874.000000 1.433028
 1875.000000 1.432243
 1876.000000 1.428675
 1877.000000 1.422198
 1878.000000 1.413166
 1879.000000 1.402666
 1880.000000 1.392126
 1881.000000 1.383199
 1882.000000 1.377319
 1883.000000 1.375431
 1884.000000 1.377893
 1885.000000 1.384339
 1886.000000 1.393685
 1887.000000 1.404343
 1888.000000 1.414497
 1889.000000 1.422480
 1890.000000 1.426627
 1891.000000 1.426137
 1892.000000 1.421004
 1893.000000 1.412040
 1894.000000 1.400631
 1895.000000 1.388337
 1896.000000 1.376792
 1897.000000 1.367461
 1898.000000 1.361655
 1899.000000 1.360134
 1900.000000 1.362887
 1901.000000 1.369234
 1902.000000 1.377879
 1903.000000 1.387253
 1904.000000 1.395863
 1905.000000 1.402443
 1906.000000 1.406264
 1907.000000 1.406908
 1908.000000 1.404314
 1909.000000 1.398790
 1910.000000 1.391071
 1911.000000 1.382194
 1912.000000 1.373626
 1913.000000 1.366939
 1914.000000 1.363144
 1915.000000 1.362892
 1916.000000 1.366292
 1917.000000 1.373014
 1918.000000 1.382606
 1919.000000 1.394474
 1920.000000 1.407674
 1921.000000 1.421144
 1922.000000 1.433738
 1923.000000 1.444221
 1924.000000 1.451648
 1925.000000 1.455154
 1926.000000 1.454220
 1927.000000 1.448589
 1928.000000 1.438452
 1929.000000 1.424311
 1930.000000 1.407480
 1931.000000 1.389899
 1932.000000 1.373895
 1933.000000 1.361429
 1934.000000 1.354261
 1935.000000 1.353217
 1936.000000 1.358166
 1937.000000 1.368016
 1938.000000 1.381070
 1939.000000 1.395195
 1940.000000 1.408292
 1941.000000 1.418648
 1942.000000 1.424844
 1943.000000 1.426107
 1944.000000 1.422513
 1945.000000 1.414969
 1946.000000 1.404977
 1947.000000 1.394317
 1948.000000 1.384761
 1949.000000 1.377976
 1950.000000 1.375014
 1951.000000 1.376214
 1952.000000 1.381216
 1953.000000 1.388886
 1954.000000 1.397643
 1955.000000 1.405786
 1956.000000 1.411743
 1957.000000 1.414697
 1958.000000 1.414469
 1959.000000 1.411441
 1960.000000 1.406207
 1961.000000 1.399464
 1962.000000 1.392042
 1963.000000 1.384678
 1964.000000 1.378001
 1965.000000 1.372650
 1966.000000 1.368881
 1967.000000 1.366665
 1968.000000 1.365823
 1969.000000 1.366284
 1970.000000 1.368192
 1971.000000 1.371795
 1972.000000 1.377124
 1973.000000 1.383950
 1974.000000 1.391581
 1975.000000 1.399155
 1976.000000 1.405945
 1977.000000 1.411307
 1978.000000 1.414789
 1979.000000 1.416124
 1980.000000 1.415201
 1981.000000 1.412085
 1982.000000 1.407184
 1983.000000 1.401260
 1984.000000 1.395557
 1985.000000 1.391363
 1986.000000 1.389775
 1987.000000 1.391397
 1988.000000 1.396277
 1989.000000 1.403943
 1990.000000 1.413392
 1991.000000 1.423345
 1992.000000 1.432009
 1993.000000 1.438022
 1994.000000 1.440189
 1995.000000 1.437940
 1996.000000 1.431407
 1997.000000 1.421298
 1998.000000 1.408817
 1999.000000 1.395538
 2000.000000 1.383139
 2001.000000 1.373117
 2002.000000 1.366739
 2003.000000 1.364824
 2004.000000 1.367455
 2005.000000 1.373808
 2006.000000 1.382468
 2007.000000 1.391713
 2008.000000 1.400041
 2009.000000 1.406479
 2010.000000 1.410588
 2011.000000 1.412413
 2012.000000 1.412133
 2013.000000 1.410089
 2014.000000 1.406728
 2015.000000 1.402441
 2016.000000 1.397639
 2017.000000 1.392636
 2018.000000 1.387676
 2019.000000 1.382877
 2020.000000 1.378516
 2021.000000 1.374946
 2022.000000 1.372755
 2023.000000 1.372592
 2024.000000 1.374919
 2025.000000 1.379765
 2026.000000 1.386700
 2027.000000 1.394740
 2028.000000 1.402822
 2029.000000 1.409689
 2030.000000 1.414140
 2031.000000 1.415415
 2032.000000 1.413202
 2033.000000 1.407741
 2034.000000 1.400013
 2035.000000 1.391431
 2036.000000 1.383571
 2037.000000 1.377934
 2038.000000 1.375602
 2039.000000 1.376960
 2040.000000 1.381872
 2041.000000 1.389785
 2042.000000 1.399735
 2043.000000 1.410342
 2044.000000 1.420347
 2045.000000 1.428379
 2046.000000 1.433249
 2047.000000 1.434157
 2048.000000 1.430825
 2049.000000 1.423641
 2050.000000 1.413633
 2051.000000 1.402179
 2052.000000 1.390786
 2053.000000 1.381292
 2054.000000 1.374843
 2055.000000 1.372164
 2056.000000 1.373244
 2057.000000 1.377317
 2058.000000 1.383076
 2059.000000 1.389122
 2060.000000 1.394344
 2061.000000 1.398042
 2062.000000 1.400045
 2063.000000 1.400514
 2064.000000 1.399788
 2065.000000 1.398260
 2066.000000 1.396230
 2067.000000 1.393843
 2068.000000 1.391123
 2069.000000 1.387980
 2070.000000 1.384293
 2071.000000 1.380031
 2072.000000 1.375537
 2073.000000 1.371444
 2074.000000 1.368637
 2075.000000 1.367917
 2076.000000 1.369704
 2077.000000 1.373799
 2078.000000 1.379483
 2079.000000 1.385656
 2080.000000 1.391242
 2081.000000 1.395359
 2082.000000 1.397422
 2083.000000 1.397205
 2084.000000 1.394784
 2085.000000 1.390586
 2086.000000 1.385454
 2087.000000 1.380640
 2088.000000 1.377543
 2089.000000 1.377337
 2090.000000 1.380608
 2091.000000 1.387413
 2092.000000 1.397126
 2093.000000 1.408651
 2094.000000 1.420501
 2095.000000 1.431238
 2096.000000 1.439401
 2097.000000 1.443642
 2098.000000 1.443291
 2099.000000 1.438324
 2100.000000 1.429301
 2101.000000 1.417132
 2102.000000 1.403039
 2103.000000 1.388711
 2104.000000 1.375689
 2105.000000 1.365720
 2106.000000 1.360251
 2107.000000 1.359833
 2108.000000 1.364257
 2109.000000 1.372407
 2110.000000 1.382540
 2111.000000 1.392975
 2112.000000 1.402350
 2113.000000 1.409752
 2114.000000 1.414849
 2115.000000 1.417661
 2116.000000 1.418526
 2117.000000 1.417826
 2118.000000 1.415934
 2119.000000 1.413144
 2120.000000 1.409723
 2121.000000 1.405812
 2122.000000 1.401475
 2123.000000 1.396912
 2124.000000 1.392440
 2125.000000 1.388610
 2126.000000 1.386190
 2127.000000 1.385762
 2128.000000 1.387572
 2129.000000 1.391434
 2130.000000 1.396844
 2131.000000 1.402972
 2132.000000 1.408795
 2133.000000 1.413305
 2134.000000 1.415564
 2135.000000 1.414802
 2136.000000 1.410685
 2137.000000 1.403509
 2138.000000 1.394309
 2139.000000 1.384726
 2140.000000 1.376527
 2141.000000 1.371172
 2142.000000 1.369568
 2143.000000 1.371950
 2144.000000 1.377938
 2145.000000 1.386621
 2146.000000 1.396726
 2147.000000 1.407011
 2148.000000 1.416294
 2149.000000 1.423456
 2150.000000 1.427794
 2151.000000 1.428981
 2152.000000 1.427142
 2153.000000 1.422759
 2154.000000 1.416457
 2155.000000 1.409059
 2156.000000 1.401493
 2157.000000 1.394534
 2158.000000 1.389124
 2159.000000 1.385929
 2160.000000 1.385187
 2161.000000 1.386741
 2162.000000 1.390110
 2163.000000 1.394658
 2164.000000 1.399765
 2165.000000 1.405001
 2166.000000 1.409934
 2167.000000 1.414099
 2168.000000 1.416905
 2169.000000 1.417816
 2170.000000 1.416434
 2171.000000 1.412609
 2172.000000 1.406532
 2173.000000 1.398575
 2174.000000 1.389425
 2175.000000 1.379864
 2176.000000 1.370787
 2177.000000 1.363183
 2178.000000 1.358145
 2179.000000 1.356601
 2180.000000 1.359104
 2181.000000 1.365542
 2182.000000 1.375169
 2183.000000 1.386672
 2184.000000 1.398645
 2185.000000 1.409795
 2186.000000 1.418657
 2187.000000 1.424197
 2188.000000 1.425592
 2189.000000 1.422595
 2190.000000 1.415611
 2191.000000 1.405582
 2192.000000 1.394286
 2193.000000 1.383507
 2194.000000 1.374912
 2195.000000 1.369787
 2196.000000 1.368937
 2197.000000 1.372474
 2198.000000 1.379740
 2199.000000 1.389548
 2200.000000 1.400300
 2201.000000 1.410089
 2202.000000 1.417254
 2203.000000 1.420536
 2204.000000 1.419434
 2205.000000 1.414137
 2206.000000 1.405421
 2207.000000 1.394731
 2208.000000 1.383563
 2209.000000 1.373567
 2210.000000 1.366417
 2211.000000 1.363504
 2212.000000 1.365395
 2213.000000 1.371975
 2214.000000 1.382324
 2215.000000 1.394947
 2216.000000 1.408015
 2217.000000 1.419615
 2218.000000 1.428486
 2219.000000 1.433877
 2220.000000 1.435482
 2221.000000 1.433406
 2222.000000 1.428125
 2223.000000 1.420439
 2224.000000 1.411242
 2225.000000 1.401650
 2226.000000 1.392832
 2227.000000 1.385741
 2228.000000 1.380809
 2229.000000 1.378159
 2230.000000 1.377640
 2231.000000 1.379063
 2232.000000 1.382252
 2233.000000 1.387023
 2234.000000 1.392969
 2235.000000 1.399463
 2236.000000 1.405680
 2237.000000 1.410795
 2238.000000 1.414110
 2239.000000 1.415186
 2240.000000 1.413827
 2241.000000 1.410108
 2242.000000 1.404270
 2243.000000 1.396776
 2244.000000 1.388437
 2245.000000 1.380246
 2246.000000 1.373551
 2247.000000 1.369584
 2248.000000 1.369200
 2249.000000 1.372676
 2250.000000 1.379597
 2251.000000 1.388968
 2252.000000 1.399406
 2253.000000 1.409213
 2254.000000 1.416966
 2255.000000 1.421509
 2256.000000 1.422260
 2257.000000 1.419249
 2258.000000 1.413041
 2259.000000 1.404671
 2260.000000 1.395616
 2261.000000 1.387341
 2262.000000 1.381251
 2263.000000 1.378412
 2264.000000 1.379371
 2265.000000 1.384037
 2266.000000 1.391840
 2267.000000 1.401624
 2268.000000 1.411849
 2269.000000 1.420858
 2270.000000 1.427101
 2271.000000 1.429172
 2272.000000 1.426361
 2273.000000 1.418804
 2274.000000 1.407532
 2275.000000 1.394237
 2276.000000 1.381050
 2277.000000 1.369821
 2278.000000 1.362270
 2279.000000 1.359536
 2280.000000 1.362155
 2281.000000 1.369795
 2282.000000 1.381283
 2283.000000 1.395081
 2284.000000 1.409265
 2285.000000 1.421855
 2286.000000 1.431330
 2287.000000 1.436721
 2288.000000 1.437692
 2289.000000 1.434452
 2290.000000 1.427603
 2291.000000 1.418202
 2292.000000 1.407539
 2293.000000 1.396891
 2294.000000 1.387593
 2295.000000 1.380755
 2296.000000 1.377016
 2297.000000 1.376377
 2298.000000 1.378395
 2299.000000 1.382222
 2300.000000 1.386959
 2301.000000 1.391886
 2302.000000 1.396573
 2303.000000 1.400542
 2304.000000 1.403405
 2305.000000 1.404803
 2306.000000 1.404589
 2307.000000 1.402858
 2308.000000 1.399968
 2309.000000 1.396376
 2310.000000 1.392617
 2311.000000 1.389038
 2312.000000 1.385799
 2313.000000 1.383007
 2314.000000 1.380845
 2315.000000 1.379784
 2316.000000 1.380488
 2317.000000 1.383483
 2318.000000 1.388867
 2319.000000 1.396386
 2320.000000 1.405407
 2321.000000 1.415009
 2322.000000 1.424214
 2323.000000 1.432022
 2324.000000 1.437352
 2325.000000 1.439383
 2326.000000 1.437507
 2327.000000 1.431518
 2328.000000 1.421844
 2329.000000 1.409602
 2330.000000 1.396498
 2331.000000 1.384275
 2332.000000 1.374702
 2333.000000 1.368948
 2334.000000 1.367508
 2335.000000 1.370254
 2336.000000 1.376342
 2337.000000 1.384398
 2338.000000 1.392633
 2339.000000 1.399273
 2340.000000 1.403108
 2341.000000 1.403621
 2342.000000 1.401180
 2343.000000 1.396768
 2344.000000 1.391598
 2345.000000 1.386933
 2346.000000 1.383804
 2347.000000 1.382954
 2348.000000 1.384722
 2349.000000 1.389061
 2350.000000 1.395530
 2351.000000 1.403396
 2352.000000 1.411681
 2353.000000 1.419247
 2354.000000 1.425126
 2355.000000 1.428579
 2356.000000 1.429339
 2357.000000 1.427591
 2358.000000 1.423748
 2359.000000 1.418404
 2360.000000 1.412288
 2361.000000 1.406158
 2362.000000 1.400779
 2363.000000 1.396781
 2364.000000 1.394573
 2365.000000 1.394167
 2366.000000 1.395264
 2367.000000 1.397396
 2368.000000 1.400100
 2369.000000 1.403008
 2370.000000 1.405796
 2371.000000 1.408108
 2372.000000 1.409506
 2373.000000 1.409572
 2374.000000 1.408024
 2375.000000 1.404788
 2376.000000 1.400004
 2377.000000 1.394003
 2378.000000 1.387277
 2379.000000 1.380345
 2380.000000 1.373626
 2381.000000 1.367597
 2382.000000 1.363014
 2383.000000 1.360770
 2384.000000 1.361573
 2385.000000 1.365698
 2386.000000 1.372888
 2387.000000 1.382234
 2388.000000 1.392620
 2389.000000 1.402802
 2390.000000 1.411302
 2391.000000 1.416875
 2392.000000 1.418539
 2393.000000 1.415804
 2394.000000 1.408702
 2395.000000 1.397990
 2396.000000 1.385137
 2397.000000 1.372246
 2398.000000 1.361276
 2399.000000 1.354153
 2400.000000 1.352104
 2401.000000 1.355437
 2402.000000 1.363576
 2403.000000 1.375261
 2404.000000 1.388723
 2405.000000 1.401988
 2406.000000 1.412925
 2407.000000 1.420190
 2408.000000 1.423120
 2409.000000 1.421710
 2410.000000 1.416515
 2411.000000 1.408508
 2412.000000 1.399006
 2413.000000 1.389339
 2414.000000 1.380905
 2415.000000 1.374807
 2416.000000 1.371924
 2417.000000 1.372602
 2418.000000 1.376654
 2419.000000 1.383292
 2420.000000 1.391199
 2421.000000 1.399039
 2422.000000 1.405607
 2423.000000 1.410085
 2424.000000 1.412253
 2425.000000 1.412332
 2426.000000 1.410835
 2427.000000 1.408383
 2428.000000 1.405636
 2429.000000 1.403211
 2430.000000 1.401506
 2431.000000 1.400734
 2432.000000 1.400826
 2433.000000 1.401507
 2434.000000 1.402378
 2435.000000 1.403062
 2436.000000 1.403370
 2437.000000 1.403363
 2438.000000 1.403240
 2439.000000 1.403190
 2440.000000 1.403283
 2441.000000 1.403424
 2442.000000 1.403394
 2443.000000 1.402918
 2444.000000 1.401748
 2445.000000 1.399737
 2446.000000 1.396876
 2447.000000 1.393353
 2448.000000 1.389544
 2449.000000 1.385991
 2450.000000 1.383396
 2451.000000 1.382511
 2452.000000 1.383919
 2453.000000 1.387857
 2454.000000 1.394170
 2455.000000 1.402406
 2456.000000 1.411846
 2457.000000 1.421454
 2458.000000 1.430032
 2459.000000 1.436495
 2460.000000 1.439916
 2461.000000 1.439468
 2462.000000 1.434766
 2463.000000 1.426045
 2464.000000 1.414198
 2465.000000 1.400895
 2466.000000 1.388168
 2467.000000 1.377945
 2468.000000 1.371663
 2469.000000 1.370215
 2470.000000 1.373754
 2471.000000 1.381560
 2472.000000 1.392272
 2473.000000 1.404140
 2474.000000 1.415197
 2475.000000 1.423891
 2476.000000 1.429003
 2477.000000 1.429891
 2478.000000 1.426511
 2479.000000 1.419458
 2480.000000 1.409825
 2481.000000 1.398795
 2482.000000 1.387883
 2483.000000 1.378517
 2484.000000 1.371776
 2485.000000 1.368506
 2486.000000 1.369002
 2487.000000 1.372906
 2488.000000 1.379391
 2489.000000 1.387442
 2490.000000 1.396097
 2491.000000 1.404693
 2492.000000 1.412570
 2493.000000 1.419230
 2494.000000 1.424205
 2495.000000 1.427100
 2496.000000 1.427698
 2497.000000 1.425893
 2498.000000 1.421788
 2499.000000 1.415579
 2500.000000 1.407652
 2501.000000 1.398548
 2502.000000 1.389011
 2503.000000 1.379993
 2504.000000 1.372522
 2505.000000 1.367632
 2506.000000 1.366195
 2507.000000 1.368562
 2508.000000 1.374508
 2509.000000 1.383184
 2510.000000 1.393406
 2511.000000 1.403735
 2512.000000 1.412892
 2513.000000 1.419668
 2514.000000 1.423078
 2515.000000 1.422684
 2516.000000 1.418608
 2517.000000 1.411628
 2518.000000 1.403176
 2519.000000 1.394756
 2520.000000 1.388029
 2521.000000 1.384291
 2522.000000 1.384381
 2523.000000 1.388482
 2524.000000 1.396032
 2525.000000 1.405788
 2526.000000 1.416030
 2527.000000 1.424804
 2528.000000 1.430473
 2529.000000 1.432190
 2530.000000 1.429844
 2531.000000 1.424023
 2532.000000 1.415694
 2533.000000 1.406093
 2534.000000 1.396592
 2535.000000 1.388237
 2536.000000 1.381889
 2537.000000 1.378039
 2538.000000 1.376778
 2539.000000 1.377812
 2540.000000 1.380528
 2541.000000 1.384164
 2542.000000 1.388082
 2543.000000 1.391735
 2544.000000 1.394868
 2545.000000 1.397286
 2546.000000 1.398848
 2547.000000 1.399481
 2548.000000 1.399207
 2549.000000 1.398135
 2550.000000 1.396435
 2551.000000 1.394341
 2552.000000 1.392008
 2553.000000 1.389556
 2554.000000 1.387096
 2555.000000 1.384877
 2556.000000 1.383342
 2557.000000 1.383072
 2558.000000 1.384544
 2559.000000 1.387967
 2560.000000 1.393184
 2561.000000 1.399759
 2562.000000 1.406984
 2563.000000 1.414012
 2564.000000 1.419531
 2565.000000 1.422303
 2566.000000 1.421393
 2567.000000 1.416421
 2568.000000 1.407650
 2569.000000 1.396363
 2570.000000 1.384555
 2571.000000 1.374275
 2572.000000 1.367342
 2573.000000 1.365034
 2574.000000 1.367854
 2575.000000 1.375429
 2576.000000 1.386667
 2577.000000 1.399723
 2578.000000 1.412506
 2579.000000 1.423096
 2580.000000 1.429937
 2581.000000 1.432051
 2582.000000 1.429131
 2583.000000 1.421684
 2584.000000 1.410666
 2585.000000 1.397464
 2586.000000 1.383792
 2587.000000 1.371527
 2588.000000 1.362231
 2589.000000 1.356924
 2590.000000 1.356133
 2591.000000 1.359561
 2592.000000 1.366206
 2593.000000 1.374780
 2594.000000 1.383954
 2595.000000 1.392869
 2596.000000 1.401008
 2597.000000 1.408153
 2598.000000 1.414141
 2599.000000 1.418713
 2600.000000 1.421636
 2601.000000 1.422748
 2602.000000 1.421970
 2603.000000 1.419279
 2604.000000 1.414712
 2605.000000 1.408331
 2606.000000 1.400269
 2607.000000 1.391116
 2608.000000 1.381757
 2609.000000 1.373686
 2610.000000 1.368195
 2611.000000 1.366284
 2612.000000 1.368296
 2613.000000 1.373775
 2614.000000 1.381673
 2615.000000 1.390369
 2616.000000 1.398126
 2617.000000 1.403424
 2618.000000 1.405326
 2619.000000 1.403469
 2620.000000 1.398259
 2621.000000 1.390892
 2622.000000 1.383152
 2623.000000 1.377160
 2624.000000 1.374759
 2625.000000 1.377122
 2626.000000 1.384589
 2627.000000 1.396619
 2628.000000 1.411951
 2629.000000 1.428606
 2630.000000 1.444519
 2631.000000 1.457873
 2632.000000 1.467096
 2633.000000 1.470968
 2634.000000 1.469172
 2635.000000 1.462072
 2636.000000 1.450765
 2637.000000 1.436849
 2638.000000 1.421923
 2639.000000 1.407378
 2640.000000 1.394704
 2641.000000 1.385394
 2642.000000 1.380029
 2643.000000 1.378876
 2644.000000 1.381573
 2645.000000 1.387169
 2646.000000 1.394371
 2647.000000 1.401924
 2648.000000 1.408675
 2649.000000 1.413774
 2650.000000 1.416807
 2651.000000 1.417643
 2652.000000 1.416451
 2653.000000 1.413679
 2654.000000 1.409952
 2655.000000 1.405915
 2656.000000 1.402159
 2657.000000 1.399060
 2658.000000 1.396799
 2659.000000 1.395371
 2660.000000 1.394794
 2661.000000 1.395215
 2662.000000 1.396869
 2663.000000 1.399931
 2664.000000 1.404284
 2665.000000 1.409635
 2666.000000 1.415355
 2667.000000 1.420632
 2668.000000 1.424624
 2669.000000 1.426473
 2670.000000 1.425513
 2671.000000 1.421297
 2672.000000 1.413785
 2673.000000 1.403547
 2674.000000 1.391718
 2675.000000 1.380012
 2676.000000 1.370446
 2677.000000 1.364776
 2678.000000 1.364104
 2679.000000 1.368928
 2680.000000 1.378810
 2681.000000 1.392638
 2682.000000 1.408603
 2683.000000 1.424838
 2684.000000 1.439601
 2685.000000 1.451389
 2686.000000 1.458754
 2687.000000 1.460831
 2688.000000 1.457506
 2689.000000 1.449369
 2690.000000 1.437717
 2691.000000 1.424351
 2692.000000 1.411112
 2693.000000 1.399638
 2694.000000 1.391317
 2695.000000 1.387264
 2696.000000 1.387808
 2697.000000 1.392490
 2698.000000 1.400001
 2699.000000 1.408731
 2700.000000 1.416939
 2701.000000 1.423320
 2702.000000 1.427224
 2703.000000 1.428527
 2704.000000 1.427399
 2705.000000 1.424175
 2706.000000 1.419346
 2707.000000 1.413477
 2708.000000 1.407299
 2709.000000 1.401488
 2710.000000 1.396602
 2711.000000 1.393044
 2712.000000 1.390999
 2713.000000 1.390561
 2714.000000 1.391731
 2715.000000 1.394496
 2716.000000 1.398758
 2717.000000 1.404107
 2718.000000 1.409968
 2719.000000 1.415631
 2720.000000 1.420352
 2721.000000 1.423551
 2722.000000 1.424931
 2723.000000 1.424257
 2724.000000 1.421431
 2725.000000 1.416456
 2726.000000 1.409618
 2727.000000 1.401611
 2728.000000 1.393828
 2729.000000 1.387696
 2730.000000 1.384687
 2731.000000 1.385741
 2732.000000 1.391092
 2733.000000 1.400179
 2734.000000 1.411799
 2735.000000 1.424348
 2736.000000 1.435929
 2737.000000 1.444649
 2738.000000 1.448893
 2739.000000 1.447600
 2740.000000 1.440612
 2741.000000 1.428732
 2742.000000 1.413681
 2743.000000 1.397522
 2744.000000 1.382969
 2745.000000 1.372281
 2746.000000 1.367000
 2747.000000 1.368060
 2748.000000 1.375284
 2749.000000 1.387448
 2750.000000 1.402665
 2751.000000 1.418743
 2752.000000 1.433847
 2753.000000 1.446123
 2754.000000 1.454479
 2755.000000 1.458251
 2756.000000 1.457494
 2757.000000 1.452601
 2758.000000 1.444295
 2759.000000 1.433565
 2760.000000 1.421444
 2761.000000 1.409159
 2762.000000 1.398161
 2763.000000 1.389726
 2764.000000 1.384539
 2765.000000 1.382995
 2766.000000 1.385164
 2767.000000 1.390776
 2768.000000 1.399204
 2769.000000 1.409525
 2770.000000 1.420554
 2771.000000 1.430875
 2772.000000 1.439301
 2773.000000 1.444556
 2774.000000 1.445967
 2775.000000 1.443201
 2776.000000 1.436285
 2777.000000 1.425785
 2778.000000 1.412772
 2779.000000 1.398370
 2780.000000 1.384412
 2781.000000 1.372898
 2782.000000 1.365504
 2783.000000 1.363305
 2784.000000 1.366567
 2785.000000 1.374683
 2786.000000 1.386342
 2787.000000 1.399735
 2788.000000 1.413125
 2789.000000 1.424884
 2790.000000 1.433352
 2791.000000 1.437281
 2792.000000 1.435897
 2793.000000 1.429045
 2794.000000 1.417424
 2795.000000 1.402821
 2796.000000 1.387445
 2797.000000 1.373763
 2798.000000 1.364067
 2799.000000 1.360201
 2800.000000 1.362929
 2801.000000 1.371914
 2802.000000 1.385783
 2803.000000 1.402357
 2804.000000 1.419295
 2805.000000 1.433965
 2806.000000 1.444456
 2807.000000 1.449711
 2808.000000 1.449410
 2809.000000 1.443908
 2810.000000 1.434113
 2811.000000 1.421421
 2812.000000 1.407376
 2813.000000 1.394025
 2814.000000 1.382849
 2815.000000 1.374980
 2816.000000 1.371042
 2817.000000 1.370844
 2818.000000 1.373755
 2819.000000 1.378941
 2820.000000 1.385603
 2821.000000 1.393051
 2822.000000 1.400497
 2823.000000 1.407122
 2824.000000 1.412241
 2825.000000 1.415416
 2826.000000 1.416489
 2827.000000 1.415562
 2828.000000 1.412907
 2829.000000 1.408945
 2830.000000 1.404004
 2831.000000 1.398592
 2832.000000 1.393477
 2833.000000 1.389662
 2834.000000 1.388099
 2835.000000 1.389544
 2836.000000 1.394221
 2837.000000 1.401798
 2838.000000 1.411419
 2839.000000 1.421778
 2840.000000 1.431224
 2841.000000 1.438238
 2842.000000 1.441266
 2843.000000 1.439399
 2844.000000 1.432406
 2845.000000 1.420925
 2846.000000 1.406404
 2847.000000 1.391083
 2848.000000 1.377479
 2849.000000 1.368141
 2850.000000 1.364841
 2851.000000 1.368485
 2852.000000 1.378855
 2853.000000 1.394615
 2854.000000 1.413839
 2855.000000 1.434213
 2856.000000 1.453424
 2857.000000 1.469282
 2858.000000 1.480146
 2859.000000 1.485092
 2860.000000 1.483794
 2861.000000 1.476533
 2862.000000 1.464119
 2863.000000 1.447615
 2864.000000 1.429014
 2865.000000 1.410376
 2866.000000 1.393910
 2867.000000 1.381124
 2868.000000 1.373436
 2869.000000 1.371593
 2870.000000 1.375439
 2871.000000 1.383920
 2872.000000 1.395714
 2873.000000 1.409208
 2874.000000 1.422987
 2875.000000 1.435652
 2876.000000 1.446122
 2877.000000 1.453493
 2878.000000 1.457246
 2879.000000 1.457118
 2880.000000 1.453200
 2881.000000 1.445852
 2882.000000 1.435867
 2883.000000 1.424196
 2884.000000 1.412019
 2885.000000 1.400669
 2886.000000 1.391703
 2887.000000 1.386438
 2888.000000 1.385904
 2889.000000 1.390456
 2890.000000 1.399714
 2891.000000 1.412603
 2892.000000 1.427395
 2893.000000 1.442520
 2894.000000 1.456132
 2895.000000 1.466700
 2896.000000 1.473034
 2897.000000 1.474349
 2898.000000 1.470505
 2899.000000 1.461999
 2900.000000 1.450119
 2901.000000 1.436678
 2902.000000 1.423849
 2903.000000 1.413475
 2904.000000 1.407157
 2905.000000 1.405884
 2906.000000 1.409800
 2907.000000 1.418276
 2908.000000 1.430081
 2909.000000 1.443527
 2910.000000 1.456764
 2911.000000 1.468214
 2912.000000 1.476672
 2913.000000 1.481238
 2914.000000 1.481501
 2915.000000 1.477403
 2916.000000 1.469236
 2917.000000 1.457714
 2918.000000 1.443819
 2919.000000 1.428855
 2920.000000 1.414449
 2921.000000 1.401897
 2922.000000 1.392266
 2923.000000 1.386441
 2924.000000 1.384782
 2925.000000 1.387196
 2926.000000 1.393253
 2927.000000 1.402454
 2928.000000 1.413749
 2929.000000 1.425989
 2930.000000 1.438327
 2931.000000 1.449604
 2932.000000 1.458888
 2933.000000 1.465289
 2934.000000 1.468142
 2935.000000 1.467056
 2936.000000 1.461967
 2937.000000 1.453240
 2938.000000 1.441741
 2939.000000 1.428797
 2940.000000 1.416150
 2941.000000 1.405471
 2942.000000 1.398193
 2943.000000 1.394966
 2944.000000 1.395927
 2945.000000 1.400538
 2946.000000 1.407763
 2947.000000 1.416268
 2948.000000 1.424494
 2949.000000 1.431222
 2950.000000 1.435635
 2951.000000 1.437257
 2952.000000 1.436160
 2953.000000 1.432778
 2954.000000 1.427744
 2955.000000 1.421878
 2956.000000 1.415915
 2957.000000 1.410658
 2958.000000 1.406935
 2959.000000 1.405508
 2960.000000 1.406831
 2961.000000 1.410909
 2962.000000 1.417295
 2963.000000 1.425122
 2964.000000 1.433529
 2965.000000 1.441458
 2966.000000 1.448158
 2967.000000 1.452909
 2968.000000 1.454989
 2969.000000 1.453998
 2970.000000 1.449791
 2971.000000 1.442639
 2972.000000 1.433201
 2973.000000 1.422635
 2974.000000 1.412112
 2975.000000 1.402868
 2976.000000 1.396084
 2977.000000 1.392628
 2978.000000 1.392951
 2979.000000 1.397198
 2980.000000 1.405091
 2981.000000 1.415905
 2982.000000 1.428484
 2983.000000 1.441289
 2984.000000 1.452664
 2985.000000 1.460908
 2986.000000 1.464642
 2987.000000 1.462960
 2988.000000 1.455613
 2989.000000 1.443028
 2990.000000 1.426599
 2991.000000 1.408165
 2992.000000 1.390498
 2993.000000 1.376017
 2994.000000 1.366796
 2995.000000 1.364359
 2996.000000 1.369306
 2997.000000 1.381077
 2998.000000 1.398104
 2999.000000 1.418132
 3000.000000 1.438977
 3001.000000 1.458205
 3002.000000 1.473681
