#! FIELDS time d
 0.000000 1.449148
 1.000000 1.451073
 2.000000 1.450038
 3.000000 1.446257
 4.000000 1.440279
 5.000000 1.432867
 6.000000 1.425067
 7.000000 1.417868
 8.000000 1.412223
 9.000000 1.408780
 10.000000 1.407949
 11.000000 1.409788
 12.000000 1.414030
 13.000000 1.420100
 14.000000 1.427313
 15.000000 1.434880
 16.000000 1.442013
 17.000000 1.447997
 18.000000 1.452118
 19.000000 1.453921
 20.000000 1.453076
 21.000000 1.449567
 22.000000 1.443614
 23.000000 1.435804
 24.000000 1.426909
 25.000000 1.417859
 26.000000 1.409828
 27.000000 1.403922
 28.000000 1.401136
 29.000000 1.402041
 30.000000 1.406783
 31.000000 1.415026
 32.000000 1.425827
 33.000000 1.437792
 34.000000 1.449858
 35.000000 1.460457
 36.000000 1.468334
 37.000000 1.472441
 38.000000 1.472241
 39.000000 1.467594
 40.000000 1.458909
 41.000000 1.446939
 42.000000 1.433071
 43.000000 1.418937
 44.000000 1.406369
 45.000000 1.396999
 46.000000 1.392275
 47.000000 1.392953
 48.000000 1.398974
 49.000000 1.409626
 50.000000 1.423577
 51.000000 1.439140
 52.000000 1.454435
 53.000000 1.467801
 54.000000 1.478005
 55.000000 1.484281
 56.000000 1.486035
 57.000000 1.483175
 58.000000 1.476032
 59.000000 1.465449
 60.000000 1.452436
 61.000000 1.438074
 62.000000 1.423944
 63.000000 1.411580
 64.000000 1.402272
 65.000000 1.396991
 66.000000 1.396392
 67.000000 1.400521
 68.000000 1.408813
 69.000000 1.420107
 70.000000 1.433002
 71.000000 1.446032
 72.000000 1.457762
 73.000000 1.466882
 74.000000 1.472478
 75.000000 1.473960
 76.000000 1.471173
 77.000000 1.464357
 78.000000 1.454321
 79.000000 1.442163
 80.000000 1.429074
 81.000000 1.416683
 82.000000 1.406386
 83.000000 1.399420
 84.000000 1.396551
 85.000000 1.397913
 86.000000 1.403019
 87.000000 1.410880
 88.000000 1.420257
 89.000000 1.429713
 90.000000 1.437829
 91.000000 1.443583
 92.000000 1.446431
 93.000000 1.446153
 94.000000 1.443009
 95.000000 1.437629
 96.000000 1.430889
 97.000000 1.423889
 98.000000 1.417678
 99.000000 1.413286
 100.000000 1.411354
 101.000000 1.412175
 102.000000 1.415636
 103.000000 1.421351
 104.000000 1.428610
 105.000000 1.436458
 106.000000 1.444111
 107.000000 1.450812
 108.000000 1.455845
 109.000000 1.458541
 110.000000 1.458481
 111.000000 1.455542
 112.000000 1.449878
 113.000000 1.441890
 114.000000 1.432350
 115.000000 1.422291
 116.000000 1.412823
 117.000000 1.404958
 118.000000 1.399602
 119.000000 1.397431
 120.000000 1.398791
 121.000000 1.403606
 122.000000 1.411251
 123.000000 1.420790
 124.000000 1.431029
 125.000000 1.440736
 126.000000 1.448577
 127.000000 1.453505
 128.000000 1.454856
 129.000000 1.452322
 130.000000 1.446102
 131.000000 1.436839
 132.000000 1.425795
 133.000000 1.414280
 134.000000 1.403964
 135.000000 1.396399
 136.000000 1.392730
 137.000000 1.393544
 138.000000 1.398737
 139.000000 1.407566
 140.000000 1.418928
 141.000000 1.431116
 142.000000 1.442677
 143.000000 1.452217
 144.000000 1.458816
 145.000000 1.461925
 146.000000 1.461346
 147.000000 1.457294
 148.000000 1.450268
 149.000000 1.441148
 150.000000 1.430789
 151.000000 1.420088
 152.000000 1.410100
 153.000000 1.401751
 154.000000 1.395918
 155.000000 1.393104
 156.000000 1.393472
 157.000000 1.396944
 158.000000 1.403097
 159.000000 1.411121
 160.000000 1.420008
 161.000000 1.428633
 162.000000 1.435752
 163.000000 1.440553
 164.000000 1.442274
 165.000000 1.440509
 166.000000 1.435191
 167.000000 1.426737
 168.000000 1.415880
 169.000000 1.403771
 170.000000 1.391919
 171.000000 1.381892
 172.000000 1.374974
 173.000000 1.372205
 174.000000 1.374082
 175.000000 1.380449
 176.000000 1.390445
 177.000000 1.402661
 178.000000 1.415526
 179.000000 1.427524
 180.000000 1.437074
 181.000000 1.443181
 182.000000 1.445131
 183.000000 1.442835
 184.000000 1.436783
 185.000000 1.427824
 186.000000 1.417081
 187.000000 1.406231
 188.000000 1.396596
 189.000000 1.389397
 190.000000 1.385504
 191.000000 1.385165
 192.000000 1.388130
 193.000000 1.393684
 194.000000 1.400848
 195.000000 1.408497
 196.000000 1.415684
 197.000000 1.421513
 198.000000 1.425350
 199.000000 1.426777
 200.000000 1.425610
 201.000000 1.421888
 202.000000 1.415930
 203.000000 1.408197
 204.000000 1.399489
 205.000000 1.390365
 206.000000 1.381724
 207.000000 1.374362
 208.000000 1.369007
 209.000000 1.366267
 210.000000 1.366391
 211.000000 1.369310
 212.000000 1.374575
 213.000000 1.381379
 214.000000 1.388528
 215.000000 1.395043
 216.000000 1.400051
 217.000000 1.402871
 218.000000 1.403182
 219.000000 1.400966
 220.000000 1.396648
 221.000000 1.390899
 222.000000 1.384668
 223.000000 1.378868
 224.000000 1.374489
 225.000000 1.372320
 226.000000 1.372730
 227.000000 1.375674
 228.000000 1.380727
 229.000000 1.387057
 230.000000 1.393784
 231.000000 1.399826
 232.000000 1.404193
 233.000000 1.406168
 234.000000 1.405356
 235.000000 1.401797
 236.000000 1.396039
 237.000000 1.388773
 238.000000 1.381019
 239.000000 1.374063
 240.000000 1.369076
 241.000000 1.366976
 242.000000 1.368256
 243.000000 1.372870
 244.000000 1.380229
 245.000000 1.389298
 246.000000 1.398795
 247.000000 1.407416
 248.000000 1.414103
 249.000000 1.418157
 250.000000 1.419115
 251.000000 1.416869
 252.000000 1.411687
 253.000000 1.404101
 254.000000 1.394929
 255.000000 1.385219
 256.000000 1.376115
 257.000000 1.368514
 258.000000 1.363026
 259.000000 1.360206
 260.000000 1.360256
 261.000000 1.363124
 262.000000 1.368461
 263.000000 1.375672
 264.000000 1.383937
 265.000000 1.392337
 266.000000 1.399924
 267.000000 1.405910
 268.000000 1.409604
 269.000000 1.410613
 270.000000 1.408814
 271.000000 1.404414
 272.000000 1.397992
 273.000000 1.390437
 274.000000 1.383001
 275.000000 1.376886
 276.000000 1.373098
 277.000000 1.372414
 278.000000 1.375097
 279.000000 1.380827
 280.000000 1.388827
 281.000000 1.397865
 282.000000 1.406665
 283.000000 1.413903
 284.000000 1.418486
 285.000000 1.419733
 286.000000 1.417520
 287.000000 1.412200
 288.000000 1.404575
 289.000000 1.395659
 290.000000 1.386679
 291.000000 1.378744
 292.000000 1.372848
 293.000000 1.369626
 294.000000 1.369174
 295.000000 1.371117
 296.000000 1.374734
 297.000000 1.379160
 298.000000 1.383666
 299.000000 1.387663
 300.000000 1.390967
 301.000000 1.393581
 302.000000 1.395630
 303.000000 1.397116
 304.000000 1.397883
 305.000000 1.397797
 306.000000 1.396824
 307.000000 1.395027
 308.000000 1.392558
 309.000000 1.389621
 310.000000 1.386414
 311.000000 1.383197
 312.000000 1.380413
 313.000000 1.378482
 314.000000 1.377732
 315.000000 1.378350
 316.000000 1.380286
 317.000000 1.383314
 318.000000 1.386977
 319.000000 1.390650
 320.000000 1.393707
 321.000000 1.395475
 322.000000 1.395432
 323.000000 1.393332
 324.000000 1.389270
 325.000000 1.383781
 326.000000 1.377825
 327.000000 1.372467
 328.000000 1.368734
 329.000000 1.367368
 330.000000 1.368691
 331.000000 1.372507
 332.000000 1.378155
 333.000000 1.384716
 334.000000 1.391031
 335.000000 1.396073
 336.000000 1.398950
 337.000000 1.399204
 338.000000 1.396841
 339.000000 1.392304
 340.000000 1.386378
 341.000000 1.380050
 342.000000 1.374519
 343.000000 1.370792
 344.000000 1.369567
 345.000000 1.371152
 346.000000 1.375268
 347.000000 1.381098
 348.000000 1.387742
 349.000000 1.394353
 350.000000 1.400233
 351.000000 1.405106
 352.000000 1.408901
 353.000000 1.411515
 354.000000 1.412898
 355.000000 1.413024
 356.000000 1.411943
 357.000000 1.409753
 358.000000 1.406615
 359.000000 1.402702
 360.000000 1.398197
 361.000000 1.393437
 362.000000 1.388767
 363.000000 1.384678
 364.000000 1.381730
 365.000000 1.380420
 366.000000 1.381100
 367.000000 1.383818
 368.000000 1.388289
 369.000000 1.393940
 370.000000 1.399997
 371.000000 1.405490
 372.000000 1.409599
 373.000000 1.411689
 374.000000 1.411403
 375.000000 1.408741
 376.000000 1.404203
 377.000000 1.398531
 378.000000 1.392634
 379.000000 1.387495
 380.000000 1.384059
 381.000000 1.382971
 382.000000 1.384485
 383.000000 1.388482
 384.000000 1.394467
 385.000000 1.401681
 386.000000 1.409094
 387.000000 1.415685
 388.000000 1.420511
 389.000000 1.423039
 390.000000 1.423070
 391.000000 1.420775
 392.000000 1.416634
 393.000000 1.411350
 394.000000 1.405698
 395.000000 1.400420
 396.000000 1.396112
 397.000000 1.393208
 398.000000 1.391772
 399.000000 1.391613
 400.000000 1.392360
 401.000000 1.393560
 402.000000 1.394758
 403.000000 1.395538
 404.000000 1.395608
 405.000000 1.394805
 406.000000 1.393107
 407.000000 1.390687
 408.000000 1.387839
 409.000000 1.384931
 410.000000 1.382241
 411.000000 1.379941
 412.000000 1.378021
 413.000000 1.376343
 414.000000 1.374838
 415.000000 1.373591
 416.000000 1.372874
 417.000000 1.373093
 418.000000 1.374593
 419.000000 1.377498
 420.000000 1.381728
 421.000000 1.386958
 422.000000 1.392476
 423.000000 1.397600
 424.000000 1.401513
 425.000000 1.403510
 426.000000 1.403033
 427.000000 1.399902
 428.000000 1.394404
 429.000000 1.387209
 430.000000 1.379412
 431.000000 1.372310
 432.000000 1.366887
 433.000000 1.363894
 434.000000 1.363608
 435.000000 1.365786
 436.000000 1.369711
 437.000000 1.374198
 438.000000 1.377823
 439.000000 1.379409
 440.000000 1.378557
 441.000000 1.375616
 442.000000 1.371588
 443.000000 1.367697
 444.000000 1.365162
 445.000000 1.364944
 446.000000 1.367500
 447.000000 1.372733
 448.000000 1.380080
 449.000000 1.388690
 450.000000 1.397428
 451.000000 1.405172
 452.000000 1.410972
 453.000000 1.414130
 454.000000 1.414316
 455.000000 1.411568
 456.000000 1.406266
 457.000000 1.399067
 458.000000 1.390862
 459.000000 1.382415
 460.000000 1.374785
 461.000000 1.368999
 462.000000 1.365654
 463.000000 1.364943
 464.000000 1.366672
 465.000000 1.370378
 466.000000 1.375522
 467.000000 1.381578
 468.000000 1.388057
 469.000000 1.394560
 470.000000 1.400611
 471.000000 1.405796
 472.000000 1.409704
 473.000000 1.412007
 474.000000 1.412478
 475.000000 1.410977
 476.000000 1.407494
 477.000000 1.402266
 478.000000 1.395811
 479.000000 1.388890
 480.000000 1.382562
 481.000000 1.377964
 482.000000 1.376012
 483.000000 1.377186
 484.000000 1.381369
 485.000000 1.387854
 486.000000 1.395538
 487.000000 1.403155
 488.000000 1.409342
 489.000000 1.412995
 490.000000 1.413333
 491.000000 1.410156
 492.000000 1.403838
 493.000000 1.395372
 494.000000 1.386337
 495.000000 1.378304
 496.000000 1.372750
 497.000000 1.370709
 498.000000 1.372634
 499.000000 1.378307
 500.000000 1.386869
 501.000000 1.397000
 502.000000 1.407007
 503.000000 1.415624
 504.000000 1.421782
 505.000000 1.424814
 506.000000 1.424613
 507.000000 1.421476
 508.000000 1.415955
 509.000000 1.408848
 510.000000 1.401042
 511.000000 1.393354
 512.000000 1.386717
 513.000000 1.381784
 514.000000 1.378967
 515.000000 1.378354
 516.000000 1.379718
 517.000000 1.382657
 518.000000 1.386636
 519.000000 1.391123
 520.000000 1.395597
 521.000000 1.399549
 522.000000 1.402476
 523.000000 1.403939
 524.000000 1.403702
 525.000000 1.401712
 526.000000 1.398131
 527.000000 1.393327
 528.000000 1.387880
 529.000000 1.382457
 530.000000 1.377752
 531.000000 1.374706
 532.000000 1.374034
 533.000000 1.376160
 534.000000 1.381064
 535.000000 1.388235
 536.000000 1.396872
 537.000000 1.405902
 538.000000 1.414162
 539.000000 1.420700
 540.000000 1.424669
 541.000000 1.425391
 542.000000 1.422637
 543.000000 1.416694
 544.000000 1.408435
 545.000000 1.399025
 546.000000 1.389950
 547.000000 1.382530
 548.000000 1.377813
 549.000000 1.376376
 550.000000 1.378241
 551.000000 1.382831
 552.000000 1.389179
 553.000000 1.396014
 554.000000 1.402043
 555.000000 1.406360
 556.000000 1.408326
 557.000000 1.407873
 558.000000 1.405360
 559.000000 1.401448
 560.000000 1.396951
 561.000000 1.392687
 562.000000 1.389346
 563.000000 1.387460
 564.000000 1.387404
 565.000000 1.389257
 566.000000 1.392794
 567.000000 1.397503
 568.000000 1.402731
 569.000000 1.407874
 570.000000 1.412350
 571.000000 1.415712
 572.000000 1.417662
 573.000000 1.417999
 574.000000 1.416690
 575.000000 1.413844
 576.000000 1.409682
 577.000000 1.404545
 578.000000 1.398769
 579.000000 1.392705
 580.000000 1.386820
 581.000000 1.381603
 582.000000 1.377625
 583.000000 1.375449
 584.000000 1.375561
 585.000000 1.378229
 586.000000 1.383323
 587.000000 1.390425
 588.000000 1.398687
 589.000000 1.407141
 590.000000 1.414772
 591.000000 1.420443
 592.000000 1.423323
 593.000000 1.422858
 594.000000 1.418919
 595.000000 1.411824
 596.000000 1.402368
 597.000000 1.391777
 598.000000 1.381598
 599.000000 1.373165
 600.000000 1.367660
 601.000000 1.365904
 602.000000 1.368129
 603.000000 1.373980
 604.000000 1.382447
 605.000000 1.392192
 606.000000 1.401896
 607.000000 1.410216
 608.000000 1.416132
 609.000000 1.419123
 610.000000 1.419091
 611.000000 1.416324
 612.000000 1.411395
 613.000000 1.405109
 614.000000 1.398397
 615.000000 1.392247
 616.000000 1.387391
 617.000000 1.384387
 618.000000 1.383421
 619.000000 1.384377
 620.000000 1.386917
 621.000000 1.390621
 622.000000 1.395102
 623.000000 1.400040
 624.000000 1.405182
 625.000000 1.410267
 626.000000 1.414844
 627.000000 1.418433
 628.000000 1.420601
 629.000000 1.420886
 630.000000 1.418977
 631.000000 1.414744
 632.000000 1.408278
 633.000000 1.400018
 634.000000 1.390763
 635.000000 1.381384
 636.000000 1.373052
 637.000000 1.366982
 638.000000 1.363989
 639.000000 1.364437
 640.000000 1.368180
 641.000000 1.374484
 642.000000 1.382339
 643.000000 1.390440
 644.000000 1.397519
 645.000000 1.402677
 646.000000 1.405244
 647.000000 1.405074
 648.000000 1.402526
 649.000000 1.398378
 650.000000 1.393621
 651.000000 1.389255
 652.000000 1.386145
 653.000000 1.384877
 654.000000 1.385705
 655.000000 1.388548
 656.000000 1.393004
 657.000000 1.398449
 658.000000 1.404138
 659.000000 1.409152
 660.000000 1.412763
 661.000000 1.414514
 662.000000 1.414194
 663.000000 1.411913
 664.000000 1.408058
 665.000000 1.403085
 666.000000 1.397644
 667.000000 1.392344
 668.000000 1.387857
 669.000000 1.384649
 670.000000 1.382947
 671.000000 1.382728
 672.000000 1.383781
 673.000000 1.385743
 674.000000 1.388201
 675.000000 1.390831
 676.000000 1.393334
 677.000000 1.395438
 678.000000 1.396934
 679.000000 1.397683
 680.000000 1.397635
 681.000000 1.396846
 682.000000 1.395460
 683.000000 1.393647
 684.000000 1.391600
 685.000000 1.389534
 686.000000 1.387653
 687.000000 1.386144
 688.000000 1.385269
 689.000000 1.385259
 690.000000 1.386233
 691.000000 1.388152
 692.000000 1.390763
 693.000000 1.393647
 694.000000 1.396271
 695.000000 1.398120
 696.000000 1.398719
 697.000000 1.397750
 698.000000 1.395113
 699.000000 1.391028
 700.000000 1.386009
 701.000000 1.380807
 702.000000 1.376369
 703.000000 1.373595
 704.000000 1.373180
 705.000000 1.375424
 706.000000 1.380275
 707.000000 1.387183
 708.000000 1.395189
 709.000000 1.403290
 710.000000 1.410442
 711.000000 1.415686
 712.000000 1.418322
 713.000000 1.418161
 714.000000 1.415477
 715.000000 1.410933
 716.000000 1.405505
 717.000000 1.400194
 718.000000 1.395861
 719.000000 1.393209
 720.000000 1.392693
 721.000000 1.394419
 722.000000 1.398130
 723.000000 1.403322
 724.000000 1.409286
 725.000000 1.415332
 726.000000 1.420821
 727.000000 1.425242
 728.000000 1.428363
 729.000000 1.430120
 730.000000 1.430598
 731.000000 1.430017
 732.000000 1.428674
 733.000000 1.426884
 734.000000 1.424933
 735.000000 1.423077
 736.000000 1.421479
 737.000000 1.420230
 738.000000 1.419403
 739.000000 1.419085
 740.000000 1.419415
 741.000000 1.420566
 742.000000 1.422653
 743.000000 1.425661
 744.000000 1.429426
 745.000000 1.433573
 746.000000 1.437642
 747.000000 1.441037
 748.000000 1.443117
 749.000000 1.443316
 750.000000 1.441230
 751.000000 1.436777
 752.000000 1.430203
 753.000000 1.422156
 754.000000 1.413647
 755.000000 1.405689
 756.000000 1.399371
 757.000000 1.395565
 758.000000 1.394722
 759.000000 1.396911
 760.000000 1.401746
 761.000000 1.408429
 762.000000 1.415934
 763.000000 1.423170
 764.000000 1.429210
 765.000000 1.433342
 766.000000 1.435104
 767.000000 1.434368
 768.000000 1.431307
 769.000000 1.426363
 770.000000 1.420127
 771.000000 1.413279
 772.000000 1.406669
 773.000000 1.400988
 774.000000 1.396755
 775.000000 1.394353
 776.000000 1.393958
 777.000000 1.395488
 778.000000 1.398694
 779.000000 1.403282
 780.000000 1.408749
 781.000000 1.414596
 782.000000 1.420269
 783.000000 1.425140
 784.000000 1.428654
 785.000000 1.430425
 786.000000 1.430159
 787.000000 1.427743
 788.000000 1.423239
 789.000000 1.416943
 790.000000 1.409335
 791.000000 1.401142
 792.000000 1.393329
 793.000000 1.386848
 794.000000 1.382518
 795.000000 1.380923
 796.000000 1.382189
 797.000000 1.386022
 798.000000 1.391718
 799.000000 1.398300
 800.000000 1.404633
 801.000000 1.409852
 802.000000 1.413149
 803.000000 1.414021
 804.000000 1.412367
 805.000000 1.408522
 806.000000 1.403105
 807.000000 1.396993
 808.000000 1.391175
 809.000000 1.386573
 810.000000 1.383819
 811.000000 1.383297
 812.000000 1.385024
 813.000000 1.388663
 814.000000 1.393568
 815.000000 1.399004
 816.000000 1.404125
 817.000000 1.408221
 818.000000 1.410797
 819.000000 1.411583
 820.000000 1.410579
 821.000000 1.407995
 822.000000 1.404169
 823.000000 1.399538
 824.000000 1.394653
 825.000000 1.390097
 826.000000 1.386308
 827.000000 1.383724
 828.000000 1.382546
 829.000000 1.382844
 830.000000 1.384586
 831.000000 1.387624
 832.000000 1.391681
 833.000000 1.396419
 834.000000 1.401281
 835.000000 1.405715
 836.000000 1.409185
 837.000000 1.411199
 838.000000 1.411385
 839.000000 1.409579
 840.000000 1.405807
 841.000000 1.400370
 842.000000 1.393849
 843.000000 1.387023
 844.000000 1.380794
 845.000000 1.376142
 846.000000 1.373934
 847.000000 1.374689
 848.000000 1.378451
 849.000000 1.384719
 850.000000 1.392755
 851.000000 1.401415
 852.000000 1.409549
 853.000000 1.415973
 854.000000 1.419771
 855.000000 1.420465
 856.000000 1.418015
 857.000000 1.412799
 858.000000 1.405621
 859.000000 1.397470
 860.000000 1.389542
 861.000000 1.382956
 862.000000 1.378478
 863.000000 1.376623
 864.000000 1.377489
 865.000000 1.380762
 866.000000 1.385732
 867.000000 1.391525
 868.000000 1.397163
 869.000000 1.401829
 870.000000 1.404993
 871.000000 1.406366
 872.000000 1.406006
 873.000000 1.404214
 874.000000 1.401478
 875.000000 1.398363
 876.000000 1.395470
 877.000000 1.393221
 878.000000 1.391894
 879.000000 1.391496
 880.000000 1.391797
 881.000000 1.392459
 882.000000 1.393199
 883.000000 1.393803
 884.000000 1.394130
 885.000000 1.394142
 886.000000 1.393846
 887.000000 1.393268
 888.000000 1.392410
 889.000000 1.391239
 890.000000 1.389713
 891.000000 1.387765
 892.000000 1.385304
 893.000000 1.382314
 894.000000 1.378866
 895.000000 1.375180
 896.000000 1.371658
 897.000000 1.368839
 898.000000 1.367265
 899.000000 1.367367
 900.000000 1.369318
 901.000000 1.372998
 902.000000 1.377943
 903.000000 1.383469
 904.000000 1.388778
 905.000000 1.393101
 906.000000 1.395687
 907.000000 1.396183
 908.000000 1.394555
 909.000000 1.391139
 910.000000 1.386620
 911.000000 1.381870
 912.000000 1.377772
 913.000000 1.375187
 914.000000 1.374697
 915.000000 1.376456
 916.000000 1.380074
 917.000000 1.384754
 918.000000 1.389413
 919.000000 1.392960
 920.000000 1.394249
 921.000000 1.392554
 922.000000 1.387924
 923.000000 1.381011
 924.000000 1.372960
 925.000000 1.365135
 926.000000 1.358829
 927.000000 1.355175
 928.000000 1.354888
 929.000000 1.358114
 930.000000 1.364445
 931.000000 1.373130
 932.000000 1.382962
 933.000000 1.392737
 934.000000 1.401317
 935.000000 1.407777
 936.000000 1.411260
 937.000000 1.411296
 938.000000 1.407756
 939.000000 1.400853
 940.000000 1.391326
 941.000000 1.380321
 942.000000 1.369227
 943.000000 1.359519
 944.000000 1.352553
 945.000000 1.349172
 946.000000 1.349684
 947.000000 1.353912
 948.000000 1.361152
 949.000000 1.370254
 950.000000 1.380071
 951.000000 1.389218
 952.000000 1.396641
 953.000000 1.401503
 954.000000 1.403291
 955.000000 1.401714
 956.000000 1.396878
 957.000000 1.389337
 958.000000 1.380133
 959.000000 1.370737
 960.000000 1.362979
 961.000000 1.358310
 962.000000 1.357842
 963.000000 1.362079
 964.000000 1.370791
 965.000000 1.382860
 966.000000 1.396804
 967.000000 1.410589
 968.000000 1.422385
 969.000000 1.430566
 970.000000 1.434055
 971.000000 1.432336
 972.000000 1.425531
 973.000000 1.414457
 974.000000 1.400608
 975.000000 1.385828
 976.000000 1.372143
 977.000000 1.361683
 978.000000 1.355955
 979.000000 1.355782
 980.000000 1.361130
 981.000000 1.371131
 982.000000 1.384221
 983.000000 1.398591
 984.000000 1.412559
 985.000000 1.424409
 986.000000 1.433055
 987.000000 1.437764
 988.000000 1.438267
 989.000000 1.434682
 990.000000 1.427464
 991.000000 1.417383
 992.000000 1.405506
 993.000000 1.393323
 994.000000 1.382030
 995.000000 1.372974
 996.000000 1.367170
 997.000000 1.365194
 998.000000 1.367193
 999.000000 1.372791
 1000.000000 1.381253
 1001.000000 1.391128
 1002.000000 1.400955
 1003.000000 1.409555
 1004.000000 1.415752
 1005.000000 1.418844
 1006.000000 1.418432
 1007.000000 1.414576
 1008.000000 1.407746
 1009.000000 1.398784
 1010.000000 1.388943
 1011.000000 1.379632
 1012.000000 1.372357
 1013.000000 1.368290
 1014.000000 1.368281
 1015.000000 1.372518
 1016.000000 1.380495
 1017.000000 1.391238
 1018.000000 1.403337
 1019.000000 1.414973
 1020.000000 1.424303
 1021.000000 1.429942
 1022.000000 1.430933
 1023.000000 1.426948
 1024.000000 1.418370
 1025.000000 1.406266
 1026.000000 1.392315
 1027.000000 1.378391
 1028.000000 1.366499
 1029.000000 1.358228
 1030.000000 1.354701
 1031.000000 1.356275
 1032.000000 1.362565
 1033.000000 1.372627
 1034.000000 1.384897
 1035.000000 1.397601
 1036.000000 1.409132
 1037.000000 1.417925
 1038.000000 1.422965
 1039.000000 1.423863
 1040.000000 1.420751
 1041.000000 1.414272
 1042.000000 1.405516
 1043.000000 1.395904
 1044.000000 1.386856
 1045.000000 1.379693
 1046.000000 1.375273
 1047.000000 1.374076
 1048.000000 1.376146
 1049.000000 1.381108
 1050.000000 1.388232
 1051.000000 1.396675
 1052.000000 1.405337
 1053.000000 1.413317
 1054.000000 1.419600
 1055.000000 1.423445
 1056.000000 1.424265
 1057.000000 1.421722
 1058.000000 1.415668
 1059.000000 1.406335
 1060.000000 1.394301
 1061.000000 1.380648
 1062.000000 1.366992
 1063.000000 1.355209
 1064.000000 1.347153
 1065.000000 1.344375
 1066.000000 1.347478
 1067.000000 1.356194
 1068.000000 1.369190
 1069.000000 1.384536
 1070.000000 1.400017
 1071.000000 1.413634
 1072.000000 1.423615
 1073.000000 1.428887
 1074.000000 1.429068
 1075.000000 1.424409
 1076.000000 1.415812
 1077.000000 1.404726
 1078.000000 1.392794
 1079.000000 1.381883
 1080.000000 1.373500
 1081.000000 1.369008
 1082.000000 1.368919
 1083.000000 1.373115
 1084.000000 1.380788
 1085.000000 1.390654
 1086.000000 1.401233
 1087.000000 1.411015
 1088.000000 1.418678
 1089.000000 1.423287
 1090.000000 1.424186
 1091.000000 1.421085
 1092.000000 1.414173
 1093.000000 1.404072
 1094.000000 1.391979
 1095.000000 1.379422
 1096.000000 1.368400
 1097.000000 1.360443
 1098.000000 1.356587
 1099.000000 1.357251
 1100.000000 1.362223
 1101.000000 1.370697
 1102.000000 1.381590
 1103.000000 1.393813
 1104.000000 1.406021
 1105.000000 1.416844
 1106.000000 1.425275
 1107.000000 1.430587
 1108.000000 1.432350
 1109.000000 1.430376
 1110.000000 1.424775
 1111.000000 1.416073
 1112.000000 1.404969
 1113.000000 1.392664
 1114.000000 1.380664
 1115.000000 1.370510
 1116.000000 1.363542
 1117.000000 1.360680
 1118.000000 1.362339
 1119.000000 1.368134
 1120.000000 1.377057
 1121.000000 1.387499
 1122.000000 1.397600
 1123.000000 1.405712
 1124.000000 1.410401
 1125.000000 1.410884
 1126.000000 1.407157
 1127.000000 1.399881
 1128.000000 1.390250
 1129.000000 1.379860
 1130.000000 1.370335
 1131.000000 1.363045
 1132.000000 1.359094
 1133.000000 1.359085
 1134.000000 1.362999
 1135.000000 1.370179
 1136.000000 1.379528
 1137.000000 1.390026
 1138.000000 1.400330
 1139.000000 1.409128
 1140.000000 1.415520
 1141.000000 1.418921
 1142.000000 1.419120
 1143.000000 1.416256
 1144.000000 1.410805
 1145.000000 1.403605
 1146.000000 1.395851
 1147.000000 1.388756
 1148.000000 1.383378
 1149.000000 1.380520
 1150.000000 1.380609
 1151.000000 1.383618
 1152.000000 1.389161
 1153.000000 1.396565
 1154.000000 1.404980
 1155.000000 1.413401
 1156.000000 1.420843
 1157.000000 1.426396
 1158.000000 1.429596
 1159.000000 1.430153
 1160.000000 1.428041
 1161.000000 1.423492
 1162.000000 1.416863
 1163.000000 1.408661
 1164.000000 1.399777
 1165.000000 1.391314
 1166.000000 1.384449
 1167.000000 1.380280
 1168.000000 1.379587
 1169.000000 1.382604
 1170.000000 1.389028
 1171.000000 1.397927
 1172.000000 1.408194
 1173.000000 1.418488
 1174.000000 1.427488
 1175.000000 1.434115
 1176.000000 1.437693
 1177.000000 1.437774
 1178.000000 1.434400
 1179.000000 1.428108
 1180.000000 1.419752
 1181.000000 1.410508
 1182.000000 1.401644
 1183.000000 1.394318
 1184.000000 1.389423
 1185.000000 1.387566
 1186.000000 1.388840
 1187.000000 1.392842
 1188.000000 1.398737
 1189.000000 1.405527
 1190.000000 1.412103
 1191.000000 1.417356
 1192.000000 1.420404
 1193.000000 1.420599
 1194.000000 1.417653
 1195.000000 1.411699
 1196.000000 1.403342
 1197.000000 1.393621
 1198.000000 1.383866
 1199.000000 1.375553
 1200.000000 1.369836
 1201.000000 1.367509
 1202.000000 1.368934
 1203.000000 1.373992
 1204.000000 1.382172
 1205.000000 1.392723
 1206.000000 1.404667
 1207.000000 1.417138
 1208.000000 1.429125
 1209.000000 1.439632
 1210.000000 1.447747
 1211.000000 1.452830
 1212.000000 1.454282
 1213.000000 1.451786
 1214.000000 1.445397
 1215.000000 1.435543
 1216.000000 1.423191
 1217.000000 1.409715
 1218.000000 1.396776
 1219.000000 1.386057
 1220.000000 1.379168
 1221.000000 1.377096
 1222.000000 1.379961
 1223.000000 1.387091
 1224.000000 1.397190
 1225.000000 1.408480
 1226.000000 1.419019
 1227.000000 1.427098
 1228.000000 1.431543
 1229.000000 1.431793
 1230.000000 1.427926
 1231.000000 1.420521
 1232.000000 1.410505
 1233.000000 1.399125
 1234.000000 1.387943
 1235.000000 1.378510
 1236.000000 1.371947
 1237.000000 1.369252
 1238.000000 1.370766
 1239.000000 1.376219
 1240.000000 1.384720
 1241.000000 1.394977
 1242.000000 1.405552
 1243.000000 1.415049
 1244.000000 1.422189
 1245.000000 1.426159
 1246.000000 1.426550
 1247.000000 1.423338
 1248.000000 1.416956
 1249.000000 1.408148
 1250.000000 1.398075
 1251.000000 1.387825
 1252.000000 1.378663
 1253.000000 1.371709
 1254.000000 1.367725
 1255.000000 1.367199
 1256.000000 1.370219
 1257.000000 1.376422
 1258.000000 1.385055
 1259.000000 1.395268
 1260.000000 1.405776
 1261.000000 1.415354
 1262.000000 1.422978
 1263.000000 1.427662
 1264.000000 1.428775
 1265.000000 1.426022
 1266.000000 1.419514
 1267.000000 1.409770
 1268.000000 1.397946
 1269.000000 1.385669
 1270.000000 1.374717
 1271.000000 1.366834
 1272.000000 1.363410
 1273.000000 1.365055
 1274.000000 1.371509
 1275.000000 1.381706
 1276.000000 1.393790
 1277.000000 1.405728
 1278.000000 1.415724
 1279.000000 1.422268
 1280.000000 1.424709
 1281.000000 1.423047
 1282.000000 1.417911
 1283.000000 1.410402
 1284.000000 1.401699
 1285.000000 1.393166
 1286.000000 1.386065
 1287.000000 1.381315
 1288.000000 1.379388
 1289.000000 1.380400
 1290.000000 1.384076
 1291.000000 1.389797
 1292.000000 1.396722
 1293.000000 1.403923
 1294.000000 1.410530
 1295.000000 1.415693
 1296.000000 1.418548
 1297.000000 1.418472
 1298.000000 1.415136
 1299.000000 1.408633
 1300.000000 1.399592
 1301.000000 1.389183
 1302.000000 1.378735
 1303.000000 1.369750
 1304.000000 1.363443
 1305.000000 1.360600
 1306.000000 1.361489
 1307.000000 1.365903
 1308.000000 1.373337
 1309.000000 1.383108
 1310.000000 1.394230
 1311.000000 1.405677
 1312.000000 1.416727
 1313.000000 1.426543
 1314.000000 1.434222
 1315.000000 1.439088
 1316.000000 1.440781
 1317.000000 1.439191
 1318.000000 1.434637
 1319.000000 1.427928
 1320.000000 1.420332
 1321.000000 1.413139
 1322.000000 1.407578
 1323.000000 1.404818
 1324.000000 1.405618
 1325.000000 1.410135
 1326.000000 1.417904
 1327.000000 1.427891
 1328.000000 1.438651
 1329.000000 1.448470
 1330.000000 1.455911
 1331.000000 1.459899
 1332.000000 1.459837
 1333.000000 1.455727
 1334.000000 1.448187
 1335.000000 1.438286
 1336.000000 1.427393
 1337.000000 1.416937
 1338.000000 1.408135
 1339.000000 1.401973
 1340.000000 1.399048
 1341.000000 1.399463
 1342.000000 1.402909
 1343.000000 1.408797
 1344.000000 1.416312
 1345.000000 1.424600
 1346.000000 1.432795
 1347.000000 1.440112
 1348.000000 1.446041
 1349.000000 1.450202
 1350.000000 1.452364
 1351.000000 1.452459
 1352.000000 1.450511
 1353.000000 1.446590
 1354.000000 1.440841
 1355.000000 1.433447
 1356.000000 1.424927
 1357.000000 1.415861
 1358.000000 1.407066
 1359.000000 1.399595
 1360.000000 1.394398
 1361.000000 1.392229
 1362.000000 1.393307
 1363.000000 1.397357
 1364.000000 1.403763
 1365.000000 1.411465
 1366.000000 1.419267
 1367.000000 1.426141
 1368.000000 1.431187
 1369.000000 1.433835
 1370.000000 1.433848
 1371.000000 1.431359
 1372.000000 1.426819
 1373.000000 1.420945
 1374.000000 1.414681
 1375.000000 1.408983
 1376.000000 1.404655
 1377.000000 1.402209
 1378.000000 1.401886
 1379.000000 1.403573
 1380.000000 1.406857
 1381.000000 1.411155
 1382.000000 1.415841
 1383.000000 1.420325
 1384.000000 1.424036
 1385.000000 1.426596
 1386.000000 1.427767
 1387.000000 1.427378
 1388.000000 1.425370
 1389.000000 1.421800
 1390.000000 1.416809
 1391.000000 1.410807
 1392.000000 1.404178
 1393.000000 1.397557
 1394.000000 1.391635
 1395.000000 1.386997
 1396.000000 1.384120
 1397.000000 1.383325
 1398.000000 1.384659
 1399.000000 1.387872
 1400.000000 1.392426
 1401.000000 1.397476
 1402.000000 1.402105
 1403.000000 1.405530
 1404.000000 1.407173
 1405.000000 1.406737
 1406.000000 1.404305
 1407.000000 1.400287
 1408.000000 1.395322
 1409.000000 1.390249
 1410.000000 1.385911
 1411.000000 1.383098
 1412.000000 1.382439
 1413.000000 1.384208
 1414.000000 1.388311
 1415.000000 1.394285
 1416.000000 1.401419
 1417.000000 1.408854
 1418.000000 1.415537
 1419.000000 1.420499
 1420.000000 1.422999
 1421.000000 1.422678
 1422.000000 1.419458
 1423.000000 1.413633
 1424.000000 1.405915
 1425.000000 1.397258
 1426.000000 1.388652
 1427.000000 1.381101
 1428.000000 1.375567
 1429.000000 1.372662
 1430.000000 1.372739
 1431.000000 1.375705
 1432.000000 1.381069
 1433.000000 1.388015
 1434.000000 1.395533
 1435.000000 1.402527
 1436.000000 1.408136
 1437.000000 1.411706
 1438.000000 1.412835
 1439.000000 1.411442
 1440.000000 1.407820
 1441.000000 1.402554
 1442.000000 1.396523
 1443.000000 1.390765
 1444.000000 1.386151
 1445.000000 1.383443
 1446.000000 1.383051
 1447.000000 1.384993
 1448.000000 1.389005
 1449.000000 1.394594
 1450.000000 1.401133
 1451.000000 1.407818
 1452.000000 1.413798
 1453.000000 1.418427
 1454.000000 1.421203
 1455.000000 1.421824
 1456.000000 1.420282
 1457.000000 1.416842
 1458.000000 1.411945
 1459.000000 1.406196
 1460.000000 1.400369
 1461.000000 1.395113
 1462.000000 1.391044
 1463.000000 1.388633
 1464.000000 1.388170
 1465.000000 1.389638
 1466.000000 1.392723
 1467.000000 1.396847
 1468.000000 1.401382
 1469.000000 1.405682
 1470.000000 1.409094
 1471.000000 1.411136
 1472.000000 1.411433
 1473.000000 1.409819
 1474.000000 1.406406
 1475.000000 1.401612
 1476.000000 1.396102
 1477.000000 1.390825
 1478.000000 1.386633
 1479.000000 1.384254
 1480.000000 1.384170
 1481.000000 1.386438
 1482.000000 1.390750
 1483.000000 1.396518
 1484.000000 1.402871
 1485.000000 1.408945
 1486.000000 1.413811
 1487.000000 1.416715
 1488.000000 1.417238
 1489.000000 1.415297
 1490.000000 1.411174
 1491.000000 1.405472
 1492.000000 1.398970
 1493.000000 1.392466
 1494.000000 1.386702
 1495.000000 1.382365
 1496.000000 1.379861
 1497.000000 1.379290
 1498.000000 1.380513
 1499.000000 1.383215
 1500.000000 1.387020
 1501.000000 1.391615
 1502.000000 1.396635
 1503.000000 1.401671
 1504.000000 1.406372
 1505.000000 1.410333
 1506.000000 1.413169
 1507.000000 1.414511
 1508.000000 1.414156
 1509.000000 1.412071
 1510.000000 1.408445
 1511.000000 1.403635
 1512.000000 1.398162
 1513.000000 1.392707
 1514.000000 1.387948
 1515.000000 1.384526
 1516.000000 1.383038
 1517.000000 1.383745
 1518.000000 1.386587
 1519.000000 1.391281
 1520.000000 1.397277
 1521.000000 1.403841
 1522.000000 1.410206
 1523.000000 1.415588
 1524.000000 1.419374
 1525.000000 1.421065
 1526.000000 1.420441
 1527.000000 1.417577
 1528.000000 1.412801
 1529.000000 1.406584
 1530.000000 1.399784
 1531.000000 1.393216
 1532.000000 1.387702
 1533.000000 1.383886
 1534.000000 1.382279
 1535.000000 1.383000
 1536.000000 1.385798
 1537.000000 1.390116
 1538.000000 1.395161
 1539.000000 1.400072
 1540.000000 1.404127
 1541.000000 1.406834
 1542.000000 1.408022
 1543.000000 1.407814
 1544.000000 1.406529
 1545.000000 1.404574
 1546.000000 1.402310
 1547.000000 1.400016
 1548.000000 1.397778
 1549.000000 1.395494
 1550.000000 1.393027
 1551.000000 1.390230
 1552.000000 1.387150
 1553.000000 1.384010
 1554.000000 1.381241
 1555.000000 1.379255
 1556.000000 1.378363
 1557.000000 1.378643
 1558.000000 1.379878
 1559.000000 1.381651
 1560.000000 1.383467
 1561.000000 1.384909
 1562.000000 1.385767
 1563.000000 1.386033
 1564.000000 1.385916
 1565.000000 1.385789
 1566.000000 1.386094
 1567.000000 1.387222
 1568.000000 1.389388
 1569.000000 1.392492
 1570.000000 1.396207
 1571.000000 1.400041
 1572.000000 1.403406
 1573.000000 1.405722
 1574.000000 1.406552
 1575.000000 1.405615
 1576.000000 1.402806
 1577.000000 1.398245
 1578.000000 1.392313
 1579.000000 1.385531
 1580.000000 1.378678
 1581.000000 1.372485
 1582.000000 1.367833
 1583.000000 1.365467
 1584.000000 1.365928
 1585.000000 1.369399
 1586.000000 1.375633
 1587.000000 1.383863
 1588.000000 1.392927
 1589.000000 1.401627
 1590.000000 1.408739
 1591.000000 1.413284
 1592.000000 1.414645
 1593.000000 1.412741
 1594.000000 1.407963
 1595.000000 1.401131
 1596.000000 1.393347
 1597.000000 1.385872
 1598.000000 1.379831
 1599.000000 1.375885
 1600.000000 1.374253
 1601.000000 1.374719
 1602.000000 1.376833
 1603.000000 1.380095
 1604.000000 1.384102
 1605.000000 1.388627
 1606.000000 1.393532
 1607.000000 1.398565
 1608.000000 1.403363
 1609.000000 1.407566
 1610.000000 1.410853
 1611.000000 1.412909
 1612.000000 1.413509
 1613.000000 1.412569
 1614.000000 1.410185
 1615.000000 1.406631
 1616.000000 1.402290
 1617.000000 1.397737
 1618.000000 1.393659
 1619.000000 1.390683
 1620.000000 1.389262
 1621.000000 1.389579
 1622.000000 1.391499
 1623.000000 1.394605
 1624.000000 1.398368
 1625.000000 1.402149
 1626.000000 1.405460
 1627.000000 1.407918
 1628.000000 1.409335
 1629.000000 1.409677
 1630.000000 1.409050
 1631.000000 1.407657
 1632.000000 1.405752
 1633.000000 1.403638
 1634.000000 1.401677
 1635.000000 1.400297
 1636.000000 1.399918
 1637.000000 1.400860
 1638.000000 1.403239
 1639.000000 1.406846
 1640.000000 1.411179
 1641.000000 1.415515
 1642.000000 1.419011
 1643.000000 1.421039
 1644.000000 1.421360
 1645.000000 1.420146
 1646.000000 1.417896
 1647.000000 1.415297
 1648.000000 1.413063
 1649.000000 1.411759
 1650.000000 1.411686
 1651.000000 1.412831
 1652.000000 1.414890
 1653.000000 1.417321
 1654.000000 1.419540
 1655.000000 1.421018
 1656.000000 1.421391
 1657.000000 1.420467
 1658.000000 1.418176
 1659.000000 1.414576
 1660.000000 1.409810
 1661.000000 1.404159
 1662.000000 1.398045
 1663.000000 1.391848
 1664.000000 1.385969
 1665.000000 1.380786
 1666.000000 1.376623
 1667.000000 1.373826
 1668.000000 1.372782
 1669.000000 1.373888
 1670.000000 1.377366
 1671.000000 1.383129
 1672.000000 1.390642
 1673.000000 1.398911
 1674.000000 1.406808
 1675.000000 1.413163
 1676.000000 1.417093
 1677.000000 1.418059
 1678.000000 1.415878
 1679.000000 1.410762
 1680.000000 1.403291
 1681.000000 1.394362
 1682.000000 1.385049
 1683.000000 1.376620
 1684.000000 1.370111
 1685.000000 1.366282
 1686.000000 1.365652
 1687.000000 1.368297
 1688.000000 1.373893
 1689.000000 1.381855
 1690.000000 1.391227
 1691.000000 1.401092
 1692.000000 1.410405
 1693.000000 1.418275
 1694.000000 1.424120
 1695.000000 1.427543
 1696.000000 1.428345
 1697.000000 1.426560
 1698.000000 1.422474
 1699.000000 1.416524
 1700.000000 1.409274
 1701.000000 1.401484
 1702.000000 1.393983
 1703.000000 1.387515
 1704.000000 1.382654
 1705.000000 1.379608
 1706.000000 1.378358
 1707.000000 1.378714
 1708.000000 1.380473
 1709.000000 1.383513
 1710.000000 1.387803
 1711.000000 1.393233
 1712.000000 1.399656
 1713.000000 1.406625
 1714.000000 1.413577
 1715.000000 1.419812
 1716.000000 1.424577
 1717.000000 1.427313
 1718.000000 1.427670
 1719.000000 1.425555
 1720.000000 1.421220
 1721.000000 1.415173
 1722.000000 1.408199
 1723.000000 1.401214
 1724.000000 1.395088
 1725.000000 1.390546
 1726.000000 1.387940
 1727.000000 1.387212
 1728.000000 1.387892
 1729.000000 1.389321
 1730.000000 1.390826
 1731.000000 1.391851
 1732.000000 1.392152
 1733.000000 1.391808
 1734.000000 1.391170
 1735.000000 1.390734
 1736.000000 1.391012
 1737.000000 1.392402
 1738.000000 1.395124
 1739.000000 1.399167
 1740.000000 1.404260
 1741.000000 1.409950
 1742.000000 1.415741
 1743.000000 1.420906
 1744.000000 1.424786
 1745.000000 1.426799
 1746.000000 1.426519
 1747.000000 1.423842
 1748.000000 1.418947
 1749.000000 1.412319
 1750.000000 1.404680
 1751.000000 1.396716
 1752.000000 1.389584
 1753.000000 1.384105
 1754.000000 1.380888
 1755.000000 1.380383
 1756.000000 1.382651
 1757.000000 1.387405
 1758.000000 1.394001
 1759.000000 1.401661
 1760.000000 1.409672
 1761.000000 1.417239
 1762.000000 1.423686
 1763.000000 1.428544
 1764.000000 1.431560
 1765.000000 1.432539
 1766.000000 1.431542
 1767.000000 1.428804
 1768.000000 1.424588
 1769.000000 1.419348
 1770.000000 1.413510
 1771.000000 1.407538
 1772.000000 1.402048
 1773.000000 1.397726
 1774.000000 1.395227
 1775.000000 1.395007
 1776.000000 1.397236
 1777.000000 1.401717
 1778.000000 1.407928
 1779.000000 1.415111
 1780.000000 1.422211
 1781.000000 1.428059
 1782.000000 1.431597
 1783.000000 1.432087
 1784.000000 1.429139
 1785.000000 1.422861
 1786.000000 1.413864
 1787.000000 1.403205
 1788.000000 1.392198
 1789.000000 1.382351
 1790.000000 1.374949
 1791.000000 1.370937
 1792.000000 1.370733
 1793.000000 1.374098
 1794.000000 1.380274
 1795.000000 1.388151
 1796.000000 1.396409
 1797.000000 1.403886
 1798.000000 1.409922
 1799.000000 1.414058
 1800.000000 1.416095
 1801.000000 1.416135
 1802.000000 1.414518
 1803.000000 1.411718
 1804.000000 1.408244
 1805.000000 1.404664
 1806.000000 1.401422
 1807.000000 1.398858
 1808.000000 1.397221
 1809.000000 1.396633
 1810.000000 1.397162
 1811.000000 1.398831
 1812.000000 1.401593
 1813.000000 1.405333
 1814.000000 1.409837
 1815.000000 1.414778
 1816.000000 1.419809
 1817.000000 1.424463
 1818.000000 1.428308
 1819.000000 1.430862
 1820.000000 1.431706
 1821.000000 1.430591
 1822.000000 1.427467
 1823.000000 1.422547
 1824.000000 1.416253
 1825.000000 1.409193
 1826.000000 1.402208
 1827.000000 1.396086
 1828.000000 1.391455
 1829.000000 1.388724
 1830.000000 1.388080
 1831.000000 1.389378
 1832.000000 1.392157
 1833.000000 1.395774
 1834.000000 1.399498
 1835.000000 1.402713
 1836.000000 1.405075
 1837.000000 1.406512
 1838.000000 1.407185
 1839.000000 1.407359
 1840.000000 1.407344
 1841.000000 1.407419
 1842.000000 1.407810
 1843.000000 1.408646
 1844.000000 1.409970
 1845.000000 1.411700
 1846.000000 1.413693
 1847.000000 1.415771
 1848.000000 1.417816
 1849.000000 1.419689
 1850.000000 1.421231
 1851.000000 1.422226
 1852.000000 1.422358
 1853.000000 1.421243
 1854.000000 1.418552
 1855.000000 1.414141
 1856.000000 1.408179
 1857.000000 1.401084
 1858.000000 1.393477
 1859.000000 1.386319
 1860.000000 1.380533
 1861.000000 1.376961
 1862.000000 1.376201
 1863.000000 1.378418
 1864.000000 1.383326
 1865.000000 1.390242
 1866.000000 1.398285
 1867.000000 1.406392
 1868.000000 1.413695
 1869.000000 1.419260
 1870.000000 1.422461
 1871.000000 1.422922
 1872.000000 1.420539
 1873.000000 1.415435
 1874.000000 1.408006
 1875.000000 1.399099
 1876.000000 1.389559
 1877.000000 1.380350
 1878.000000 1.372609
 1879.000000 1.367371
 1880.000000 1.365201
 1881.000000 1.366225
 1882.000000 1.370106
 1883.000000 1.376167
 1884.000000 1.383449
 1885.000000 1.391059
 1886.000000 1.398119
 1887.000000 1.403994
 1888.000000 1.408316
 1889.000000 1.411017
 1890.000000 1.412113
 1891.000000 1.411838
 1892.000000 1.410500
 1893.000000 1.408454
 1894.000000 1.406070
 1895.000000 1.403658
 1896.000000 1.401485
 1897.000000 1.399759
 1898.000000 1.398658
 1899.000000 1.398278
 1900.000000 1.398579
 1901.000000 1.399426
 1902.000000 1.400616
 1903.000000 1.401933
 1904.000000 1.403196
 1905.000000 1.404269
 1906.000000 1.405116
 1907.000000 1.405761
 1908.000000 1.406266
 1909.000000 1.406684
 1910.000000 1.407015
 1911.000000 1.407187
 1912.000000 1.407072
 1913.000000 1.406539
 1914.000000 1.405503
 1915.000000 1.403995
 1916.000000 1.402179
 1917.000000 1.400325
 1918.000000 1.398710
 1919.000000 1.397598
 1920.000000 1.397152
 1921.000000 1.397324
 1922.000000 1.397891
 1923.000000 1.398553
 1924.000000 1.399042
 1925.000000 1.399155
 1926.000000 1.398772
 1927.000000 1.397873
 1928.000000 1.396595
 1929.000000 1.395166
 1930.000000 1.393857
 1931.000000 1.392898
 1932.000000 1.392433
 1933.000000 1.392524
 1934.000000 1.393189
 1935.000000 1.394412
 1936.000000 1.396109
 1937.000000 1.398100
 1938.000000 1.400117
 1939.000000 1.401822
 1940.000000 1.402885
 1941.000000 1.403030
 1942.000000 1.402196
 1943.000000 1.400557
 1944.000000 1.398455
 1945.000000 1.396278
 1946.000000 1.394398
 1947.000000 1.393101
 1948.000000 1.392554
 1949.000000 1.392796
 1950.000000 1.393709
 1951.000000 1.395105
 1952.000000 1.396764
 1953.000000 1.398436
 1954.000000 1.399954
 1955.000000 1.401230
 1956.000000 1.402210
 1957.000000 1.402901
 1958.000000 1.403321
 1959.000000 1.403523
 1960.000000 1.403601
 1961.000000 1.403567
 1962.000000 1.403290
 1963.000000 1.402551
 1964.000000 1.401072
 1965.000000 1.398646
 1966.000000 1.395249
 1967.000000 1.391201
 1968.000000 1.387099
 1969.000000 1.383751
 1970.000000 1.381924
 1971.000000 1.382113
 1972.000000 1.384476
 1973.000000 1.388715
 1974.000000 1.394144
 1975.000000 1.399898
 1976.000000 1.405112
 1977.000000 1.408902
 1978.000000 1.410524
 1979.000000 1.409501
 1980.000000 1.405716
 1981.000000 1.399416
 1982.000000 1.391235
 1983.000000 1.382033
 1984.000000 1.373046
 1985.000000 1.365466
 1986.000000 1.360408
 1987.000000 1.358627
 1988.000000 1.360394
 1989.000000 1.365463
 1990.000000 1.373064
 1991.000000 1.382176
 1992.000000 1.391368
 1993.000000 1.399666
 1994.000000 1.406121
 1995.000000 1.410112
 1996.000000 1.411414
 1997.000000 1.410133
 1998.000000 1.406637
 1999.000000 1.401545
 2000.000000 1.395589
 2001.000000 1.389490
 2002.000000 1.383924
 2003.000000 1.379526
 2004.000000 1.376849
 2005.000000 1.376251
 2006.000000 1.377913
 2007.000000 1.381813
 2008.000000 1.387691
 2009.000000 1.395025
 2010.000000 1.403090
 2011.000000 1.411149
 2012.000000 1.418167
 2013.000000 1.423294
 2014.000000 1.425759
 2015.000000 1.425091
 2016.000000 1.421117
 2017.000000 1.414021
 2018.000000 1.404414
 2019.000000 1.393182
 2020.000000 1.381839
 2021.000000 1.371813
 2022.000000 1.364451
 2023.000000 1.360694
 2024.000000 1.360981
 2025.000000 1.365110
 2026.000000 1.372317
 2027.000000 1.381267
 2028.000000 1.390633
 2029.000000 1.399015
 2030.000000 1.405204
 2031.000000 1.408557
 2032.000000 1.408867
 2033.000000 1.406288
 2034.000000 1.401419
 2035.000000 1.395083
 2036.000000 1.388242
 2037.000000 1.381963
 2038.000000 1.377235
 2039.000000 1.374699
 2040.000000 1.374641
 2041.000000 1.376948
 2042.000000 1.381162
 2043.000000 1.386521
 2044.000000 1.392300
 2045.000000 1.397780
 2046.000000 1.402374
 2047.000000 1.405634
 2048.000000 1.407131
 2049.000000 1.406584
 2050.000000 1.403852
 2051.000000 1.398976
 2052.000000 1.392266
 2053.000000 1.384570
 2054.000000 1.376780
 2055.000000 1.370114
 2056.000000 1.365743
 2057.000000 1.364645
 2058.000000 1.367433
 2059.000000 1.374200
 2060.000000 1.384479
 2061.000000 1.397137
 2062.000000 1.410730
 2063.000000 1.423640
 2064.000000 1.434359
 2065.000000 1.441325
 2066.000000 1.443601
 2067.000000 1.440835
 2068.000000 1.433241
 2069.000000 1.421698
 2070.000000 1.407640
 2071.000000 1.392851
 2072.000000 1.379735
 2073.000000 1.370290
 2074.000000 1.366053
 2075.000000 1.367733
 2076.000000 1.375118
 2077.000000 1.387099
 2078.000000 1.401987
 2079.000000 1.417589
 2080.000000 1.431862
 2081.000000 1.443009
 2082.000000 1.449652
 2083.000000 1.451112
 2084.000000 1.447411
 2085.000000 1.439228
 2086.000000 1.427722
 2087.000000 1.414456
 2088.000000 1.401278
 2089.000000 1.390053
 2090.000000 1.382150
 2091.000000 1.378220
 2092.000000 1.378460
 2093.000000 1.382291
 2094.000000 1.388559
 2095.000000 1.395932
 2096.000000 1.403090
 2097.000000 1.408831
 2098.000000 1.412457
 2099.000000 1.413657
 2100.000000 1.412460
 2101.000000 1.409209
 2102.000000 1.404467
 2103.000000 1.399008
 2104.000000 1.393541
 2105.000000 1.388827
 2106.000000 1.385504
 2107.000000 1.383903
 2108.000000 1.384240
 2109.000000 1.386561
 2110.000000 1.390735
 2111.000000 1.396498
 2112.000000 1.403355
 2113.000000 1.410552
 2114.000000 1.417250
 2115.000000 1.422516
 2116.000000 1.425689
 2117.000000 1.426214
 2118.000000 1.423768
 2119.000000 1.418262
 2120.000000 1.410010
 2121.000000 1.399660
 2122.000000 1.388230
 2123.000000 1.377388
 2124.000000 1.368779
 2125.000000 1.363814
 2126.000000 1.363515
 2127.000000 1.368072
 2128.000000 1.376867
 2129.000000 1.388568
 2130.000000 1.401590
 2131.000000 1.413954
 2132.000000 1.423761
 2133.000000 1.429628
 2134.000000 1.430830
 2135.000000 1.427375
 2136.000000 1.420018
 2137.000000 1.410062
 2138.000000 1.399125
 2139.000000 1.388886
 2140.000000 1.380751
 2141.000000 1.375679
 2142.000000 1.374101
 2143.000000 1.375891
 2144.000000 1.380417
 2145.000000 1.386660
 2146.000000 1.393423
 2147.000000 1.399698
 2148.000000 1.404701
 2149.000000 1.407841
 2150.000000 1.408797
 2151.000000 1.407420
 2152.000000 1.403761
 2153.000000 1.398156
 2154.000000 1.391122
 2155.000000 1.383501
 2156.000000 1.376303
 2157.000000 1.370324
 2158.000000 1.366405
 2159.000000 1.365145
 2160.000000 1.366844
 2161.000000 1.371490
 2162.000000 1.378767
 2163.000000 1.388063
 2164.000000 1.398378
 2165.000000 1.408698
 2166.000000 1.417972
 2167.000000 1.425370
 2168.000000 1.430167
 2169.000000 1.431910
 2170.000000 1.430368
 2171.000000 1.425612
 2172.000000 1.418138
 2173.000000 1.408764
 2174.000000 1.398837
 2175.000000 1.389884
 2176.000000 1.383371
 2177.000000 1.380421
 2178.000000 1.381637
 2179.000000 1.386992
 2180.000000 1.395705
 2181.000000 1.406419
 2182.000000 1.417472
 2183.000000 1.426987
 2184.000000 1.433397
 2185.000000 1.435672
 2186.000000 1.433326
 2187.000000 1.426591
 2188.000000 1.416447
 2189.000000 1.404282
 2190.000000 1.391696
 2191.000000 1.380064
 2192.000000 1.371167
 2193.000000 1.366267
 2194.000000 1.366110
 2195.000000 1.370786
 2196.000000 1.379602
 2197.000000 1.391304
 2198.000000 1.404051
 2199.000000 1.416201
 2200.000000 1.426365
 2201.000000 1.433382
 2202.000000 1.436647
 2203.000000 1.436015
 2204.000000 1.431819
 2205.000000 1.424803
 2206.000000 1.415960
 2207.000000 1.406608
 2208.000000 1.397761
 2209.000000 1.390273
 2210.000000 1.384858
 2211.000000 1.382074
 2212.000000 1.382143
 2213.000000 1.385115
 2214.000000 1.390717
 2215.000000 1.398329
 2216.000000 1.406959
 2217.000000 1.415323
 2218.000000 1.422310
 2219.000000 1.426957
 2220.000000 1.428510
 2221.000000 1.426492
 2222.000000 1.420809
 2223.000000 1.411836
 2224.000000 1.400327
 2225.000000 1.387727
 2226.000000 1.376012
 2227.000000 1.367248
 2228.000000 1.363003
 2229.000000 1.364290
 2230.000000 1.371227
 2231.000000 1.383152
 2232.000000 1.398485
 2233.000000 1.415471
 2234.000000 1.431991
 2235.000000 1.446060
 2236.000000 1.455928
 2237.000000 1.460445
 2238.000000 1.459127
 2239.000000 1.452234
 2240.000000 1.440556
 2241.000000 1.425650
 2242.000000 1.409078
 2243.000000 1.392630
 2244.000000 1.378314
 2245.000000 1.367685
 2246.000000 1.361973
 2247.000000 1.361509
 2248.000000 1.365820
 2249.000000 1.373872
 2250.000000 1.384159
 2251.000000 1.395206
 2252.000000 1.405769
 2253.000000 1.414700
 2254.000000 1.421282
 2255.000000 1.425005
 2256.000000 1.425704
 2257.000000 1.423544
 2258.000000 1.418924
 2259.000000 1.412403
 2260.000000 1.404700
 2261.000000 1.396457
 2262.000000 1.388395
 2263.000000 1.381342
 2264.000000 1.376245
 2265.000000 1.373998
 2266.000000 1.375198
 2267.000000 1.379959
 2268.000000 1.387829
 2269.000000 1.397869
 2270.000000 1.408883
 2271.000000 1.419341
 2272.000000 1.427836
 2273.000000 1.433090
 2274.000000 1.434328
 2275.000000 1.431203
 2276.000000 1.423959
 2277.000000 1.413358
 2278.000000 1.400760
 2279.000000 1.387798
 2280.000000 1.376364
 2281.000000 1.368349
 2282.000000 1.365121
 2283.000000 1.367107
 2284.000000 1.374031
 2285.000000 1.384733
 2286.000000 1.397570
 2287.000000 1.410592
 2288.000000 1.421970
 2289.000000 1.430299
 2290.000000 1.435111
 2291.000000 1.436344
 2292.000000 1.434438
 2293.000000 1.430049
 2294.000000 1.423961
 2295.000000 1.416993
 2296.000000 1.409926
 2297.000000 1.403279
 2298.000000 1.397533
 2299.000000 1.393088
 2300.000000 1.390028
 2301.000000 1.388261
 2302.000000 1.387579
 2303.000000 1.387825
 2304.000000 1.388843
 2305.000000 1.390428
 2306.000000 1.392309
 2307.000000 1.394197
 2308.000000 1.395765
 2309.000000 1.396788
 2310.000000 1.397130
 2311.000000 1.396730
 2312.000000 1.395546
 2313.000000 1.393555
 2314.000000 1.390779
 2315.000000 1.387460
 2316.000000 1.384150
 2317.000000 1.381548
 2318.000000 1.380370
 2319.000000 1.381042
 2320.000000 1.383681
 2321.000000 1.388067
 2322.000000 1.393698
 2323.000000 1.399846
 2324.000000 1.405506
 2325.000000 1.409691
 2326.000000 1.411443
 2327.000000 1.409977
 2328.000000 1.404966
 2329.000000 1.396747
 2330.000000 1.386400
 2331.000000 1.375425
 2332.000000 1.365733
 2333.000000 1.358996
 2334.000000 1.356429
 2335.000000 1.358704
 2336.000000 1.365687
 2337.000000 1.376479
 2338.000000 1.389374
 2339.000000 1.402235
 2340.000000 1.413082
 2341.000000 1.420099
 2342.000000 1.422285
 2343.000000 1.419345
 2344.000000 1.411630
 2345.000000 1.400206
 2346.000000 1.386680
 2347.000000 1.373008
 2348.000000 1.361049
 2349.000000 1.352507
 2350.000000 1.348521
 2351.000000 1.349475
 2352.000000 1.354964
 2353.000000 1.363915
 2354.000000 1.375034
 2355.000000 1.386970
 2356.000000 1.398693
 2357.000000 1.409263
 2358.000000 1.417987
 2359.000000 1.424225
 2360.000000 1.427411
 2361.000000 1.427283
 2362.000000 1.423886
 2363.000000 1.417625
 2364.000000 1.409290
 2365.000000 1.399770
 2366.000000 1.390048
 2367.000000 1.380887
 2368.000000 1.373094
 2369.000000 1.367438
 2370.000000 1.364652
 2371.000000 1.365226
 2372.000000 1.369276
 2373.000000 1.376401
 2374.000000 1.385685
 2375.000000 1.395929
 2376.000000 1.405862
 2377.000000 1.414140
 2378.000000 1.419521
 2379.000000 1.421118
 2380.000000 1.418541
 2381.000000 1.411976
 2382.000000 1.402264
 2383.000000 1.390972
 2384.000000 1.379950
 2385.000000 1.371211
 2386.000000 1.366314
 2387.000000 1.366307
 2388.000000 1.371379
 2389.000000 1.380954
 2390.000000 1.393561
 2391.000000 1.407330
 2392.000000 1.420106
 2393.000000 1.430280
 2394.000000 1.436314
 2395.000000 1.437278
 2396.000000 1.433077
 2397.000000 1.424413
 2398.000000 1.412393
 2399.000000 1.398696
 2400.000000 1.385048
 2401.000000 1.373233
 2402.000000 1.364933
 2403.000000 1.361257
 2404.000000 1.362724
 2405.000000 1.369067
 2406.000000 1.379019
 2407.000000 1.390904
 2408.000000 1.402959
 2409.000000 1.413589
 2410.000000 1.421537
 2411.000000 1.426111
 2412.000000 1.427121
 2413.000000 1.424907
 2414.000000 1.420112
 2415.000000 1.413547
 2416.000000 1.406172
 2417.000000 1.398830
 2418.000000 1.392301
 2419.000000 1.387132
 2420.000000 1.383696
 2421.000000 1.382153
 2422.000000 1.382586
 2423.000000 1.384988
 2424.000000 1.389160
 2425.000000 1.394613
 2426.000000 1.400563
 2427.000000 1.406207
 2428.000000 1.410663
 2429.000000 1.413045
 2430.000000 1.412755
 2431.000000 1.409425
 2432.000000 1.402970
 2433.000000 1.393782
 2434.000000 1.382640
 2435.000000 1.371081
 2436.000000 1.360949
 2437.000000 1.353882
 2438.000000 1.351183
 2439.000000 1.353485
 2440.000000 1.360523
 2441.000000 1.371240
 2442.000000 1.383997
 2443.000000 1.397077
 2444.000000 1.408652
 2445.000000 1.417081
 2446.000000 1.421207
 2447.000000 1.420382
 2448.000000 1.414829
 2449.000000 1.405418
 2450.000000 1.393535
 2451.000000 1.380947
 2452.000000 1.369631
 2453.000000 1.361090
 2454.000000 1.356523
 2455.000000 1.356425
 2456.000000 1.360559
 2457.000000 1.367963
 2458.000000 1.377078
 2459.000000 1.386339
 2460.000000 1.394502
 2461.000000 1.400632
 2462.000000 1.404264
 2463.000000 1.405310
 2464.000000 1.403960
 2465.000000 1.400642
 2466.000000 1.396048
 2467.000000 1.391016
 2468.000000 1.386384
 2469.000000 1.382885
 2470.000000 1.381033
 2471.000000 1.380929
 2472.000000 1.382280
 2473.000000 1.384587
 2474.000000 1.387352
 2475.000000 1.390270
 2476.000000 1.393130
 2477.000000 1.395785
 2478.000000 1.398109
 2479.000000 1.399976
 2480.000000 1.401296
 2481.000000 1.402043
 2482.000000 1.402168
 2483.000000 1.401599
 2484.000000 1.400248
 2485.000000 1.398072
 2486.000000 1.395212
 2487.000000 1.392072
 2488.000000 1.389353
 2489.000000 1.387844
 2490.000000 1.388203
 2491.000000 1.390727
 2492.000000 1.395253
 2493.000000 1.401195
 2494.000000 1.407631
 2495.000000 1.413471
 2496.000000 1.417686
 2497.000000 1.419397
 2498.000000 1.418060
 2499.000000 1.413484
 2500.000000 1.406111
 2501.000000 1.396948
 2502.000000 1.387441
 2503.000000 1.379150
 2504.000000 1.373369
 2505.000000 1.371035
 2506.000000 1.372609
 2507.000000 1.377923
 2508.000000 1.386295
 2509.000000 1.396513
 2510.000000 1.407190
 2511.000000 1.416781
 2512.000000 1.423997
 2513.000000 1.427710
 2514.000000 1.427181
 2515.000000 1.422314
 2516.000000 1.413637
 2517.000000 1.402349
 2518.000000 1.390366
 2519.000000 1.379464
 2520.000000 1.371535
 2521.000000 1.367940
 2522.000000 1.369427
 2523.000000 1.375937
 2524.000000 1.386606
 2525.000000 1.399922
 2526.000000 1.414053
 2527.000000 1.427033
 2528.000000 1.437226
 2529.000000 1.443667
 2530.000000 1.445757
 2531.000000 1.443287
 2532.000000 1.436472
 2533.000000 1.425971
 2534.000000 1.412956
 2535.000000 1.398703
 2536.000000 1.384736
 2537.000000 1.372522
 2538.000000 1.363290
 2539.000000 1.357971
 2540.000000 1.357045
 2541.000000 1.360505
 2542.000000 1.367975
 2543.000000 1.378541
 2544.000000 1.391161
 2545.000000 1.404337
 2546.000000 1.416396
 2547.000000 1.425748
 2548.000000 1.431175
 2549.000000 1.432031
 2550.000000 1.428081
 2551.000000 1.419726
 2552.000000 1.407739
 2553.000000 1.393344
 2554.000000 1.378009
 2555.000000 1.363595
 2556.000000 1.352188
 2557.000000 1.345900
 2558.000000 1.345975
 2559.000000 1.352677
 2560.000000 1.365030
 2561.000000 1.381270
 2562.000000 1.399148
 2563.000000 1.416472
 2564.000000 1.430457
 2565.000000 1.438999
 2566.000000 1.440936
 2567.000000 1.435983
 2568.000000 1.424568
 2569.000000 1.408138
 2570.000000 1.388949
 2571.000000 1.369488
 2572.000000 1.352424
 2573.000000 1.340236
 2574.000000 1.334888
 2575.000000 1.337452
 2576.000000 1.347699
 2577.000000 1.363982
 2578.000000 1.383675
 2579.000000 1.403859
 2580.000000 1.421845
 2581.000000 1.435485
 2582.000000 1.443250
 2583.000000 1.444598
 2584.000000 1.439770
 2585.000000 1.429555
 2586.000000 1.415336
 2587.000000 1.399007
 2588.000000 1.382531
 2589.000000 1.367785
 2590.000000 1.356820
 2591.000000 1.351110
 2592.000000 1.351415
 2593.000000 1.357738
 2594.000000 1.369297
 2595.000000 1.384806
 2596.000000 1.402408
 2597.000000 1.420230
 2598.000000 1.436383
 2599.000000 1.448952
 2600.000000 1.456426
 2601.000000 1.457870
 2602.000000 1.453041
 2603.000000 1.442390
 2604.000000 1.427183
 2605.000000 1.409230
 2606.000000 1.390588
 2607.000000 1.373925
 2608.000000 1.361481
 2609.000000 1.355301
 2610.000000 1.356298
 2611.000000 1.364357
 2612.000000 1.378534
 2613.000000 1.396604
 2614.000000 1.416269
 2615.000000 1.434853
 2616.000000 1.450002
 2617.000000 1.459847
 2618.000000 1.463295
 2619.000000 1.459800
 2620.000000 1.449662
 2621.000000 1.434120
 2622.000000 1.415185
 2623.000000 1.395652
 2624.000000 1.378444
 2625.000000 1.366018
 2626.000000 1.360342
 2627.000000 1.362255
 2628.000000 1.371289
 2629.000000 1.385655
 2630.000000 1.402739
 2631.000000 1.419799
 2632.000000 1.434228
 2633.000000 1.443730
 2634.000000 1.447087
 2635.000000 1.443845
 2636.000000 1.434400
 2637.000000 1.420013
 2638.000000 1.402498
 2639.000000 1.383950
 2640.000000 1.366964
 2641.000000 1.354339
 2642.000000 1.347644
 2643.000000 1.347864
 2644.000000 1.354884
 2645.000000 1.367529
 2646.000000 1.383934
 2647.000000 1.402083
 2648.000000 1.419740
 2649.000000 1.434823
 2650.000000 1.445840
 2651.000000 1.451627
 2652.000000 1.451603
 2653.000000 1.445879
 2654.000000 1.435239
 2655.000000 1.420957
 2656.000000 1.404782
 2657.000000 1.388503
 2658.000000 1.374035
 2659.000000 1.362934
 2660.000000 1.356573
 2661.000000 1.355850
 2662.000000 1.360879
 2663.000000 1.370999
 2664.000000 1.384614
 2665.000000 1.399970
 2666.000000 1.414847
 2667.000000 1.427033
 2668.000000 1.434767
 2669.000000 1.436737
 2670.000000 1.432508
 2671.000000 1.422473
 2672.000000 1.407874
 2673.000000 1.390784
 2674.000000 1.373604
 2675.000000 1.358966
 2676.000000 1.349306
 2677.000000 1.346271
 2678.000000 1.350387
 2679.000000 1.361079
 2680.000000 1.376580
 2681.000000 1.394628
 2682.000000 1.412551
 2683.000000 1.428095
 2684.000000 1.439582
 2685.000000 1.446116
 2686.000000 1.447146
 2687.000000 1.442715
 2688.000000 1.433344
 2689.000000 1.419915
 2690.000000 1.403980
 2691.000000 1.387528
 2692.000000 1.372530
 2693.000000 1.360672
 2694.000000 1.353295
 2695.000000 1.351319
 2696.000000 1.354823
 2697.000000 1.363111
 2698.000000 1.374652
 2699.000000 1.387766
 2700.000000 1.400482
 2701.000000 1.411019
 2702.000000 1.418039
 2703.000000 1.420797
 2704.000000 1.419165
 2705.000000 1.413640
 2706.000000 1.405268
 2707.000000 1.395358
 2708.000000 1.385495
 2709.000000 1.377090
 2710.000000 1.371263
 2711.000000 1.368795
 2712.000000 1.370034
 2713.000000 1.374896
 2714.000000 1.382957
 2715.000000 1.393461
 2716.000000 1.405556
 2717.000000 1.417972
 2718.000000 1.429527
 2719.000000 1.439033
 2720.000000 1.445319
 2721.000000 1.447516
 2722.000000 1.445244
 2723.000000 1.438687
 2724.000000 1.428608
 2725.000000 1.416167
 2726.000000 1.403007
 2727.000000 1.390856
 2728.000000 1.381662
 2729.000000 1.376655
 2730.000000 1.376618
 2731.000000 1.381515
 2732.000000 1.390569
 2733.000000 1.402363
 2734.000000 1.415251
 2735.000000 1.427602
 2736.000000 1.437861
 2737.000000 1.444721
 2738.000000 1.447221
 2739.000000 1.444799
 2740.000000 1.437402
 2741.000000 1.425574
 2742.000000 1.410547
 2743.000000 1.393940
 2744.000000 1.378257
 2745.000000 1.365790
 2746.000000 1.358296
 2747.000000 1.357087
 2748.000000 1.362378
 2749.000000 1.373306
 2750.000000 1.388237
 2751.000000 1.405084
 2752.000000 1.421956
 2753.000000 1.436680
 2754.000000 1.447659
 2755.000000 1.453597
 2756.000000 1.454120
 2757.000000 1.449394
 2758.000000 1.440156
 2759.000000 1.427532
 2760.000000 1.412699
 2761.000000 1.397043
 2762.000000 1.382281
 2763.000000 1.370061
 2764.000000 1.361484
 2765.000000 1.357470
 2766.000000 1.358634
 2767.000000 1.364997
 2768.000000 1.375914
 2769.000000 1.390130
 2770.000000 1.405939
 2771.000000 1.421304
 2772.000000 1.434542
 2773.000000 1.443805
 2774.000000 1.448097
 2775.000000 1.446837
 2776.000000 1.440027
 2777.000000 1.428453
 2778.000000 1.413627
 2779.000000 1.397151
 2780.000000 1.381349
 2781.000000 1.368628
 2782.000000 1.360941
 2783.000000 1.359490
 2784.000000 1.364507
 2785.000000 1.375145
 2786.000000 1.389706
 2787.000000 1.405916
 2788.000000 1.421639
 2789.000000 1.434973
 2790.000000 1.444173
 2791.000000 1.448189
 2792.000000 1.446645
 2793.000000 1.439758
 2794.000000 1.428349
 2795.000000 1.413968
 2796.000000 1.398337
 2797.000000 1.383387
 2798.000000 1.371058
 2799.000000 1.363180
 2800.000000 1.360761
 2801.000000 1.364001
 2802.000000 1.372110
 2803.000000 1.383520
 2804.000000 1.396345
 2805.000000 1.408357
 2806.000000 1.417783
 2807.000000 1.423514
 2808.000000 1.425107
 2809.000000 1.422812
 2810.000000 1.417334
 2811.000000 1.409645
 2812.000000 1.400690
 2813.000000 1.391628
 2814.000000 1.383271
 2815.000000 1.376389
 2816.000000 1.371713
 2817.000000 1.369655
 2818.000000 1.370388
 2819.000000 1.373757
 2820.000000 1.379293
 2821.000000 1.386422
 2822.000000 1.394477
 2823.000000 1.402694
 2824.000000 1.410203
 2825.000000 1.416079
 2826.000000 1.419536
 2827.000000 1.420118
 2828.000000 1.417846
 2829.000000 1.413216
 2830.000000 1.406924
 2831.000000 1.400002
 2832.000000 1.393614
 2833.000000 1.388840
 2834.000000 1.386375
 2835.000000 1.386597
 2836.000000 1.389425
 2837.000000 1.394408
 2838.000000 1.400809
 2839.000000 1.407676
 2840.000000 1.413896
 2841.000000 1.418476
 2842.000000 1.420323
 2843.000000 1.418681
 2844.000000 1.413226
 2845.000000 1.404275
 2846.000000 1.392872
 2847.000000 1.380892
 2848.000000 1.370618
 2849.000000 1.364376
 2850.000000 1.363732
 2851.000000 1.369298
 2852.000000 1.380562
 2853.000000 1.395863
 2854.000000 1.413013
 2855.000000 1.429546
 2856.000000 1.443217
 2857.000000 1.452228
 2858.000000 1.455568
 2859.000000 1.452994
 2860.000000 1.444953
 2861.000000 1.432503
 2862.000000 1.417167
 2863.000000 1.400567
 2864.000000 1.385004
 2865.000000 1.372341
 2866.000000 1.363981
 2867.000000 1.360378
 2868.000000 1.361550
 2869.000000 1.366976
 2870.000000 1.375967
 2871.000000 1.387466
 2872.000000 1.400618
 2873.000000 1.414141
 2874.000000 1.426638
 2875.000000 1.436546
 2876.000000 1.442623
 2877.000000 1.444024
 2878.000000 1.440479
 2879.000000 1.432231
 2880.000000 1.420055
 2881.000000 1.404957
 2882.000000 1.388535
 2883.000000 1.372658
 2884.000000 1.359586
 2885.000000 1.351563
 2886.000000 1.350337
 2887.000000 1.356396
 2888.000000 1.368983
 2889.000000 1.386368
 2890.000000 1.406012
 2891.000000 1.425230
 2892.000000 1.441268
 2893.000000 1.452353
 2894.000000 1.457080
 2895.000000 1.454886
 2896.000000 1.446004
 2897.000000 1.431422
 2898.000000 1.412574
 2899.000000 1.391640
 2900.000000 1.371579
 2901.000000 1.355364
 2902.000000 1.345626
 2903.000000 1.343893
 2904.000000 1.350440
 2905.000000 1.364195
 2906.000000 1.382957
 2907.000000 1.403800
 2908.000000 1.423778
 2909.000000 1.440326
 2910.000000 1.451585
 2911.000000 1.456642
 2912.000000 1.455458
 2913.000000 1.448631
 2914.000000 1.437243
 2915.000000 1.423063
 2916.000000 1.407970
 2917.000000 1.393819
 2918.000000 1.382162
 2919.000000 1.374182
 2920.000000 1.370652
 2921.000000 1.371705
 2922.000000 1.377077
 2923.000000 1.386046
 2924.000000 1.397563
 2925.000000 1.410421
 2926.000000 1.423257
 2927.000000 1.434997
 2928.000000 1.444126
 2929.000000 1.449318
 2930.000000 1.449734
 2931.000000 1.444784
 2932.000000 1.434432
 2933.000000 1.419531
 2934.000000 1.401641
 2935.000000 1.383050
 2936.000000 1.366747
 2937.000000 1.355410
 2938.000000 1.350832
 2939.000000 1.353647
 2940.000000 1.363133
 2941.000000 1.377510
 2942.000000 1.394221
 2943.000000 1.411098
 2944.000000 1.426040
 2945.000000 1.437055
 2946.000000 1.442952
 2947.000000 1.443175
 2948.000000 1.437631
 2949.000000 1.426844
 2950.000000 1.411841
 2951.000000 1.394449
 2952.000000 1.376508
 2953.000000 1.360537
 2954.000000 1.348928
 2955.000000 1.343886
 2956.000000 1.346330
 2957.000000 1.355912
 2958.000000 1.371035
 2959.000000 1.389073
 2960.000000 1.407306
 2961.000000 1.423552
 2962.000000 1.436085
 2963.000000 1.443798
 2964.000000 1.446311
 2965.000000 1.443632
 2966.000000 1.436258
 2967.000000 1.425253
 2968.000000 1.412271
 2969.000000 1.398825
 2970.000000 1.386521
 2971.000000 1.376548
 2972.000000 1.369621
 2973.000000 1.366235
 2974.000000 1.366681
 2975.000000 1.371265
 2976.000000 1.380019
 2977.000000 1.392378
 2978.000000 1.407240
 2979.000000 1.422622
 2980.000000 1.436718
 2981.000000 1.447856
 2982.000000 1.454672
 2983.000000 1.456192
 2984.000000 1.451983
 2985.000000 1.442107
 2986.000000 1.427203
 2987.000000 1.408714
 2988.000000 1.388681
 2989.000000 1.369584
 2990.000000 1.354490
 2991.000000 1.345743
 2992.000000 1.344780
 2993.000000 1.351507
 2994.000000 1.364623
 2995.000000 1.381822
 2996.000000 1.400276
 2997.000000 1.417219
 2998.000000 1.430250
 2999.000000 1.437702
 3000.000000 1.438904
 3001.000000 1.434160
 3002.000000 1.424579
 3003.000000 1.411677
 3004.000000 1.397511
 3005.000000 1.383876
 3006.000000 1.372714
 3007.000000 1.365456
 3008.000000 1.363132
 3009.000000 1.365948
 3010.000000 1.373206
 3011.000000 1.383442
 3012.000000 1.395060
 3013.000000 1.406150
 3014.000000 1.415255
 3015.000000 1.421177
 3016.000000 1.423376
 3017.000000 1.421646
 3018.000000 1.416334
 3019.000000 1.408376
 3020.000000 1.398983
 3021.000000 1.389507
 3022.000000 1.381121
 3023.000000 1.374830
 3024.000000 1.371109
 3025.000000 1.370058
 3026.000000 1.371560
 3027.000000 1.375382
 3028.000000 1.381245
 3029.000000 1.388791
 3030.000000 1.397617
 3031.000000 1.407128
 3032.000000 1.416695
 3033.000000 1.425595
 3034.000000 1.432838
 3035.000000 1.437238
 3036.000000 1.437705
 3037.000000 1.433446
 3038.000000 1.424228
 3039.000000 1.410869
 3040.000000 1.395256
 3041.000000 1.380037
 3042.000000 1.367950
 3043.000000 1.361204
 3044.000000 1.361127
 3045.000000 1.367758
 3046.000000 1.379953
 3047.000000 1.395508
 3048.000000 1.411692
 3049.000000 1.426001
 3050.000000 1.436382
 3051.000000 1.441286
 3052.000000 1.440246
 3053.000000 1.433607
 3054.000000 1.422368
 3055.000000 1.408081
 3056.000000 1.392571
 3057.000000 1.377901
 3058.000000 1.365787
 3059.000000 1.357672
 3060.000000 1.354597
 3061.000000 1.356852
 3062.000000 1.363856
 3063.000000 1.374280
 3064.000000 1.386490
 3065.000000 1.399047
 3066.000000 1.410575
 3067.000000 1.419976
 3068.000000 1.426726
 3069.000000 1.430574
 3070.000000 1.431553
 3071.000000 1.429900
 3072.000000 1.426029
 3073.000000 1.420575
 3074.000000 1.414257
 3075.000000 1.407799
 3076.000000 1.401602
 3077.000000 1.396175
 3078.000000 1.391968
 3079.000000 1.389388
 3080.000000 1.388872
 3081.000000 1.390663
 3082.000000 1.394650
 3083.000000 1.400252
 3084.000000 1.406585
 3085.000000 1.412485
 3086.000000 1.416976
 3087.000000 1.419222
 3088.000000 1.418687
 3089.000000 1.415194
 3090.000000 1.409006
 3091.000000 1.400852
 3092.000000 1.391825
 3093.000000 1.383280
 3094.000000 1.376748
 3095.000000 1.373512
 3096.000000 1.374386
 3097.000000 1.379598
 3098.000000 1.388693
 3099.000000 1.400572
 3100.000000 1.413579
 3101.000000 1.425844
 3102.000000 1.435437
 3103.000000 1.440841
 3104.000000 1.441131
 3105.000000 1.436150
 3106.000000 1.426624
 3107.000000 1.413903
 3108.000000 1.400022
 3109.000000 1.387020
 3110.000000 1.376484
 3111.000000 1.370045
 3112.000000 1.368370
 3113.000000 1.371418
 3114.000000 1.378504
 3115.000000 1.388302
 3116.000000 1.399331
 3117.000000 1.410399
 3118.000000 1.420303
 3119.000000 1.428263
 3120.000000 1.433626
 3121.000000 1.436107
 3122.000000 1.435689
 3123.000000 1.432516
 3124.000000 1.426943
 3125.000000 1.419422
 3126.000000 1.410480
 3127.000000 1.400723
 3128.000000 1.391016
 3129.000000 1.382246
 3130.000000 1.375479
 3131.000000 1.371734
 3132.000000 1.371864
 3133.000000 1.376273
 3134.000000 1.384696
 3135.000000 1.396314
 3136.000000 1.409823
 3137.000000 1.423660
 3138.000000 1.436031
 3139.000000 1.445419
 3140.000000 1.450840
 3141.000000 1.451663
 3142.000000 1.447698
 3143.000000 1.439359
 3144.000000 1.427676
 3145.000000 1.414359
 3146.000000 1.401068
 3147.000000 1.389599
 3148.000000 1.381496
 3149.000000 1.377789
 3150.000000 1.378807
 3151.000000 1.384067
 3152.000000 1.392436
 3153.000000 1.402221
 3154.000000 1.411872
 3155.000000 1.419843
 3156.000000 1.425158
 3157.000000 1.427440
 3158.000000 1.426810
 3159.000000 1.423678
 3160.000000 1.418692
 3161.000000 1.412630
 3162.000000 1.406214
 3163.000000 1.400172
 3164.000000 1.395081
 3165.000000 1.391347
 3166.000000 1.389059
 3167.000000 1.388118
 3168.000000 1.388386
 3169.000000 1.389781
 3170.000000 1.392318
 3171.000000 1.395984
 3172.000000 1.400714
 3173.000000 1.406299
 3174.000000 1.412421
 3175.000000 1.418660
 3176.000000 1.424562
 3177.000000 1.429567
 3178.000000 1.433126
 3179.000000 1.434723
 3180.000000 1.434016
 3181.000000 1.430969
 3182.000000 1.425890
 3183.000000 1.419463
 3184.000000 1.412572
 3185.000000 1.406059
 3186.000000 1.400710
 3187.000000 1.397016
 3188.000000 1.395181
 3189.000000 1.395064
 3190.000000 1.396273
 3191.000000 1.398182
 3192.000000 1.400063
 3193.000000 1.401291
 3194.000000 1.401489
 3195.000000 1.400646
 3196.000000 1.399106
 3197.000000 1.397387
 3198.000000 1.396058
 3199.000000 1.395599
 3200.000000 1.396305
 3201.000000 1.398227
 3202.000000 1.401136
 3203.000000 1.404562
 3204.000000 1.407880
 3205.000000 1.410443
 3206.000000 1.411703
 3207.000000 1.411379
 3208.000000 1.409594
 3209.000000 1.406797
 3210.000000 1.403592
 3211.000000 1.400651
 3212.000000 1.398452
 3213.000000 1.397291
 3214.000000 1.397256
 3215.000000 1.398243
 3216.000000 1.399969
 3217.000000 1.401999
 3218.000000 1.403838
 3219.000000 1.405045
 3220.000000 1.405459
 3221.000000 1.405207
 3222.000000 1.404657
 3223.000000 1.404271
 3224.000000 1.404462
 3225.000000 1.405463
 3226.000000 1.407271
 3227.000000 1.409632
 3228.000000 1.412010
 3229.000000 1.413762
 3230.000000 1.414193
 3231.000000 1.412763
 3232.000000 1.409248
 3233.000000 1.403905
 3234.000000 1.397512
 3235.000000 1.391114
 3236.000000 1.385936
 3237.000000 1.382999
 3238.000000 1.383000
 3239.000000 1.386106
 3240.000000 1.391957
 3241.000000 1.399812
 3242.000000 1.408641
 3243.000000 1.417193
 3244.000000 1.424378
 3245.000000 1.429529
 3246.000000 1.432296
 3247.000000 1.432727
 3248.000000 1.431264
 3249.000000 1.428472
 3250.000000 1.424975
 3251.000000 1.421287
 3252.000000 1.417820
 3253.000000 1.414859
 3254.000000 1.412569
 3255.000000 1.410936
 3256.000000 1.409780
 3257.000000 1.408762
 3258.000000 1.407520
 3259.000000 1.405863
 3260.000000 1.403874
 3261.000000 1.401858
 3262.000000 1.400176
 3263.000000 1.399151
 3264.000000 1.399039
 3265.000000 1.400003
 3266.000000 1.402102
 3267.000000 1.405222
 3268.000000 1.409027
 3269.000000 1.413084
 3270.000000 1.416836
 3271.000000 1.419756
 3272.000000 1.421516
 3273.000000 1.422099
 3274.000000 1.421708
 3275.000000 1.420616
 3276.000000 1.419095
 3277.000000 1.417361
 3278.000000 1.415612
 3279.000000 1.413937
 3280.000000 1.412404
 3281.000000 1.411014
 3282.000000 1.409674
 3283.000000 1.408289
 3284.000000 1.406839
 3285.000000 1.405528
 3286.000000 1.404755
 3287.000000 1.404978
 3288.000000 1.406542
 3289.000000 1.409540
 3290.000000 1.413709
 3291.000000 1.418507
 3292.000000 1.423238
 3293.000000 1.427086
 3294.000000 1.429253
 3295.000000 1.429139
 3296.000000 1.426389
 3297.000000 1.421008
 3298.000000 1.413621
 3299.000000 1.405150
 3300.000000 1.396796
 3301.000000 1.389887
 3302.000000 1.385514
 3303.000000 1.384490
 3304.000000 1.387145
 3305.000000 1.393303
 3306.000000 1.402321
 3307.000000 1.413181
 3308.000000 1.424635
 3309.000000 1.435348
 3310.000000 1.444115
 3311.000000 1.450095
 3312.000000 1.452933
 3313.000000 1.452597
 3314.000000 1.449310
 3315.000000 1.443503
 3316.000000 1.435734
 3317.000000 1.426705
 3318.000000 1.417288
 3319.000000 1.408184
 3320.000000 1.400040
 3321.000000 1.393474
 3322.000000 1.389017
 3323.000000 1.386921
 3324.000000 1.387333
 3325.000000 1.390256
 3326.000000 1.395473
 3327.000000 1.402598
 3328.000000 1.410991
 3329.000000 1.419757
 3330.000000 1.427960
 3331.000000 1.434846
 3332.000000 1.439640
 3333.000000 1.441806
 3334.000000 1.440909
 3335.000000 1.436807
 3336.000000 1.429662
 3337.000000 1.420196
 3338.000000 1.409713
 3339.000000 1.399642
 3340.000000 1.391346
 3341.000000 1.386054
 3342.000000 1.384633
 3343.000000 1.387292
 3344.000000 1.393679
 3345.000000 1.402734
 3346.000000 1.412967
 3347.000000 1.423020
 3348.000000 1.431467
 3349.000000 1.437044
 3350.000000 1.439093
 3351.000000 1.437573
 3352.000000 1.432979
 3353.000000 1.426133
 3354.000000 1.418188
 3355.000000 1.410183
 3356.000000 1.403106
 3357.000000 1.397855
 3358.000000 1.394928
 3359.000000 1.394423
 3360.000000 1.396068
 3361.000000 1.399265
 3362.000000 1.403327
 3363.000000 1.407625
 3364.000000 1.411720
 3365.000000 1.415397
 3366.000000 1.418627
 3367.000000 1.421399
 3368.000000 1.423724
 3369.000000 1.425565
 3370.000000 1.426857
 3371.000000 1.427440
 3372.000000 1.427112
 3373.000000 1.425669
 3374.000000 1.422998
 3375.000000 1.419184
 3376.000000 1.414658
 3377.000000 1.410098
 3378.000000 1.406332
 3379.000000 1.404116
 3380.000000 1.404015
 3381.000000 1.406206
 3382.000000 1.410379
 3383.000000 1.415881
 3384.000000 1.421732
 3385.000000 1.426813
 3386.000000 1.430088
 3387.000000 1.430780
 3388.000000 1.428577
 3389.000000 1.423691
 3390.000000 1.416890
 3391.000000 1.409200
 3392.000000 1.402014
 3393.000000 1.396581
 3394.000000 1.393895
 3395.000000 1.394512
 3396.000000 1.398464
 3397.000000 1.405215
 3398.000000 1.413904
 3399.000000 1.423506
 3400.000000 1.432776
 3401.000000 1.440570
 3402.000000 1.446039
 3403.000000 1.448633
 3404.000000 1.448295
 3405.000000 1.445233
 3406.000000 1.439931
 3407.000000 1.433069
 3408.000000 1.425287
 3409.000000 1.417459
 3410.000000 1.410342
 3411.000000 1.404655
 3412.000000 1.400738
 3413.000000 1.398772
 3414.000000 1.398683
 3415.000000 1.400323
 3416.000000 1.403482
 3417.000000 1.407788
 3418.000000 1.412926
 3419.000000 1.418381
 3420.000000 1.423620
 3421.000000 1.427980
 3422.000000 1.430869
 3423.000000 1.431819
 3424.000000 1.430544
 3425.000000 1.426993
 3426.000000 1.421384
 3427.000000 1.414246
 3428.000000 1.406516
 3429.000000 1.399341
 3430.000000 1.393834
 3431.000000 1.391049
 3432.000000 1.391574
 3433.000000 1.395464
 3434.000000 1.402181
 3435.000000 1.410859
 3436.000000 1.420223
 3437.000000 1.428918
 3438.000000 1.435770
 3439.000000 1.439768
 3440.000000 1.440380
 3441.000000 1.437610
 3442.000000 1.431950
 3443.000000 1.424321
 3444.000000 1.415928
 3445.000000 1.407904
 3446.000000 1.401352
 3447.000000 1.396862
 3448.000000 1.394680
 3449.000000 1.394736
 3450.000000 1.396656
 3451.000000 1.399830
 3452.000000 1.403581
 3453.000000 1.407286
 3454.000000 1.410476
 3455.000000 1.412877
 3456.000000 1.414395
 3457.000000 1.415063
 3458.000000 1.414931
 3459.000000 1.414058
 3460.000000 1.412530
 3461.000000 1.410458
 3462.000000 1.407963
 3463.000000 1.405185
 3464.000000 1.402273
 3465.000000 1.399338
 3466.000000 1.396572
 3467.000000 1.394229
 3468.000000 1.392621
 3469.000000 1.392064
 3470.000000 1.392784
 3471.000000 1.394869
 3472.000000 1.398184
 3473.000000 1.402384
 3474.000000 1.406994
 3475.000000 1.411501
 3476.000000 1.415389
 3477.000000 1.418223
 3478.000000 1.419689
 3479.000000 1.419616
 3480.000000 1.418078
 3481.000000 1.415441
 3482.000000 1.412234
 3483.000000 1.409180
 3484.000000 1.406993
 3485.000000 1.406165
 3486.000000 1.406907
 3487.000000 1.409073
 3488.000000 1.412259
 3489.000000 1.415889
 3490.000000 1.419266
 3491.000000 1.421747
 3492.000000 1.422845
 3493.000000 1.422320
 3494.000000 1.420188
 3495.000000 1.416762
 3496.000000 1.412583
 3497.000000 1.408387
 3498.000000 1.404980
 3499.000000 1.403085
 3500.000000 1.403059
 3501.000000 1.404944
 3502.000000 1.408399
 3503.000000 1.412769
 3504.000000 1.417260
 3505.000000 1.421057
 3506.000000 1.423519
 3507.000000 1.424177
 3508.000000 1.422925
 3509.000000 1.419925
 3510.000000 1.415539
 3511.000000 1.410236
 3512.000000 1.404618
 3513.000000 1.399438
 3514.000000 1.395403
 3515.000000 1.393074
 3516.000000 1.392902
 3517.000000 1.395028
 3518.000000 1.399265
 3519.000000 1.405067
 3520.000000 1.411669
 3521.000000 1.418245
 3522.000000 1.424144
 3523.000000 1.428818
 3524.000000 1.431821
 3525.000000 1.432978
 3526.000000 1.432234
 3527.000000 1.429676
 3528.000000 1.425532
 3529.000000 1.420182
 3530.000000 1.414034
 3531.000000 1.407529
 3532.000000 1.401171
 3533.000000 1.395544
 3534.000000 1.391290
 3535.000000 1.388951
 3536.000000 1.388883
 3537.000000 1.391236
 3538.000000 1.395871
 3539.000000 1.402442
 3540.000000 1.410272
 3541.000000 1.418499
 3542.000000 1.426175
 3543.000000 1.432412
 3544.000000 1.436344
 3545.000000 1.437427
 3546.000000 1.435518
 3547.000000 1.430914
 3548.000000 1.424375
 3549.000000 1.416795
 3550.000000 1.409088
 3551.000000 1.402326
 3552.000000 1.397371
 3553.000000 1.394810
 3554.000000 1.394833
 3555.000000 1.397249
 3556.000000 1.401547
 3557.000000 1.407019
 3558.000000 1.412893
 3559.000000 1.418473
 3560.000000 1.423275
 3561.000000 1.427046
 3562.000000 1.429630
 3563.000000 1.430988
 3564.000000 1.431153
 3565.000000 1.430228
 3566.000000 1.428373
 3567.000000 1.425769
 3568.000000 1.422654
 3569.000000 1.419284
 3570.000000 1.415944
 3571.000000 1.412960
 3572.000000 1.410611
 3573.000000 1.409182
 3574.000000 1.408922
 3575.000000 1.409920
 3576.000000 1.412086
 3577.000000 1.415132
 3578.000000 1.418638
 3579.000000 1.422054
 3580.000000 1.424781
 3581.000000 1.426263
 3582.000000 1.426047
 3583.000000 1.423813
 3584.000000 1.419486
 3585.000000 1.413219
 3586.000000 1.405615
 3587.000000 1.397613
 3588.000000 1.390436
 3589.000000 1.385075
 3590.000000 1.382485
 3591.000000 1.383172
 3592.000000 1.387107
 3593.000000 1.393750
 3594.000000 1.402226
 3595.000000 1.411352
 3596.000000 1.419785
 3597.000000 1.426311
 3598.000000 1.429947
 3599.000000 1.430118
 3600.000000 1.426741
 3601.000000 1.420182
 3602.000000 1.411312
 3603.000000 1.401301
 3604.000000 1.391441
 3605.000000 1.383011
 3606.000000 1.377103
 3607.000000 1.374281
 3608.000000 1.374649
 3609.000000 1.377842
 3610.000000 1.383134
 3611.000000 1.389648
 3612.000000 1.396506
 3613.000000 1.403107
 3614.000000 1.409079
 3615.000000 1.414129
 3616.000000 1.418038
 3617.000000 1.420741
 3618.000000 1.422220
 3619.000000 1.422543
 3620.000000 1.421821
 3621.000000 1.420224
 3622.000000 1.417966
 3623.000000 1.415242
 3624.000000 1.412356
 3625.000000 1.409687
 3626.000000 1.407595
 3627.000000 1.406429
 3628.000000 1.406397
 3629.000000 1.407511
 3630.000000 1.409563
 3631.000000 1.412189
 3632.000000 1.414890
 3633.000000 1.417180
 3634.000000 1.418698
 3635.000000 1.419186
 3636.000000 1.418550
 3637.000000 1.416873
 3638.000000 1.414424
 3639.000000 1.411615
 3640.000000 1.408880
 3641.000000 1.406623
 3642.000000 1.405232
 3643.000000 1.405004
 3644.000000 1.406094
 3645.000000 1.408479
 3646.000000 1.411972
 3647.000000 1.416144
 3648.000000 1.420439
 3649.000000 1.424101
 3650.000000 1.426499
 3651.000000 1.427131
 3652.000000 1.425803
 3653.000000 1.422598
 3654.000000 1.417738
 3655.000000 1.411670
 3656.000000 1.404872
 3657.000000 1.397990
 3658.000000 1.391541
 3659.000000 1.385900
 3660.000000 1.381309
 3661.000000 1.377987
 3662.000000 1.375975
 3663.000000 1.375232
 3664.000000 1.375786
 3665.000000 1.377759
 3666.000000 1.381301
 3667.000000 1.386485
 3668.000000 1.393315
 3669.000000 1.401408
 3670.000000 1.410242
 3671.000000 1.419099
 3672.000000 1.427033
 3673.000000 1.433173
 3674.000000 1.436759
 3675.000000 1.437208
 3676.000000 1.434355
 3677.000000 1.428518
 3678.000000 1.420420
 3679.000000 1.411183
 3680.000000 1.401998
 3681.000000 1.394031
 3682.000000 1.388199
 3683.000000 1.385004
 3684.000000 1.384545
 3685.000000 1.386443
 3686.000000 1.389953
 3687.000000 1.394119
 3688.000000 1.398064
 3689.000000 1.401074
 3690.000000 1.402850
 3691.000000 1.403453
 3692.000000 1.403182
 3693.000000 1.402419
 3694.000000 1.401539
 3695.000000 1.400827
 3696.000000 1.400446
 3697.000000 1.400435
 3698.000000 1.400717
 3699.000000 1.401143
 3700.000000 1.401533
 3701.000000 1.401736
 3702.000000 1.401687
 3703.000000 1.401435
 3704.000000 1.401127
 3705.000000 1.400964
 3706.000000 1.401138
 3707.000000 1.401785
 3708.000000 1.402950
 3709.000000 1.404577
 3710.000000 1.406456
 3711.000000 1.408310
 3712.000000 1.409737
 3713.000000 1.410297
 3714.000000 1.409638
 3715.000000 1.407573
 3716.000000 1.404170
 3717.000000 1.399813
 3718.000000 1.395072
 3719.000000 1.390633
 3720.000000 1.387117
 3721.000000 1.385102
 3722.000000 1.384873
 3723.000000 1.386502
 3724.000000 1.389822
 3725.000000 1.394486
 3726.000000 1.400030
 3727.000000 1.406012
 3728.000000 1.411936
 3729.000000 1.417408
 3730.000000 1.422092
 3731.000000 1.425676
 3732.000000 1.427928
 3733.000000 1.428643
 3734.000000 1.427686
 3735.000000 1.425073
 3736.000000 1.421019
 3737.000000 1.415815
 3738.000000 1.409903
 3739.000000 1.403793
 3740.000000 1.398082
 3741.000000 1.393396
 3742.000000 1.390210
 3743.000000 1.388937
 3744.000000 1.389759
 3745.000000 1.392552
 3746.000000 1.396880
 3747.000000 1.402022
 3748.000000 1.407192
 3749.000000 1.411563
 3750.000000 1.414522
 3751.000000 1.415714
 3752.000000 1.415054
 3753.000000 1.412749
 3754.000000 1.409328
 3755.000000 1.405513
 3756.000000 1.402053
 3757.000000 1.399644
 3758.000000 1.398687
 3759.000000 1.399294
 3760.000000 1.401252
 3761.000000 1.404074
 3762.000000 1.407187
 3763.000000 1.409986
 3764.000000 1.411929
 3765.000000 1.412640
 3766.000000 1.412028
 3767.000000 1.410324
 3768.000000 1.408056
 3769.000000 1.405849
 3770.000000 1.404417
 3771.000000 1.404319
 3772.000000 1.405876
 3773.000000 1.409097
 3774.000000 1.413677
 3775.000000 1.419099
 3776.000000 1.424658
 3777.000000 1.429556
 3778.000000 1.433182
 3779.000000 1.435093
 3780.000000 1.435134
 3781.000000 1.433459
 3782.000000 1.430461
 3783.000000 1.426664
 3784.000000 1.422575
 3785.000000 1.418672
 3786.000000 1.415414
 3787.000000 1.413083
 3788.000000 1.411814
 3789.000000 1.411587
 3790.000000 1.412259
 3791.000000 1.413599
 3792.000000 1.415318
 3793.000000 1.417198
 3794.000000 1.419111
 3795.000000 1.420967
 3796.000000 1.422756
 3797.000000 1.424450
 3798.000000 1.426002
 3799.000000 1.427327
 3800.000000 1.428323
 3801.000000 1.428869
 3802.000000 1.428793
 3803.000000 1.427859
 3804.000000 1.425847
 3805.000000 1.422657
 3806.000000 1.418367
 3807.000000 1.413218
 3808.000000 1.407700
 3809.000000 1.402360
 3810.000000 1.397784
 3811.000000 1.394439
 3812.000000 1.392626
 3813.000000 1.392415
 3814.000000 1.393642
 3815.000000 1.395939
 3816.000000 1.398784
 3817.000000 1.401686
 3818.000000 1.404120
 3819.000000 1.405732
 3820.000000 1.406385
 3821.000000 1.406102
 3822.000000 1.405038
 3823.000000 1.403424
 3824.000000 1.401521
 3825.000000 1.399607
 3826.000000 1.397899
 3827.000000 1.396529
 3828.000000 1.395569
 3829.000000 1.395006
 3830.000000 1.394765
 3831.000000 1.394782
 3832.000000 1.395054
 3833.000000 1.395677
 3834.000000 1.396851
 3835.000000 1.398797
 3836.000000 1.401696
 3837.000000 1.405555
 3838.000000 1.410231
 3839.000000 1.415422
 3840.000000 1.420782
 3841.000000 1.425708
 3842.000000 1.429549
 3843.000000 1.431697
 3844.000000 1.431763
 3845.000000 1.429642
 3846.000000 1.425568
 3847.000000 1.420143
 3848.000000 1.414087
 3849.000000 1.408196
 3850.000000 1.403160
 3851.000000 1.399488
 3852.000000 1.397367
 3853.000000 1.396736
 3854.000000 1.397230
 3855.000000 1.398297
 3856.000000 1.399294
 3857.000000 1.399638
 3858.000000 1.398996
 3859.000000 1.397364
 3860.000000 1.395078
 3861.000000 1.392700
 3862.000000 1.390784
 3863.000000 1.389792
 3864.000000 1.389928
 3865.000000 1.391147
 3866.000000 1.393164
 3867.000000 1.395508
 3868.000000 1.397576
 3869.000000 1.398851
 3870.000000 1.398981
 3871.000000 1.397919
 3872.000000 1.395963
 3873.000000 1.393727
 3874.000000 1.391961
 3875.000000 1.391342
 3876.000000 1.392353
 3877.000000 1.395189
 3878.000000 1.399718
 3879.000000 1.405645
 3880.000000 1.412152
 3881.000000 1.418330
 3882.000000 1.423260
 3883.000000 1.426254
 3884.000000 1.427050
 3885.000000 1.425720
 3886.000000 1.422664
 3887.000000 1.418488
 3888.000000 1.413857
 3889.000000 1.409412
 3890.000000 1.405702
 3891.000000 1.403152
 3892.000000 1.402061
 3893.000000 1.402562
 3894.000000 1.404605
 3895.000000 1.407934
 3896.000000 1.412178
 3897.000000 1.416959
 3898.000000 1.421979
 3899.000000 1.427021
 3900.000000 1.431927
 3901.000000 1.436714
 3902.000000 1.441301
 3903.000000 1.445467
 3904.000000 1.448861
 3905.000000 1.451065
 3906.000000 1.451543
 3907.000000 1.449863
 3908.000000 1.445839
 3909.000000 1.439658
 3910.000000 1.431792
 3911.000000 1.423121
 3912.000000 1.414703
 3913.000000 1.407562
 3914.000000 1.402641
 3915.000000 1.400631
 3916.000000 1.401873
 3917.000000 1.406228
 3918.000000 1.413024
 3919.000000 1.421102
 3920.000000 1.428920
 3921.000000 1.435059
 3922.000000 1.438350
 3923.000000 1.438311
 3924.000000 1.435187
 3925.000000 1.429866
 3926.000000 1.423496
 3927.000000 1.417311
 3928.000000 1.412295
 3929.000000 1.409004
 3930.000000 1.407697
 3931.000000 1.408145
 3932.000000 1.409813
 3933.000000 1.412000
 3934.000000 1.414042
 3935.000000 1.415448
 3936.000000 1.416050
 3937.000000 1.415990
 3938.000000 1.415654
 3939.000000 1.415542
 3940.000000 1.416106
 3941.000000 1.417610
 3942.000000 1.420044
 3943.000000 1.423073
 3944.000000 1.426123
 3945.000000 1.428466
 3946.000000 1.429473
 3947.000000 1.428801
 3948.000000 1.426488
 3949.000000 1.422989
 3950.000000 1.419047
 3951.000000 1.415408
 3952.000000 1.412703
 3953.000000 1.411332
 3954.000000 1.411397
 3955.000000 1.412718
 3956.000000 1.414897
 3957.000000 1.417417
 3958.000000 1.419715
 3959.000000 1.421294
 3960.000000 1.421862
 3961.000000 1.421355
 3962.000000 1.419996
 3963.000000 1.418243
 3964.000000 1.416661
 3965.000000 1.415829
 3966.000000 1.416203
 3967.000000 1.417977
 3968.000000 1.421045
 3969.000000 1.425105
 3970.000000 1.429569
 3971.000000 1.433834
 3972.000000 1.437289
 3973.000000 1.439591
 3974.000000 1.440637
 3975.000000 1.440601
 3976.000000 1.439829
 3977.000000 1.438700
 3978.000000 1.437531
 3979.000000 1.436490
 3980.000000 1.435636
 3981.000000 1.434985
 3982.000000 1.434507
 3983.000000 1.434169
 3984.000000 1.433932
 3985.000000 1.433747
 3986.000000 1.433572
 3987.000000 1.433396
 3988.000000 1.433245
 3989.000000 1.433182
 3990.000000 1.433271
 3991.000000 1.433543
 3992.000000 1.433974
 3993.000000 1.434481
 3994.000000 1.434937
 3995.000000 1.435202
 3996.000000 1.435154
 3997.000000 1.434707
 3998.000000 1.433827
 3999.000000 1.432531
 4000.000000 1.430898
 4001.000000 1.429136
 4002.000000 1.427559
 4003.000000 1.426517
 4004.000000 1.426310
 4005.000000 1.427163
 4006.000000 1.429174
 4007.000000 1.432292
 4008.000000 1.436237
 4009.000000 1.440609
 4010.000000 1.444840
 4011.000000 1.448346
 4012.000000 1.450453
 4013.000000 1.450669
 4014.000000 1.448757
 4015.000000 1.444826
 4016.000000 1.439333
 4017.000000 1.432973
 4018.000000 1.426536
 4019.000000 1.420873
 4020.000000 1.416499
 4021.000000 1.413799
 4022.000000 1.412892
 4023.000000 1.413629
 4024.000000 1.415619
 4025.000000 1.418312
 4026.000000 1.421219
 4027.000000 1.423964
 4028.000000 1.426361
 4029.000000 1.428459
 4030.000000 1.430403
 4031.000000 1.432311
 4032.000000 1.434185
 4033.000000 1.435918
 4034.000000 1.437346
 4035.000000 1.438272
 4036.000000 1.438481
 4037.000000 1.437785
 4038.000000 1.436060
 4039.000000 1.433310
 4040.000000 1.429839
 4041.000000 1.426091
 4042.000000 1.422645
 4043.000000 1.420131
 4044.000000 1.419118
 4045.000000 1.419965
 4046.000000 1.422741
 4047.000000 1.427206
 4048.000000 1.432766
 4049.000000 1.438587
 4050.000000 1.443718
 4051.000000 1.447160
 4052.000000 1.448115
 4053.000000 1.446274
 4054.000000 1.441877
 4055.000000 1.435610
 4056.000000 1.428459
 4057.000000 1.421230
 4058.000000 1.414602
 4059.000000 1.409019
 4060.000000 1.404784
 4061.000000 1.402010
 4062.000000 1.400812
 4063.000000 1.401246
 4064.000000 1.403348
 4065.000000 1.407171
 4066.000000 1.412737
 4067.000000 1.419919
 4068.000000 1.428428
 4069.000000 1.437644
 4070.000000 1.446894
 4071.000000 1.455327
 4072.000000 1.462102
 4073.000000 1.466531
 4074.000000 1.468071
 4075.000000 1.466373
 4076.000000 1.461402
 4077.000000 1.453572
 4078.000000 1.443830
 4079.000000 1.433316
 4080.000000 1.423331
 4081.000000 1.415159
 4082.000000 1.409999
 4083.000000 1.408575
 4084.000000 1.411056
 4085.000000 1.417000
 4086.000000 1.425518
 4087.000000 1.435465
 4088.000000 1.445520
 4089.000000 1.454420
 4090.000000 1.461107
 4091.000000 1.464860
 4092.000000 1.465237
 4093.000000 1.462232
 4094.000000 1.456268
 4095.000000 1.448055
 4096.000000 1.438581
 4097.000000 1.428960
 4098.000000 1.420107
 4099.000000 1.412766
 4100.000000 1.407605
 4101.000000 1.404934
 4102.000000 1.404667
 4103.000000 1.406349
 4104.000000 1.409292
 4105.000000 1.412726
 4106.000000 1.415922
 4107.000000 1.418382
 4108.000000 1.419857
 4109.000000 1.420404
 4110.000000 1.420297
 4111.000000 1.419923
 4112.000000 1.419690
 4113.000000 1.419925
 4114.000000 1.420801
 4115.000000 1.422300
 4116.000000 1.424175
 4117.000000 1.426024
 4118.000000 1.427350
 4119.000000 1.427792
 4120.000000 1.427159
 4121.000000 1.425500
 4122.000000 1.423001
 4123.000000 1.419937
 4124.000000 1.416662
 4125.000000 1.413407
 4126.000000 1.410351
 4127.000000 1.407625
 4128.000000 1.405294
 4129.000000 1.403456
 4130.000000 1.402141
 4131.000000 1.401404
 4132.000000 1.401352
 4133.000000 1.402125
 4134.000000 1.403855
 4135.000000 1.406587
 4136.000000 1.410251
 4137.000000 1.414563
 4138.000000 1.419144
 4139.000000 1.423504
 4140.000000 1.427194
 4141.000000 1.429747
 4142.000000 1.430846
 4143.000000 1.430332
 4144.000000 1.428247
 4145.000000 1.424897
 4146.000000 1.420871
 4147.000000 1.416878
 4148.000000 1.413625
 4149.000000 1.411770
 4150.000000 1.411721
 4151.000000 1.413603
 4152.000000 1.417225
 4153.000000 1.422149
 4154.000000 1.427709
 4155.000000 1.433237
 4156.000000 1.438075
 4157.000000 1.441622
 4158.000000 1.443509
 4159.000000 1.443656
 4160.000000 1.442238
 4161.000000 1.439588
 4162.000000 1.436084
 4163.000000 1.432122
 4164.000000 1.428053
 4165.000000 1.424206
 4166.000000 1.420884
 4167.000000 1.418283
 4168.000000 1.416530
 4169.000000 1.415665
 4170.000000 1.415665
 4171.000000 1.416482
 4172.000000 1.418088
 4173.000000 1.420438
 4174.000000 1.423521
 4175.000000 1.427253
 4176.000000 1.431507
 4177.000000 1.436114
 4178.000000 1.440874
 4179.000000 1.445489
 4180.000000 1.449674
 4181.000000 1.453078
 4182.000000 1.455349
 4183.000000 1.456188
 4184.000000 1.455428
 4185.000000 1.453093
 4186.000000 1.449462
 4187.000000 1.445017
 4188.000000 1.440319
 4189.000000 1.435958
 4190.000000 1.432496
 4191.000000 1.430279
 4192.000000 1.429439
 4193.000000 1.429812
 4194.000000 1.431025
 4195.000000 1.432577
 4196.000000 1.433981
 4197.000000 1.434925
 4198.000000 1.435297
 4199.000000 1.435218
