Resp charges for organic molecule

 &cntrl

 nmol = 1,
 ihfree = 1,
 ioutopt = 1,
 qwt = 0.00050,

 &end
    1.0
Resp charges for organic molecule
   12  294
    6    0
    7    0
    6    1
    7    2
    6    1
    7    2
    6    0
    6    0
    6    0
    7    0
    6    9
    6    8
    1    0
    1    0
    1   14
    1   13
    6    7
    6    8
    6    9
    7   10
    6    9
    6    8
    1   13
    1   14
    1   14
    1   13
    6    7
    6    8
    6    9
    7   10
    6    9
    6    8
    1   13
    1   14
    1   14
    1   13
    6    1
    7    2
    6    1
    7    2
    6    1
    7    2
    6    7
    6    8
    6    9
    7   10
    6    9
    6    8
    1   13
    1   14
    1   14
    1   13
    6    7
    6    8
    6    9
    7   10
    6    9
    6    8
    1   13
    1   14
    1   14
    1   13
    6    7
    6    8
    6    9
    7   10
    6    9
    6    8
    1   13
    1   14
    1   14
    1   13
    6    1
    7    2
    6    1
    7    2
    6    1
    7    2
    6    7
    6    8
    6    9
    7   10
    6    9
    6    8
    1   13
    1   14
    1   14
    1   13
    6    7
    6    8
    6    9
    7   10
    6    9
    6    8
    1   13
    1   14
    1   14
    1   13
    6    7
    6    8
    6    9
    7   10
    6    9
    6    8
    1   13
    1   14
    1   14
    1   13
    6    1
    7    2
    6    1
    7    2
    6    1
    7    2
    6    7
    6    8
    6    9
    7   10
    6    9
    6    8
    1   13
    1   14
    1   14
    1   13
    6    7
    6    8
    6    9
    7   10
    6    9
    6    8
    1   13
    1   14
    1   14
    1   13
    6    7
    6    8
    6    9
    7   10
    6    9
    6    8
    1   13
    1   14
    1   14
    1   13
   46    0
    7    0
    7  146
    6    0
    6    0
    6    0
    6    0
    6    0
    6    0
    1    0
    1    0
    1    0
    1    0
    1    0
    1    0
    1    0
    1    0
    1    0
    1    0
    1    0
    1    0
    1    0
    1    0
    1    0
    1    0
   46  145
    7  146
    6    0
    6    0
    6    0
    1    0
    1    0
    1    0
    1    0
    1    0
    1    0
    1    0
    1    0
    6    0
    7  146
    1    0
    1    0
    6    0
    6    0
    1    0
    1    0
    1    0
    1    0
    1    0
    1    0
   46  145
    7  146
    6    0
    6    0
    6    0
    1    0
    1    0
    1    0
    1    0
    1    0
    1    0
    1    0
    1    0
    6    0
    7  146
    1    0
    1    0
    6    0
    6    0
    1    0
    1    0
    1    0
    1    0
    1    0
    1    0
   46  145
    7  146
    6    0
    6    0
    6    0
    1    0
    1    0
    1    0
    1    0
    1    0
    1    0
    1    0
    1    0
    6    0
    7  146
    1    0
    1    0
    6    0
    6    0
    1    0
    1    0
    1    0
    1    0
    1    0
    1    0
   46  145
    7  146
    6    0
    6    0
    6    0
    1    0
    1    0
    1    0
    1    0
    1    0
    1    0
    1    0
    1    0
    6    0
    7  146
    1    0
    1    0
    6    0
    6    0
    1    0
    1    0
    1    0
    1    0
    1    0
    1    0
   46  145
    7  146
    6    0
    6    0
    6    0
    1    0
    1    0
    1    0
    1    0
    1    0
    1    0
    1    0
    1    0
    6    0
    7  146
    1    0
    1    0
    6    0
    6    0
    1    0
    1    0
    1    0
    1    0
    1    0
    1    0

