#! FIELDS time coord1.mean dist1 coord2.mean dist2
 0.000000 56.167282 0.591065 75.131475 0.177331
 1.000000 59.748122 0.505800 69.169960 0.270344
 2.000000 61.523004 0.475778 75.072117 0.184071
 3.000000 64.344933 0.428273 73.712800 0.219485
 4.000000 64.564321 0.403586 73.953004 0.242803
 5.000000 62.393398 0.420305 71.578416 0.278097
 6.000000 69.259464 0.264621 71.839027 0.267346
 7.000000 67.101690 0.346804 71.189148 0.289535
 8.000000 62.168898 0.473936 72.072785 0.251382
 9.000000 66.774451 0.357590 72.147411 0.252757
 10.000000 63.719795 0.445024 71.206578 0.299539
 11.000000 62.592817 0.474442 73.638644 0.242244
 12.000000 65.584948 0.361034 71.269052 0.281583
 13.000000 65.238337 0.389531 71.389509 0.268492
 14.000000 65.535639 0.400755 70.583305 0.268924
 15.000000 64.270980 0.426845 72.188239 0.301578
 16.000000 65.404300 0.351196 69.152806 0.274513
 17.000000 63.803598 0.469179 75.609963 0.189004
 18.000000 60.372046 0.519605 75.204995 0.198995
 19.000000 57.792190 0.541274 72.078753 0.275200
 20.000000 56.902307 0.570200 72.625027 0.228145
 21.000000 57.066199 0.597484 75.755504 0.172591
 22.000000 58.992926 0.576901 76.344154 0.194384
 23.000000 60.849084 0.537253 74.843378 0.224811
 24.000000 65.058408 0.374409 72.275666 0.225021
 25.000000 63.696401 0.397851 72.111688 0.235348
 26.000000 65.937020 0.378683 72.532704 0.260726
 27.000000 68.060024 0.330561 71.102974 0.306655
 28.000000 64.266951 0.443229 72.928634 0.228570
 29.000000 64.974047 0.420582 72.480191 0.269465
 30.000000 61.690174 0.451628 74.460531 0.207697
 31.000000 62.673978 0.416376 69.978134 0.281832
 32.000000 56.596988 0.586013 77.594516 0.120998
 33.000000 59.666021 0.557040 77.575091 0.188618
 34.000000 57.900912 0.571894 76.905673 0.166148
 35.000000 61.168218 0.471273 73.293286 0.219923
 36.000000 61.568328 0.442027 72.932898 0.208259
 37.000000 53.444645 0.634309 75.387227 0.135423
 38.000000 55.534095 0.603594 77.529819 0.138846
 39.000000 60.296762 0.493545 72.524951 0.220039
 40.000000 68.969000 0.323130 73.401952 0.267525
 41.000000 66.971778 0.336452 71.790939 0.268765
 42.000000 69.430973 0.248146 72.214419 0.262482
 43.000000 61.780559 0.459924 70.661133 0.248459
 44.000000 65.300655 0.381165 72.956889 0.233076
 45.000000 68.430498 0.287562 71.288571 0.254551
 46.000000 70.061081 0.209489 64.768330 0.434177
 47.000000 70.233505 0.303016 72.540611 0.350615
 48.000000 59.825346 0.532333 73.559691 0.250242
 49.000000 60.448127 0.486419 75.082853 0.207474
 50.000000 61.069238 0.480691 74.292504 0.185800
 51.000000 66.161985 0.404581 72.499966 0.287276
 52.000000 65.128592 0.373482 69.074957 0.299952
 53.000000 59.248149 0.479169 69.307175 0.276723
 54.000000 59.078023 0.484680 71.041732 0.256790
 55.000000 61.388404 0.463935 70.229783 0.295698
 56.000000 58.423874 0.490541 73.515334 0.189173
 57.000000 61.539005 0.463174 71.833771 0.242926
 58.000000 67.352647 0.368275 72.663090 0.291570
 59.000000 64.087325 0.385954 70.741873 0.284325
 60.000000 67.402709 0.208486 68.979381 0.254668
 61.000000 69.634416 0.227195 68.248525 0.306789
 62.000000 66.244086 0.309891 73.043526 0.194187
 63.000000 66.933932 0.268510 72.807576 0.170345
 64.000000 65.655566 0.402179 73.201791 0.233815
 65.000000 68.455830 0.339388 73.503384 0.248692
 66.000000 63.446361 0.445985 73.344199 0.221040
 67.000000 61.984950 0.420806 74.153621 0.153083
 68.000000 62.225423 0.516732 76.978471 0.193497
 69.000000 64.057985 0.431478 74.021511 0.231199
 70.000000 64.455238 0.440539 75.022009 0.224715
 71.000000 68.725767 0.286586 72.127928 0.240951
 72.000000 66.585782 0.403053 75.711991 0.191804
 73.000000 65.788083 0.287494 69.781592 0.247459
 74.000000 58.132112 0.504228 72.390105 0.186254
 75.000000 62.433930 0.395711 69.607654 0.245044
 76.000000 69.074318 0.215268 69.343683 0.268906
 77.000000 66.132438 0.410335 72.918891 0.257669
 78.000000 66.914590 0.304717 69.071046 0.338252
 79.000000 63.605040 0.380473 68.902908 0.263616
 80.000000 63.029258 0.381749 68.764888 0.272100
 81.000000 69.043485 0.285627 71.386977 0.263420
 82.000000 63.408291 0.391749 72.255268 0.217866
 83.000000 64.208896 0.344487 71.323067 0.226763
 84.000000 67.651739 0.245429 69.854022 0.233373
 85.000000 66.481790 0.353338 69.765690 0.295878
 86.000000 69.322981 0.248799 72.272503 0.240908
 87.000000 65.342830 0.301304 69.077310 0.264965
 88.000000 65.521552 0.336974 71.068983 0.262326
 89.000000 64.158386 0.323311 70.487281 0.214127
 90.000000 67.051117 0.401439 73.474869 0.284823
 91.000000 58.358841 0.495857 71.633586 0.235709
 92.000000 57.510171 0.515582 72.509605 0.204433
 93.000000 59.699463 0.468531 71.767761 0.211890
 94.000000 57.049374 0.546862 74.535276 0.204303
 95.000000 60.633817 0.511134 75.588052 0.186935
 96.000000 57.560148 0.555111 77.210883 0.178402
 97.000000 63.303005 0.415079 74.292513 0.221790
 98.000000 66.462408 0.358914 71.800121 0.302492
 99.000000 68.641174 0.282676 70.663010 0.316198
 100.000000 64.126068 0.322876 68.937779 0.270202
 101.000000 62.688161 0.392687 69.929947 0.276653
 102.000000 61.439521 0.446070 70.679628 0.259837
 103.000000 60.492956 0.503387 71.918504 0.218908
 104.000000 64.638891 0.463136 73.339421 0.262557
 105.000000 68.088981 0.320564 71.875305 0.266128
 106.000000 63.583514 0.389835 70.223637 0.269946
 107.000000 53.485960 0.599631 73.941479 0.125982
 108.000000 56.984849 0.537512 75.172461 0.141035
 109.000000 58.817502 0.438428 66.477495 0.288809
 110.000000 54.268441 0.594597 73.338595 0.191497
 111.000000 65.132020 0.356470 68.462772 0.309976
 112.000000 66.917653 0.355329 71.167808 0.278470
 113.000000 56.568943 0.519339 72.830861 0.173007
 114.000000 57.973124 0.490069 71.392887 0.230389
 115.000000 55.719342 0.548610 71.938100 0.243114
 116.000000 50.648441 0.633897 75.370248 0.120191
 117.000000 59.467831 0.463039 71.075900 0.229085
 118.000000 56.463700 0.519548 72.708506 0.203747
 119.000000 56.249503 0.542068 71.430190 0.215702
 120.000000 58.252039 0.558466 73.343143 0.211225
 121.000000 64.730979 0.415137 70.795153 0.265977
 122.000000 63.313253 0.462332 73.156985 0.247777
 123.000000 66.147660 0.321712 69.949172 0.254676
 124.000000 62.819871 0.450041 73.514955 0.214192
 125.000000 59.519714 0.475747 72.104014 0.181268
 126.000000 61.785468 0.477711 73.557638 0.222451
 127.000000 63.890011 0.428739 72.968537 0.256846
 128.000000 63.605528 0.383184 70.104329 0.259336
 129.000000 58.324073 0.490930 72.176279 0.177828
 130.000000 63.551933 0.377111 71.438582 0.276999
 131.000000 67.215629 0.300109 70.862550 0.270906
 132.000000 57.455278 0.543769 72.929147 0.196777
 133.000000 53.350446 0.644364 76.284844 0.172366
 134.000000 56.969911 0.603795 77.278748 0.147034
 135.000000 55.680454 0.558824 74.305406 0.188135
 136.000000 60.524629 0.543363 74.262132 0.244410
 137.000000 59.119230 0.534870 75.570502 0.165854
 138.000000 57.079141 0.601612 75.436086 0.219466
 139.000000 51.761083 0.645144 73.704855 0.172728
 140.000000 61.197993 0.556947 76.824815 0.210940
 141.000000 63.990957 0.473789 74.022379 0.240744
 142.000000 68.540452 0.321666 72.210145 0.296314
 143.000000 65.053757 0.311755 70.551605 0.268621
 144.000000 68.599387 0.250792 70.885466 0.247123
 145.000000 66.993563 0.310116 69.509672 0.332824
 146.000000 65.261397 0.388473 73.503627 0.211557
 147.000000 66.546327 0.367609 72.887075 0.220382
 148.000000 60.505512 0.520954 76.929825 0.116449
 149.000000 65.211408 0.464409 77.531284 0.238614
 150.000000 67.693117 0.327808 70.169474 0.294123
 151.000000 66.874861 0.269138 68.244299 0.277348
 152.000000 62.479598 0.377557 68.487242 0.275111
 153.000000 57.061497 0.516124 73.107785 0.186748
 154.000000 68.052411 0.273860 70.434695 0.267380
 155.000000 66.809639 0.292614 70.146756 0.268989
 156.000000 69.983968 0.206824 69.515665 0.298346
 157.000000 67.869465 0.318099 71.274436 0.284528
 158.000000 69.660659 0.209324 69.783275 0.292793
 159.000000 68.254439 0.199484 67.401089 0.283772
 160.000000 67.659618 0.309523 69.423881 0.302929
 161.000000 67.381952 0.342005 71.450926 0.280267
 162.000000 63.330304 0.477229 76.906485 0.160440
 163.000000 68.322142 0.347822 72.925692 0.265448
 164.000000 65.333785 0.346346 71.577378 0.230899
 165.000000 65.402134 0.424653 72.400579 0.267456
 166.000000 57.776575 0.492752 72.776674 0.136046
 167.000000 62.508626 0.444240 73.673625 0.200180
 168.000000 65.747545 0.408231 75.434025 0.209194
 169.000000 69.928398 0.286384 72.924008 0.275535
 170.000000 65.541118 0.369685 73.361247 0.245564
 171.000000 70.150989 0.306254 72.406751 0.323262
 172.000000 57.207285 0.577899 75.731000 0.179584
 173.000000 62.167612 0.547042 78.623359 0.193249
 174.000000 53.744493 0.618690 77.276216 0.116693
 175.000000 51.192187 0.643326 75.564123 0.126889
 176.000000 62.502260 0.519490 76.437282 0.192416
 177.000000 53.209232 0.642168 77.385401 0.153845
 178.000000 50.904056 0.660868 75.186540 0.140810
 179.000000 59.890738 0.528028 75.141745 0.191049
 180.000000 63.885910 0.476677 74.932908 0.207963
 181.000000 56.561579 0.551090 73.529709 0.174046
 182.000000 57.236934 0.578071 76.167769 0.169673
 183.000000 51.544804 0.659751 77.166626 0.078799
 184.000000 61.775689 0.499284 74.228233 0.232946
 185.000000 59.440430 0.540856 77.613484 0.156022
 186.000000 57.731735 0.554974 74.344292 0.209637
 187.000000 59.157747 0.572002 77.598955 0.159618
 188.000000 55.185081 0.625122 77.853268 0.125893
 189.000000 56.304732 0.566040 74.038694 0.171701
 190.000000 59.449447 0.533844 75.701861 0.189420
 191.000000 55.731500 0.634764 78.584887 0.147206
 192.000000 61.200471 0.526642 76.128456 0.207341
 193.000000 68.010123 0.341430 71.703847 0.283444
 194.000000 56.600224 0.600831 75.774396 0.175981
 195.000000 53.937892 0.604790 72.838479 0.198514
 196.000000 60.072120 0.540613 75.000324 0.215952
 197.000000 59.230370 0.520641 74.636279 0.215288
 198.000000 53.079278 0.572966 73.551285 0.150395
 199.000000 61.106345 0.483995 73.894958 0.198674
 200.000000 63.492752 0.397722 69.794514 0.262361
 201.000000 60.078365 0.481246 72.324909 0.232686
 202.000000 64.922690 0.423615 73.922905 0.238290
 203.000000 59.216738 0.583473 77.394221 0.146476
 204.000000 58.936937 0.578127 77.611919 0.174187
 205.000000 62.218153 0.514093 76.369933 0.211069
 206.000000 63.674442 0.410106 73.088934 0.218446
 207.000000 63.159612 0.393627 69.136984 0.282039
 208.000000 61.503100 0.470998 71.428916 0.244518
 209.000000 63.339904 0.428797 71.484043 0.242513
 210.000000 64.385858 0.413370 72.346087 0.240681
 211.000000 63.871773 0.338562 68.230722 0.276308
 212.000000 62.568799 0.410231 72.115906 0.233444
 213.000000 65.721540 0.352919 72.587829 0.249967
 214.000000 64.808770 0.377933 73.653745 0.207050
 215.000000 67.376718 0.355378 71.297756 0.283665
 216.000000 64.411508 0.430631 71.934654 0.325208
 217.000000 68.017761 0.347430 71.402799 0.327137
 218.000000 71.240493 0.241060 68.137497 0.399148
 219.000000 50.853739 0.624686 74.320376 0.142052
 220.000000 55.060544 0.562809 72.428947 0.214605
 221.000000 57.819662 0.470466 70.375412 0.226022
 222.000000 61.189329 0.413554 69.051534 0.256321
 223.000000 56.805995 0.557536 67.685185 0.416749
 224.000000 51.846423 0.618194 73.153439 0.178196
 225.000000 59.188782 0.444398 68.275773 0.265599
 226.000000 57.322586 0.490357 68.049855 0.280463
 227.000000 67.167676 0.328404 69.989994 0.279879
 228.000000 68.243717 0.372021 72.743992 0.309060
 229.000000 68.191952 0.256343 70.444726 0.270372
 230.000000 68.137697 0.204047 69.420021 0.262675
 231.000000 65.080946 0.298871 68.523497 0.240708
 232.000000 69.310762 0.214483 68.226933 0.303877
 233.000000 64.202003 0.345318 70.892423 0.228586
 234.000000 68.477681 0.274279 70.836755 0.255882
 235.000000 65.974195 0.381213 71.243507 0.286924
 236.000000 65.328741 0.425901 72.424109 0.268552
 237.000000 66.199214 0.399382 72.292973 0.293702
 238.000000 70.312102 0.270145 69.208964 0.320807
 239.000000 67.323996 0.379216 70.782272 0.335367
 240.000000 66.507404 0.425308 72.295164 0.305673
 241.000000 57.967631 0.526532 71.722852 0.241829
 242.000000 65.542628 0.440260 75.225367 0.233718
 243.000000 67.773070 0.323493 68.704279 0.347665
 244.000000 68.350895 0.321153 73.087255 0.252088
 245.000000 59.955968 0.447428 71.486229 0.187072
 246.000000 64.037936 0.387520 71.910662 0.222640
 247.000000 68.354494 0.328925 70.952563 0.311088
 248.000000 68.648578 0.325405 70.481917 0.330018
 249.000000 69.662725 0.207539 68.068426 0.330531
 250.000000 71.369013 0.185224 66.114174 0.415896
 251.000000 72.024329 0.168753 70.015055 0.329244
 252.000000 72.263526 0.211988 66.604664 0.452436
 253.000000 70.812239 0.189082 67.291677 0.401985
 254.000000 71.778215 0.177814 64.737145 0.466075
 255.000000 71.177825 0.182337 70.713363 0.349022
 256.000000 71.227763 0.172959 69.350217 0.387514
 257.000000 71.956662 0.092632 64.471445 0.451323
 258.000000 71.401353 0.151034 64.209082 0.448758
 259.000000 69.219498 0.184621 73.120841 0.227318
 260.000000 69.285904 0.229659 72.845275 0.207764
 261.000000 70.308417 0.216081 70.759487 0.251526
 262.000000 70.180174 0.205466 70.554455 0.298984
 263.000000 69.958238 0.191599 69.149889 0.308733
 264.000000 70.622374 0.198084 69.558346 0.292549
 265.000000 67.611303 0.239213 69.777867 0.279087
 266.000000 67.792436 0.199755 69.441120 0.281243
 267.000000 68.899550 0.221575 71.046264 0.251888
 268.000000 66.715106 0.267485 68.846294 0.289595
 269.000000 66.932321 0.259244 69.383165 0.277376
 270.000000 64.678483 0.311843 68.985228 0.260679
 271.000000 68.316070 0.264031 70.388441 0.265717
 272.000000 70.124819 0.239170 70.914518 0.274634
 273.000000 70.088061 0.156962 69.163496 0.301659
 274.000000 69.533426 0.252466 73.687212 0.217118
 275.000000 71.695628 0.177856 73.552889 0.243989
 276.000000 71.308489 0.124742 69.346717 0.295000
 277.000000 71.926346 0.185456 73.829394 0.252335
 278.000000 69.198022 0.271588 73.920941 0.212888
 279.000000 70.356455 0.270188 75.638189 0.209988
 280.000000 70.198386 0.164407 71.033712 0.240682
 281.000000 70.071700 0.191973 70.557601 0.275005
 282.000000 72.092929 0.226552 75.525161 0.184690
 283.000000 72.273457 0.172805 73.866569 0.247864
 284.000000 69.653370 0.161376 71.659318 0.253240
 285.000000 71.343042 0.165959 70.774615 0.281854
 286.000000 68.707693 0.245532 72.260725 0.227014
 287.000000 69.860329 0.220836 71.546182 0.247298
 288.000000 63.583048 0.310627 69.217155 0.273033
 289.000000 64.721054 0.315909 71.972636 0.179674
 290.000000 72.188614 0.177146 73.990606 0.236431
 291.000000 64.095881 0.284244 66.581397 0.295489
 292.000000 69.079079 0.279196 74.800114 0.225315
 293.000000 68.277156 0.195054 70.101368 0.221739
 294.000000 70.010540 0.245657 74.117071 0.189066
 295.000000 70.969209 0.243075 75.228760 0.191588
 296.000000 70.717172 0.207542 74.081725 0.207374
 297.000000 70.066113 0.213766 72.728062 0.249612
 298.000000 70.428986 0.173525 70.738486 0.264852
 299.000000 71.795204 0.162067 71.199860 0.271764
 300.000000 70.756938 0.241297 72.655355 0.251710
 301.000000 73.174229 0.211638 73.488081 0.278223
 302.000000 71.317103 0.243851 75.130553 0.225602
 303.000000 68.678084 0.190664 69.356212 0.284014
 304.000000 70.130336 0.220969 71.960823 0.246184
 305.000000 65.798814 0.255545 69.460068 0.234211
 306.000000 71.616825 0.239056 74.479508 0.225759
 307.000000 70.045882 0.271600 74.980138 0.209228
 308.000000 70.536507 0.266393 74.768359 0.212292
 309.000000 71.433285 0.168471 71.075217 0.271965
 310.000000 70.157165 0.264375 74.138864 0.207539
 311.000000 69.449768 0.265138 75.875975 0.200688
 312.000000 69.824243 0.198445 68.497009 0.296997
 313.000000 69.728034 0.169348 68.038098 0.320508
 314.000000 68.803687 0.296880 74.600345 0.195943
 315.000000 62.544692 0.345216 68.124911 0.262137
 316.000000 68.044472 0.247525 70.923886 0.258646
 317.000000 67.688641 0.252028 70.070596 0.253061
 318.000000 64.707942 0.323308 71.620372 0.231395
 319.000000 67.664511 0.199337 68.070253 0.294657
 320.000000 64.031420 0.315664 70.863837 0.224730
 321.000000 67.876919 0.234941 68.820553 0.323467
 322.000000 69.124956 0.210459 69.933419 0.280930
 323.000000 64.041936 0.329368 69.940416 0.241558
 324.000000 64.097697 0.313947 69.532944 0.264444
 325.000000 65.891759 0.298950 70.207715 0.264066
 326.000000 69.204434 0.191179 69.477020 0.295681
 327.000000 62.666661 0.364092 70.920454 0.214128
 328.000000 63.569812 0.338492 71.870436 0.201384
 329.000000 61.920083 0.395878 70.438710 0.241908
 330.000000 62.817665 0.312386 66.583943 0.281551
 331.000000 66.226735 0.235254 67.174002 0.272665
 332.000000 66.847269 0.286618 71.072182 0.247717
 333.000000 67.025070 0.241614 67.895951 0.300972
 334.000000 66.689037 0.279538 70.571266 0.271137
 335.000000 66.051654 0.324115 70.008448 0.251526
 336.000000 63.875587 0.326433 70.235157 0.232635
 337.000000 66.068350 0.302557 70.295058 0.264846
 338.000000 63.503337 0.336465 71.054815 0.231428
 339.000000 65.051511 0.295016 70.044711 0.238037
 340.000000 66.627715 0.276956 69.902347 0.278019
 341.000000 68.287338 0.214740 67.495774 0.313213
 342.000000 62.136542 0.353548 70.868814 0.195424
 343.000000 68.197786 0.234063 69.664981 0.272927
 344.000000 64.350992 0.260403 66.348105 0.289494
 345.000000 66.934191 0.228165 67.418004 0.320512
 346.000000 68.979088 0.156259 64.124683 0.367073
 347.000000 71.164108 0.184851 70.671969 0.258882
 348.000000 65.849251 0.291468 67.594138 0.331045
 349.000000 67.785038 0.298954 71.205846 0.245617
 350.000000 65.320502 0.322003 71.575563 0.243639
 351.000000 65.183997 0.286355 69.438094 0.254593
 352.000000 72.164206 0.153744 69.696626 0.296823
 353.000000 69.654257 0.176277 67.904279 0.316916
 354.000000 68.888698 0.224745 68.391776 0.283942
 355.000000 71.949646 0.191970 71.597910 0.269562
 356.000000 70.127782 0.215903 71.272160 0.254642
 357.000000 71.203226 0.205090 72.070672 0.244112
 358.000000 72.343625 0.202996 73.228253 0.251846
 359.000000 67.113234 0.252449 71.244970 0.224133
 360.000000 68.465402 0.230061 71.216696 0.286133
 361.000000 68.974563 0.285422 75.956859 0.165382
 362.000000 71.600819 0.261470 76.398048 0.203419
 363.000000 70.823182 0.211772 73.440566 0.220778
 364.000000 71.575057 0.139228 70.309779 0.261221
 365.000000 71.757368 0.178949 71.667323 0.259846
 366.000000 70.902834 0.106829 69.326707 0.280696
 367.000000 71.383951 0.233819 72.419405 0.262118
 368.000000 71.369148 0.273669 73.706022 0.242897
 369.000000 70.591616 0.258475 74.291591 0.249701
 370.000000 71.493309 0.219353 74.740735 0.236439
 371.000000 71.299646 0.233064 75.193441 0.211876
 372.000000 72.766243 0.241077 73.855125 0.270077
 373.000000 67.000453 0.298809 72.329571 0.224877
 374.000000 68.340528 0.233536 69.783349 0.286871
 375.000000 72.798022 0.147239 72.137632 0.280115
 376.000000 72.145752 0.139001 68.224608 0.376973
 377.000000 75.619605 0.125618 64.950230 0.516293
 378.000000 74.882104 0.149036 60.280721 0.557882
 379.000000 73.329436 0.120184 64.287435 0.481659
 380.000000 74.678946 0.099065 63.452596 0.503015
 381.000000 74.046702 0.056158 59.312810 0.546776
 382.000000 74.533473 0.181143 63.148734 0.559634
 383.000000 75.325632 0.071203 60.720438 0.546256
 384.000000 74.571952 0.093738 62.193469 0.517074
 385.000000 74.511382 0.145825 63.557869 0.510601
 386.000000 72.666065 0.095051 66.417576 0.414012
 387.000000 73.329616 0.053554 57.238685 0.597345
 388.000000 70.756997 0.165409 67.444434 0.405201
 389.000000 73.168696 0.064273 65.688345 0.427376
 390.000000 71.031162 0.308173 66.700256 0.460182
 391.000000 65.663785 0.401694 74.941275 0.202089
 392.000000 58.642342 0.574801 75.229323 0.238449
 393.000000 53.527558 0.673597 79.518681 0.077193
 394.000000 55.932247 0.637572 79.669484 0.131872
 395.000000 60.338014 0.540020 77.473398 0.203991
 396.000000 61.309370 0.520343 74.961960 0.235870
 397.000000 58.200903 0.539741 75.863618 0.169616
 398.000000 62.656054 0.467534 73.969474 0.239428
 399.000000 58.333646 0.604855 78.380371 0.129071
 400.000000 60.275523 0.531995 75.726223 0.204426
 401.000000 62.956543 0.478641 76.070982 0.200841
 402.000000 66.449806 0.414105 72.423083 0.286755
 403.000000 63.640756 0.477777 74.443827 0.252004
 404.000000 51.400164 0.694143 77.633559 0.151225
 405.000000 47.952163 0.711681 76.897236 0.111905
 406.000000 62.240748 0.532519 78.515380 0.147844
 407.000000 54.426464 0.650280 77.385963 0.112741
 408.000000 48.889281 0.728150 78.931290 0.105587
 409.000000 47.126251 0.753234 76.959534 0.170908
 410.000000 49.503680 0.686042 74.221561 0.188431
 411.000000 52.449084 0.715573 76.774380 0.159818
 412.000000 51.649908 0.702478 78.792703 0.132754
 413.000000 51.691671 0.707445 76.627918 0.191324
 414.000000 51.089456 0.702650 75.909861 0.177254
 415.000000 49.019913 0.740473 73.039774 0.229298
 416.000000 54.018215 0.689416 75.559648 0.185727
 417.000000 53.288924 0.680901 77.580373 0.164165
 418.000000 51.308718 0.698973 78.729916 0.146593
 419.000000 45.381928 0.771944 75.006723 0.163524
 420.000000 45.092874 0.782688 78.572525 0.120239
 421.000000 44.443893 0.787883 75.750803 0.159360
 422.000000 41.269888 0.845820 73.399192 0.220617
 423.000000 45.286226 0.793652 75.491039 0.173617
 424.000000 46.914950 0.725449 75.089825 0.138780
 425.000000 43.250653 0.776407 75.655447 0.137870
 426.000000 48.950063 0.698961 74.462246 0.194806
 427.000000 51.367509 0.698644 71.746735 0.297156
 428.000000 45.647632 0.800485 78.984202 0.115673
 429.000000 50.848333 0.673312 77.015845 0.109328
 430.000000 48.184093 0.749572 75.342871 0.200854
 431.000000 46.683918 0.719383 75.433512 0.135789
 432.000000 51.084048 0.649839 75.462378 0.146084
 433.000000 52.090610 0.640857 75.239324 0.132685
 434.000000 52.968787 0.612334 74.807065 0.152191
 435.000000 50.026911 0.648688 73.703623 0.152783
 436.000000 49.331156 0.663584 76.441806 0.136584
 437.000000 52.679794 0.621465 74.448098 0.186771
 438.000000 53.967204 0.620410 75.853516 0.163101
 439.000000 59.179132 0.500131 73.112728 0.189910
 440.000000 51.622715 0.627772 73.625077 0.167443
 441.000000 57.000401 0.537857 73.863467 0.164378
 442.000000 63.709613 0.509270 74.901471 0.222653
 443.000000 61.787167 0.444795 69.594933 0.280977
 444.000000 61.003071 0.405428 66.725294 0.264119
 445.000000 59.087799 0.484273 70.660812 0.249144
 446.000000 58.831927 0.458566 69.528564 0.237459
 447.000000 59.870371 0.452039 71.042802 0.260050
 448.000000 60.992628 0.439706 69.984807 0.252090
 449.000000 66.532044 0.415730 76.124490 0.239105
 450.000000 64.436197 0.446321 73.999837 0.256844
 451.000000 64.942889 0.428294 73.016553 0.276076
 452.000000 65.024191 0.423409 76.483674 0.209480
 453.000000 64.913305 0.413430 74.337105 0.219262
 454.000000 61.770950 0.529338 77.084668 0.203935
 455.000000 66.920123 0.402544 74.587011 0.273121
 456.000000 69.082601 0.354706 73.342145 0.290689
 457.000000 69.403631 0.332629 70.012659 0.349504
 458.000000 65.202361 0.385130 71.502759 0.254019
 459.000000 67.423366 0.365325 70.606677 0.325509
 460.000000 64.870987 0.340889 71.028223 0.260460
 461.000000 61.273246 0.454305 72.005864 0.221789
 462.000000 58.618316 0.470887 70.159537 0.212124
 463.000000 61.242458 0.389020 68.268406 0.247398
 464.000000 62.887992 0.360268 71.786021 0.167760
 465.000000 67.826583 0.348428 72.423040 0.296722
 466.000000 68.045760 0.367848 75.388963 0.248461
 467.000000 68.231465 0.368074 71.975062 0.311835
 468.000000 60.174945 0.445205 71.569370 0.245131
 469.000000 62.610164 0.395398 69.356361 0.284217
 470.000000 61.124278 0.442032 73.351247 0.195468
 471.000000 64.985807 0.303561 69.047699 0.233428
 472.000000 63.570340 0.341748 69.401755 0.261233
 473.000000 63.058500 0.343301 69.246194 0.234284
 474.000000 62.870398 0.273430 64.897929 0.271686
 475.000000 65.059530 0.264217 69.165325 0.248186
 476.000000 68.959700 0.340938 70.237120 0.332371
 477.000000 67.373697 0.363915 70.908462 0.328336
 478.000000 62.858353 0.518074 77.491828 0.211289
 479.000000 54.179573 0.656075 79.863279 0.129244
 480.000000 58.222019 0.606232 78.816487 0.155996
 481.000000 59.335071 0.596017 80.957737 0.129021
 482.000000 64.134222 0.489862 75.462865 0.226101
 483.000000 65.038068 0.347508 70.268591 0.270812
 484.000000 67.396224 0.360089 71.600896 0.297902
 485.000000 67.001929 0.357208 71.854412 0.260241
 486.000000 69.278827 0.339547 69.096095 0.352312
 487.000000 67.578912 0.331335 71.483538 0.269330
 488.000000 62.342273 0.357635 69.759970 0.208451
 489.000000 63.551631 0.371741 71.030887 0.235298
 490.000000 57.046545 0.506604 71.885812 0.180724
 491.000000 56.252495 0.542810 74.385334 0.170884
 492.000000 50.165309 0.642178 75.250761 0.100891
 493.000000 58.522000 0.510343 74.115110 0.188135
 494.000000 59.690325 0.439965 70.029074 0.239400
 495.000000 62.182771 0.433227 71.860775 0.203875
 496.000000 61.322530 0.388667 70.683123 0.195621
 497.000000 67.996086 0.358691 72.476889 0.299098
 498.000000 59.664674 0.471818 71.520866 0.221589
 499.000000 62.617003 0.430653 70.849337 0.256440
 500.000000 63.097624 0.465411 73.038693 0.255835
 501.000000 64.379222 0.460033 74.542087 0.239422
 502.000000 58.759014 0.519991 72.087976 0.229837
 503.000000 58.428150 0.530842 74.537083 0.171195
 504.000000 52.303072 0.627559 76.529048 0.160957
 505.000000 53.517677 0.594131 72.689369 0.183030
 506.000000 55.873142 0.511675 71.070266 0.202909
 507.000000 49.833155 0.669110 72.757289 0.177162
 508.000000 58.021379 0.499292 70.732741 0.240238
 509.000000 67.669747 0.391686 73.506708 0.247678
 510.000000 69.282149 0.322716 73.369246 0.262215
 511.000000 65.595221 0.353771 70.140856 0.285970
 512.000000 71.979329 0.267023 60.965877 0.547909
 513.000000 73.273282 0.174536 64.054884 0.492310
 514.000000 75.236021 0.163937 65.292958 0.510174
 515.000000 72.514499 0.279834 67.734495 0.445328
 516.000000 71.352743 0.261720 65.189864 0.445630
 517.000000 71.748206 0.236291 70.267712 0.379839
 518.000000 74.671331 0.209807 66.268069 0.497956
 519.000000 75.528615 0.146494 64.559168 0.502719
 520.000000 75.316182 0.193337 69.408299 0.402292
 521.000000 72.726018 0.227454 67.336475 0.453507
 522.000000 72.026010 0.156475 67.905801 0.415608
 523.000000 70.441626 0.116143 68.007179 0.323934
 524.000000 73.257407 0.087412 69.235438 0.369550
 525.000000 72.901594 0.051134 65.897948 0.404750
 526.000000 73.544137 0.058861 69.080054 0.374997
 527.000000 71.569476 0.091450 65.207195 0.412068
 528.000000 72.782130 0.064338 66.404413 0.396939
 529.000000 71.460740 0.077753 67.851406 0.339164
 530.000000 71.295260 0.141902 66.922158 0.425058
 531.000000 68.988856 0.120675 67.990026 0.286156
 532.000000 72.158745 0.077082 67.313883 0.374448
 533.000000 73.185391 0.100475 69.564804 0.353015
 534.000000 72.434660 0.061436 70.215874 0.310404
 535.000000 71.055884 0.109671 68.222747 0.366412
 536.000000 70.495498 0.070704 66.602335 0.342922
 537.000000 72.324221 0.037492 65.332689 0.415298
 538.000000 71.293814 0.087265 67.753425 0.345005
 539.000000 70.080714 0.082274 64.991975 0.365361
 540.000000 69.749315 0.064414 66.654223 0.335009
 541.000000 72.345077 0.056248 69.619146 0.335684
 542.000000 70.418085 0.285686 74.993481 0.237238
 543.000000 64.675801 0.325407 71.614289 0.258449
 544.000000 70.121303 0.239391 71.892481 0.299468
 545.000000 67.716358 0.224531 68.420928 0.281863
 546.000000 72.920271 0.157746 70.361797 0.323007
 547.000000 68.824067 0.209359 72.469340 0.258751
 548.000000 68.685884 0.184668 67.988412 0.288078
 549.000000 63.989399 0.298342 69.246593 0.263060
 550.000000 62.869238 0.328931 69.632837 0.246650
 551.000000 61.911151 0.343050 69.652720 0.205220
 552.000000 60.776969 0.380120 67.014177 0.278599
 553.000000 67.120423 0.301412 71.913095 0.239066
 554.000000 61.279742 0.363346 70.245056 0.230917
 555.000000 59.632754 0.389486 68.820581 0.225479
 556.000000 63.575422 0.282419 68.492047 0.234308
 557.000000 62.255139 0.348648 69.732929 0.233598
 558.000000 66.769379 0.239953 68.280290 0.274768
 559.000000 62.200173 0.356631 67.487022 0.277116
 560.000000 63.096619 0.298769 66.556365 0.291373
 561.000000 63.385500 0.299740 66.073308 0.304147
 562.000000 63.110169 0.330777 68.322232 0.282431
 563.000000 63.748671 0.328557 68.225147 0.265502
 564.000000 59.634750 0.404230 70.237765 0.180933
 565.000000 63.285825 0.322179 70.226464 0.207334
 566.000000 67.344464 0.237703 69.198715 0.303402
 567.000000 70.565849 0.177191 69.100274 0.334799
 568.000000 64.840127 0.304375 71.507486 0.231896
 569.000000 66.205711 0.271264 66.368391 0.368279
 570.000000 63.783354 0.297846 67.972455 0.255875
 571.000000 62.063745 0.349496 67.111575 0.310842
 572.000000 66.161236 0.245177 66.729767 0.316226
 573.000000 66.035067 0.258215 67.683655 0.307083
 574.000000 64.819042 0.252382 65.690929 0.318011
 575.000000 61.970225 0.339058 67.040856 0.239926
 576.000000 65.653281 0.293623 71.616979 0.242068
 577.000000 65.906847 0.251972 66.980957 0.283759
 578.000000 59.713069 0.385935 69.348236 0.184473
 579.000000 66.036029 0.244542 66.644952 0.327251
 580.000000 67.482509 0.239927 68.411054 0.299859
 581.000000 66.714766 0.219514 67.214851 0.300120
 582.000000 69.524519 0.257028 73.183120 0.251331
 583.000000 69.619990 0.215941 70.761367 0.297297
 584.000000 68.141937 0.204678 67.547228 0.307477
 585.000000 68.633534 0.187989 67.899143 0.313617
 586.000000 70.374661 0.225091 70.788985 0.276610
 587.000000 66.734894 0.281229 68.365380 0.316240
 588.000000 67.518927 0.193258 65.149559 0.362532
 589.000000 64.532580 0.319470 68.989426 0.270180
 590.000000 60.736050 0.377820 70.804770 0.187181
 591.000000 64.711383 0.240432 65.813084 0.320650
 592.000000 65.557219 0.227738 67.028427 0.291512
 593.000000 65.250227 0.245543 66.530458 0.316422
 594.000000 69.983755 0.156261 67.838775 0.321153
 595.000000 70.454785 0.135307 70.260957 0.292539
 596.000000 73.496913 0.207265 76.297898 0.235826
 597.000000 69.704935 0.279161 75.098254 0.231122
 598.000000 76.022412 0.159832 63.574402 0.538288
 599.000000 72.308072 0.212145 72.945415 0.278928
 600.000000 72.081595 0.163687 73.162922 0.288458
 601.000000 70.116152 0.275810 73.467457 0.241778
 602.000000 70.822981 0.284983 75.609377 0.238299
 603.000000 69.984458 0.268050 75.312462 0.183631
 604.000000 69.556992 0.291330 75.033637 0.206721
 605.000000 73.236520 0.218086 76.102320 0.226353
 606.000000 67.889255 0.202127 69.704224 0.282974
 607.000000 68.218022 0.275809 73.762240 0.245692
 608.000000 71.396729 0.157338 71.332093 0.320092
 609.000000 67.169592 0.280512 70.810113 0.249688
 610.000000 66.011953 0.330441 73.824755 0.250389
 611.000000 60.537332 0.375311 71.967867 0.148916
 612.000000 60.161320 0.368854 68.123054 0.264352
 613.000000 58.959777 0.406827 66.227184 0.266506
 614.000000 62.801066 0.339605 67.052052 0.265879
 615.000000 64.456528 0.291744 68.990942 0.259973
 616.000000 70.094481 0.202035 69.795267 0.312832
 617.000000 64.593858 0.330961 72.269644 0.215221
 618.000000 61.971400 0.338854 67.404739 0.255151
 619.000000 65.311448 0.306060 68.722757 0.307180
 620.000000 66.913172 0.232164 66.264608 0.340800
 621.000000 66.035208 0.270467 67.911825 0.296205
 622.000000 63.750800 0.306069 69.066501 0.284237
 623.000000 60.740290 0.381246 69.334873 0.210229
 624.000000 64.175130 0.251200 65.030183 0.318952
 625.000000 58.144205 0.408206 69.708975 0.188015
 626.000000 65.118183 0.279267 67.274983 0.325595
 627.000000 70.136919 0.125222 66.114030 0.356218
 628.000000 72.433402 0.131348 71.182760 0.278594
 629.000000 71.967275 0.158194 69.855508 0.311397
 630.000000 67.313295 0.254342 69.235708 0.280033
 631.000000 69.595756 0.221826 72.009581 0.265505
 632.000000 70.845353 0.293593 76.145775 0.215099
 633.000000 70.395359 0.285798 75.517938 0.205511
 634.000000 69.397092 0.167854 70.243175 0.255265
 635.000000 71.684300 0.170035 71.105999 0.277300
 636.000000 70.758049 0.159809 71.157022 0.262291
 637.000000 68.718204 0.290212 75.197535 0.165005
 638.000000 69.508005 0.289962 72.769333 0.234422
 639.000000 71.888570 0.259594 76.112853 0.212781
 640.000000 68.097342 0.283582 69.639165 0.321806
 641.000000 74.059031 0.230388 65.922315 0.485775
 642.000000 75.427695 0.115041 61.179613 0.565276
 643.000000 75.385918 0.184804 60.832663 0.555595
 644.000000 73.812346 0.109999 61.626873 0.515123
 645.000000 75.184500 0.110790 61.053783 0.560320
 646.000000 75.837783 0.110464 59.390475 0.603954
 647.000000 75.067662 0.138015 63.135689 0.515712
 648.000000 74.573357 0.121009 59.075567 0.577418
 649.000000 75.009363 0.146097 64.920976 0.507992
 650.000000 68.322949 0.303638 71.001699 0.321925
 651.000000 75.401067 0.141108 63.664630 0.538195
 652.000000 74.665638 0.172337 65.715876 0.479131
 653.000000 74.100013 0.110938 62.429831 0.522113
 654.000000 73.499021 0.147283 65.911993 0.463919
 655.000000 73.995012 0.111209 62.340319 0.516821
 656.000000 75.339491 0.115287 55.637620 0.650381
 657.000000 74.016412 0.136006 62.711771 0.531143
 658.000000 73.123326 0.120060 60.051273 0.557360
 659.000000 73.006003 0.263267 63.854619 0.539939
 660.000000 74.662991 0.173541 64.343481 0.541100
 661.000000 68.393870 0.295039 67.980488 0.374415
 662.000000 74.266130 0.238233 66.959780 0.475552
 663.000000 76.173999 0.176199 66.522229 0.504413
 664.000000 74.876608 0.239860 62.770674 0.552042
 665.000000 71.038351 0.321485 61.843165 0.550305
 666.000000 71.774022 0.261069 68.454041 0.421617
 667.000000 70.624550 0.267902 69.783093 0.355598
 668.000000 69.121428 0.282536 72.774427 0.207707
 669.000000 75.554935 0.170023 66.380849 0.491140
 670.000000 72.576125 0.289484 63.223090 0.560461
 671.000000 76.528182 0.154609 63.551664 0.558139
 672.000000 73.827621 0.170379 68.172313 0.425976
 673.000000 71.664079 0.170708 69.147444 0.356157
 674.000000 74.490808 0.178733 61.570028 0.553337
 675.000000 70.759032 0.331241 70.340631 0.404586
 676.000000 70.048335 0.336806 65.950153 0.469452
 677.000000 77.312223 0.139088 60.861234 0.600164
 678.000000 75.377684 0.177762 61.369062 0.562135
 679.000000 75.873370 0.156625 58.405029 0.611067
 680.000000 72.780800 0.193205 70.268719 0.389015
 681.000000 69.172705 0.167720 67.679188 0.305445
 682.000000 67.809534 0.292496 74.134110 0.184810
 683.000000 69.080047 0.220943 73.107560 0.206030
 684.000000 66.101038 0.294808 70.314517 0.271942
 685.000000 70.235136 0.263781 74.487956 0.216339
 686.000000 70.450227 0.247165 73.622426 0.245282
 687.000000 69.148810 0.186456 71.689021 0.256010
 688.000000 71.128497 0.246959 74.631521 0.216034
 689.000000 70.528320 0.196610 70.911155 0.264361
 690.000000 66.542890 0.286129 71.874930 0.225436
 691.000000 69.754104 0.174299 70.542087 0.264052
 692.000000 70.351223 0.178186 73.035753 0.206537
 693.000000 71.426465 0.251843 74.702125 0.209229
 694.000000 69.619071 0.279178 74.543455 0.220905
 695.000000 70.274797 0.167042 70.479320 0.258465
 696.000000 67.117599 0.280088 73.026634 0.187974
 697.000000 69.539203 0.149876 66.696846 0.334276
 698.000000 72.049301 0.193749 72.940131 0.262599
 699.000000 70.633949 0.203095 72.369513 0.255274
 700.000000 70.718638 0.305766 73.554345 0.242871
 701.000000 68.264865 0.212550 68.851696 0.287582
 702.000000 67.873229 0.250071 71.015556 0.246594
 703.000000 73.276258 0.182460 72.600294 0.277364
 704.000000 71.608666 0.218695 75.645192 0.212495
 705.000000 70.659328 0.248828 73.374474 0.236154
 706.000000 69.963346 0.241329 71.699377 0.205027
 707.000000 72.951594 0.151668 69.483736 0.334358
 708.000000 69.825220 0.103876 68.221672 0.274395
 709.000000 68.427195 0.121032 68.240426 0.242242
 710.000000 68.263264 0.073604 64.930518 0.319128
 711.000000 71.194694 0.091584 69.079848 0.246534
 712.000000 66.136082 0.103367 64.151408 0.342791
 713.000000 67.594008 0.122390 64.723709 0.291511
 714.000000 64.892171 0.194719 63.494491 0.299326
 715.000000 58.286618 0.432271 67.213946 0.269038
 716.000000 60.531992 0.411240 68.514756 0.292118
 717.000000 62.632128 0.270684 65.053465 0.279686
 718.000000 64.816883 0.230119 67.414780 0.226873
 719.000000 66.575455 0.189444 63.617442 0.344576
 720.000000 70.228237 0.091910 67.150386 0.241536
 721.000000 71.049978 0.022944 65.535481 0.320409
 722.000000 69.912997 0.058271 64.785075 0.321237
 723.000000 69.697762 0.052601 65.370290 0.328876
 724.000000 70.459011 0.122949 67.568578 0.319374
 725.000000 70.888647 0.089907 69.055069 0.279562
 726.000000 69.670806 0.105053 68.421128 0.284012
 727.000000 67.543174 0.138318 66.590184 0.244242
 728.000000 72.216593 0.052180 68.951467 0.325255
 729.000000 68.734184 0.125390 65.725885 0.297504
 730.000000 71.883922 0.205409 71.819312 0.281768
 731.000000 70.589928 0.083829 66.564759 0.326116
 732.000000 70.923388 0.132013 69.908955 0.258500
 733.000000 71.723086 0.066461 68.030466 0.336886
 734.000000 68.974096 0.136047 68.397924 0.247431
 735.000000 71.603902 0.217972 70.277985 0.288199
 736.000000 69.602850 0.080534 65.910105 0.293802
 737.000000 66.279169 0.145454 63.429902 0.327379
 738.000000 67.202344 0.111782 63.704190 0.303773
 739.000000 68.033370 0.136432 66.287027 0.282524
 740.000000 68.026662 0.114586 64.910663 0.305193
 741.000000 71.892776 0.069750 66.204438 0.367805
 742.000000 67.442273 0.173653 66.954837 0.298300
 743.000000 68.151965 0.172660 65.779946 0.298326
 744.000000 71.652641 0.100244 69.343519 0.254707
 745.000000 68.620739 0.215727 69.675761 0.243254
 746.000000 68.509504 0.126533 67.046986 0.280048
 747.000000 71.652302 0.077752 67.299589 0.319013
 748.000000 68.387984 0.105586 65.408234 0.298993
 749.000000 69.631438 0.101917 66.166178 0.293139
 750.000000 70.062111 0.078458 67.459234 0.290799
 751.000000 71.194287 0.236008 73.519976 0.238778
 752.000000 72.314110 0.233087 74.928597 0.200182
 753.000000 69.924841 0.276269 73.831200 0.222882
 754.000000 69.985818 0.238796 68.596216 0.319222
 755.000000 67.565519 0.321907 70.729865 0.261980
 756.000000 70.548259 0.187511 70.368983 0.245344
 757.000000 73.390325 0.076968 70.068522 0.281123
 758.000000 71.659568 0.120735 69.683525 0.244924
 759.000000 69.622994 0.069195 66.953527 0.286240
 760.000000 68.703982 0.114867 66.724568 0.299443
 761.000000 68.116334 0.170657 69.030834 0.220639
 762.000000 68.415096 0.098086 65.928029 0.276894
 763.000000 69.976800 0.157214 69.195276 0.266308
 764.000000 71.435131 0.101854 69.577637 0.310444
 765.000000 70.023843 0.152975 68.453480 0.297731
 766.000000 73.749152 0.051539 70.149452 0.307753
 767.000000 71.461017 0.075737 68.991555 0.282286
 768.000000 69.258486 0.064767 65.512049 0.294715
 769.000000 68.345933 0.124006 68.643450 0.224122
 770.000000 74.205879 0.133415 69.620834 0.318996
 771.000000 71.796856 0.174393 69.297535 0.294940
 772.000000 68.233606 0.299033 73.493481 0.206473
 773.000000 60.646667 0.388314 69.233596 0.261863
 774.000000 64.940749 0.278144 66.591873 0.312228
 775.000000 64.168824 0.310732 68.122479 0.268914
 776.000000 65.833645 0.256556 67.243899 0.301302
 777.000000 64.425390 0.308385 66.797439 0.289517
 778.000000 66.779248 0.267302 72.229774 0.191429
 779.000000 64.007801 0.303266 70.441348 0.208487
 780.000000 65.410393 0.332654 71.615980 0.223122
 781.000000 61.457317 0.397745 72.708582 0.157080
 782.000000 67.682899 0.330923 73.293423 0.205255
 783.000000 65.451765 0.201374 72.755675 0.139605
 784.000000 62.350872 0.292881 74.124953 0.082793
 785.000000 63.215862 0.270402 72.673296 0.110170
 786.000000 58.119699 0.454807 70.854925 0.231406
 787.000000 56.252930 0.521635 69.595214 0.281553
 788.000000 53.078179 0.615803 71.470329 0.243562
 789.000000 46.733013 0.705683 69.639144 0.275455
 790.000000 47.145486 0.700201 69.156646 0.262003
 791.000000 36.891766 0.938432 76.338153 0.137893
 792.000000 42.506348 0.844535 72.936356 0.207032
 793.000000 42.959623 0.821624 72.467596 0.213755
 794.000000 36.465545 0.904595 71.480640 0.257951
 795.000000 36.935444 0.913175 71.512025 0.271295
 796.000000 33.308079 0.947328 71.380138 0.231638
 797.000000 28.501068 1.023264 69.569296 0.346833
 798.000000 25.053890 1.131429 72.950649 0.210466
 799.000000 29.881375 1.033124 74.087635 0.195123
 800.000000 29.952067 0.979957 70.397337 0.243121
 801.000000 32.679983 0.965300 70.505487 0.210881
 802.000000 35.259542 0.937493 72.880105 0.239139
 803.000000 34.151238 0.948582 72.394012 0.227774
 804.000000 33.533698 0.971452 70.814193 0.231172
 805.000000 36.099891 0.878208 70.491702 0.290972
 806.000000 31.925840 0.999628 69.807773 0.266674
 807.000000 32.966790 0.983383 75.391289 0.246014
 808.000000 33.264422 0.983733 70.519018 0.290644
 809.000000 31.574340 1.018950 72.216820 0.221204
 810.000000 29.190768 1.069662 71.452833 0.252455
 811.000000 35.703719 0.929961 75.469615 0.243636
 812.000000 37.781127 0.879383 74.225167 0.229570
 813.000000 36.811149 0.874936 76.891646 0.159055
 814.000000 30.941605 1.038394 76.491067 0.145203
 815.000000 39.261047 0.841356 75.995093 0.150621
 816.000000 35.714761 0.905924 73.077917 0.211458
 817.000000 34.036087 0.951054 76.630607 0.156146
 818.000000 37.198447 0.896505 74.828732 0.199668
 819.000000 30.498180 1.047259 73.308994 0.219227
 820.000000 32.508523 0.983040 75.772009 0.149569
 821.000000 34.409323 0.925887 70.004509 0.238257
 822.000000 37.513871 0.857139 75.201201 0.180059
 823.000000 26.220536 1.136215 71.239973 0.234911
 824.000000 29.925490 1.045530 70.933120 0.239984
 825.000000 35.052112 0.921263 72.033992 0.236873
 826.000000 32.913992 0.960434 71.593900 0.237341
 827.000000 31.900407 1.015241 75.770912 0.153852
 828.000000 34.114717 0.976551 76.336216 0.198090
 829.000000 35.533437 0.919265 76.509689 0.172514
 830.000000 34.176728 0.939806 76.968342 0.092049
 831.000000 33.062009 0.981892 77.461976 0.101981
 832.000000 32.555610 0.999039 72.377836 0.223200
 833.000000 26.544433 1.172273 76.251901 0.144803
 834.000000 28.068095 1.102341 73.939517 0.234625
 835.000000 35.819240 0.891302 71.806087 0.224841
 836.000000 35.458832 0.884517 69.702232 0.272053
 837.000000 26.963773 1.125619 69.945104 0.234213
 838.000000 25.804818 1.133504 70.417699 0.271742
 839.000000 35.964780 0.872844 72.926925 0.258778
 840.000000 37.523151 0.851423 74.916388 0.150696
 841.000000 36.955773 0.853243 73.109055 0.233361
 842.000000 39.727670 0.813184 73.900556 0.266636
 843.000000 37.562008 0.844455 72.763076 0.264782
 844.000000 37.566259 0.855936 69.884976 0.301261
 845.000000 34.466987 0.931121 72.773433 0.227542
 846.000000 37.572243 0.857668 70.599333 0.280506
 847.000000 38.762154 0.822965 73.227240 0.267866
 848.000000 34.777623 0.928591 71.720749 0.248754
 849.000000 20.860482 1.235298 71.084273 0.246920
 850.000000 22.842529 1.183053 71.842325 0.207042
 851.000000 15.024370 1.405470 73.196417 0.236801
 852.000000 22.935627 1.210366 72.494932 0.237268
 853.000000 25.268738 1.154480 73.328156 0.195612
 854.000000 22.883380 1.215378 68.678360 0.285001
 855.000000 26.620263 1.116636 70.829050 0.270383
 856.000000 28.750217 1.043400 75.566963 0.203847
 857.000000 29.459529 1.020151 69.197827 0.272708
 858.000000 18.590215 1.244362 75.740934 0.152051
 859.000000 30.513086 1.027436 73.413335 0.234212
 860.000000 31.597763 1.037690 77.442111 0.202614
 861.000000 33.192543 0.988679 72.811483 0.234395
 862.000000 30.811518 1.020875 71.483052 0.190615
 863.000000 25.706358 1.172654 73.476167 0.216789
 864.000000 33.891277 0.987992 75.468432 0.195391
 865.000000 28.806795 1.097624 70.626879 0.259634
 866.000000 27.582866 1.109516 70.863044 0.250107
 867.000000 24.241277 1.211908 72.048632 0.269615
 868.000000 18.589966 1.374939 71.123681 0.244833
 869.000000 17.492722 1.414826 68.040190 0.287868
 870.000000 22.957454 1.251664 71.259703 0.255785
 871.000000 21.456560 1.217047 72.476014 0.246558
 872.000000 32.567409 0.995559 72.569682 0.245387
 873.000000 32.288457 1.005670 73.847475 0.180720
 874.000000 30.965092 1.025732 73.570853 0.205117
 875.000000 33.915219 0.955850 74.228997 0.214918
 876.000000 32.013355 0.989650 72.662625 0.240002
 877.000000 27.132807 1.129798 74.213794 0.173940
 878.000000 29.866511 1.043883 70.909797 0.228670
 879.000000 28.901345 1.083984 71.449977 0.222601
 880.000000 31.972799 1.031863 74.217881 0.206045
 881.000000 36.518774 0.895353 73.057097 0.221553
 882.000000 36.166227 0.882203 72.154502 0.218854
 883.000000 38.234589 0.848518 72.149878 0.264615
 884.000000 38.106320 0.867037 74.227308 0.211345
 885.000000 37.671355 0.857659 73.067722 0.235051
 886.000000 39.746148 0.837587 73.430047 0.268082
 887.000000 39.950389 0.833078 74.837021 0.234205
 888.000000 37.108710 0.865957 71.960867 0.239960
 889.000000 35.715326 0.918809 70.624948 0.266932
 890.000000 40.439615 0.814707 74.785097 0.236067
 891.000000 29.804682 1.053346 73.955199 0.204983
 892.000000 27.257201 1.137754 73.762764 0.214883
 893.000000 29.857304 1.064777 71.163506 0.259323
 894.000000 17.245571 1.406309 72.416385 0.223919
 895.000000 18.927936 1.365722 73.992640 0.230725
 896.000000 19.148341 1.327090 71.063981 0.274946
 897.000000 25.975416 1.165151 72.090092 0.203696
 898.000000 25.499628 1.159166 68.667752 0.297649
 899.000000 37.332184 0.885676 69.442453 0.264618
 900.000000 35.044361 0.899301 70.148203 0.233147
 901.000000 38.346117 0.825667 72.406047 0.280083
 902.000000 41.468659 0.779326 76.805898 0.218016
 903.000000 35.225156 0.914454 70.547568 0.264502
 904.000000 32.025140 1.031517 72.992145 0.262447
 905.000000 34.885904 0.933325 73.973531 0.232968
 906.000000 31.416391 1.034194 73.027575 0.226381
 907.000000 29.341832 1.045899 73.771377 0.216933
 908.000000 20.746417 1.288457 70.864673 0.292478
 909.000000 6.914604 1.696015 74.083090 0.224585
 910.000000 11.731684 1.426735 74.242462 0.215342
 911.000000 10.355822 1.459336 74.788536 0.192235
 912.000000 3.534043 1.698522 71.925502 0.222618
 913.000000 11.109321 1.333576 72.567523 0.252890
 914.000000 10.447217 1.401520 72.068905 0.219273
 915.000000 8.695008 1.495231 69.954260 0.279120
 916.000000 1.961758 1.880535 69.245190 0.237292
 917.000000 2.420910 1.881152 71.262653 0.248987
 918.000000 1.862113 2.008712 72.666001 0.225515
 919.000000 19.702157 1.287633 76.602278 0.171108
 920.000000 15.843515 1.353442 75.026160 0.157442
 921.000000 17.107265 1.272338 77.107887 0.171659
 922.000000 15.111722 1.262439 72.784113 0.223585
 923.000000 24.444112 1.069005 68.630803 0.286263
 924.000000 25.465425 1.051241 71.757007 0.243278
 925.000000 20.046547 1.183105 70.520254 0.271142
 926.000000 24.666411 1.093782 70.367682 0.270306
 927.000000 30.720665 0.934588 73.646819 0.267183
 928.000000 32.814385 0.945094 72.453969 0.234875
 929.000000 32.997706 0.962932 69.253226 0.300552
 930.000000 34.925716 0.928703 69.822487 0.310224
 931.000000 30.572750 1.032128 68.406877 0.295619
 932.000000 32.840958 0.989118 74.746470 0.189809
 933.000000 26.220678 1.183820 72.323700 0.195148
 934.000000 27.514298 1.106034 71.160681 0.263296
 935.000000 27.861829 1.085870 74.347995 0.222663
 936.000000 21.273464 1.223388 73.117232 0.163860
 937.000000 14.009121 1.439244 72.048857 0.241229
 938.000000 17.226307 1.356996 76.307114 0.158524
 939.000000 9.347240 1.524713 73.833225 0.216244
 940.000000 6.538876 1.562242 74.556254 0.211258
 941.000000 7.405179 1.673744 69.872438 0.286281
 942.000000 0.514753 2.242965 72.680769 0.254915
 943.000000 4.497463 1.757186 74.202988 0.189396
 944.000000 1.850332 1.973827 69.839637 0.262370
 945.000000 0.647290 2.048627 73.251285 0.245906
 946.000000 0.098500 2.397115 73.396774 0.214197
 947.000000 7.744871 1.636391 71.379049 0.268342
 948.000000 2.600376 1.934775 71.055053 0.254658
 949.000000 0.111852 2.391901 72.431332 0.222802
 950.000000 0.594994 2.112906 75.611607 0.143835
 951.000000 1.427430 2.019797 72.815854 0.245247
 952.000000 0.445281 2.198803 67.611529 0.261713
 953.000000 0.014459 3.105716 68.952425 0.338271
 954.000000 0.014309 3.042344 73.546673 0.228004
