#! FIELDS coord1.mean projection
#! SET min_coord1.mean 0
#! SET max_coord1.mean 100
#! SET nbins_coord1.mean  201
#! SET periodic_coord1.mean false
    0.000000000   35.321758184
    0.500000000   33.493373621
    1.000000000   32.218405514
    1.500000000   31.985110372
    2.000000000   32.464725375
    2.500000000   32.523132945
    3.000000000   32.225320331
    3.500000000   32.318261779
    4.000000000   32.648381865
    4.500000000   32.746261289
    5.000000000   32.559623883
    5.500000000   32.252828876
    6.000000000   31.932163375
    6.500000000   31.551418626
    7.000000000   31.039843082
    7.500000000   30.505727041
    8.000000000   30.102298053
    8.500000000   29.906074009
    9.000000000   29.952104391
    9.500000000   30.284749828
   10.000000000   30.970044228
   10.500000000   32.068333061
   11.000000000   33.533352394
   11.500000000   34.953242080
   12.000000000   35.509103791
   12.500000000   35.096429615
   13.000000000   34.333296982
   13.500000000   33.577271633
   14.000000000   32.969143462
   14.500000000   32.581955915
   15.000000000   32.451470161
   15.500000000   32.585397488
   16.000000000   32.979031584
   16.500000000   33.636537827
   17.000000000   34.579781637
   17.500000000   35.808910338
   18.000000000   37.168355589
   18.500000000   38.168495810
   19.000000000   38.321232944
   19.500000000   37.808521921
   20.000000000   37.006321045
   20.500000000   36.073964842
   21.000000000   35.051063980
   21.500000000   33.944453990
   22.000000000   32.788436072
   22.500000000   31.685056152
   23.000000000   30.792470651
   23.500000000   30.285908371
   24.000000000   30.329004872
   24.500000000   31.058935387
   25.000000000   32.579472725
   25.500000000   34.950684753
   26.000000000   38.134550684
   26.500000000   41.052429287
   27.000000000   39.668227004
   27.500000000   36.356383362
   28.000000000   33.075256094
   28.500000000   29.953719362
   29.000000000   27.031473510
   29.500000000   24.362341769
   30.000000000   22.007093537
   30.500000000   20.040538103
   31.000000000   18.587273626
   31.500000000   17.844860548
   32.000000000   18.041973938
   32.500000000   19.365173328
   33.000000000   21.915721378
   33.500000000   25.693912579
   34.000000000   30.534537703
   34.500000000   35.629366663
   35.000000000   39.038759282
   35.500000000   41.192603716
   36.000000000   43.546857704
   36.500000000   46.412522308
   37.000000000   49.248038539
   37.500000000   46.565250183
   38.000000000   41.065950938
   38.500000000   36.406787093
   39.000000000   32.877419085
   39.500000000   30.594729409
   40.000000000   29.622928229
   40.500000000   29.946843064
   41.000000000   31.322026869
   41.500000000   32.625344568
   42.000000000   32.305376913
   42.500000000   31.316502400
   43.000000000   30.597330391
   43.500000000   30.304793653
   44.000000000   30.440530201
   44.500000000   30.987020156
   45.000000000   31.927686755
   45.500000000   33.252451298
   46.000000000   34.957791457
   46.500000000   37.042802070
   47.000000000   39.504434208
   47.500000000   42.334331272
   48.000000000   45.519041366
   48.500000000   49.039549302
   49.000000000   52.819911016
   49.500000000   54.826988479
   50.000000000   50.289430191
   50.500000000   44.730645312
   51.000000000   39.489658816
   51.500000000   34.660778146
   52.000000000   30.303114722
   52.500000000   26.466705136
   53.000000000   23.192199864
   53.500000000   20.510206452
   54.000000000   18.440933769
   54.500000000   16.994258004
   55.000000000   16.170655584
   55.500000000   15.962968660
   56.000000000   16.358826982
   56.500000000   17.343186016
   57.000000000   18.900425592
   57.500000000   21.015394811
   58.000000000   23.673538325
   58.500000000   26.854156237
   59.000000000   30.297735702
   59.500000000   30.490043374
   60.000000000   26.417342009
   60.500000000   22.383615345
   61.000000000   18.849859056
   61.500000000   15.823216550
   62.000000000   13.295372261
   62.500000000   11.255697762
   63.000000000    9.690216252
   63.500000000    8.577239952
   64.000000000    7.881492978
   64.500000000    7.554590870
   65.000000000    7.551394941
   65.500000000    7.856396811
   66.000000000    8.493804352
   66.500000000    9.494518197
   67.000000000   10.657542883
   67.500000000   10.509839199
   68.000000000    8.162781946
   68.500000000    5.616727327
   69.000000000    3.604599153
   69.500000000    2.134979678
   70.000000000    1.108413224
   70.500000000    0.430288054
   71.000000000    0.056898630
   71.500000000    0.000000000
   72.000000000    0.296942594
   72.500000000    0.984007229
   73.000000000    2.089588758
   73.500000000    3.638379030
   74.000000000    5.656386589
   74.500000000    8.172917699
   75.000000000   11.219533447
   75.500000000   14.826624023
   76.000000000   19.018305354
   76.500000000   23.806987462
   77.000000000   29.188613086
   77.500000000   35.137487402
   78.000000000   41.604167609
   78.500000000   48.514023974
   79.000000000   55.768688129
   79.500000000   63.245557990
   80.000000000   70.797839365
   80.500000000   78.264334875
   81.000000000   85.479943586
   81.500000000   92.307481089
   82.000000000   98.667289011
   82.500000000  104.532084183
   83.000000000  109.899783683
   83.500000000  114.761362985
   84.000000000  119.085918750
   84.500000000  122.765043128
   85.000000000  125.576929237
   85.500000000  127.334071479
   86.000000000  128.214269065
   86.500000000  128.608088292
   87.000000000  128.785684141
   87.500000000  128.871600809
   88.000000000  128.916686134
   88.500000000  128.942173179
   89.000000000  128.957496829
   89.500000000  128.967128892
   90.000000000  128.973391062
   90.500000000  128.977535549
   91.000000000  128.980347844
   91.500000000  128.982240833
   92.000000000  128.983525688
   92.500000000  128.984385067
   93.000000000  128.984949567
   93.500000000  128.985300426
   94.000000000  128.985511545
   94.500000000  128.985623246
   95.000000000  128.985679511
   95.500000000  128.985698871
   96.000000000  128.985704896
   96.500000000  128.985705967
   97.000000000  128.985706046
   97.500000000  128.985706046
   98.000000000  128.985706046
   98.500000000  128.985706046
   99.000000000  128.985706046
   99.500000000  128.985706046
  100.000000000  128.985706046
