#! FIELDS coord1.mean projection
#! SET min_coord1.mean 0
#! SET max_coord1.mean 100
#! SET nbins_coord1.mean  201
#! SET periodic_coord1.mean false
    0.000000000   37.156601642
    0.500000000   35.494893166
    1.000000000   34.380669682
    1.500000000   34.143239530
    2.000000000   34.519527751
    2.500000000   34.680354649
    3.000000000   34.545531644
    3.500000000   34.607944505
    4.000000000   34.757635794
    4.500000000   34.678885437
    5.000000000   34.379742818
    5.500000000   34.007616906
    6.000000000   33.653148109
    6.500000000   33.252951612
    7.000000000   32.724566612
    7.500000000   32.166579507
    8.000000000   31.738814034
    8.500000000   31.535130912
    9.000000000   31.603213329
    9.500000000   31.984453613
   10.000000000   32.722092025
   10.500000000   33.831500667
   11.000000000   35.199294475
   11.500000000   36.388695866
   12.000000000   36.787061947
   12.500000000   36.429959119
   13.000000000   35.783629027
   13.500000000   35.118544929
   14.000000000   34.556104908
   14.500000000   34.171047732
   15.000000000   34.013809583
   15.500000000   34.114631982
   16.000000000   34.491047667
   16.500000000   35.157645765
   17.000000000   36.122785480
   17.500000000   37.338804180
   18.000000000   38.558658747
   18.500000000   39.233377435
   19.000000000   39.041824497
   19.500000000   38.304341245
   20.000000000   37.348116337
   20.500000000   36.283910938
   21.000000000   35.140928824
   21.500000000   33.946738072
   22.000000000   32.763083425
   22.500000000   31.696530946
   23.000000000   30.885099573
   23.500000000   30.475927729
   24.000000000   30.607236293
   24.500000000   31.395649194
   25.000000000   32.928891301
   25.500000000   35.256158072
   26.000000000   38.355257493
   26.500000000   41.545464690
   27.000000000   41.054094526
   27.500000000   37.898132771
   28.000000000   34.672422098
   28.500000000   31.616741280
   29.000000000   28.772435972
   29.500000000   26.184791091
   30.000000000   23.897262629
   30.500000000   21.955752959
   31.000000000   20.453732607
   31.500000000   19.576532446
   32.000000000   19.562225066
   32.500000000   20.611346804
   33.000000000   22.834057018
   33.500000000   26.238341938
   34.000000000   30.695232298
   34.500000000   35.663973709
   35.000000000   39.615479351
   35.500000000   42.130486284
   36.000000000   44.553238047
   36.500000000   47.386711402
   37.000000000   50.102525781
   37.500000000   47.843463556
   38.000000000   42.894757780
   38.500000000   38.659305610
   39.000000000   35.447287612
   39.500000000   33.369094946
   40.000000000   32.478933949
   40.500000000   32.733845403
   41.000000000   33.778118660
   41.500000000   34.366325393
   42.000000000   33.579281037
   42.500000000   32.467188567
   43.000000000   31.679630012
   43.500000000   31.329678258
   44.000000000   31.423196577
   44.500000000   31.948739929
   45.000000000   32.893485015
   45.500000000   34.248185354
   46.000000000   36.007285058
   46.500000000   38.165306757
   47.000000000   40.712842263
   47.500000000   43.633732482
   48.000000000   46.905020020
   48.500000000   50.496407722
   49.000000000   54.312525533
   49.500000000   56.313467280
   50.000000000   51.988233036
   50.500000000   46.581015578
   51.000000000   41.414895864
   51.500000000   36.596136343
   52.000000000   32.196171565
   52.500000000   28.279334015
   53.000000000   24.901516229
   53.500000000   22.108409287
   54.000000000   19.934196283
   54.500000000   18.400837429
   55.000000000   17.518340500
   55.500000000   17.285963466
   56.000000000   17.694150193
   56.500000000   18.726746160
   57.000000000   20.363056286
   57.500000000   22.579177240
   58.000000000   25.348672194
   58.500000000   28.633839640
   59.000000000   32.063571471
   59.500000000   31.679158325
   60.000000000   27.506149859
   60.500000000   23.471080101
   61.000000000   19.919729843
   61.500000000   16.866565972
   62.000000000   14.313786878
   62.500000000   12.260355048
   63.000000000   10.701330905
   63.500000000    9.624674619
   64.000000000    9.004791004
   64.500000000    8.797409001
   65.000000000    8.948016925
   65.500000000    9.419686018
   66.000000000   10.216790590
   66.500000000   11.359371787
   67.000000000   12.613593362
   67.500000000   12.278900827
   68.000000000    9.580919396
   68.500000000    6.762694720
   69.000000000    4.501450571
   69.500000000    2.795821227
   70.000000000    1.551372792
   70.500000000    0.681705965
   71.000000000    0.155969276
   71.500000000    0.000000000
   72.000000000    0.259959139
   72.500000000    0.973183550
   73.000000000    2.162481816
   73.500000000    3.841982235
   74.000000000    6.023424358
   74.500000000    8.719235370
   75.000000000   11.942674423
   75.500000000   15.705519961
   76.000000000   20.014138297
   76.500000000   24.864938880
   77.000000000   30.239982343
   77.500000000   36.102755926
   78.000000000   42.396711794
   78.500000000   49.044194780
   79.000000000   55.947275797
   79.500000000   62.989682566
   80.000000000   70.036079589
   80.500000000   76.943641588
   81.000000000   83.570461970
   81.500000000   89.800124981
   82.000000000   95.563645046
   82.500000000  100.834284473
   83.000000000  105.606693789
   83.500000000  109.860062195
   84.000000000  113.518695231
   84.500000000  116.388731316
   85.000000000  118.272778158
   85.500000000  119.267480679
   86.000000000  119.726095399
   86.500000000  119.934888780
   87.000000000  120.035391664
   87.500000000  120.087710883
   88.000000000  120.117005556
   88.500000000  120.134453529
   89.000000000  120.145372955
   89.500000000  120.152440797
   90.000000000  120.157132552
   90.500000000  120.160281532
   91.000000000  120.162442271
   91.500000000  120.163900491
   92.000000000  120.164891560
   92.500000000  120.165552603
   93.000000000  120.165984905
   93.500000000  120.166246982
   94.000000000  120.166400898
   94.500000000  120.166477079
   95.000000000  120.166517540
   95.500000000  120.166529986
   96.000000000  120.166532333
   96.500000000  120.166532520
   97.000000000  120.166532600
   97.500000000  120.166532600
   98.000000000  120.166532600
   98.500000000  120.166532600
   99.000000000  120.166532600
   99.500000000  120.166532600
  100.000000000  120.166532600
