#! FIELDS coord1.mean projection
#! SET min_coord1.mean 0
#! SET max_coord1.mean 100
#! SET nbins_coord1.mean  201
#! SET periodic_coord1.mean false
    0.000000000   35.207966524
    0.500000000   33.366757379
    1.000000000   32.087964449
    1.500000000   31.855953048
    2.000000000   32.345541460
    2.500000000   32.418304197
    3.000000000   32.118717170
    3.500000000   32.197565866
    4.000000000   32.507505575
    4.500000000   32.590543310
    5.000000000   32.403169378
    5.500000000   32.106850952
    6.000000000   31.802031171
    6.500000000   31.434194188
    7.000000000   30.925404378
    7.500000000   30.386364727
    8.000000000   29.975899618
    8.500000000   29.773468577
    9.000000000   29.815600082
    9.500000000   30.147488503
   10.000000000   30.835270324
   10.500000000   31.938772691
   11.000000000   33.410417085
   11.500000000   34.834233528
   12.000000000   35.385496271
   12.500000000   34.964852939
   13.000000000   34.196303222
   13.500000000   33.438077580
   14.000000000   32.831435956
   14.500000000   32.449992319
   15.000000000   32.329747662
   15.500000000   32.478088234
   16.000000000   32.889212208
   16.500000000   33.565356436
   17.000000000   34.525827608
   17.500000000   35.767341502
   18.000000000   37.127788667
   18.500000000   38.108720899
   19.000000000   38.231009865
   19.500000000   37.696105636
   20.000000000   36.882860654
   20.500000000   35.949017221
   21.000000000   34.932447264
   21.500000000   33.836467557
   22.000000000   32.691032007
   22.500000000   31.595464280
   23.000000000   30.707502132
   23.500000000   30.202962034
   24.000000000   30.245995047
   24.500000000   30.973994707
   25.000000000   32.490807281
   25.500000000   34.856477073
   26.000000000   38.034670112
   26.500000000   40.972043726
   27.000000000   39.622572909
   27.500000000   36.302972239
   28.000000000   33.010489908
   28.500000000   29.879318021
   29.000000000   26.950590326
   29.500000000   24.279172756
   30.000000000   21.926307744
   30.500000000   19.965853991
   31.000000000   18.519427442
   31.500000000   17.781170266
   32.000000000   17.978233822
   32.500000000   19.297557914
   33.000000000   21.841389356
   33.500000000   25.610887255
   34.000000000   30.441946144
   34.500000000   35.532481414
   35.000000000   38.951749029
   35.500000000   41.112014276
   36.000000000   43.467898050
   36.500000000   46.334467233
   37.000000000   49.238300229
   37.500000000   46.854743620
   38.000000000   41.408389568
   38.500000000   36.771591091
   39.000000000   33.255953780
   39.500000000   30.977968399
   40.000000000   29.999731801
   40.500000000   30.297063241
   41.000000000   31.580635715
   41.500000000   32.629932189
   42.000000000   32.115032008
   42.500000000   31.098628020
   43.000000000   30.387384147
   43.500000000   30.107588083
   44.000000000   30.257195075
   44.500000000   30.817928531
   45.000000000   31.772768186
   45.500000000   33.111139096
   46.000000000   34.828934769
   46.500000000   36.924642169
   47.000000000   39.394782496
   47.500000000   42.230844331
   48.000000000   45.419479122
   48.500000000   48.941853836
   49.000000000   52.718038518
   49.500000000   54.622137130
   50.000000000   50.020647355
   50.500000000   44.469475381
   51.000000000   39.239971279
   51.500000000   34.424857565
   52.000000000   30.083408364
   52.500000000   26.265780493
   53.000000000   23.012652808
   53.500000000   20.354562613
   54.000000000   18.311546561
   54.500000000   16.893216542
   55.000000000   16.099698416
   55.500000000   15.923401448
   56.000000000   16.351438756
   56.500000000   17.368165192
   57.000000000   18.957286839
   57.500000000   21.102930196
   58.000000000   23.789781126
   58.500000000   26.995753119
   59.000000000   30.438001529
   59.500000000   30.487036521
   60.000000000   26.406465611
   60.500000000   22.404483061
   61.000000000   18.905626135
   61.500000000   15.915628775
   62.000000000   13.425611745
   62.500000000   11.424345952
   63.000000000    9.897287616
   63.500000000    8.822274830
   64.000000000    8.163671726
   64.500000000    7.872875595
   65.000000000    7.904661574
   65.500000000    8.243350950
   66.000000000    8.912200068
   66.500000000    9.935322245
   67.000000000   11.050561717
   67.500000000   10.627248563
   68.000000000    8.113047669
   68.500000000    5.543916359
   69.000000000    3.533368533
   69.500000000    2.072449648
   70.000000000    1.059839518
   70.500000000    0.398519076
   71.000000000    0.041734828
   71.500000000    0.000000000
   72.000000000    0.311626798
   72.500000000    1.014572642
   73.000000000    2.138460222
   73.500000000    3.708454939
   74.000000000    5.750368932
   74.500000000    8.292785912
   75.000000000   11.366143205
   75.500000000   14.999422455
   76.000000000   19.215169680
   76.500000000   24.024197983
   77.000000000   29.421018244
   77.500000000   35.378643627
   78.000000000   41.846770812
   78.500000000   48.749935548
   79.000000000   55.989119651
   79.500000000   63.440553302
   80.000000000   70.955560040
   80.500000000   78.371327083
   81.000000000   85.524082523
   81.500000000   92.283610516
   82.000000000   98.580228817
   82.500000000  104.393437652
   83.000000000  109.722133003
   83.500000000  114.554761830
   84.000000000  118.856520337
   84.500000000  122.514562484
   85.000000000  125.303531674
   85.500000000  127.039343874
   86.000000000  127.906188285
   86.500000000  128.293826570
   87.000000000  128.468828683
   87.500000000  128.553628654
   88.000000000  128.598197897
   88.500000000  128.623426613
   89.000000000  128.638610945
   89.500000000  128.648162919
   90.000000000  128.654376642
   90.500000000  128.658490971
   91.000000000  128.661283715
   91.500000000  128.663163869
   92.000000000  128.664439950
   92.500000000  128.665293209
   93.000000000  128.665853704
   93.500000000  128.666202100
   94.000000000  128.666411315
   94.500000000  128.666522607
   95.000000000  128.666578586
   95.500000000  128.666597869
   96.000000000  128.666603790
   96.500000000  128.666604861
   97.000000000  128.666604941
   97.500000000  128.666604941
   98.000000000  128.666604941
   98.500000000  128.666604941
   99.000000000  128.666604941
   99.500000000  128.666604941
  100.000000000  128.666604941
