#! FIELDS coord1.mean projection
#! SET min_coord1.mean 0
#! SET max_coord1.mean 100
#! SET nbins_coord1.mean  201
#! SET periodic_coord1.mean false
    0.000000000   38.574795698
    0.500000000   37.845555211
    1.000000000   37.483680234
    1.500000000   37.537584844
    2.000000000   38.015419523
    2.500000000   38.701597102
    3.000000000   39.290654353
    3.500000000   39.640423256
    4.000000000   39.727896831
    4.500000000   39.569476060
    5.000000000   39.254327620
    5.500000000   38.898477638
    6.000000000   38.554222001
    6.500000000   38.190394617
    7.000000000   37.791466004
    7.500000000   37.425283733
    8.000000000   37.188496828
    8.500000000   37.147595609
    9.000000000   37.330506994
    9.500000000   37.729203716
   10.000000000   38.287150772
   10.500000000   38.877865354
   11.000000000   39.325008377
   11.500000000   39.517439223
   12.000000000   39.496742762
   12.500000000   39.370825975
   13.000000000   39.205454570
   13.500000000   39.017862680
   14.000000000   38.821948383
   14.500000000   38.663618601
   15.000000000   38.618477322
   15.500000000   38.763867594
   16.000000000   39.154051502
   16.500000000   39.804272035
   17.000000000   40.664007319
   17.500000000   41.555691060
   18.000000000   42.132830055
   18.500000000   42.100529084
   19.000000000   41.543241239
   19.500000000   40.725127210
   20.000000000   39.813962048
   20.500000000   38.888534246
   21.000000000   37.999518375
   21.500000000   37.197341044
   22.000000000   36.541399960
   22.500000000   36.101245486
   23.000000000   35.952698758
   23.500000000   36.171089521
   24.000000000   36.823990490
   24.500000000   37.963939669
   25.000000000   39.624087777
   25.500000000   41.810287125
   26.000000000   44.465681589
   26.500000000   47.046704412
   27.000000000   46.997352918
   27.500000000   44.330810337
   28.000000000   41.350586082
   28.500000000   38.487774113
   29.000000000   35.800387284
   29.500000000   33.319439494
   30.000000000   31.074871982
   30.500000000   29.116324672
   31.000000000   27.544726519
   31.500000000   26.516861464
   32.000000000   26.203420919
   32.500000000   26.737798545
   33.000000000   28.190109406
   33.500000000   30.562781126
   34.000000000   33.789820306
   34.500000000   37.714777600
   35.000000000   41.996768681
   35.500000000   45.999365034
   36.000000000   49.257223436
   36.500000000   51.799382993
   37.000000000   51.561319629
   37.500000000   48.059245949
   38.000000000   44.461739591
   38.500000000   41.466644033
   39.000000000   39.216539901
   39.500000000   37.793451187
   40.000000000   37.239621527
   40.500000000   37.530849410
   41.000000000   38.452028050
   41.500000000   39.212845641
   42.000000000   38.807394820
   42.500000000   37.772749924
   43.000000000   36.914415150
   43.500000000   36.460811729
   44.000000000   36.446085027
   44.500000000   36.868255844
   45.000000000   37.720222586
   45.500000000   38.994596266
   46.000000000   40.681307831
   46.500000000   42.763043676
   47.000000000   45.211783555
   47.500000000   47.988085518
   48.000000000   51.042633608
   48.500000000   54.313759039
   49.000000000   57.604769849
   49.500000000   58.835867167
   50.000000000   55.280075715
   50.500000000   50.677310503
   51.000000000   46.119813771
   51.500000000   41.744879043
   52.000000000   37.644348595
   52.500000000   33.905575176
   53.000000000   30.609325278
   53.500000000   27.826468514
   54.000000000   25.615121775
   54.500000000   24.018586263
   55.000000000   23.064223069
   55.500000000   22.763299731
   56.000000000   23.111745117
   56.500000000   24.091618504
   57.000000000   25.673055347
   57.500000000   27.816337397
   58.000000000   30.473302491
   58.500000000   33.573865650
   59.000000000   36.641469045
   59.500000000   36.073499119
   60.000000000   32.134180394
   60.500000000   28.186111150
   61.000000000   24.615803683
   61.500000000   21.475080668
   62.000000000   18.795972295
   62.500000000   16.601750307
   63.000000000   14.905889187
   63.500000000   13.709167599
   64.000000000   12.995316043
   64.500000000   12.729900759
   65.000000000   12.872036981
   65.500000000   13.399470989
   66.000000000   14.323847326
   66.500000000   15.658335900
   67.000000000   17.094437965
   67.500000000   16.437156809
   68.000000000   13.115109799
   68.500000000    9.711026957
   69.000000000    6.795559741
   69.500000000    4.387512349
   70.000000000    2.475054675
   70.500000000    1.076692483
   71.000000000    0.236898660
   71.500000000    0.000000000
   72.000000000    0.391210923
   72.500000000    1.413015233
   73.000000000    3.049713636
   73.500000000    5.273290770
   74.000000000    8.048108821
   74.500000000   11.334174354
   75.000000000   15.089348921
   75.500000000   19.270344392
   76.000000000   23.832499287
   76.500000000   28.728125075
   77.000000000   33.904419388
   77.500000000   39.301134022
   78.000000000   44.849118560
   78.500000000   50.470331557
   79.000000000   56.079099312
   79.500000000   61.586937196
   80.000000000   66.903695996
   80.500000000   71.949171700
   81.000000000   76.656220115
   81.500000000   80.970079872
   82.000000000   84.837259787
   82.500000000   88.161080712
   83.000000000   90.766009093
   83.500000000   92.493744780
   84.000000000   93.439767485
   84.500000000   93.897584378
   85.000000000   94.115225649
   85.500000000   94.223256450
   86.000000000   94.280566236
   86.500000000   94.313096435
   87.000000000   94.332654647
   87.500000000   94.344982667
   88.000000000   94.353018881
   88.500000000   94.358392245
   89.000000000   94.362054978
   89.500000000   94.364567624
   90.000000000   94.366307080
   90.500000000   94.367495854
   91.000000000   94.368325757
   91.500000000   94.368878607
   92.000000000   94.369249276
   92.500000000   94.369484778
   93.000000000   94.369636052
   93.500000000   94.369718081
   94.000000000   94.369754765
   94.500000000   94.369768431
   95.000000000   94.369774151
   95.500000000   94.369774589
   96.000000000   94.369774589
   96.500000000   94.369774589
   97.000000000   94.369774589
   97.500000000   94.369774589
   98.000000000   94.369774589
   98.500000000   94.369774589
   99.000000000   94.369774589
   99.500000000   94.369774589
  100.000000000   94.369774589
