#! FIELDS coord1.mean projection
#! SET min_coord1.mean 0
#! SET max_coord1.mean 100
#! SET nbins_coord1.mean  201
#! SET periodic_coord1.mean false
    0.000000000   38.583194967
    0.500000000   36.979408353
    1.000000000   35.930668933
    1.500000000   35.757181202
    2.000000000   36.264731658
    2.500000000   36.677893030
    3.000000000   36.745180106
    3.500000000   36.878553679
    4.000000000   37.009507337
    4.500000000   36.878157545
    5.000000000   36.524915769
    5.500000000   36.123143403
    6.000000000   35.785180790
    6.500000000   35.441967817
    7.000000000   34.981725224
    7.500000000   34.477042210
    8.000000000   34.084972739
    8.500000000   33.904277313
    9.000000000   33.983878235
    9.500000000   34.362155134
   10.000000000   35.076340469
   10.500000000   36.132162269
   11.000000000   37.402143873
   11.500000000   38.458162718
   12.000000000   38.763403668
   12.500000000   38.369346156
   13.000000000   37.681135749
   13.500000000   36.952254240
   14.000000000   36.318834577
   14.500000000   35.873789806
   15.000000000   35.678943115
   15.500000000   35.768016912
   16.000000000   36.155972305
   16.500000000   36.849620291
   17.000000000   37.842972838
   17.500000000   39.064060828
   18.000000000   40.232443694
   18.500000000   40.803399290
   19.000000000   40.533819932
   19.500000000   39.764628626
   20.000000000   38.797972300
   20.500000000   37.736502820
   21.000000000   36.610408511
   21.500000000   35.448068252
   22.000000000   34.309263281
   22.500000000   33.295987303
   23.000000000   32.540523650
   23.500000000   32.184258995
   24.000000000   32.360029909
   24.500000000   33.179629805
   25.000000000   34.726541567
   25.500000000   37.046825756
   26.000000000   40.119850550
   26.500000000   43.330742499
   27.000000000   42.979340104
   27.500000000   39.776492147
   28.000000000   36.468340414
   28.500000000   33.333430846
   29.000000000   30.420278066
   29.500000000   27.777649356
   30.000000000   25.451596943
   30.500000000   23.490156883
   31.000000000   21.984131734
   31.500000000   21.107823272
   32.000000000   21.085768147
   32.500000000   22.109782223
   33.000000000   24.286505817
   33.500000000   27.623044495
   34.000000000   31.991305710
   34.500000000   36.868390097
   35.000000000   40.803868939
   35.500000000   43.345638288
   36.000000000   45.767605441
   36.500000000   48.583374563
   37.000000000   51.279298524
   37.500000000   49.138697128
   38.000000000   44.290461936
   38.500000000   40.121442953
   39.000000000   36.950213067
   39.500000000   34.885397560
   40.000000000   33.977423203
   40.500000000   34.170555099
   41.000000000   35.060503229
   41.500000000   35.375562759
   42.000000000   34.425570287
   42.500000000   33.266491091
   43.000000000   32.462619725
   43.500000000   32.108244971
   44.000000000   32.204001424
   44.500000000   32.734872059
   45.000000000   33.685502366
   45.500000000   35.045545658
   46.000000000   36.809681657
   46.500000000   38.973275997
   47.000000000   41.527501500
   47.500000000   44.455968849
   48.000000000   47.734630491
   48.500000000   51.331491017
   49.000000000   55.150828558
   49.500000000   57.218102173
   50.000000000   52.987543916
   50.500000000   47.614405215
   51.000000000   42.467049191
   51.500000000   37.654137232
   52.000000000   33.247788197
   52.500000000   29.313467968
   53.000000000   25.908765852
   53.500000000   23.081564122
   54.000000000   20.868626926
   54.500000000   19.294701196
   55.000000000   18.372543452
   55.500000000   18.103849019
   56.000000000   18.480941716
   56.500000000   19.488813714
   57.000000000   21.107110316
   57.500000000   23.311472228
   58.000000000   26.074453012
   58.500000000   29.358619218
   59.000000000   32.853785461
   59.500000000   32.789204080
   60.000000000   28.567316222
   60.500000000   24.411344351
   61.000000000   20.736759440
   61.500000000   17.564659424
   62.000000000   14.900708907
   62.500000000   12.745874869
   63.000000000   11.096297736
   63.500000000    9.940534921
   64.000000000    9.253299625
   64.500000000    8.989908097
   65.000000000    9.093653790
   65.500000000    9.523458050
   66.000000000   10.280011890
   66.500000000   11.388813205
   67.000000000   12.703714596
   67.500000000   12.791185730
   68.000000000   10.282216745
   68.500000000    7.381000318
   69.000000000    5.001106655
   69.500000000    3.175735416
   70.000000000    1.817672316
   70.500000000    0.845444544
   71.000000000    0.230984390
   71.500000000    0.000000000
   72.000000000    0.196892698
   72.500000000    0.857043343
   73.000000000    2.001523496
   73.500000000    3.642847531
   74.000000000    5.791168992
   74.500000000    8.457432009
   75.000000000   11.653558120
   75.500000000   15.390301849
   76.000000000   19.673339874
   76.500000000   24.498691593
   77.000000000   29.848347938
   77.500000000   35.685726757
   78.000000000   41.954294067
   78.500000000   48.576491612
   79.000000000   55.454230799
   79.500000000   62.470842774
   80.000000000   69.490610376
   80.500000000   76.370172178
   81.000000000   82.968015932
   81.500000000   89.169679892
   82.000000000   94.908839736
   82.500000000  100.160219942
   83.000000000  104.918377396
   83.500000000  109.161399120
   84.000000000  112.811866003
   84.500000000  115.674552625
   85.000000000  117.552238099
   85.500000000  118.542901672
   86.000000000  118.999607252
   86.500000000  119.207598828
   87.000000000  119.307759027
   87.500000000  119.359922945
   88.000000000  119.389141645
   88.500000000  119.406549398
   89.000000000  119.417446439
   89.500000000  119.424501317
   90.000000000  119.429184934
   90.500000000  119.432329241
   91.000000000  119.434486262
   91.500000000  119.435942319
   92.000000000  119.436932591
   92.500000000  119.437593068
   93.000000000  119.438024962
   93.500000000  119.438286975
   94.000000000  119.438440776
   94.500000000  119.438516958
   95.000000000  119.438557418
   95.500000000  119.438569864
   96.000000000  119.438572211
   96.500000000  119.438572398
   97.000000000  119.438572478
   97.500000000  119.438572478
   98.000000000  119.438572478
   98.500000000  119.438572478
   99.000000000  119.438572478
   99.500000000  119.438572478
  100.000000000  119.438572478
