#! FIELDS coord1.mean projection
#! SET min_coord1.mean 0
#! SET max_coord1.mean 100
#! SET nbins_coord1.mean  201
#! SET periodic_coord1.mean false
    0.000000000   37.850906879
    0.500000000   37.433655786
    1.000000000   37.355361978
    1.500000000   37.515127322
    2.000000000   37.863200549
    2.500000000   38.350200234
    3.000000000   38.878676608
    3.500000000   39.308776651
    4.000000000   39.508154390
    4.500000000   39.423912140
    5.000000000   39.109674296
    5.500000000   38.672138920
    6.000000000   38.206987777
    6.500000000   37.781983036
    7.000000000   37.448853609
    7.500000000   37.249490655
    8.000000000   37.211132562
    8.500000000   37.339184335
    9.000000000   37.610338563
    9.500000000   37.966059241
   10.000000000   38.315522390
   10.500000000   38.566785013
   11.000000000   38.680259408
   11.500000000   38.686903060
   12.000000000   38.644876127
   12.500000000   38.591427857
   13.000000000   38.534293851
   13.500000000   38.474739406
   14.000000000   38.435709121
   14.500000000   38.469700360
   15.000000000   38.641439713
   15.500000000   39.002720591
   16.000000000   39.571287516
   16.500000000   40.304885191
   17.000000000   41.052983078
   17.500000000   41.520595331
   18.000000000   41.426674623
   18.500000000   40.805127360
   19.000000000   39.906010609
   19.500000000   38.920149787
   20.000000000   37.940848995
   20.500000000   37.017264493
   21.000000000   36.187425189
   21.500000000   35.491047987
   22.000000000   34.973419077
   22.500000000   34.684747722
   23.000000000   34.676747269
   23.500000000   34.997880835
   24.000000000   35.688536715
   24.500000000   36.776287912
   25.000000000   38.273086565
   25.500000000   40.169132523
   26.000000000   42.404542105
   26.500000000   44.613574075
   27.000000000   45.113971960
   27.500000000   43.026794720
   28.000000000   40.222687405
   28.500000000   37.393942694
   29.000000000   34.632349324
   29.500000000   31.968182368
   30.000000000   29.456205296
   30.500000000   27.201920013
   31.000000000   25.355152289
   31.500000000   24.074800367
   32.000000000   23.492811689
   32.500000000   23.695263508
   33.000000000   24.718061452
   33.500000000   26.549065093
   34.000000000   29.132430490
   34.500000000   32.371305606
   35.000000000   36.125073479
   35.500000000   40.187685587
   36.000000000   44.203738489
   36.500000000   46.919202219
   37.000000000   45.626404417
   37.500000000   42.603406877
   38.000000000   39.773711705
   38.500000000   37.443243257
   39.000000000   35.712790501
   39.500000000   34.642905347
   40.000000000   34.254586323
   40.500000000   34.495524469
   41.000000000   35.134473607
   41.500000000   35.606778749
   42.000000000   35.413341820
   42.500000000   34.863205550
   43.000000000   34.455582561
   43.500000000   34.395987464
   44.000000000   34.730908338
   44.500000000   35.457212394
   45.000000000   36.555786116
   45.500000000   38.001217095
   46.000000000   39.765079562
   46.500000000   41.816590966
   47.000000000   44.121765598
   47.500000000   46.641940484
   48.000000000   49.329339633
   48.500000000   52.076271737
   49.000000000   54.141230494
   49.500000000   52.927485208
   50.000000000   49.322105481
   50.500000000   45.370295069
   51.000000000   41.438960158
   51.500000000   37.633833702
   52.000000000   34.044457601
   52.500000000   30.758078319
   53.000000000   27.856925996
   53.500000000   25.414594891
   54.000000000   23.492769338
   54.500000000   22.138593503
   55.000000000   21.382853783
   55.500000000   21.239079194
   56.000000000   21.703590251
   56.500000000   22.756431467
   57.000000000   24.363048109
   57.500000000   26.476400497
   58.000000000   29.037601467
   58.500000000   31.942692552
   59.000000000   34.441411006
   59.500000000   33.241572111
   60.000000000   29.620403723
   60.500000000   26.011072334
   61.000000000   22.716911169
   61.500000000   19.796782923
   62.000000000   17.287203780
   62.500000000   15.212783636
   63.000000000   13.586886778
   63.500000000   12.412388943
   64.000000000   11.681107798
   64.500000000   11.372282438
   65.000000000   11.457277921
   65.500000000   11.916675334
   66.000000000   12.755217647
   66.500000000   13.963603037
   67.000000000   15.143872699
   67.500000000   14.339426556
   68.000000000   11.387566077
   68.500000000    8.375458311
   69.000000000    5.817538535
   69.500000000    3.736520163
   70.000000000    2.099210227
   70.500000000    0.898618474
   71.000000000    0.176825122
   71.500000000    0.000000000
   72.000000000    0.420748503
   72.500000000    1.460671615
   73.000000000    3.111291454
   73.500000000    5.340810330
   74.000000000    8.100642142
   74.500000000   11.331083730
   75.000000000   14.967103764
   75.500000000   18.943909201
   76.000000000   23.200835472
   76.500000000   27.681698322
   77.000000000   32.331763637
   77.500000000   37.093588385
   78.000000000   41.903894336
   78.500000000   46.693487738
   79.000000000   51.387364745
   79.500000000   55.910672605
   80.000000000   60.188423289
   80.500000000   64.151402425
   81.000000000   67.720724906
   81.500000000   70.777617415
   82.000000000   73.145970351
   82.500000000   74.703350856
   83.000000000   75.562589422
   83.500000000   75.989087952
   84.000000000   76.198027141
   84.500000000   76.304333197
   85.000000000   76.361927344
   85.500000000   76.395088653
   86.000000000   76.415246337
   86.500000000   76.428063427
   87.000000000   76.436495331
   87.500000000   76.442185467
   88.000000000   76.446083752
   88.500000000   76.448778494
   89.000000000   76.450662750
   89.500000000   76.451970036
   90.000000000   76.452880820
   90.500000000   76.453503335
   91.000000000   76.453933557
   91.500000000   76.454213342
   92.000000000   76.454392691
   92.500000000   76.454502664
   93.000000000   76.454571783
   93.500000000   76.454601249
   94.000000000   76.454612449
   94.500000000   76.454614261
   95.000000000   76.454615736
   95.500000000   76.454615736
   96.000000000   76.454615736
   96.500000000   76.454615736
   97.000000000   76.454615736
   97.500000000   76.454615736
   98.000000000   76.454615736
   98.500000000   76.454615736
   99.000000000   76.454615736
   99.500000000   76.454615736
  100.000000000   76.454615736
