#! FIELDS coord1.mean projection
#! SET min_coord1.mean 0
#! SET max_coord1.mean 100
#! SET nbins_coord1.mean  201
#! SET periodic_coord1.mean false
    0.000000000   35.401499292
    0.500000000   34.335705969
    1.000000000   33.685791000
    1.500000000   33.706246734
    2.000000000   34.377773339
    2.500000000   35.129572750
    3.000000000   35.517917053
    3.500000000   35.749084339
    4.000000000   35.843430046
    4.500000000   35.643968159
    5.000000000   35.217069053
    5.500000000   34.743114640
    6.000000000   34.331310664
    6.500000000   33.928088270
    7.000000000   33.453928833
    7.500000000   32.972626215
    8.000000000   32.612974600
    8.500000000   32.460635359
    9.000000000   32.559644495
    9.500000000   32.940512654
   10.000000000   33.624520987
   10.500000000   34.589248535
   11.000000000   35.675561949
   11.500000000   36.500795066
   12.000000000   36.712497842
   12.500000000   36.400527864
   13.000000000   35.841613513
   13.500000000   35.210330608
   14.000000000   34.617528460
   14.500000000   34.157385934
   15.000000000   33.906071673
   15.500000000   33.915927334
   16.000000000   34.219991967
   16.500000000   34.839918352
   17.000000000   35.780500968
   17.500000000   36.979671651
   18.000000000   38.166358866
   18.500000000   38.767290102
   19.000000000   38.471361887
   19.500000000   37.629498185
   20.000000000   36.585810511
   20.500000000   35.464237575
   21.000000000   34.308812840
   21.500000000   33.160632678
   22.000000000   32.085334617
   22.500000000   31.178905089
   23.000000000   30.558442550
   23.500000000   30.346838398
   24.000000000   30.658866486
   24.500000000   31.589997624
   25.000000000   33.209793059
   25.500000000   35.553335117
   26.000000000   38.594746978
   26.500000000   41.784491989
   27.000000000   41.634894976
   27.500000000   38.470800196
   28.000000000   35.148441768
   28.500000000   32.002993975
   29.000000000   29.087920653
   29.500000000   26.448550851
   30.000000000   24.122287549
   30.500000000   22.146181637
   31.000000000   20.602437507
   31.500000000   19.660789487
   32.000000000   19.541757790
   32.500000000   20.432072321
   33.000000000   22.434770015
   33.500000000   25.559979616
   34.000000000   29.711455868
   34.500000000   34.551533950
   35.000000000   39.021484970
   35.500000000   42.067370877
   36.000000000   44.584528869
   36.500000000   47.327687518
   37.000000000   49.187826220
   37.500000000   45.797259890
   38.000000000   41.135809501
   38.500000000   37.220373367
   39.000000000   34.267750503
   39.500000000   32.384038810
   40.000000000   31.629163041
   40.500000000   31.993521375
   41.000000000   33.260954122
   41.500000000   34.400166333
   42.000000000   33.925061206
   42.500000000   32.759620374
   43.000000000   31.888614275
   43.500000000   31.490890592
   44.000000000   31.571180458
   44.500000000   32.109058875
   45.000000000   33.080847212
   45.500000000   34.465993216
   46.000000000   36.248997180
   46.500000000   38.417217935
   47.000000000   40.956620158
   47.500000000   43.847867292
   48.000000000   47.064994411
   48.500000000   50.573507518
   49.000000000   54.277192886
   49.500000000   56.422412565
   50.000000000   52.501166359
   50.500000000   47.221803612
   51.000000000   42.110846176
   51.500000000   37.295399446
   52.000000000   32.856568440
   52.500000000   28.868994714
   53.000000000   25.399177216
   53.500000000   22.503156303
   54.000000000   20.224603497
   54.500000000   18.593647826
   55.000000000   17.626633715
   55.500000000   17.326843189
   56.000000000   17.686054790
   56.500000000   18.686607587
   57.000000000   20.303606981
   57.500000000   22.506830615
   58.000000000   25.261991843
   58.500000000   28.525515165
   59.000000000   32.038928479
   59.500000000   32.517958919
   60.000000000   28.538204659
   60.500000000   24.446686738
   61.000000000   20.801515328
   61.500000000   17.638637413
   62.000000000   14.973235897
   62.500000000   12.814687122
   63.000000000   11.166065366
   63.500000000   10.021092811
   64.000000000    9.357907995
   64.500000000    9.134161586
   65.000000000    9.295545865
   65.500000000    9.803524491
   66.000000000   10.659385134
   66.500000000   11.882815694
   67.000000000   13.268598337
   67.500000000   13.093877611
   68.000000000   10.310992384
   68.500000000    7.326221062
   69.000000000    4.891483345
   69.500000000    3.017427970
   70.000000000    1.625974885
   70.500000000    0.655779376
   71.000000000    0.101021883
   71.500000000    0.000000000
   72.000000000    0.397233709
   72.500000000    1.320445877
   73.000000000    2.779103671
   73.500000000    4.771324565
   74.000000000    7.290224272
   74.500000000   10.327361397
   75.000000000   13.873644484
   75.500000000   17.918272362
   76.000000000   22.445991762
   76.500000000   27.433844677
   77.000000000   32.847394297
   77.500000000   38.637471079
   78.000000000   44.737674650
   78.500000000   51.062640719
   79.000000000   57.505659438
   79.500000000   63.941724608
   80.000000000   70.231504742
   80.500000000   76.251363124
   81.000000000   81.917227391
   81.500000000   87.194162793
   82.000000000   92.078023788
   82.500000000   96.565582907
   83.000000000  100.632655929
   83.500000000  104.199943630
   84.000000000  107.092926909
   84.500000000  109.091968516
   85.000000000  110.210826025
   85.500000000  110.746463709
   86.000000000  110.992825371
   86.500000000  111.111073958
   87.000000000  111.171960766
   87.500000000  111.205709306
   88.000000000  111.225621051
   88.500000000  111.237977400
   89.000000000  111.245953228
   89.500000000  111.251233765
   90.000000000  111.254795715
   90.500000000  111.257209604
   91.000000000  111.258879752
   91.500000000  111.260007472
   92.000000000  111.260775168
   92.500000000  111.261282072
   93.000000000  111.261614846
   93.500000000  111.261811246
   94.000000000  111.261924178
   94.500000000  111.261979611
   95.000000000  111.262010433
   95.500000000  111.262018134
   96.000000000  111.262019297
   96.500000000  111.262019352
   97.000000000  111.262019352
   97.500000000  111.262019352
   98.000000000  111.262019352
   98.500000000  111.262019352
   99.000000000  111.262019352
   99.500000000  111.262019352
  100.000000000  111.262019352
