#! FIELDS coord1.mean projection
#! SET min_coord1.mean 0
#! SET max_coord1.mean 100
#! SET nbins_coord1.mean  201
#! SET periodic_coord1.mean false
    0.000000000   36.001122953
    0.500000000   35.485771135
    1.000000000   35.339192824
    1.500000000   35.502215209
    2.000000000   35.925565266
    2.500000000   36.475507981
    3.000000000   36.961797254
    3.500000000   37.249008887
    4.000000000   37.302704441
    4.500000000   37.163310798
    5.000000000   36.898425841
    5.500000000   36.568217350
    6.000000000   36.208127887
    6.500000000   35.833119777
    7.000000000   35.471743605
    7.500000000   35.181820385
    8.000000000   35.026866398
    8.500000000   35.051038853
    9.000000000   35.269936979
    9.500000000   35.665069832
   10.000000000   36.174006665
   10.500000000   36.688005260
   11.000000000   37.087557797
   11.500000000   37.313062881
   12.000000000   37.385868605
   12.500000000   37.347368405
   13.000000000   37.211429901
   13.500000000   36.985165012
   14.000000000   36.713757216
   14.500000000   36.486358581
   15.000000000   36.401475129
   15.500000000   36.534844846
   16.000000000   36.926285617
   16.500000000   37.569243911
   17.000000000   38.377520961
   17.500000000   39.115356501
   18.000000000   39.401853560
   18.500000000   39.036418753
   19.000000000   38.218687325
   19.500000000   37.218924471
   20.000000000   36.180009810
   20.500000000   35.167292080
   21.000000000   34.225526548
   21.500000000   33.401187454
   22.000000000   32.748249664
   22.500000000   32.327295110
   23.000000000   32.201419229
   23.500000000   32.430760791
   24.000000000   33.066971438
   24.500000000   34.147840335
   25.000000000   35.694006214
   25.500000000   37.703374197
   26.000000000   40.129904770
   26.500000000   42.653140378
   27.000000000   43.447971292
   27.500000000   41.272873772
   28.000000000   38.334521247
   28.500000000   35.401468398
   29.000000000   32.564477711
   29.500000000   29.853722245
   30.000000000   27.314869519
   30.500000000   25.039125978
   31.000000000   23.172129001
   31.500000000   21.885004721
   32.000000000   21.329851760
   32.500000000   21.610684830
   33.000000000   22.774812295
   33.500000000   24.814840922
   34.000000000   27.674450128
   34.500000000   31.253223785
   35.000000000   35.406289339
   35.500000000   39.921923697
   36.000000000   44.414121554
   36.500000000   47.263745018
   37.000000000   45.270158556
   37.500000000   41.786317266
   38.000000000   38.624000954
   38.500000000   36.025712720
   39.000000000   34.094630000
   39.500000000   32.901627337
   40.000000000   32.484533873
   40.500000000   32.832003279
   41.000000000   33.823835824
   41.500000000   35.034570415
   42.000000000   35.626990150
   42.500000000   35.410893986
   43.000000000   35.085394752
   43.500000000   35.069215156
   44.000000000   35.465166948
   44.500000000   36.279272352
   45.000000000   37.491615982
   45.500000000   39.073410410
   46.000000000   40.991929599
   46.500000000   43.211885595
   47.000000000   45.695069220
   47.500000000   48.399183558
   48.000000000   51.273815374
   48.500000000   54.206322141
   49.000000000   56.328371234
   49.500000000   54.732673915
   50.000000000   50.854585463
   50.500000000   46.720482065
   51.000000000   42.634352853
   51.500000000   38.697090321
   52.000000000   34.999276601
   52.500000000   31.629078890
   53.000000000   28.669028113
   53.500000000   26.192385215
   54.000000000   24.259933499
   54.500000000   22.917469936
   55.000000000   22.194150634
   55.500000000   22.101775170
   56.000000000   22.635010458
   56.500000000   23.772457475
   57.000000000   25.478398608
   57.500000000   27.704941152
   58.000000000   30.393135902
   58.500000000   33.447881968
   59.000000000   36.215546652
   59.500000000   35.303426517
   60.000000000   31.679617303
   60.500000000   28.049543130
   61.000000000   24.745672258
   61.500000000   21.824774320
   62.000000000   19.321354087
   62.500000000   17.259096428
   63.000000000   15.651397876
   63.500000000   14.501551567
   64.000000000   13.801473888
   64.500000000   13.529875423
   65.000000000   13.657402726
   65.500000000   14.164397242
   66.000000000   15.054338596
   66.500000000   16.293965375
   67.000000000   17.236373345
   67.500000000   15.616065141
   68.000000000   12.265982194
   68.500000000    9.060382651
   69.000000000    6.304057714
   69.500000000    4.007883379
   70.000000000    2.178939473
   70.500000000    0.860285791
   71.000000000    0.115931277
   71.500000000    0.000000000
   72.000000000    0.539201919
   72.500000000    1.731490707
   73.000000000    3.551574433
   73.500000000    5.957163359
   74.000000000    8.894477630
   74.500000000   12.303229281
   75.000000000   16.121273552
   75.500000000   20.287940277
   76.000000000   24.745139070
   76.500000000   29.435899095
   77.000000000   34.301419035
   77.500000000   39.278335360
   78.000000000   44.297044033
   78.500000000   49.282850762
   79.000000000   54.156850328
   79.500000000   58.842881130
   80.000000000   63.268650923
   80.500000000   67.373194615
   81.000000000   71.094466874
   81.500000000   74.341609809
   82.000000000   76.960540172
   82.500000000   78.787842056
   83.000000000   79.850268304
   83.500000000   80.389054431
   84.000000000   80.651236599
   84.500000000   80.782020577
   85.000000000   80.851269088
   85.500000000   80.890270871
   86.000000000   80.913542752
   86.500000000   80.928125795
   87.000000000   80.937605753
   87.500000000   80.943950778
   88.000000000   80.948268276
   88.500000000   80.951242282
   89.000000000   80.953314407
   89.500000000   80.954751210
   90.000000000   80.955752806
   90.500000000   80.956436678
   91.000000000   80.956909356
   91.500000000   80.957218929
   92.000000000   80.957420814
   92.500000000   80.957544382
   93.000000000   80.957620576
   93.500000000   80.957657405
   94.000000000   80.957670229
   94.500000000   80.957673280
   95.000000000   80.957674939
   95.500000000   80.957674939
   96.000000000   80.957674939
   96.500000000   80.957674939
   97.000000000   80.957674939
   97.500000000   80.957674939
   98.000000000   80.957674939
   98.500000000   80.957674939
   99.000000000   80.957674939
   99.500000000   80.957674939
  100.000000000   80.957674939
