#! FIELDS coord1.mean projection
#! SET min_coord1.mean 0
#! SET max_coord1.mean 100
#! SET nbins_coord1.mean  201
#! SET periodic_coord1.mean false
    0.000000000   39.199331429
    0.500000000   37.919330541
    1.000000000   37.097265902
    1.500000000   37.020700620
    2.000000000   37.573595278
    2.500000000   38.075099073
    3.000000000   38.240585373
    3.500000000   38.421067759
    4.000000000   38.572732823
    4.500000000   38.457416624
    5.000000000   38.110046066
    5.500000000   37.699275477
    6.000000000   37.334463430
    6.500000000   36.955705639
    7.000000000   36.467248566
    7.500000000   35.940883099
    8.000000000   35.525199456
    8.500000000   35.316457523
    9.000000000   35.364403955
    9.500000000   35.707593630
   10.000000000   36.381923100
   10.500000000   37.390957451
   11.000000000   38.609685270
   11.500000000   39.637244041
   12.000000000   39.980492551
   12.500000000   39.670137720
   13.000000000   39.063869698
   13.500000000   38.390470978
   14.000000000   37.774765692
   14.500000000   37.309354865
   15.000000000   37.064177903
   15.500000000   37.085013471
   16.000000000   37.399408327
   16.500000000   38.025119397
   17.000000000   38.964731521
   17.500000000   40.155093756
   18.000000000   41.328921485
   18.500000000   41.937790330
   19.000000000   41.691726719
   19.500000000   40.914266954
   20.000000000   39.923055958
   20.500000000   38.831228081
   21.000000000   37.676356040
   21.500000000   36.495165002
   22.000000000   35.353825049
   22.500000000   34.355079090
   23.000000000   33.626781449
   23.500000000   33.303573684
   24.000000000   33.511346499
   24.500000000   34.355547415
   25.000000000   35.914282523
   25.500000000   38.229812745
   26.000000000   41.283818010
   26.500000000   44.551384263
   27.000000000   44.473020195
   27.500000000   41.272423992
   28.000000000   37.907304987
   28.500000000   34.714554890
   29.000000000   31.747401628
   29.500000000   29.053380175
   30.000000000   26.674103254
   30.500000000   24.653917502
   31.000000000   23.085552663
   31.500000000   22.148498106
   32.000000000   22.068063300
   32.500000000   23.031564664
   33.000000000   25.140725162
   33.500000000   28.402591077
   34.000000000   32.710066938
   34.500000000   37.663726727
   35.000000000   42.004025555
   35.500000000   44.810866934
   36.000000000   47.244712716
   36.500000000   49.996542913
   37.000000000   52.330947255
   37.500000000   49.525433368
   38.000000000   44.727465869
   38.500000000   40.649908195
   39.000000000   37.554937504
   39.500000000   35.550883709
   40.000000000   34.695543056
   40.500000000   34.965939285
   41.000000000   36.089285890
   41.500000000   36.936684387
   42.000000000   36.267609775
   42.500000000   35.074681508
   43.000000000   34.179542544
   43.500000000   33.730487801
   44.000000000   33.735155024
   44.500000000   34.181598266
   45.000000000   35.057459746
   45.500000000   36.354174290
   46.000000000   38.065800747
   46.500000000   40.184788537
   47.000000000   42.698216164
   47.500000000   45.585790905
   48.000000000   48.820275664
   48.500000000   52.367022704
   49.000000000   56.120504255
   49.500000000   57.998574909
   50.000000000   53.694179223
   50.500000000   48.324166041
   51.000000000   43.170832585
   51.500000000   38.344330531
   52.000000000   33.920339113
   52.500000000   29.967916745
   53.000000000   26.547928304
   53.500000000   23.711047997
   54.000000000   21.496162108
   54.500000000   19.929386286
   55.000000000   19.024034639
   55.500000000   18.781520176
   56.000000000   19.193047477
   56.500000000   20.241697711
   57.000000000   21.904510943
   57.500000000   24.153995873
   58.000000000   26.959185122
   58.500000000   30.278517411
   59.000000000   33.778976125
   59.500000000   33.578849730
   60.000000000   29.300213248
   60.500000000   25.100402724
   61.000000000   21.371293538
   61.500000000   18.137348069
   62.000000000   15.408237501
   62.500000000   13.188517686
   63.000000000   11.477438411
   63.500000000   10.266381605
   64.000000000    9.532976984
   64.500000000    9.235888331
   65.000000000    9.321761676
   65.500000000    9.751331856
   66.000000000   10.524406019
   66.500000000   11.663017105
   67.000000000   13.008006244
   67.500000000   13.058545093
   68.000000000   10.477426890
   68.500000000    7.536365014
   69.000000000    5.121804149
   69.500000000    3.263368410
   70.000000000    1.876043603
   70.500000000    0.879461120
   71.000000000    0.245405323
   71.500000000    0.000000000
   72.000000000    0.189252756
   72.500000000    0.850404816
   73.000000000    2.005702522
   73.500000000    3.667776975
   74.000000000    5.845795599
   74.500000000    8.548670883
   75.000000000   11.785370205
   75.500000000   15.562945195
   76.000000000   19.882867324
   76.500000000   24.736837985
   77.000000000   30.102722110
   77.500000000   35.940424176
   78.000000000   42.190513803
   78.500000000   48.773139248
   79.000000000   55.587763732
   79.500000000   62.515088635
   80.000000000   69.415397573
   80.500000000   76.143246822
   81.000000000   82.562889979
   81.500000000   88.576520715
   82.000000000   94.138798109
   82.500000000   99.238288788
   83.000000000  103.871142173
   83.500000000  108.008306074
   84.000000000  111.557377442
   84.500000000  114.310080544
   85.000000000  116.082281611
   85.500000000  117.003216436
   86.000000000  117.426287514
   86.500000000  117.619945866
   87.000000000  117.713948639
   87.500000000  117.763288408
   88.000000000  117.791112065
   88.500000000  117.807777587
   89.000000000  117.818252898
   89.500000000  117.825055190
   90.000000000  117.829580456
   90.500000000  117.832622567
   91.000000000  117.834712558
   91.500000000  117.836122682
   92.000000000  117.837082682
   92.500000000  117.837721666
   93.000000000  117.838139797
   93.500000000  117.838392695
   94.000000000  117.838539927
   94.500000000  117.838614402
   95.000000000  117.838653401
   95.500000000  117.838665446
   96.000000000  117.838667645
   96.500000000  117.838667832
   97.000000000  117.838667912
   97.500000000  117.838667912
   98.000000000  117.838667912
   98.500000000  117.838667912
   99.000000000  117.838667912
   99.500000000  117.838667912
  100.000000000  117.838667912
