#! FIELDS coord1.mean projection
#! SET min_coord1.mean 0
#! SET max_coord1.mean 100
#! SET nbins_coord1.mean  201
#! SET periodic_coord1.mean false
    0.000000000   35.209165211
    0.500000000   33.446914708
    1.000000000   32.210457880
    1.500000000   31.979832397
    2.000000000   32.420018203
    2.500000000   32.419054165
    3.000000000   32.091461536
    3.500000000   32.162780855
    4.000000000   32.464673530
    4.500000000   32.539780010
    5.000000000   32.347740281
    5.500000000   32.047110465
    6.000000000   31.734207847
    6.500000000   31.354347652
    7.000000000   30.835544386
    7.500000000   30.292107789
    8.000000000   29.881334259
    8.500000000   29.681148896
    9.000000000   29.727828433
    9.500000000   30.066590488
   10.000000000   30.763058624
   10.500000000   31.875421438
   11.000000000   33.352462601
   11.500000000   34.772404922
   12.000000000   35.313604173
   12.500000000   34.889978718
   13.000000000   34.123709997
   13.500000000   33.368665322
   14.000000000   32.765011591
   14.500000000   32.386433092
   15.000000000   32.269351361
   15.500000000   32.421551275
   16.000000000   32.837275593
   16.500000000   33.518243955
   17.000000000   34.482687570
   17.500000000   35.725654150
   18.000000000   37.082623791
   18.500000000   38.054718661
   19.000000000   38.169337626
   19.500000000   37.630644745
   20.000000000   36.814166100
   20.500000000   35.876410048
   21.000000000   34.855840926
   21.500000000   33.756717047
   22.000000000   32.609434417
   22.500000000   31.513006163
   23.000000000   30.624548962
   23.500000000   30.119406242
   24.000000000   30.161485689
   24.500000000   30.888075728
   25.000000000   32.402989016
   25.500000000   34.766444776
   26.000000000   37.945522069
   26.500000000   40.936995198
   27.000000000   39.679578482
   27.500000000   36.366047455
   28.000000000   33.069285054
   28.500000000   29.930886707
   29.000000000   26.991678320
   29.500000000   24.306148233
   30.000000000   21.935458703
   30.500000000   19.954398173
   31.000000000   18.487105705
   31.500000000   17.730566834
   32.000000000   17.913142348
   32.500000000   19.221348827
   33.000000000   21.756492183
   33.500000000   25.518845041
   34.000000000   30.343008382
   34.500000000   35.422892537
   35.000000000   38.829577606
   35.500000000   40.985317240
   36.000000000   43.339516883
   36.500000000   46.205332832
   37.000000000   49.129122858
   37.500000000   46.837334679
   38.000000000   41.403704380
   38.500000000   36.770396852
   39.000000000   33.256448469
   39.500000000   30.978430509
   40.000000000   29.998447820
   40.500000000   30.291969166
   41.000000000   31.565951126
   41.500000000   32.587733059
   42.000000000   32.044390651
   42.500000000   31.015396977
   43.000000000   30.297158266
   43.500000000   30.012136056
   44.000000000   30.157302677
   44.500000000   30.714017358
   45.000000000   31.665125773
   45.500000000   33.000030414
   46.000000000   34.714644253
   46.500000000   36.807475176
   47.000000000   39.275052241
   47.500000000   42.108858385
   48.000000000   45.295533452
   48.500000000   48.816273615
   49.000000000   52.593783435
   49.500000000   54.566945347
   50.000000000   50.019739179
   50.500000000   44.474448124
   51.000000000   39.248169547
   51.500000000   34.435060160
   52.000000000   30.094535075
   52.500000000   26.276928407
   53.000000000   23.023143668
   53.500000000   20.363969875
   54.000000000   18.319701401
   54.500000000   16.900193470
   55.000000000   16.105780465
   55.500000000   15.929026331
   56.000000000   16.357128797
   56.500000000   17.374448038
   57.000000000   18.964618340
   57.500000000   21.111631277
   58.000000000   23.799992072
   58.500000000   27.007279776
   59.000000000   30.445392218
   59.500000000   30.456742488
   60.000000000   26.365528251
   60.500000000   22.361800358
   61.000000000   18.862721528
   61.500000000   15.874405623
   62.000000000   13.388532722
   62.500000000   11.394288792
   63.000000000    9.877356146
   63.500000000    8.815626493
   64.000000000    8.173312864
   64.500000000    7.901194219
   65.000000000    7.952600476
   65.500000000    8.309781934
   66.000000000    8.994137222
   66.500000000   10.027487835
   67.000000000   11.132376781
   67.500000000   10.645763596
   68.000000000    8.098850295
   68.500000000    5.526854440
   69.000000000    3.517567428
   69.500000000    2.058538907
   70.000000000    1.048375973
   70.500000000    0.390237504
   71.000000000    0.037344360
   71.500000000    0.000000000
   72.000000000    0.316296879
   72.500000000    1.024032780
   73.000000000    2.152691075
   73.500000000    3.727271759
   74.000000000    5.773380911
   74.500000000    8.319364633
   75.000000000   11.395411283
   75.500000000   15.030274273
   76.000000000   19.246299706
   76.500000000   24.054162512
   77.000000000   29.448293616
   77.500000000   35.401687919
   78.000000000   41.864082729
   78.500000000   48.760085219
   79.000000000   55.990807429
   79.500000000   63.432606887
   80.000000000   70.936993442
   80.500000000   78.341452312
   81.000000000   85.482719865
   81.500000000   92.231179332
   82.000000000   98.517581362
   82.500000000  104.321482302
   83.000000000  109.641628801
   83.500000000  114.466259691
   84.000000000  118.760181681
   84.500000000  122.409689162
   85.000000000  125.188827211
   85.500000000  126.915619735
   86.000000000  127.777022302
   86.500000000  128.162236604
   87.000000000  128.336259880
   87.500000000  128.420654992
   88.000000000  128.465043534
   88.500000000  128.490184639
   89.000000000  128.505323271
   89.500000000  128.514849532
   90.000000000  128.521048257
   90.500000000  128.525153484
   91.000000000  128.527940302
   91.500000000  128.529816463
   92.000000000  128.531090288
   92.500000000  128.531941855
   93.000000000  128.532501299
   93.500000000  128.532848961
   94.000000000  128.533057758
   94.500000000  128.533168849
   95.000000000  128.533224828
   95.500000000  128.533244112
   96.000000000  128.533250032
   96.500000000  128.533251103
   97.000000000  128.533251183
   97.500000000  128.533251183
   98.000000000  128.533251183
   98.500000000  128.533251183
   99.000000000  128.533251183
   99.500000000  128.533251183
  100.000000000  128.533251183
