#! FIELDS coord1.mean projection
#! SET min_coord1.mean 0
#! SET max_coord1.mean 100
#! SET nbins_coord1.mean  201
#! SET periodic_coord1.mean false
    0.000000000   36.216106611
    0.500000000   34.541676657
    1.000000000   33.406007900
    1.500000000   33.173462502
    2.000000000   33.535095035
    2.500000000   33.585037038
    3.000000000   33.368294254
    3.500000000   33.451397733
    4.000000000   33.687010173
    4.500000000   33.691319076
    5.000000000   33.438707497
    5.500000000   33.069480782
    6.000000000   32.668462327
    6.500000000   32.205881779
    7.000000000   31.657923671
    7.500000000   31.135776828
    8.000000000   30.771677930
    8.500000000   30.635766806
    9.000000000   30.763667039
    9.500000000   31.192733568
   10.000000000   31.969596490
   10.500000000   33.121884955
   11.000000000   34.557818152
   11.500000000   35.847662693
   12.000000000   36.306218605
   12.500000000   35.919594505
   13.000000000   35.206960720
   13.500000000   34.479430271
   14.000000000   33.875960976
   14.500000000   33.476804348
   15.000000000   33.328420710
   15.500000000   33.451115607
   16.000000000   33.851547601
   16.500000000   34.537259987
   17.000000000   35.516538044
   17.500000000   36.750342009
   18.000000000   38.009847377
   18.500000000   38.758000001
   19.000000000   38.647431823
   19.500000000   37.980558532
   20.000000000   37.093085312
   20.500000000   36.100583298
   21.000000000   35.027830635
   21.500000000   33.890633982
   22.000000000   32.739588394
   22.500000000   31.679062868
   23.000000000   30.853383176
   23.500000000   30.418947581
   24.000000000   30.522620909
   24.500000000   31.288219288
   25.000000000   32.809202899
   25.500000000   35.138944801
   26.000000000   38.250820844
   26.500000000   41.344280778
   27.000000000   40.546034205
   27.500000000   37.353750729
   28.000000000   34.129352507
   28.500000000   31.065115427
   29.000000000   28.198348642
   29.500000000   25.573635761
   30.000000000   23.236480043
   30.500000000   21.242873768
   31.000000000   19.706979348
   31.500000000   18.832846392
   32.000000000   18.862218032
   32.500000000   19.988946605
   33.000000000   22.315843332
   33.500000000   25.846821514
   34.000000000   30.455773033
   34.500000000   35.617616254
   35.000000000   39.753371024
   35.500000000   42.343442650
   36.000000000   44.812394134
   36.500000000   47.691702655
   37.000000000   50.227568105
   37.500000000   47.127179958
   38.000000000   41.923184786
   38.500000000   37.522127568
   39.000000000   34.175419217
   39.500000000   31.994783191
   40.000000000   31.038889382
   40.500000000   31.276467820
   41.000000000   32.391632690
   41.500000000   33.165933966
   42.000000000   32.490352394
   42.500000000   31.414669187
   43.000000000   30.662956390
   43.500000000   30.354058374
   44.000000000   30.488398919
   44.500000000   31.049787534
   45.000000000   32.021525351
   45.500000000   33.390885570
   46.000000000   35.149447239
   46.500000000   37.290423000
   47.000000000   39.805262334
   47.500000000   42.681132147
   48.000000000   45.900464378
   48.500000000   49.439723970
   49.000000000   53.216599173
   49.500000000   55.288401083
   50.000000000   50.967651434
   50.500000000   45.517237984
   51.000000000   40.333949961
   51.500000000   35.522305700
   52.000000000   31.149215312
   52.500000000   27.273572106
   53.000000000   23.945491959
   53.500000000   21.205011196
   54.000000000   19.081201046
   54.500000000   17.591769711
   55.000000000   16.743546012
   55.500000000   16.533801166
   56.000000000   16.952248091
   56.500000000   17.983262330
   57.000000000   19.607899389
   57.500000000   21.805133028
   58.000000000   24.552337454
   58.500000000   27.816644310
   59.000000000   31.240017213
   59.500000000   30.889368139
   60.000000000   26.721816253
   60.500000000   22.696404152
   61.000000000   19.161267208
   61.500000000   16.126353330
   62.000000000   13.589452970
   62.500000000   11.545653513
   63.000000000    9.986648426
   63.500000000    8.897038716
   64.000000000    8.247886634
   64.500000000    7.994150706
   65.000000000    8.087777860
   65.500000000    8.505806517
   66.000000000    9.266597176
   66.500000000   10.404781970
   67.000000000   11.779141355
   67.500000000   11.966986695
   68.000000000    9.569210748
   68.500000000    6.772289005
   69.000000000    4.494346872
   69.500000000    2.767942620
   70.000000000    1.508629103
   70.500000000    0.638927618
   71.000000000    0.129738561
   71.500000000    0.000000000
   72.000000000    0.287246178
   72.500000000    1.023987919
   73.000000000    2.232524349
   73.500000000    3.929246268
   74.000000000    6.129439603
   74.500000000    8.849273500
   75.000000000   12.105164867
   75.500000000   15.910959420
   76.000000000   20.273880167
   76.500000000   25.190079205
   77.000000000   30.640789161
   77.500000000   36.588345965
   78.000000000   42.975031681
   78.500000000   49.722186214
   79.000000000   56.731166735
   79.500000000   63.885243238
   80.000000000   71.049021263
   80.500000000   78.079944456
   81.000000000   84.836250064
   81.500000000   91.199266855
   82.000000000   97.095273504
   82.500000000  102.492409317
   83.000000000  107.382656068
   83.500000000  111.747675076
   84.000000000  115.522752789
   84.500000000  118.527842954
   85.000000000  120.549520645
   85.500000000  121.640302004
   86.000000000  122.146519061
   86.500000000  122.375694640
   87.000000000  122.484927618
   87.500000000  122.541221025
   88.000000000  122.572475116
   88.500000000  122.590962676
   89.000000000  122.602472714
   89.500000000  122.609895510
   90.000000000  122.614811065
   90.500000000  122.618102712
   91.000000000  122.620358043
   91.500000000  122.621880762
   92.000000000  122.622914615
   92.500000000  122.623605005
   93.000000000  122.624055704
   93.500000000  122.624328936
   94.000000000  122.624490632
   94.500000000  122.624571238
   95.000000000  122.624614393
   95.500000000  122.624628045
   96.000000000  122.624631303
   96.500000000  122.624631794
   97.000000000  122.624631873
   97.500000000  122.624631873
   98.000000000  122.624631873
   98.500000000  122.624631873
   99.000000000  122.624631873
   99.500000000  122.624631873
  100.000000000  122.624631873
