#! FIELDS coord1.mean projection
#! SET min_coord1.mean 0
#! SET max_coord1.mean 100
#! SET nbins_coord1.mean  201
#! SET periodic_coord1.mean false
    0.000000000   35.825744041
    0.500000000   34.785993858
    1.000000000   34.137627867
    1.500000000   34.157586568
    2.000000000   34.826251019
    2.500000000   35.526181455
    3.000000000   35.837132666
    3.500000000   36.033759737
    4.000000000   36.130626311
    4.500000000   35.946019575
    5.000000000   35.530497915
    5.500000000   35.049907346
    6.000000000   34.608452638
    6.500000000   34.164186393
    7.000000000   33.658241091
    7.500000000   33.163410963
    8.000000000   32.803943357
    8.500000000   32.661694208
    9.000000000   32.781698720
    9.500000000   33.197729059
   10.000000000   33.934711936
   10.500000000   34.974286058
   11.000000000   36.157884760
   11.500000000   37.078463963
   12.000000000   37.338878973
   12.500000000   37.039753737
   13.000000000   36.495685691
   13.500000000   35.894396002
   14.000000000   35.345069289
   14.500000000   34.937922286
   15.000000000   34.746855253
   15.500000000   34.822699643
   16.000000000   35.195485974
   16.500000000   35.880891524
   17.000000000   36.873245628
   17.500000000   38.091071194
   18.000000000   39.235378561
   18.500000000   39.752623246
   19.000000000   39.424570494
   19.500000000   38.609264167
   20.000000000   37.610871518
   20.500000000   36.538204601
   21.000000000   35.431084491
   21.500000000   34.326241751
   22.000000000   33.284829418
   22.500000000   32.400974923
   23.000000000   31.793122855
   23.500000000   31.587204048
   24.000000000   31.901216385
   24.500000000   32.833378720
   25.000000000   34.455214855
   25.500000000   36.803112011
   26.000000000   39.849848224
   26.500000000   43.021517173
   27.000000000   42.813403744
   27.500000000   39.671366593
   28.000000000   36.384494600
   28.500000000   33.271752474
   29.000000000   30.384227855
   29.500000000   27.767335909
   30.000000000   25.460733442
   30.500000000   23.504922661
   31.000000000   21.984334895
   31.500000000   21.068040873
   32.000000000   20.974627061
   32.500000000   21.889545747
   33.000000000   23.914333498
   33.500000000   27.051540022
   34.000000000   31.161192138
   34.500000000   35.691731205
   35.000000000   39.297177558
   35.500000000   41.708074994
   36.000000000   44.059678890
   36.500000000   46.797861430
   37.000000000   49.357180376
   37.500000000   47.279726955
   38.000000000   42.673734562
   38.500000000   38.705313504
   39.000000000   35.694450935
   39.500000000   33.749496648
   40.000000000   32.925861287
   40.500000000   33.190911825
   41.000000000   34.217053141
   41.500000000   34.762908922
   42.000000000   33.850544063
   42.500000000   32.605967503
   43.000000000   31.722046626
   43.500000000   31.309492410
   44.000000000   31.367521592
   44.500000000   31.879156869
   45.000000000   32.826583777
   45.500000000   34.195235345
   46.000000000   35.973569607
   46.500000000   38.149805696
   47.000000000   40.708412754
   47.500000000   43.627709978
   48.000000000   46.879529378
   48.500000000   50.427822210
   49.000000000   54.144944036
   49.500000000   55.669477896
   50.000000000   51.247294817
   50.500000000   45.951716482
   51.000000000   40.870243097
   51.500000000   36.109014866
   52.000000000   31.744603324
   52.500000000   27.847074505
   53.000000000   24.478189544
   53.500000000   21.689386705
   54.000000000   19.520118698
   54.500000000   17.996825380
   55.000000000   17.132831739
   55.500000000   16.929140577
   56.000000000   17.376034737
   56.500000000   18.455143795
   57.000000000   20.141620692
   57.500000000   22.405851333
   58.000000000   25.214779627
   58.500000000   28.526453603
   59.000000000   32.072546387
   59.500000000   32.399802916
   60.000000000   28.293110164
   60.500000000   24.131677733
   61.000000000   20.428547085
   61.500000000   17.215916796
   62.000000000   14.506790699
   62.500000000   12.308370161
   63.000000000   10.622021327
   63.500000000    9.440869024
   64.000000000    8.743875626
   64.500000000    8.489811388
   65.000000000    8.622924331
   65.500000000    9.099398731
   66.000000000    9.915756804
   66.500000000   11.100933274
   67.000000000   12.590767338
   67.500000000   13.309907217
   68.000000000   11.197833042
   68.500000000    8.200804919
   69.000000000    5.650368053
   69.500000000    3.647107747
   70.000000000    2.120672201
   70.500000000    1.005423321
   71.000000000    0.287368422
   71.500000000    0.000000000
   72.000000000    0.189292815
   72.500000000    0.888559517
   73.000000000    2.114503726
   73.500000000    3.872998722
   74.000000000    6.165046320
   74.500000000    8.989993740
   75.000000000   12.346170445
   75.500000000   16.229569836
   76.000000000   20.630964209
   76.500000000   25.532564213
   77.000000000   30.904222290
   77.500000000   36.700292402
   78.000000000   42.857742073
   78.500000000   49.295555962
   79.000000000   55.913755982
   79.500000000   62.596671393
   80.000000000   69.210425638
   80.500000000   75.619533234
   81.000000000   81.701996210
   81.500000000   87.373141395
   82.000000000   92.595550770
   82.500000000   97.359845290
   83.000000000  101.656745649
   83.500000000  105.435690188
   84.000000000  108.557619083
   84.500000000  110.799403096
   85.000000000  112.107394309
   85.500000000  112.746006670
   86.000000000  113.038538766
   86.500000000  113.176792480
   87.000000000  113.246737240
   87.500000000  113.284891013
   88.000000000  113.307107633
   88.500000000  113.320752275
   89.000000000  113.329492078
   89.500000000  113.335245898
   90.000000000  113.339109920
   90.500000000  113.341722684
   91.000000000  113.343526649
   91.500000000  113.344743572
   92.000000000  113.345572458
   92.500000000  113.346122513
   93.000000000  113.346481709
   93.500000000  113.346696632
   94.000000000  113.346818458
   94.500000000  113.346878636
   95.000000000  113.346911388
   95.500000000  113.346920203
   96.000000000  113.346921862
   96.500000000  113.346921961
   97.000000000  113.346922041
   97.500000000  113.346922041
   98.000000000  113.346922041
   98.500000000  113.346922041
   99.000000000  113.346922041
   99.500000000  113.346922041
  100.000000000  113.346922041
