#! FIELDS coord1.mean projection
#! SET min_coord1.mean 0
#! SET max_coord1.mean 100
#! SET nbins_coord1.mean  201
#! SET periodic_coord1.mean false
    0.000000000   35.120706037
    0.500000000   33.277921238
    1.000000000   31.978178599
    1.500000000   31.716659589
    2.000000000   32.140674687
    2.500000000   32.109841657
    3.000000000   31.752300204
    3.500000000   31.800167242
    4.000000000   32.068813044
    4.500000000   32.098237061
    5.000000000   31.865906028
    5.500000000   31.554544727
    6.000000000   31.281097189
    6.500000000   30.973470969
    7.000000000   30.511904642
    7.500000000   29.993022024
    8.000000000   29.586342577
    8.500000000   29.376923779
    9.000000000   29.400155558
    9.500000000   29.700740585
   10.000000000   30.349321201
   10.500000000   31.417680635
   11.000000000   32.882220245
   11.500000000   34.366109516
   12.000000000   35.030622686
   12.500000000   34.683961305
   13.000000000   33.952891332
   13.500000000   33.219288541
   14.000000000   32.626355359
   14.500000000   32.244585372
   15.000000000   32.108288205
   15.500000000   32.225948461
   16.000000000   32.595752857
   16.500000000   33.226699200
   17.000000000   34.147909480
   17.500000000   35.371395294
   18.000000000   36.761902059
   18.500000000   37.840563618
   19.000000000   38.065208050
   19.500000000   37.575270500
   20.000000000   36.767701281
   20.500000000   35.818482556
   21.000000000   34.773442857
   21.500000000   33.642819930
   22.000000000   32.463115411
   22.500000000   31.337538658
   23.000000000   30.424775865
   23.500000000   29.900528608
   24.000000000   29.929123909
   24.500000000   30.648576203
   25.000000000   32.163377054
   25.500000000   34.533950447
   26.000000000   37.718979000
   26.500000000   40.596023140
   27.000000000   39.156895717
   27.500000000   35.861777480
   28.000000000   32.602825074
   28.500000000   29.500931591
   29.000000000   26.593913410
   29.500000000   23.934165449
   30.000000000   21.581585355
   30.500000000   19.612610280
   31.000000000   18.157627955
   31.500000000   17.420925980
   32.000000000   17.633897669
   32.500000000   18.981782886
   33.000000000   21.563004513
   33.500000000   25.373200198
   34.000000000   30.225061746
   34.500000000   35.187656804
   35.000000000   38.313996676
   35.500000000   40.358590581
   36.000000000   42.680886582
   36.500000000   45.534282878
   37.000000000   48.462972595
   37.500000000   46.118573012
   38.000000000   40.605183462
   38.500000000   35.912543612
   39.000000000   32.358171299
   39.500000000   30.060316391
   40.000000000   29.084648462
   40.500000000   29.420403038
   41.000000000   30.842489140
   41.500000000   32.268398952
   42.000000000   32.038792812
   42.500000000   31.057848662
   43.000000000   30.331910940
   43.500000000   30.029862949
   44.000000000   30.152414958
   44.500000000   30.680701484
   45.000000000   31.597957606
   45.500000000   32.895404181
   46.000000000   34.571892875
   46.500000000   36.629167130
   47.000000000   39.066387044
   47.500000000   41.876750124
   48.000000000   45.047779287
   48.500000000   48.561040831
   49.000000000   52.342361471
   49.500000000   54.381657480
   50.000000000   49.855735469
   50.500000000   44.293210521
   51.000000000   39.050996366
   51.500000000   34.222591908
   52.000000000   29.866037685
   52.500000000   26.030407478
   53.000000000   22.755605620
   53.500000000   20.071691155
   54.000000000   17.998522035
   54.500000000   16.545779323
   55.000000000   15.713870622
   55.500000000   15.495704183
   56.000000000   15.879141040
   56.500000000   16.849558953
   57.000000000   18.391961664
   57.500000000   20.491969013
   58.000000000   23.135914130
   58.500000000   26.304475877
   59.000000000   29.756297279
   59.500000000   30.086477517
   60.000000000   26.052497619
   60.500000000   22.019854282
   61.000000000   18.481902232
   61.500000000   15.445976612
   62.000000000   12.903788474
   62.500000000   10.845398835
   63.000000000    9.258129648
   63.500000000    8.122101885
   64.000000000    7.404221240
   64.500000000    7.057931960
   65.000000000    7.038378758
   65.500000000    7.328509315
   66.000000000    7.950817669
   66.500000000    8.939552064
   67.000000000   10.142979871
   67.500000000   10.254976601
   68.000000000    8.100947726
   68.500000000    5.588174024
   69.000000000    3.582836627
   69.500000000    2.117791150
   70.000000000    1.096173501
   70.500000000    0.423180429
   71.000000000    0.054163329
   71.500000000    0.000000000
   72.000000000    0.297774096
   72.500000000    0.984065337
   73.000000000    2.087860379
   73.500000000    3.634542913
   74.000000000    5.650814184
   74.500000000    8.166616702
   75.000000000   11.214013247
   75.500000000   14.823768975
   76.000000000   19.020202306
   76.500000000   23.815768835
   77.000000000   29.206352772
   77.500000000   35.166113681
   78.000000000   41.645456039
   78.500000000   48.569459835
   79.000000000   55.839388011
   79.500000000   63.331874145
   80.000000000   70.898853746
   80.500000000   78.377135568
   81.000000000   85.600162924
   81.500000000   92.431419991
   82.000000000   98.794651153
   82.500000000  104.666221986
   83.000000000  110.045815592
   83.500000000  114.924394921
   84.000000000  119.271194530
   84.500000000  122.980358271
   85.000000000  125.832641335
   85.500000000  127.630876200
   86.000000000  128.537599138
   86.500000000  128.943744723
   87.000000000  129.126458845
   87.500000000  129.214546784
   88.000000000  129.260619761
   88.500000000  129.286595102
   89.000000000  129.302179760
   89.500000000  129.311960797
   90.000000000  129.318312984
   90.500000000  129.322514507
   91.000000000  129.325363587
   91.500000000  129.327281268
   92.000000000  129.328583033
   92.500000000  129.329453890
   93.000000000  129.330026399
   93.500000000  129.330382202
   94.000000000  129.330597352
   94.500000000  129.330711468
   95.000000000  129.330769161
   95.500000000  129.330789115
   96.000000000  129.330796028
   96.500000000  129.330797202
   97.000000000  129.330797281
   97.500000000  129.330797281
   98.000000000  129.330797281
   98.500000000  129.330797281
   99.000000000  129.330797281
   99.500000000  129.330797281
  100.000000000  129.330797281
