#! FIELDS coord1.mean projection
#! SET min_coord1.mean 0
#! SET max_coord1.mean 100
#! SET nbins_coord1.mean  201
#! SET periodic_coord1.mean false
    0.000000000   36.890058909
    0.500000000   35.245427544
    1.000000000   34.134627919
    1.500000000   33.891284843
    2.000000000   34.231759880
    2.500000000   34.306625310
    3.000000000   34.094839489
    3.500000000   34.116579682
    4.000000000   34.257658778
    4.500000000   34.201302532
    5.000000000   33.952343137
    5.500000000   33.646127763
    6.000000000   33.356981535
    6.500000000   33.002894685
    7.000000000   32.483722912
    7.500000000   31.905994114
    8.000000000   31.446855205
    8.500000000   31.207745799
    9.000000000   31.238306448
    9.500000000   31.581716482
   10.000000000   32.285806802
   10.500000000   33.376979031
   11.000000000   34.763733952
   11.500000000   36.029323170
   12.000000000   36.513469252
   12.500000000   36.190347491
   13.000000000   35.550015979
   13.500000000   34.884839771
   14.000000000   34.319350224
   14.500000000   33.927585579
   15.000000000   33.759977917
   15.500000000   33.847864337
   16.000000000   34.210763283
   16.500000000   34.866320391
   17.000000000   35.828206873
   17.500000000   37.059654719
   18.000000000   38.332689918
   18.500000000   39.096424829
   19.000000000   38.970690553
   19.500000000   38.256460220
   20.000000000   37.303907969
   20.500000000   36.235137437
   21.000000000   35.082643658
   21.500000000   33.875934454
   22.000000000   32.678553393
   22.500000000   31.598530164
   23.000000000   30.774867765
   23.500000000   30.355322288
   24.000000000   30.478531180
   24.500000000   31.261421492
   25.000000000   32.791946964
   25.500000000   35.119574198
   26.000000000   38.224558232
   26.500000000   41.461945681
   27.000000000   41.074855809
   27.500000000   37.924789952
   28.000000000   34.688648360
   28.500000000   31.619738248
   29.000000000   28.759495788
   29.500000000   26.152417190
   30.000000000   23.840711907
   30.500000000   21.870010716
   31.000000000   20.336869327
   31.500000000   19.432123790
   32.000000000   19.397453299
   32.500000000   20.433818462
   33.000000000   22.650492776
   33.500000000   26.055001125
   34.000000000   30.520698208
   34.500000000   35.519226307
   35.000000000   39.520329540
   35.500000000   42.049728974
   36.000000000   44.467726655
   36.500000000   47.292862986
   37.000000000   49.918388761
   37.500000000   47.372818121
   38.000000000   42.377433425
   38.500000000   38.126392833
   39.000000000   34.906828571
   39.500000000   32.829377588
   40.000000000   31.950484391
   40.500000000   32.235071867
   41.000000000   33.353704605
   41.500000000   34.062594422
   42.000000000   33.304373023
   42.500000000   32.157770055
   43.000000000   31.330201075
   43.500000000   30.941915403
   44.000000000   30.998479718
   44.500000000   31.487694868
   45.000000000   32.395777193
   45.500000000   33.712324800
   46.000000000   35.430754431
   46.500000000   37.545155131
   47.000000000   40.046589697
   47.500000000   42.920256929
   48.000000000   46.145200326
   48.500000000   49.693718216
   49.000000000   53.488384553
   49.500000000   55.854956783
   50.000000000   51.852921197
   50.500000000   46.450448758
   51.000000000   41.276739384
   51.500000000   36.448560231
   52.000000000   32.037115819
   52.500000000   28.106376074
   53.000000000   24.711965757
   53.500000000   21.899425709
   54.000000000   19.702923662
   54.500000000   18.144558993
   55.000000000   17.234656587
   55.500000000   16.972989853
   56.000000000   17.350724088
   56.500000000   18.352618162
   57.000000000   19.959053581
   57.500000000   22.147320629
   58.000000000   24.892279003
   58.500000000   28.159241639
   59.000000000   31.641283256
   59.500000000   31.654870360
   60.000000000   27.561800083
   60.500000000   23.528366503
   61.000000000   19.976417156
   61.500000000   16.922751228
   62.000000000   14.369652101
   62.500000000   12.316077929
   63.000000000   10.757045735
   63.500000000    9.680419331
   64.000000000    9.060442954
   64.500000000    8.852650870
   65.000000000    9.002401023
   65.500000000    9.472796303
   66.000000000   10.268375944
   66.500000000   11.409370847
   67.000000000   12.661740796
   67.500000000   12.322954402
   68.000000000    9.620630213
   68.500000000    6.798379471
   69.000000000    4.531720442
   69.500000000    2.818673254
   70.000000000    1.565450127
   70.500000000    0.687777969
   71.000000000    0.157104056
   71.500000000    0.000000000
   72.000000000    0.261841413
   72.500000000    0.978781623
   73.000000000    2.172722464
   73.500000000    3.857257027
   74.000000000    6.043853469
   74.500000000    8.744816501
   75.000000000   11.973347989
   75.500000000   15.741180377
   76.000000000   20.054617834
   76.500000000   24.909986034
   77.000000000   30.289251242
   77.500000000   36.155810308
   78.000000000   42.453034692
   78.500000000   49.103190361
   79.000000000   56.008249755
   79.500000000   63.051806669
   80.000000000   70.098397769
   80.500000000   77.005217055
   81.000000000   83.630730045
   81.500000000   89.859252115
   82.000000000   95.622436310
   82.500000000  100.893726092
   83.000000000  105.667500168
   83.500000000  109.922605463
   84.000000000  113.583150498
   84.500000000  116.455207274
   85.000000000  118.340811163
   85.500000000  119.336432704
   86.000000000  119.795418988
   86.500000000  120.004345102
   87.000000000  120.104896767
   87.500000000  120.157234514
   88.000000000  120.186537198
   88.500000000  120.203988376
   89.000000000  120.214909417
   89.500000000  120.221977994
   90.000000000  120.226670167
   90.500000000  120.229819437
   91.000000000  120.231980308
   91.500000000  120.233438608
   92.000000000  120.234429808
   92.500000000  120.235090851
   93.000000000  120.235523153
   93.500000000  120.235785230
   94.000000000  120.235939146
   94.500000000  120.236015328
   95.000000000  120.236055788
   95.500000000  120.236068234
   96.000000000  120.236070581
   96.500000000  120.236070768
   97.000000000  120.236070848
   97.500000000  120.236070848
   98.000000000  120.236070848
   98.500000000  120.236070848
   99.000000000  120.236070848
   99.500000000  120.236070848
  100.000000000  120.236070848
