#! FIELDS coord1.mean projection
#! SET min_coord1.mean 0
#! SET max_coord1.mean 100
#! SET nbins_coord1.mean  201
#! SET periodic_coord1.mean false
    0.000000000   37.101709751
    0.500000000   36.176394079
    1.000000000   35.608544110
    1.500000000   35.523315571
    2.000000000   35.854493534
    2.500000000   36.195190557
    3.000000000   36.364057084
    3.500000000   36.509401215
    4.000000000   36.572859029
    4.500000000   36.411208662
    5.000000000   36.060187480
    5.500000000   35.628899123
    6.000000000   35.179482402
    6.500000000   34.698140707
    7.000000000   34.188379854
    7.500000000   33.737276873
    8.000000000   33.447027280
    8.500000000   33.380842278
    9.000000000   33.571034193
    9.500000000   34.034998987
   10.000000000   34.769719284
   10.500000000   35.712551694
   11.000000000   36.666778094
   11.500000000   37.295945641
   12.000000000   37.388943033
   12.500000000   37.060269111
   13.000000000   36.518826694
   13.500000000   35.914333813
   14.000000000   35.362458300
   14.500000000   34.960207972
   15.000000000   34.778967026
   15.500000000   34.863172975
   16.000000000   35.236472083
   16.500000000   35.904522319
   17.000000000   36.836923446
   17.500000000   37.899082159
   18.000000000   38.740148866
   18.500000000   38.918812212
   19.000000000   38.421789068
   19.500000000   37.577782638
   20.000000000   36.605135651
   20.500000000   35.584812103
   21.000000000   34.552974450
   21.500000000   33.548422973
   22.000000000   32.633259932
   22.500000000   31.896650504
   23.000000000   31.445457986
   23.500000000   31.390185531
   24.000000000   31.832657039
   24.500000000   32.856047726
   25.000000000   34.519179868
   25.500000000   36.846298576
   26.000000000   39.771456611
   26.500000000   42.356559679
   27.000000000   41.257992120
   27.500000000   38.145970378
   28.000000000   35.005624903
   28.500000000   32.038463823
   29.000000000   29.288687430
   29.500000000   26.797178659
   30.000000000   24.600275529
   30.500000000   22.737984819
   31.000000000   21.293433520
   31.500000000   20.426210926
   32.000000000   20.338632069
   32.500000000   21.202185278
   33.000000000   23.112359558
   33.500000000   26.079341232
   34.000000000   30.021436005
   34.500000000   34.691938693
   35.000000000   39.379712740
   35.500000000   43.004637186
   36.000000000   45.809822384
   36.500000000   48.535767110
   37.000000000   49.298938443
   37.500000000   45.279531041
   38.000000000   40.857439921
   38.500000000   37.175648379
   39.000000000   34.404259969
   39.500000000   32.642657017
   40.000000000   31.944928957
   40.500000000   32.288215032
   41.000000000   33.402498828
   41.500000000   34.189456094
   42.000000000   33.515707802
   42.500000000   32.377790316
   43.000000000   31.572874022
   43.500000000   31.245555664
   44.000000000   31.398858832
   44.500000000   32.012924815
   45.000000000   33.063830023
   45.500000000   34.528977941
   46.000000000   36.388552924
   46.500000000   38.623701212
   47.000000000   41.213265828
   47.500000000   44.130862949
   48.000000000   47.344224197
   48.500000000   50.812313062
   49.000000000   54.383859897
   49.500000000   55.692495962
   50.000000000   51.445599956
   50.500000000   46.316930963
   51.000000000   41.349873497
   51.500000000   36.659451549
   52.000000000   32.329272065
   52.500000000   28.436976175
   53.000000000   25.052103347
   53.500000000   22.233481457
   54.000000000   20.027187372
   54.500000000   18.465244850
   55.000000000   17.565290937
   55.500000000   17.331195426
   56.000000000   17.754511010
   56.500000000   18.816458879
   57.000000000   20.490124178
   57.500000000   22.742433951
   58.000000000   25.535475977
   58.500000000   28.821391239
   59.000000000   32.349147872
   59.500000000   33.015552134
   60.000000000   29.179808500
   60.500000000   25.140024500
   61.000000000   21.510096198
   61.500000000   18.333647710
   62.000000000   15.632452227
   62.500000000   13.423242301
   63.000000000   11.716318150
   63.500000000   10.511948554
   64.000000000    9.794200858
   64.500000000    9.525737761
   65.000000000    9.654944523
   65.500000000   10.142674636
   66.000000000   10.988285271
   66.500000000   12.216569848
   67.000000000   13.712632963
   67.500000000   14.101510394
   68.000000000   11.599385439
   68.500000000    8.500338980
   69.000000000    5.872384587
   69.500000000    3.769113653
   70.000000000    2.133973979
   70.500000000    0.939780621
   71.000000000    0.211776583
   71.500000000    0.000000000
   72.000000000    0.344639439
   72.500000000    1.263382538
   73.000000000    2.755224948
   73.500000000    4.808092092
   74.000000000    7.404658195
   74.500000000   10.525503900
   75.000000000   14.150224000
   75.500000000   18.256804442
   76.000000000   22.819521031
   76.500000000   27.806213117
   77.000000000   33.175121349
   77.500000000   38.872342465
   78.000000000   44.830943401
   78.500000000   50.970244811
   79.000000000   57.197785806
   79.500000000   63.412659158
   80.000000000   69.504631368
   80.500000000   75.367476956
   81.000000000   80.904063596
   81.500000000   86.036557618
   82.000000000   90.714127563
   82.500000000   94.897357895
   83.000000000   98.519530303
   83.500000000  101.426394913
   84.000000000  103.431476593
   84.500000000  104.559219963
   85.000000000  105.106026937
   85.500000000  105.360655401
   86.000000000  105.483837878
   86.500000000  105.547719141
   87.000000000  105.583240875
   87.500000000  105.604265058
   88.000000000  105.617333895
   88.500000000  105.625769118
   89.000000000  105.631373479
   89.500000000  105.635158641
   90.000000000  105.637747898
   90.500000000  105.639512530
   91.000000000  105.640741595
   91.500000000  105.641567379
   92.000000000  105.642126351
   92.500000000  105.642491283
   93.000000000  105.642728565
   93.500000000  105.642863539
   94.000000000  105.642932215
   94.500000000  105.642963476
   95.000000000  105.642978644
   95.500000000  105.642981449
   96.000000000  105.642981576
   96.500000000  105.642981576
   97.000000000  105.642981576
   97.500000000  105.642981576
   98.000000000  105.642981576
   98.500000000  105.642981576
   99.000000000  105.642981576
   99.500000000  105.642981576
  100.000000000  105.642981576
