#! FIELDS coord1.mean projection
#! SET min_coord1.mean 0
#! SET max_coord1.mean 100
#! SET nbins_coord1.mean  201
#! SET periodic_coord1.mean false
    0.000000000   36.842443118
    0.500000000   35.719854217
    1.000000000   35.007448730
    1.500000000   34.984704289
    2.000000000   35.584025227
    2.500000000   36.155269341
    3.000000000   36.369652827
    3.500000000   36.559462576
    4.000000000   36.710966075
    4.500000000   36.603701761
    5.000000000   36.262916669
    5.500000000   35.839866484
    6.000000000   35.431841197
    6.500000000   34.998356817
    7.000000000   34.486578963
    7.500000000   33.979018418
    8.000000000   33.606262345
    8.500000000   33.452180654
    9.000000000   33.562888016
    9.500000000   33.973684119
   10.000000000   34.711388645
   10.500000000   35.759772187
   11.000000000   36.962097324
   11.500000000   37.907689409
   12.000000000   38.185784464
   12.500000000   37.891540540
   13.000000000   37.345162156
   13.500000000   36.738388067
   14.000000000   36.182305850
   14.500000000   35.767915214
   15.000000000   35.568939347
   15.500000000   35.635501829
   16.000000000   35.996851858
   16.500000000   36.667894517
   17.000000000   37.641628641
   17.500000000   38.833564459
   18.000000000   39.942126128
   18.500000000   40.425408312
   19.000000000   40.082698363
   19.500000000   39.263461947
   20.000000000   38.260282321
   20.500000000   37.178891544
   21.000000000   36.059035358
   21.500000000   34.937962649
   22.000000000   33.877686758
   22.500000000   32.973505502
   23.000000000   32.345189054
   23.500000000   32.120052332
   24.000000000   32.417489927
   24.500000000   33.337101869
   25.000000000   34.951657911
   25.500000000   37.298598901
   26.000000000   40.350922626
   26.500000000   43.521985010
   27.000000000   43.266829401
   27.500000000   40.105779591
   28.000000000   36.809063525
   28.500000000   33.685452235
   29.000000000   30.785489642
   29.500000000   28.155359774
   30.000000000   25.836577305
   30.500000000   23.872572474
   31.000000000   22.350598644
   31.500000000   21.440701334
   32.000000000   21.360825923
   32.500000000   22.295740710
   33.000000000   24.346945061
   33.500000000   27.517962046
   34.000000000   31.673450507
   34.500000000   36.274837329
   35.000000000   39.951490962
   35.500000000   42.372225464
   36.000000000   44.708545970
   36.500000000   47.430264318
   37.000000000   50.033321856
   37.500000000   48.124566001
   38.000000000   43.514563714
   38.500000000   39.523029744
   39.000000000   36.490143653
   39.500000000   34.524516570
   40.000000000   33.680252317
   40.500000000   33.920540400
   41.000000000   34.904734647
   41.500000000   35.380839836
   42.000000000   34.415439334
   42.500000000   33.129113693
   43.000000000   32.195441675
   43.500000000   31.724876990
   44.000000000   31.719678913
   44.500000000   32.165963509
   45.000000000   33.048560799
   45.500000000   34.354784191
   46.000000000   36.074150712
   46.500000000   38.195436430
   47.000000000   40.703638255
   47.500000000   43.577921544
   48.000000000   46.791450932
   48.500000000   50.310470658
   49.000000000   54.037499533
   49.500000000   56.093725635
   50.000000000   52.014286322
   50.500000000   46.711034975
   51.000000000   41.611694315
   51.500000000   36.833978453
   52.000000000   32.454522475
   52.500000000   28.543209801
   53.000000000   25.161629043
   53.500000000   22.361035294
   54.000000000   20.180716064
   54.500000000   18.646968451
   55.000000000   17.773022948
   55.500000000   17.559875174
   56.000000000   17.997928620
   56.500000000   19.069084259
   57.000000000   20.748911556
   57.500000000   23.008319871
   58.000000000   25.814789431
   58.500000000   29.125259995
   59.000000000   32.606782799
   59.500000000   32.421132738
   60.000000000   28.157158316
   60.500000000   23.958743556
   61.000000000   20.228740673
   61.500000000   16.995168586
   62.000000000   14.269871192
   62.500000000   12.058823742
   63.000000000   10.362418387
   63.500000000    9.173476468
   64.000000000    8.471694533
   64.500000000    8.217679064
   65.000000000    8.357835196
   65.500000000    8.849389844
   66.000000000    9.688525601
   66.500000000   10.902616527
   67.000000000   12.409550285
   67.500000000   13.021302935
   68.000000000   10.796079909
   68.500000000    7.829212107
   69.000000000    5.339293252
   69.500000000    3.405480335
   70.000000000    1.952255856
   70.500000000    0.906393805
   71.000000000    0.245755582
   71.500000000    0.000000000
   72.000000000    0.216046542
   72.500000000    0.930195809
   73.000000000    2.162279939
   73.500000000    3.921004068
   74.000000000    6.210019023
   74.500000000    9.031238932
   75.000000000   12.385450018
   75.500000000   16.270866611
   76.000000000   20.680140724
   76.500000000   25.596845636
   77.000000000   30.991758171
   77.500000000   36.819702327
   78.000000000   43.017806490
   78.500000000   49.504815621
   79.000000000   56.180565178
   79.500000000   62.928791317
   80.000000000   69.614558000
   80.500000000   76.100216350
   81.000000000   82.259956581
   81.500000000   88.005432444
   82.000000000   93.297354260
   82.500000000   98.126807326
   83.000000000  102.487196982
   83.500000000  106.334077364
   84.000000000  109.538507546
   84.500000000  111.876697526
   85.000000000  113.266224646
   85.500000000  113.951386226
   86.000000000  114.264959041
   86.500000000  114.412203235
   87.000000000  114.486122086
   87.500000000  114.526160966
   88.000000000  114.549338473
   88.500000000  114.563509859
   89.000000000  114.572555988
   89.500000000  114.578497159
   90.000000000  114.582480384
   90.500000000  114.585171292
   91.000000000  114.587027159
   91.500000000  114.588279369
   92.000000000  114.589132398
   92.500000000  114.589698269
   93.000000000  114.590067854
   93.500000000  114.590289711
   94.000000000  114.590416242
   94.500000000  114.590479654
   95.000000000  114.590513769
   95.500000000  114.590523056
   96.000000000  114.590524715
   96.500000000  114.590524815
   97.000000000  114.590524894
   97.500000000  114.590524894
   98.000000000  114.590524894
   98.500000000  114.590524894
   99.000000000  114.590524894
   99.500000000  114.590524894
  100.000000000  114.590524894
