
Resp charges for organic molecule                                               

iqopt   irstrnt  ihfree     qwt
  2      1      1        0.001000

 rel.rms   dipole mom       Qxx      Qyy      Qzz
    0.09862   2.81863  43.36885  -2.07657 -41.29228

          Point charges before & after optimization
    NO   At.No.    q0           q(opt)   IVARY  d(rstr)/dq 
     1    16   0.023677       0.023677  -99    0.009731
     2     8  -0.136226      -0.136226  -99    0.005918
     3     8  -0.305118      -0.305118  -99    0.003114
     4     8  -0.515434      -0.515434  -99    0.001905
     5     7  -0.240441      -0.240441  -99    0.003840
     6     6  -0.043376      -0.043376  -99    0.009174
     7     6   0.272199       0.272199  -99    0.003448
     8     6  -0.127411      -0.127411  -99    0.006174
     9     6  -0.440880      -0.440880  -99    0.002212
    10     6   0.422929       0.422929  -99    0.002301
    11     6  -0.333718      -0.333718  -99    0.002870
    12     6   0.585457       0.585457  -99    0.001684
    13     6  -0.235017      -0.235017  -99    0.003915
    14     6   0.041545       0.041545  -99    0.009235
    15     6  -0.214322      -0.214322  -99    0.004228
    16     6  -0.168298      -0.168298  -99    0.005108
    17     6  -0.255401      -0.278796    0    0.003376
    18     6  -0.054706      -0.043633    0    0.009166
    19     1   0.182281       0.182281  -99    0.000000
    20     1   0.164099       0.164099  -99    0.000000
    21     1   0.150723       0.150723  -99    0.000000
    22     1   0.153018       0.153018  -99    0.000000
    23     1   0.112606       0.112606  -99    0.000000
    24     1   0.156579       0.156579  -99    0.000000
    25     1   0.192171       0.192171  -99    0.000000
    26     1   0.131563       0.135544    0    0.000000
    27     1   0.126172       0.135544   26    0.000000
    28     1   0.126534       0.135544   26    0.000000
    29     1   0.096596       0.072918    0    0.000000
    30     1   0.066160       0.072918   29    0.000000
    31     1   0.066038       0.072918   29    0.000000

        Statistics of the fitting:
  The initial sum of squares (ssvpot)                     10.245
  The residual sum of squares (chipot)                     0.100
  The std err of estimate (sqrt(chipot/N))               0.00116
  ESP relative RMS (SQRT(chipot/ssvpot))                 0.09862

 Dipole Moment (Debye)=   2.81863
