#! FIELDS time d
 0.000000 1.255465
 1.000000 1.247301
 2.000000 1.238140
 3.000000 1.228962
 4.000000 1.220754
 5.000000 1.214450
 6.000000 1.210916
 7.000000 1.210620
 8.000000 1.213622
 9.000000 1.219675
 10.000000 1.228180
 11.000000 1.238294
 12.000000 1.249242
 13.000000 1.260097
 14.000000 1.270117
 15.000000 1.278635
 16.000000 1.285144
 17.000000 1.289328
 18.000000 1.290926
 19.000000 1.289871
 20.000000 1.286203
 21.000000 1.280075
 22.000000 1.271620
 23.000000 1.261249
 24.000000 1.249466
 25.000000 1.236914
 26.000000 1.224553
 27.000000 1.213262
 28.000000 1.204010
 29.000000 1.197499
 30.000000 1.194392
 31.000000 1.194872
 32.000000 1.198815
 33.000000 1.205725
 34.000000 1.215157
 35.000000 1.226253
 36.000000 1.238271
 37.000000 1.250403
 38.000000 1.262193
 39.000000 1.273000
 40.000000 1.282325
 41.000000 1.289938
 42.000000 1.295477
 43.000000 1.298709
 44.000000 1.299458
 45.000000 1.297641
 46.000000 1.293257
 47.000000 1.286379
 48.000000 1.277255
 49.000000 1.266208
 50.000000 1.253790
 51.000000 1.240778
 52.000000 1.228256
 53.000000 1.217398
 54.000000 1.209253
 55.000000 1.204588
 56.000000 1.203950
 57.000000 1.207315
 58.000000 1.214130
 59.000000 1.223318
 60.000000 1.233730
 61.000000 1.244318
 62.000000 1.253890
 63.000000 1.261532
 64.000000 1.266687
 65.000000 1.269127
 66.000000 1.268903
 67.000000 1.266422
 68.000000 1.262333
 69.000000 1.257426
 70.000000 1.252446
 71.000000 1.248033
 72.000000 1.244704
 73.000000 1.242812
 74.000000 1.242444
 75.000000 1.243462
 76.000000 1.245486
 77.000000 1.247977
 78.000000 1.250286
 79.000000 1.251874
 80.000000 1.252420
 81.000000 1.251821
 82.000000 1.250236
 83.000000 1.248018
 84.000000 1.245591
 85.000000 1.243338
 86.000000 1.241602
 87.000000 1.240548
 88.000000 1.240283
 89.000000 1.240896
 90.000000 1.242415
 91.000000 1.244758
 92.000000 1.247714
 93.000000 1.250928
 94.000000 1.254113
 95.000000 1.257073
 96.000000 1.259727
 97.000000 1.261976
 98.000000 1.263583
 99.000000 1.264157
 100.000000 1.263329
 101.000000 1.260904
 102.000000 1.257052
 103.000000 1.252211
 104.000000 1.247108
 105.000000 1.242506
 106.000000 1.238743
 107.000000 1.236034
 108.000000 1.234531
 109.000000 1.234327
 110.000000 1.235425
 111.000000 1.237738
 112.000000 1.241063
 113.000000 1.245111
 114.000000 1.249439
 115.000000 1.253562
 116.000000 1.257062
 117.000000 1.259662
 118.000000 1.261209
 119.000000 1.261652
 120.000000 1.261002
 121.000000 1.259316
 122.000000 1.256714
 123.000000 1.253395
 124.000000 1.249684
 125.000000 1.245983
 126.000000 1.242780
 127.000000 1.240474
 128.000000 1.239319
 129.000000 1.239459
 130.000000 1.240896
 131.000000 1.243513
 132.000000 1.247034
 133.000000 1.251177
 134.000000 1.255498
 135.000000 1.259512
 136.000000 1.262750
 137.000000 1.264844
 138.000000 1.265612
 139.000000 1.265037
 140.000000 1.263297
 141.000000 1.260733
 142.000000 1.257707
 143.000000 1.254610
 144.000000 1.251740
 145.000000 1.249313
 146.000000 1.247472
 147.000000 1.246201
 148.000000 1.245394
 149.000000 1.244880
 150.000000 1.244437
 151.000000 1.243890
 152.000000 1.243179
 153.000000 1.242401
 154.000000 1.241821
 155.000000 1.241801
 156.000000 1.242713
 157.000000 1.244887
 158.000000 1.248502
 159.000000 1.253496
 160.000000 1.259620
 161.000000 1.266458
 162.000000 1.273426
 163.000000 1.280117
 164.000000 1.285938
 165.000000 1.290314
 166.000000 1.292672
 167.000000 1.292567
 168.000000 1.289706
 169.000000 1.284038
 170.000000 1.275778
 171.000000 1.265437
 172.000000 1.253641
 173.000000 1.241221
 174.000000 1.229074
 175.000000 1.218352
 176.000000 1.210193
 177.000000 1.205572
 178.000000 1.205126
 179.000000 1.209024
 180.000000 1.216897
 181.000000 1.228104
 182.000000 1.241559
 183.000000 1.256003
 184.000000 1.270476
 185.000000 1.284347
 186.000000 1.297188
 187.000000 1.308229
 188.000000 1.317222
 189.000000 1.323912
 190.000000 1.328067
 191.000000 1.329575
 192.000000 1.328296
 193.000000 1.324103
 194.000000 1.316888
 195.000000 1.306711
 196.000000 1.293676
 197.000000 1.278411
 198.000000 1.261702
 199.000000 1.244601
 200.000000 1.228305
 201.000000 1.214430
 202.000000 1.204483
 203.000000 1.199357
 204.000000 1.199495
 205.000000 1.204648
 206.000000 1.213920
 207.000000 1.226066
 208.000000 1.239595
 209.000000 1.252911
 210.000000 1.264876
 211.000000 1.274486
 212.000000 1.281282
 213.000000 1.285072
 214.000000 1.285873
 215.000000 1.283969
 216.000000 1.279730
 217.000000 1.273583
 218.000000 1.265981
 219.000000 1.257377
 220.000000 1.248392
 221.000000 1.239463
 222.000000 1.231091
 223.000000 1.223529
 224.000000 1.217113
 225.000000 1.212166
 226.000000 1.209006
 227.000000 1.208042
 228.000000 1.209639
 229.000000 1.213977
 230.000000 1.221016
 231.000000 1.230255
 232.000000 1.240936
 233.000000 1.252148
 234.000000 1.263025
 235.000000 1.272749
 236.000000 1.280349
 237.000000 1.285328
 238.000000 1.287231
 239.000000 1.285747
 240.000000 1.280915
 241.000000 1.273214
 242.000000 1.263424
 243.000000 1.252451
 244.000000 1.241444
 245.000000 1.231513
 246.000000 1.223658
 247.000000 1.218663
 248.000000 1.216921
 249.000000 1.218430
 250.000000 1.222783
 251.000000 1.229254
 252.000000 1.236920
 253.000000 1.244852
 254.000000 1.252215
 255.000000 1.258360
 256.000000 1.262886
 257.000000 1.265710
 258.000000 1.266939
 259.000000 1.266695
 260.000000 1.265146
 261.000000 1.262500
 262.000000 1.258974
 263.000000 1.254767
 264.000000 1.250080
 265.000000 1.245093
 266.000000 1.239983
 267.000000 1.234909
 268.000000 1.230172
 269.000000 1.226143
 270.000000 1.223361
 271.000000 1.222416
 272.000000 1.223758
 273.000000 1.227551
 274.000000 1.233508
 275.000000 1.241122
 276.000000 1.249735
 277.000000 1.258509
 278.000000 1.266599
 279.000000 1.273213
 280.000000 1.277707
 281.000000 1.279468
 282.000000 1.278079
 283.000000 1.273407
 284.000000 1.265701
 285.000000 1.255663
 286.000000 1.244175
 287.000000 1.232303
 288.000000 1.221275
 289.000000 1.212173
 290.000000 1.205985
 291.000000 1.203329
 292.000000 1.204434
 293.000000 1.209054
 294.000000 1.216503
 295.000000 1.225863
 296.000000 1.236107
 297.000000 1.246311
 298.000000 1.255873
 299.000000 1.264181
 300.000000 1.271041
 301.000000 1.276272
 302.000000 1.279757
 303.000000 1.281444
 304.000000 1.281297
 305.000000 1.279289
 306.000000 1.275482
 307.000000 1.270029
 308.000000 1.263210
 309.000000 1.255404
 310.000000 1.246913
 311.000000 1.238062
 312.000000 1.229541
 313.000000 1.222019
 314.000000 1.216136
 315.000000 1.212504
 316.000000 1.211528
 317.000000 1.213276
 318.000000 1.217491
 319.000000 1.223684
 320.000000 1.231337
 321.000000 1.239783
 322.000000 1.248384
 323.000000 1.256360
 324.000000 1.263261
 325.000000 1.268590
 326.000000 1.271871
 327.000000 1.272912
 328.000000 1.271752
 329.000000 1.268612
 330.000000 1.263721
 331.000000 1.257361
 332.000000 1.249852
 333.000000 1.241571
 334.000000 1.233307
 335.000000 1.225990
 336.000000 1.220689
 337.000000 1.218106
 338.000000 1.218452
 339.000000 1.221471
 340.000000 1.226636
 341.000000 1.233345
 342.000000 1.240836
 343.000000 1.248429
 344.000000 1.255451
 345.000000 1.261234
 346.000000 1.265274
 347.000000 1.267271
 348.000000 1.267307
 349.000000 1.265664
 350.000000 1.262690
 351.000000 1.258658
 352.000000 1.253802
 353.000000 1.248410
 354.000000 1.242946
 355.000000 1.238036
 356.000000 1.234246
 357.000000 1.232077
 358.000000 1.231830
 359.000000 1.233572
 360.000000 1.237230
 361.000000 1.242504
 362.000000 1.248963
 363.000000 1.255919
 364.000000 1.262520
 365.000000 1.267910
 366.000000 1.271308
 367.000000 1.272364
 368.000000 1.271087
 369.000000 1.267833
 370.000000 1.263149
 371.000000 1.257702
 372.000000 1.252047
 373.000000 1.246675
 374.000000 1.242024
 375.000000 1.238504
 376.000000 1.236354
 377.000000 1.235444
 378.000000 1.235497
 379.000000 1.236179
 380.000000 1.237204
 381.000000 1.238421
 382.000000 1.239886
 383.000000 1.241785
 384.000000 1.244336
 385.000000 1.247721
 386.000000 1.251967
 387.000000 1.256986
 388.000000 1.262508
 389.000000 1.268231
 390.000000 1.273671
 391.000000 1.278334
 392.000000 1.281680
 393.000000 1.283203
 394.000000 1.282504
 395.000000 1.279404
 396.000000 1.273988
 397.000000 1.266720
 398.000000 1.258188
 399.000000 1.249165
 400.000000 1.240351
 401.000000 1.232620
 402.000000 1.226739
 403.000000 1.223511
 404.000000 1.223380
 405.000000 1.226448
 406.000000 1.232494
 407.000000 1.240842
 408.000000 1.250605
 409.000000 1.260726
 410.000000 1.270380
 411.000000 1.278805
 412.000000 1.285495
 413.000000 1.290232
 414.000000 1.292876
 415.000000 1.293406
 416.000000 1.291909
 417.000000 1.288573
 418.000000 1.283626
 419.000000 1.277502
 420.000000 1.270498
 421.000000 1.262883
 422.000000 1.255129
 423.000000 1.247449
 424.000000 1.240209
 425.000000 1.233812
 426.000000 1.228900
 427.000000 1.225889
 428.000000 1.225240
 429.000000 1.227207
 430.000000 1.231703
 431.000000 1.238240
 432.000000 1.246205
 433.000000 1.254774
 434.000000 1.263089
 435.000000 1.270223
 436.000000 1.275501
 437.000000 1.278318
 438.000000 1.278406
 439.000000 1.275803
 440.000000 1.270858
 441.000000 1.264170
 442.000000 1.256579
 443.000000 1.248868
 444.000000 1.241814
 445.000000 1.236117
 446.000000 1.232248
 447.000000 1.230502
 448.000000 1.230955
 449.000000 1.233443
 450.000000 1.237593
 451.000000 1.242904
 452.000000 1.248821
 453.000000 1.254756
 454.000000 1.260159
 455.000000 1.264561
 456.000000 1.267706
 457.000000 1.269479
 458.000000 1.269926
 459.000000 1.269228
 460.000000 1.267642
 461.000000 1.265484
 462.000000 1.263031
 463.000000 1.260499
 464.000000 1.257989
 465.000000 1.255461
 466.000000 1.252778
 467.000000 1.249731
 468.000000 1.246131
 469.000000 1.241886
 470.000000 1.237181
 471.000000 1.232447
 472.000000 1.228380
 473.000000 1.225752
 474.000000 1.225264
 475.000000 1.227416
 476.000000 1.232402
 477.000000 1.239980
 478.000000 1.249546
 479.000000 1.260337
 480.000000 1.271352
 481.000000 1.281495
 482.000000 1.289708
 483.000000 1.295003
 484.000000 1.296624
 485.000000 1.294238
 486.000000 1.287943
 487.000000 1.278237
 488.000000 1.266083
 489.000000 1.252676
 490.000000 1.239429
 491.000000 1.227732
 492.000000 1.218878
 493.000000 1.213854
 494.000000 1.213268
 495.000000 1.217047
 496.000000 1.224598
 497.000000 1.234951
 498.000000 1.246981
 499.000000 1.259635
 500.000000 1.272049
 501.000000 1.283536
 502.000000 1.293480
 503.000000 1.301840
 504.000000 1.308579
 505.000000 1.313673
 506.000000 1.317234
 507.000000 1.319393
 508.000000 1.320268
 509.000000 1.319893
 510.000000 1.318228
 511.000000 1.315154
 512.000000 1.310604
 513.000000 1.304547
 514.000000 1.297100
 515.000000 1.288625
 516.000000 1.279559
 517.000000 1.270630
 518.000000 1.262754
 519.000000 1.256720
 520.000000 1.253070
 521.000000 1.252065
 522.000000 1.253647
 523.000000 1.257461
 524.000000 1.262981
 525.000000 1.269480
 526.000000 1.276214
 527.000000 1.282588
 528.000000 1.288192
 529.000000 1.292935
 530.000000 1.297003
 531.000000 1.300527
 532.000000 1.303739
 533.000000 1.306861
 534.000000 1.309873
 535.000000 1.312578
 536.000000 1.314661
 537.000000 1.315667
 538.000000 1.315099
 539.000000 1.312481
 540.000000 1.307449
 541.000000 1.299944
 542.000000 1.290124
 543.000000 1.278458
 544.000000 1.266010
 545.000000 1.253886
 546.000000 1.243502
 547.000000 1.236094
 548.000000 1.232695
 549.000000 1.233905
 550.000000 1.239754
 551.000000 1.249614
 552.000000 1.262494
 553.000000 1.277023
 554.000000 1.291741
 555.000000 1.305663
 556.000000 1.317641
 557.000000 1.327025
 558.000000 1.333501
 559.000000 1.337068
 560.000000 1.337946
 561.000000 1.336485
 562.000000 1.333044
 563.000000 1.327925
 564.000000 1.321503
 565.000000 1.314076
 566.000000 1.305738
 567.000000 1.296610
 568.000000 1.286759
 569.000000 1.276188
 570.000000 1.265180
 571.000000 1.254176
 572.000000 1.243778
 573.000000 1.234866
 574.000000 1.228167
 575.000000 1.224429
 576.000000 1.224073
 577.000000 1.227206
 578.000000 1.233547
 579.000000 1.242516
 580.000000 1.253120
 581.000000 1.264261
 582.000000 1.274789
 583.000000 1.283771
 584.000000 1.290484
 585.000000 1.294391
 586.000000 1.295186
 587.000000 1.292890
 588.000000 1.287717
 589.000000 1.280074
 590.000000 1.270510
 591.000000 1.259936
 592.000000 1.249250
 593.000000 1.239516
 594.000000 1.231665
 595.000000 1.226496
 596.000000 1.224562
 597.000000 1.226083
 598.000000 1.230881
 599.000000 1.238480
 600.000000 1.248123
 601.000000 1.258900
 602.000000 1.269749
 603.000000 1.279717
 604.000000 1.287925
 605.000000 1.293696
 606.000000 1.296648
 607.000000 1.296504
 608.000000 1.293240
 609.000000 1.287041
 610.000000 1.278322
 611.000000 1.267776
 612.000000 1.256197
 613.000000 1.244578
 614.000000 1.234014
 615.000000 1.225654
 616.000000 1.220311
 617.000000 1.218645
 618.000000 1.220911
 619.000000 1.226989
 620.000000 1.236377
 621.000000 1.248209
 622.000000 1.261416
 623.000000 1.274858
 624.000000 1.287566
 625.000000 1.298757
 626.000000 1.307513
 627.000000 1.313196
 628.000000 1.315494
 629.000000 1.314166
 630.000000 1.309167
 631.000000 1.300650
 632.000000 1.288880
 633.000000 1.274420
 634.000000 1.258161
 635.000000 1.240899
 636.000000 1.223950
 637.000000 1.209013
 638.000000 1.197569
 639.000000 1.190879
 640.000000 1.189716
 641.000000 1.194202
 642.000000 1.203854
 643.000000 1.217560
 644.000000 1.233885
 645.000000 1.251629
 646.000000 1.269387
 647.000000 1.286022
 648.000000 1.300730
 649.000000 1.313082
 650.000000 1.322913
 651.000000 1.330196
 652.000000 1.334869
 653.000000 1.336881
 654.000000 1.336129
 655.000000 1.332447
 656.000000 1.325638
 657.000000 1.315466
 658.000000 1.301740
 659.000000 1.284850
 660.000000 1.265442
 661.000000 1.244578
 662.000000 1.224129
 663.000000 1.206037
 664.000000 1.192960
 665.000000 1.186494
 666.000000 1.187657
 667.000000 1.196361
 668.000000 1.211271
 669.000000 1.230351
 670.000000 1.251427
 671.000000 1.272418
 672.000000 1.291716
 673.000000 1.307615
 674.000000 1.318966
 675.000000 1.325344
 676.000000 1.326560
 677.000000 1.322723
 678.000000 1.314265
 679.000000 1.301884
 680.000000 1.286532
 681.000000 1.269359
 682.000000 1.251800
 683.000000 1.235135
 684.000000 1.220886
 685.000000 1.210632
 686.000000 1.205429
 687.000000 1.205569
 688.000000 1.210815
 689.000000 1.220342
 690.000000 1.232819
 691.000000 1.246949
 692.000000 1.261423
 693.000000 1.275131
 694.000000 1.287225
 695.000000 1.297284
 696.000000 1.304930
 697.000000 1.309964
 698.000000 1.312226
 699.000000 1.311644
 700.000000 1.308230
 701.000000 1.302117
 702.000000 1.293636
 703.000000 1.283315
 704.000000 1.271854
 705.000000 1.259993
 706.000000 1.248330
 707.000000 1.237602
 708.000000 1.228644
 709.000000 1.222003
 710.000000 1.218149
 711.000000 1.217407
 712.000000 1.219799
 713.000000 1.225076
 714.000000 1.232779
 715.000000 1.242170
 716.000000 1.252291
 717.000000 1.262279
 718.000000 1.271462
 719.000000 1.279212
 720.000000 1.284872
 721.000000 1.287965
 722.000000 1.288190
 723.000000 1.285303
 724.000000 1.279281
 725.000000 1.270257
 726.000000 1.258645
 727.000000 1.245214
 728.000000 1.230847
 729.000000 1.216693
 730.000000 1.204154
 731.000000 1.194625
 732.000000 1.189310
 733.000000 1.188968
 734.000000 1.193826
 735.000000 1.203472
 736.000000 1.216989
 737.000000 1.233138
 738.000000 1.250491
 739.000000 1.267840
 740.000000 1.284038
 741.000000 1.298181
 742.000000 1.309349
 743.000000 1.316780
 744.000000 1.320001
 745.000000 1.318729
 746.000000 1.312897
 747.000000 1.302710
 748.000000 1.288702
 749.000000 1.271717
 750.000000 1.252551
 751.000000 1.232711
 752.000000 1.213861
 753.000000 1.197817
 754.000000 1.186384
 755.000000 1.180745
 756.000000 1.181533
 757.000000 1.188529
 758.000000 1.200823
 759.000000 1.216694
 760.000000 1.234485
 761.000000 1.252373
 762.000000 1.268869
 763.000000 1.282836
 764.000000 1.293604
 765.000000 1.300762
 766.000000 1.304028
 767.000000 1.303325
 768.000000 1.298761
 769.000000 1.290660
 770.000000 1.279489
 771.000000 1.265868
 772.000000 1.250877
 773.000000 1.235543
 774.000000 1.220899
 775.000000 1.208101
 776.000000 1.198341
 777.000000 1.192322
 778.000000 1.190436
 779.000000 1.192661
 780.000000 1.198503
 781.000000 1.207193
 782.000000 1.217702
 783.000000 1.228827
 784.000000 1.239491
 785.000000 1.249011
 786.000000 1.256844
 787.000000 1.262652
 788.000000 1.266493
 789.000000 1.268518
 790.000000 1.268932
 791.000000 1.267883
 792.000000 1.265471
 793.000000 1.261740
 794.000000 1.256751
 795.000000 1.250656
 796.000000 1.243738
 797.000000 1.236183
 798.000000 1.228539
 799.000000 1.221463
 800.000000 1.215738
 801.000000 1.211912
 802.000000 1.210563
 803.000000 1.212051
 804.000000 1.216396
 805.000000 1.223254
 806.000000 1.232071
 807.000000 1.242054
 808.000000 1.252253
 809.000000 1.261699
 810.000000 1.269654
 811.000000 1.275381
 812.000000 1.278405
 813.000000 1.278387
 814.000000 1.275260
 815.000000 1.269228
 816.000000 1.260851
 817.000000 1.250975
 818.000000 1.240677
 819.000000 1.231266
 820.000000 1.223804
 821.000000 1.219389
 822.000000 1.218598
 823.000000 1.221546
 824.000000 1.227841
 825.000000 1.236634
 826.000000 1.246974
 827.000000 1.257566
 828.000000 1.267468
 829.000000 1.275854
 830.000000 1.282173
 831.000000 1.286038
 832.000000 1.287201
 833.000000 1.285661
 834.000000 1.281583
 835.000000 1.275261
 836.000000 1.267117
 837.000000 1.257715
 838.000000 1.247888
 839.000000 1.238319
 840.000000 1.229694
 841.000000 1.222826
 842.000000 1.218416
 843.000000 1.216884
 844.000000 1.218405
 845.000000 1.222838
 846.000000 1.229746
 847.000000 1.238397
 848.000000 1.248062
 849.000000 1.257861
 850.000000 1.267281
 851.000000 1.275697
 852.000000 1.282680
 853.000000 1.287816
 854.000000 1.290816
 855.000000 1.291559
 856.000000 1.290049
 857.000000 1.286392
 858.000000 1.280835
 859.000000 1.273651
 860.000000 1.265259
 861.000000 1.256158
 862.000000 1.246694
 863.000000 1.237455
 864.000000 1.228943
 865.000000 1.221749
 866.000000 1.216502
 867.000000 1.213616
 868.000000 1.213389
 869.000000 1.215898
 870.000000 1.220972
 871.000000 1.228219
 872.000000 1.237176
 873.000000 1.247350
 874.000000 1.258047
 875.000000 1.268711
 876.000000 1.278725
 877.000000 1.287807
 878.000000 1.295512
 879.000000 1.301479
 880.000000 1.305390
 881.000000 1.306956
 882.000000 1.305979
 883.000000 1.302329
 884.000000 1.296060
 885.000000 1.287326
 886.000000 1.276518
 887.000000 1.264435
 888.000000 1.252003
 889.000000 1.240170
 890.000000 1.230093
 891.000000 1.222732
 892.000000 1.218645
 893.000000 1.218179
 894.000000 1.221187
 895.000000 1.227105
 896.000000 1.235000
 897.000000 1.243784
 898.000000 1.252456
 899.000000 1.260175
 900.000000 1.266346
 901.000000 1.270762
 902.000000 1.273475
 903.000000 1.274819
 904.000000 1.275281
 905.000000 1.275401
 906.000000 1.275657
 907.000000 1.276384
 908.000000 1.277715
 909.000000 1.279575
 910.000000 1.281713
 911.000000 1.283789
 912.000000 1.285482
 913.000000 1.286502
 914.000000 1.286683
 915.000000 1.286006
 916.000000 1.284582
 917.000000 1.282574
 918.000000 1.280203
 919.000000 1.277658
 920.000000 1.275088
 921.000000 1.272549
 922.000000 1.270011
 923.000000 1.267323
 924.000000 1.264301
 925.000000 1.260814
 926.000000 1.256864
 927.000000 1.252665
 928.000000 1.248547
 929.000000 1.245010
 930.000000 1.242525
 931.000000 1.241366
 932.000000 1.241590
 933.000000 1.243007
 934.000000 1.245286
 935.000000 1.248082
 936.000000 1.251035
 937.000000 1.253948
 938.000000 1.256738
 939.000000 1.259423
 940.000000 1.262040
 941.000000 1.264644
 942.000000 1.267272
 943.000000 1.269903
 944.000000 1.272434
 945.000000 1.274746
 946.000000 1.276712
 947.000000 1.278166
 948.000000 1.278945
 949.000000 1.278896
 950.000000 1.277891
 951.000000 1.275842
 952.000000 1.272703
 953.000000 1.268568
 954.000000 1.263558
 955.000000 1.257927
 956.000000 1.252158
 957.000000 1.246813
 958.000000 1.242501
 959.000000 1.239739
 960.000000 1.238935
 961.000000 1.240261
 962.000000 1.243679
 963.000000 1.248973
 964.000000 1.255699
 965.000000 1.263166
 966.000000 1.270793
 967.000000 1.277873
 968.000000 1.283899
 969.000000 1.288471
 970.000000 1.291403
 971.000000 1.292674
 972.000000 1.292389
 973.000000 1.290742
 974.000000 1.287973
 975.000000 1.284320
 976.000000 1.279996
 977.000000 1.275277
 978.000000 1.270370
 979.000000 1.265498
 980.000000 1.260865
 981.000000 1.256627
 982.000000 1.252902
 983.000000 1.249709
 984.000000 1.246952
 985.000000 1.244525
 986.000000 1.242253
 987.000000 1.240008
 988.000000 1.237746
 989.000000 1.235532
 990.000000 1.233536
 991.000000 1.232019
 992.000000 1.231280
 993.000000 1.231599
 994.000000 1.233149
 995.000000 1.235969
 996.000000 1.239961
 997.000000 1.244941
 998.000000 1.250554
 999.000000 1.256446
 1000.000000 1.262313
 1001.000000 1.267597
 1002.000000 1.271857
 1003.000000 1.274815
 1004.000000 1.276126
 1005.000000 1.275573
 1006.000000 1.273062
 1007.000000 1.268693
 1008.000000 1.262761
 1009.000000 1.255739
 1010.000000 1.248308
 1011.000000 1.241160
 1012.000000 1.235008
 1013.000000 1.230324
 1014.000000 1.227489
 1015.000000 1.226615
 1016.000000 1.227640
 1017.000000 1.230332
 1018.000000 1.234350
 1019.000000 1.239236
 1020.000000 1.244509
 1021.000000 1.249792
 1022.000000 1.254789
 1023.000000 1.259219
 1024.000000 1.262889
 1025.000000 1.265642
 1026.000000 1.267346
 1027.000000 1.267948
 1028.000000 1.267445
 1029.000000 1.265920
 1030.000000 1.263560
 1031.000000 1.260595
 1032.000000 1.257333
 1033.000000 1.254029
 1034.000000 1.250937
 1035.000000 1.248233
 1036.000000 1.245961
 1037.000000 1.244108
 1038.000000 1.242574
 1039.000000 1.241226
 1040.000000 1.239971
 1041.000000 1.238815
 1042.000000 1.237855
 1043.000000 1.237287
 1044.000000 1.237346
 1045.000000 1.238270
 1046.000000 1.240259
 1047.000000 1.243404
 1048.000000 1.247665
 1049.000000 1.252846
 1050.000000 1.258590
 1051.000000 1.264533
 1052.000000 1.270147
 1053.000000 1.275041
 1054.000000 1.278745
 1055.000000 1.280949
 1056.000000 1.281455
 1057.000000 1.280245
 1058.000000 1.277462
 1059.000000 1.273456
 1060.000000 1.268699
 1061.000000 1.263753
 1062.000000 1.259211
 1063.000000 1.255569
 1064.000000 1.253175
 1065.000000 1.252221
 1066.000000 1.252664
 1067.000000 1.254315
 1068.000000 1.256821
 1069.000000 1.259765
 1070.000000 1.262704
 1071.000000 1.265249
 1072.000000 1.267034
 1073.000000 1.267797
 1074.000000 1.267368
 1075.000000 1.265685
 1076.000000 1.262838
 1077.000000 1.259077
 1078.000000 1.254742
 1079.000000 1.250319
 1080.000000 1.246258
 1081.000000 1.243118
 1082.000000 1.241256
 1083.000000 1.240940
 1084.000000 1.242283
 1085.000000 1.245231
 1086.000000 1.249553
 1087.000000 1.254835
 1088.000000 1.260531
 1089.000000 1.266116
 1090.000000 1.271047
 1091.000000 1.274867
 1092.000000 1.277278
 1093.000000 1.278111
 1094.000000 1.277313
 1095.000000 1.274956
 1096.000000 1.271323
 1097.000000 1.266770
 1098.000000 1.261751
 1099.000000 1.256787
 1100.000000 1.252490
 1101.000000 1.249406
 1102.000000 1.247927
 1103.000000 1.248245
 1104.000000 1.250387
 1105.000000 1.254150
 1106.000000 1.259160
 1107.000000 1.264951
 1108.000000 1.271006
 1109.000000 1.276842
 1110.000000 1.282101
 1111.000000 1.286500
 1112.000000 1.289977
 1113.000000 1.292490
 1114.000000 1.294023
 1115.000000 1.294567
 1116.000000 1.294086
 1117.000000 1.292510
 1118.000000 1.289732
 1119.000000 1.285676
 1120.000000 1.280265
 1121.000000 1.273545
 1122.000000 1.265704
 1123.000000 1.256978
 1124.000000 1.247913
 1125.000000 1.239166
 1126.000000 1.231350
 1127.000000 1.225190
 1128.000000 1.221280
 1129.000000 1.219968
 1130.000000 1.221269
 1131.000000 1.224882
 1132.000000 1.230235
 1133.000000 1.236548
 1134.000000 1.243052
 1135.000000 1.248927
 1136.000000 1.253573
 1137.000000 1.256717
 1138.000000 1.258094
 1139.000000 1.257581
 1140.000000 1.255232
 1141.000000 1.251273
 1142.000000 1.246041
 1143.000000 1.240087
 1144.000000 1.234023
 1145.000000 1.228532
 1146.000000 1.224326
 1147.000000 1.221921
 1148.000000 1.221607
 1149.000000 1.223454
 1150.000000 1.227282
 1151.000000 1.232776
 1152.000000 1.239449
 1153.000000 1.246733
 1154.000000 1.254080
 1155.000000 1.260941
 1156.000000 1.266821
 1157.000000 1.271215
 1158.000000 1.273835
 1159.000000 1.274372
 1160.000000 1.272610
 1161.000000 1.268517
 1162.000000 1.262231
 1163.000000 1.254088
 1164.000000 1.244820
 1165.000000 1.235385
 1166.000000 1.226810
 1167.000000 1.220091
 1168.000000 1.216028
 1169.000000 1.215108
 1170.000000 1.217393
 1171.000000 1.222531
 1172.000000 1.229967
 1173.000000 1.238889
 1174.000000 1.248371
 1175.000000 1.257534
 1176.000000 1.265836
 1177.000000 1.272698
 1178.000000 1.277751
 1179.000000 1.280498
 1180.000000 1.280419
 1181.000000 1.277012
 1182.000000 1.270056
 1183.000000 1.259779
 1184.000000 1.246790
 1185.000000 1.232304
 1186.000000 1.217779
 1187.000000 1.204735
 1188.000000 1.194741
 1189.000000 1.188936
 1190.000000 1.188024
 1191.000000 1.192090
 1192.000000 1.200519
 1193.000000 1.212213
 1194.000000 1.226105
 1195.000000 1.241225
 1196.000000 1.256550
 1197.000000 1.271150
 1198.000000 1.284233
 1199.000000 1.295077
 1200.000000 1.303299
 1201.000000 1.308636
 1202.000000 1.310923
 1203.000000 1.310055
 1204.000000 1.306068
 1205.000000 1.299025
 1206.000000 1.289097
 1207.000000 1.276401
 1208.000000 1.261366
 1209.000000 1.244752
 1210.000000 1.227778
 1211.000000 1.211806
 1212.000000 1.198757
 1213.000000 1.190151
 1214.000000 1.187079
 1215.000000 1.189832
 1216.000000 1.197834
 1217.000000 1.209943
 1218.000000 1.224738
 1219.000000 1.240756
 1220.000000 1.256379
 1221.000000 1.270346
 1222.000000 1.281870
 1223.000000 1.290142
 1224.000000 1.294924
 1225.000000 1.296079
 1226.000000 1.293561
 1227.000000 1.287405
 1228.000000 1.277689
 1229.000000 1.264613
 1230.000000 1.248871
 1231.000000 1.231529
 1232.000000 1.214026
 1233.000000 1.198341
 1234.000000 1.186738
 1235.000000 1.181104
 1236.000000 1.182359
 1237.000000 1.190550
 1238.000000 1.204743
 1239.000000 1.223250
 1240.000000 1.243941
 1241.000000 1.264737
 1242.000000 1.283818
 1243.000000 1.299703
 1244.000000 1.311133
 1245.000000 1.317517
 1246.000000 1.318680
 1247.000000 1.314748
 1248.000000 1.306178
 1249.000000 1.293573
 1250.000000 1.277940
 1251.000000 1.260194
 1252.000000 1.241800
 1253.000000 1.224492
 1254.000000 1.209872
 1255.000000 1.199593
 1256.000000 1.194696
 1257.000000 1.195709
 1258.000000 1.202297
 1259.000000 1.213607
 1260.000000 1.228157
 1261.000000 1.244441
 1262.000000 1.261248
 1263.000000 1.277272
 1264.000000 1.291632
 1265.000000 1.303644
 1266.000000 1.312510
 1267.000000 1.317843
 1268.000000 1.319272
 1269.000000 1.316649
 1270.000000 1.309932
 1271.000000 1.299223
 1272.000000 1.284814
 1273.000000 1.267267
 1274.000000 1.247369
 1275.000000 1.226403
 1276.000000 1.206473
 1277.000000 1.189814
 1278.000000 1.178467
 1279.000000 1.174098
 1280.000000 1.177205
 1281.000000 1.187233
 1282.000000 1.202929
 1283.000000 1.222474
 1284.000000 1.244242
 1285.000000 1.266322
 1286.000000 1.286920
 1287.000000 1.304646
 1288.000000 1.318780
 1289.000000 1.328811
 1290.000000 1.334368
 1291.000000 1.335398
 1292.000000 1.332099
 1293.000000 1.324782
 1294.000000 1.313767
 1295.000000 1.299488
 1296.000000 1.282826
 1297.000000 1.264719
 1298.000000 1.246188
 1299.000000 1.228587
 1300.000000 1.213429
 1301.000000 1.202073
 1302.000000 1.195375
 1303.000000 1.193890
 1304.000000 1.197597
 1305.000000 1.206086
 1306.000000 1.218543
 1307.000000 1.233883
 1308.000000 1.251302
 1309.000000 1.269922
 1310.000000 1.288443
 1311.000000 1.305545
 1312.000000 1.320376
 1313.000000 1.331900
 1314.000000 1.339039
 1315.000000 1.341008
 1316.000000 1.337371
 1317.000000 1.328008
 1318.000000 1.313169
 1319.000000 1.293849
 1320.000000 1.271807
 1321.000000 1.248704
 1322.000000 1.226175
 1323.000000 1.206419
 1324.000000 1.191601
 1325.000000 1.183527
 1326.000000 1.182848
 1327.000000 1.189215
 1328.000000 1.201252
 1329.000000 1.216733
 1330.000000 1.233383
 1331.000000 1.249272
 1332.000000 1.263021
 1333.000000 1.273606
 1334.000000 1.280733
 1335.000000 1.284452
 1336.000000 1.284927
 1337.000000 1.282446
 1338.000000 1.277426
 1339.000000 1.270435
 1340.000000 1.262207
 1341.000000 1.253501
 1342.000000 1.245236
 1343.000000 1.238104
 1344.000000 1.232689
 1345.000000 1.229289
 1346.000000 1.227885
 1347.000000 1.228188
 1348.000000 1.229716
 1349.000000 1.231955
 1350.000000 1.234494
 1351.000000 1.237121
 1352.000000 1.239861
 1353.000000 1.242899
 1354.000000 1.246454
 1355.000000 1.250714
 1356.000000 1.255598
 1357.000000 1.260918
 1358.000000 1.266297
 1359.000000 1.271163
 1360.000000 1.274916
 1361.000000 1.276951
 1362.000000 1.276855
 1363.000000 1.274375
 1364.000000 1.269372
 1365.000000 1.261973
 1366.000000 1.252510
 1367.000000 1.241437
 1368.000000 1.229605
 1369.000000 1.218048
 1370.000000 1.208119
 1371.000000 1.201033
 1372.000000 1.197736
 1373.000000 1.198734
 1374.000000 1.204003
 1375.000000 1.212910
 1376.000000 1.224489
 1377.000000 1.237673
 1378.000000 1.251328
 1379.000000 1.264528
 1380.000000 1.276266
 1381.000000 1.285797
 1382.000000 1.292509
 1383.000000 1.295852
 1384.000000 1.295363
 1385.000000 1.290903
 1386.000000 1.282570
 1387.000000 1.270802
 1388.000000 1.256415
 1389.000000 1.240478
 1390.000000 1.224077
 1391.000000 1.208976
 1392.000000 1.196519
 1393.000000 1.188232
 1394.000000 1.185148
 1395.000000 1.187533
 1396.000000 1.194974
 1397.000000 1.206386
 1398.000000 1.220417
 1399.000000 1.235472
 1400.000000 1.250085
 1401.000000 1.262868
 1402.000000 1.273032
 1403.000000 1.280384
 1404.000000 1.285007
 1405.000000 1.287076
 1406.000000 1.286905
 1407.000000 1.284765
 1408.000000 1.280916
 1409.000000 1.275608
 1410.000000 1.269006
 1411.000000 1.261256
 1412.000000 1.252642
 1413.000000 1.243425
 1414.000000 1.234027
 1415.000000 1.224996
 1416.000000 1.216765
 1417.000000 1.209670
 1418.000000 1.204066
 1419.000000 1.200252
 1420.000000 1.198532
 1421.000000 1.199190
 1422.000000 1.202534
 1423.000000 1.208686
 1424.000000 1.217370
 1425.000000 1.227964
 1426.000000 1.239718
 1427.000000 1.251785
 1428.000000 1.263259
 1429.000000 1.273539
 1430.000000 1.281986
 1431.000000 1.288084
 1432.000000 1.291450
 1433.000000 1.291786
 1434.000000 1.288892
 1435.000000 1.282774
 1436.000000 1.273577
 1437.000000 1.261699
 1438.000000 1.247918
 1439.000000 1.233389
 1440.000000 1.219237
 1441.000000 1.206586
 1442.000000 1.196801
 1443.000000 1.191169
 1444.000000 1.190518
 1445.000000 1.195213
 1446.000000 1.205012
 1447.000000 1.218952
 1448.000000 1.235601
 1449.000000 1.253378
 1450.000000 1.270772
 1451.000000 1.286276
 1452.000000 1.298673
 1453.000000 1.307377
 1454.000000 1.312107
 1455.000000 1.312817
 1456.000000 1.309777
 1457.000000 1.303510
 1458.000000 1.294602
 1459.000000 1.283690
 1460.000000 1.271645
 1461.000000 1.259113
 1462.000000 1.246797
 1463.000000 1.235347
 1464.000000 1.225636
 1465.000000 1.218621
 1466.000000 1.214999
 1467.000000 1.215299
 1468.000000 1.219641
 1469.000000 1.227718
 1470.000000 1.238716
 1471.000000 1.251570
 1472.000000 1.264878
 1473.000000 1.277181
 1474.000000 1.287233
 1475.000000 1.293905
 1476.000000 1.296385
 1477.000000 1.294076
 1478.000000 1.286891
 1479.000000 1.275373
 1480.000000 1.260701
 1481.000000 1.244147
 1482.000000 1.227638
 1483.000000 1.212865
 1484.000000 1.201607
 1485.000000 1.195007
 1486.000000 1.193777
 1487.000000 1.197884
 1488.000000 1.206644
 1489.000000 1.218784
 1490.000000 1.232882
 1491.000000 1.247505
 1492.000000 1.261452
 1493.000000 1.273783
 1494.000000 1.283706
 1495.000000 1.290376
 1496.000000 1.293245
 1497.000000 1.292166
 1498.000000 1.287366
 1499.000000 1.279417
 1500.000000 1.269007
 1501.000000 1.256715
 1502.000000 1.243369
 1503.000000 1.229967
 1504.000000 1.217337
 1505.000000 1.206356
 1506.000000 1.197980
 1507.000000 1.193243
 1508.000000 1.192779
 1509.000000 1.196808
 1510.000000 1.204979
 1511.000000 1.216525
 1512.000000 1.230368
 1513.000000 1.245202
 1514.000000 1.259882
 1515.000000 1.273442
 1516.000000 1.284745
 1517.000000 1.293246
 1518.000000 1.298516
 1519.000000 1.300510
 1520.000000 1.299233
 1521.000000 1.294792
 1522.000000 1.287411
 1523.000000 1.277489
 1524.000000 1.265503
 1525.000000 1.252243
 1526.000000 1.238659
 1527.000000 1.225803
 1528.000000 1.214695
 1529.000000 1.206159
 1530.000000 1.201207
 1531.000000 1.200376
 1532.000000 1.203816
 1533.000000 1.211287
 1534.000000 1.221965
 1535.000000 1.234699
 1536.000000 1.248231
 1537.000000 1.261392
 1538.000000 1.273081
 1539.000000 1.282379
 1540.000000 1.288680
 1541.000000 1.291660
 1542.000000 1.291325
 1543.000000 1.287905
 1544.000000 1.281823
 1545.000000 1.273676
 1546.000000 1.264077
 1547.000000 1.253916
 1548.000000 1.244072
 1549.000000 1.235241
 1550.000000 1.228173
 1551.000000 1.223279
 1552.000000 1.220832
 1553.000000 1.220850
 1554.000000 1.223105
 1555.000000 1.227156
 1556.000000 1.232409
 1557.000000 1.238149
 1558.000000 1.243730
 1559.000000 1.248617
 1560.000000 1.252453
 1561.000000 1.255029
 1562.000000 1.256292
 1563.000000 1.256234
 1564.000000 1.254924
 1565.000000 1.252508
 1566.000000 1.249203
 1567.000000 1.245318
 1568.000000 1.241158
 1569.000000 1.237065
 1570.000000 1.233186
 1571.000000 1.229514
 1572.000000 1.225997
 1573.000000 1.222675
 1574.000000 1.219699
 1575.000000 1.217454
 1576.000000 1.216453
 1577.000000 1.217290
 1578.000000 1.220448
 1579.000000 1.226178
 1580.000000 1.234365
 1581.000000 1.244730
 1582.000000 1.256532
 1583.000000 1.268950
 1584.000000 1.281000
 1585.000000 1.291579
 1586.000000 1.299763
 1587.000000 1.304743
 1588.000000 1.305966
 1589.000000 1.303282
 1590.000000 1.296823
 1591.000000 1.287029
 1592.000000 1.274711
 1593.000000 1.260872
 1594.000000 1.246579
 1595.000000 1.232958
 1596.000000 1.221121
 1597.000000 1.212107
 1598.000000 1.206670
 1599.000000 1.204998
 1600.000000 1.206846
 1601.000000 1.211587
 1602.000000 1.218389
 1603.000000 1.226414
 1604.000000 1.234888
 1605.000000 1.243292
 1606.000000 1.251292
 1607.000000 1.258596
 1608.000000 1.264986
 1609.000000 1.270364
 1610.000000 1.274670
 1611.000000 1.277720
 1612.000000 1.279230
 1613.000000 1.278875
 1614.000000 1.276383
 1615.000000 1.271615
 1616.000000 1.264627
 1617.000000 1.255887
 1618.000000 1.246266
 1619.000000 1.236823
 1620.000000 1.228608
 1621.000000 1.222533
 1622.000000 1.219196
 1623.000000 1.218860
 1624.000000 1.221373
 1625.000000 1.226236
 1626.000000 1.232812
 1627.000000 1.240374
 1628.000000 1.248409
 1629.000000 1.256506
 1630.000000 1.264582
 1631.000000 1.272631
 1632.000000 1.280745
 1633.000000 1.288970
 1634.000000 1.297256
 1635.000000 1.305369
 1636.000000 1.312964
 1637.000000 1.319599
 1638.000000 1.324736
 1639.000000 1.327792
 1640.000000 1.328196
 1641.000000 1.325510
 1642.000000 1.319535
 1643.000000 1.310435
 1644.000000 1.298660
 1645.000000 1.285007
 1646.000000 1.270592
 1647.000000 1.256669
 1648.000000 1.244502
 1649.000000 1.235200
 1650.000000 1.229532
 1651.000000 1.227819
 1652.000000 1.229831
 1653.000000 1.234826
 1654.000000 1.241763
 1655.000000 1.249401
 1656.000000 1.256551
 1657.000000 1.262276
 1658.000000 1.265947
 1659.000000 1.267274
 1660.000000 1.266288
 1661.000000 1.263273
 1662.000000 1.258708
 1663.000000 1.253120
 1664.000000 1.247109
 1665.000000 1.241316
 1666.000000 1.236325
 1667.000000 1.232613
 1668.000000 1.230447
 1669.000000 1.229872
 1670.000000 1.230671
 1671.000000 1.232499
 1672.000000 1.234977
 1673.000000 1.237778
 1674.000000 1.240744
 1675.000000 1.243848
 1676.000000 1.247194
 1677.000000 1.250940
 1678.000000 1.255158
 1679.000000 1.259856
 1680.000000 1.264915
 1681.000000 1.270071
 1682.000000 1.274991
 1683.000000 1.279218
 1684.000000 1.282371
 1685.000000 1.284156
 1686.000000 1.284334
 1687.000000 1.282824
 1688.000000 1.279692
 1689.000000 1.275105
 1690.000000 1.269395
 1691.000000 1.262864
 1692.000000 1.255964
 1693.000000 1.249171
 1694.000000 1.242949
 1695.000000 1.237833
 1696.000000 1.234422
 1697.000000 1.233150
 1698.000000 1.234169
 1699.000000 1.237437
 1700.000000 1.242737
 1701.000000 1.249641
 1702.000000 1.257573
 1703.000000 1.265866
 1704.000000 1.273759
 1705.000000 1.280616
 1706.000000 1.285774
 1707.000000 1.288666
 1708.000000 1.288894
 1709.000000 1.286248
 1710.000000 1.280695
 1711.000000 1.272491
 1712.000000 1.261969
 1713.000000 1.249874
 1714.000000 1.237107
 1715.000000 1.224884
 1716.000000 1.214730
 1717.000000 1.208038
 1718.000000 1.205978
 1719.000000 1.209301
 1720.000000 1.218047
 1721.000000 1.231660
 1722.000000 1.248953
 1723.000000 1.268413
 1724.000000 1.288502
 1725.000000 1.307634
 1726.000000 1.324537
 1727.000000 1.338249
 1728.000000 1.348522
 1729.000000 1.355629
 1730.000000 1.359999
 1731.000000 1.362094
 1732.000000 1.362462
 1733.000000 1.361569
 1734.000000 1.359758
 1735.000000 1.357225
 1736.000000 1.354016
 1737.000000 1.350089
 1738.000000 1.345248
 1739.000000 1.339249
 1740.000000 1.331915
 1741.000000 1.323139
 1742.000000 1.312846
 1743.000000 1.301450
 1744.000000 1.289493
 1745.000000 1.277822
 1746.000000 1.267541
 1747.000000 1.259584
 1748.000000 1.254820
 1749.000000 1.253815
 1750.000000 1.256752
 1751.000000 1.263388
 1752.000000 1.272768
 1753.000000 1.283848
 1754.000000 1.295573
 1755.000000 1.306706
 1756.000000 1.316184
 1757.000000 1.323433
 1758.000000 1.328117
 1759.000000 1.330261
 1760.000000 1.330091
 1761.000000 1.327903
 1762.000000 1.323983
 1763.000000 1.318560
 1764.000000 1.311740
 1765.000000 1.303731
 1766.000000 1.294588
 1767.000000 1.284347
 1768.000000 1.273055
 1769.000000 1.261507
 1770.000000 1.250638
 1771.000000 1.241517
 1772.000000 1.235397
 1773.000000 1.233348
 1774.000000 1.235992
 1775.000000 1.243346
 1776.000000 1.254823
 1777.000000 1.269206
 1778.000000 1.285234
 1779.000000 1.301765
 1780.000000 1.317499
 1781.000000 1.331237
 1782.000000 1.342111
 1783.000000 1.349725
 1784.000000 1.353890
 1785.000000 1.354705
 1786.000000 1.352469
 1787.000000 1.347584
 1788.000000 1.340486
 1789.000000 1.331642
 1790.000000 1.321428
 1791.000000 1.310214
 1792.000000 1.298464
 1793.000000 1.286594
 1794.000000 1.274703
 1795.000000 1.263112
 1796.000000 1.252415
 1797.000000 1.243315
 1798.000000 1.236391
 1799.000000 1.232407
 1800.000000 1.232061
 1801.000000 1.235707
 1802.000000 1.243285
 1803.000000 1.254293
 1804.000000 1.268025
 1805.000000 1.283282
 1806.000000 1.298953
 1807.000000 1.313938
 1808.000000 1.327109
 1809.000000 1.337603
 1810.000000 1.344599
 1811.000000 1.347582
 1812.000000 1.346297
 1813.000000 1.340787
 1814.000000 1.331426
 1815.000000 1.318828
 1816.000000 1.303627
 1817.000000 1.286833
 1818.000000 1.269391
 1819.000000 1.252612
 1820.000000 1.237893
 1821.000000 1.226345
 1822.000000 1.218755
 1823.000000 1.215618
 1824.000000 1.216966
 1825.000000 1.222529
 1826.000000 1.231593
 1827.000000 1.243253
 1828.000000 1.256608
 1829.000000 1.270832
 1830.000000 1.284895
 1831.000000 1.297718
 1832.000000 1.308567
 1833.000000 1.316785
 1834.000000 1.321730
 1835.000000 1.322913
 1836.000000 1.320033
 1837.000000 1.313052
 1838.000000 1.302169
 1839.000000 1.288147
 1840.000000 1.271943
 1841.000000 1.254956
 1842.000000 1.238753
 1843.000000 1.225061
 1844.000000 1.214983
 1845.000000 1.209618
 1846.000000 1.209353
 1847.000000 1.213903
 1848.000000 1.222480
 1849.000000 1.233772
 1850.000000 1.246328
 1851.000000 1.258835
 1852.000000 1.270298
 1853.000000 1.280078
 1854.000000 1.287824
 1855.000000 1.293448
 1856.000000 1.296943
 1857.000000 1.298372
 1858.000000 1.297807
 1859.000000 1.295310
 1860.000000 1.290952
 1861.000000 1.284821
 1862.000000 1.277110
 1863.000000 1.268053
 1864.000000 1.258068
 1865.000000 1.247781
 1866.000000 1.237942
 1867.000000 1.229602
 1868.000000 1.223742
 1869.000000 1.221498
 1870.000000 1.223625
 1871.000000 1.230391
 1872.000000 1.241548
 1873.000000 1.256457
 1874.000000 1.274019
 1875.000000 1.292569
 1876.000000 1.310963
 1877.000000 1.328266
 1878.000000 1.343537
 1879.000000 1.356018
 1880.000000 1.365496
 1881.000000 1.371944
 1882.000000 1.375498
 1883.000000 1.376393
 1884.000000 1.374807
 1885.000000 1.370856
 1886.000000 1.364632
 1887.000000 1.356192
 1888.000000 1.345556
 1889.000000 1.332640
 1890.000000 1.317841
 1891.000000 1.301638
 1892.000000 1.284558
 1893.000000 1.267447
 1894.000000 1.251614
 1895.000000 1.238327
 1896.000000 1.228940
 1897.000000 1.224613
 1898.000000 1.226114
 1899.000000 1.233505
 1900.000000 1.246208
 1901.000000 1.263214
 1902.000000 1.283131
 1903.000000 1.304553
 1904.000000 1.326255
 1905.000000 1.347039
 1906.000000 1.366420
 1907.000000 1.383962
 1908.000000 1.399490
 1909.000000 1.412948
 1910.000000 1.424376
 1911.000000 1.433951
 1912.000000 1.441682
 1913.000000 1.447453
 1914.000000 1.451321
 1915.000000 1.453145
 1916.000000 1.452693
 1917.000000 1.449717
 1918.000000 1.443991
 1919.000000 1.435412
 1920.000000 1.424146
 1921.000000 1.410538
 1922.000000 1.395102
 1923.000000 1.378627
 1924.000000 1.361804
 1925.000000 1.345588
 1926.000000 1.330597
 1927.000000 1.317427
 1928.000000 1.306542
 1929.000000 1.298059
 1930.000000 1.291966
 1931.000000 1.288070
 1932.000000 1.286060
 1933.000000 1.285608
 1934.000000 1.286545
 1935.000000 1.288862
 1936.000000 1.292662
 1937.000000 1.298031
 1938.000000 1.304948
 1939.000000 1.313127
 1940.000000 1.322067
 1941.000000 1.331186
 1942.000000 1.339648
 1943.000000 1.346531
 1944.000000 1.350988
 1945.000000 1.352446
 1946.000000 1.350583
 1947.000000 1.345409
 1948.000000 1.337291
 1949.000000 1.327038
 1950.000000 1.315650
 1951.000000 1.304059
 1952.000000 1.293280
 1953.000000 1.284470
 1954.000000 1.278346
 1955.000000 1.275334
 1956.000000 1.275609
 1957.000000 1.278954
 1958.000000 1.284953
 1959.000000 1.293066
 1960.000000 1.302824
 1961.000000 1.313903
 1962.000000 1.325973
 1963.000000 1.338936
 1964.000000 1.352756
 1965.000000 1.367043
 1966.000000 1.381583
 1967.000000 1.396078
 1968.000000 1.410267
 1969.000000 1.423667
 1970.000000 1.435660
 1971.000000 1.445833
 1972.000000 1.453697
 1973.000000 1.459110
 1974.000000 1.461992
 1975.000000 1.462507
 1976.000000 1.461058
 1977.000000 1.458148
 1978.000000 1.454278
 1979.000000 1.449889
 1980.000000 1.445284
 1981.000000 1.440560
 1982.000000 1.435613
 1983.000000 1.430170
 1984.000000 1.423994
 1985.000000 1.416814
 1986.000000 1.408521
 1987.000000 1.399148
 1988.000000 1.388868
 1989.000000 1.378028
 1990.000000 1.367204
 1991.000000 1.356974
 1992.000000 1.348261
 1993.000000 1.341526
 1994.000000 1.337266
 1995.000000 1.335733
 1996.000000 1.336911
 1997.000000 1.340567
 1998.000000 1.346260
 1999.000000 1.353353
 2000.000000 1.361150
 2001.000000 1.369048
 2002.000000 1.376586
 2003.000000 1.383440
 2004.000000 1.389466
 2005.000000 1.394792
 2006.000000 1.399806
 2007.000000 1.404964
 2008.000000 1.410715
 2009.000000 1.417388
 2010.000000 1.425113
 2011.000000 1.433959
 2012.000000 1.443594
 2013.000000 1.453729
 2014.000000 1.463871
 2015.000000 1.473755
 2016.000000 1.483071
 2017.000000 1.491659
 2018.000000 1.499389
 2019.000000 1.506272
 2020.000000 1.512132
 2021.000000 1.516926
 2022.000000 1.520561
 2023.000000 1.522924
 2024.000000 1.523852
 2025.000000 1.523184
 2026.000000 1.520800
 2027.000000 1.516726
 2028.000000 1.511024
 2029.000000 1.503975
 2030.000000 1.496019
 2031.000000 1.487529
 2032.000000 1.478858
 2033.000000 1.470350
 2034.000000 1.462209
 2035.000000 1.454405
 2036.000000 1.446737
 2037.000000 1.439022
 2038.000000 1.431080
 2039.000000 1.422706
 2040.000000 1.413737
 2041.000000 1.404042
 2042.000000 1.393764
 2043.000000 1.383363
 2044.000000 1.373135
 2045.000000 1.363529
 2046.000000 1.355010
 2047.000000 1.348044
 2048.000000 1.343274
 2049.000000 1.341178
 2050.000000 1.342110
 2051.000000 1.346254
 2052.000000 1.353586
 2053.000000 1.363644
 2054.000000 1.376064
 2055.000000 1.390108
 2056.000000 1.405047
 2057.000000 1.420094
 2058.000000 1.434467
 2059.000000 1.447688
 2060.000000 1.459535
 2061.000000 1.469847
 2062.000000 1.478762
 2063.000000 1.486535
 2064.000000 1.493494
 2065.000000 1.499740
 2066.000000 1.505398
 2067.000000 1.510500
 2068.000000 1.514815
 2069.000000 1.517983
 2070.000000 1.519535
 2071.000000 1.519036
 2072.000000 1.516107
 2073.000000 1.510593
 2074.000000 1.502539
 2075.000000 1.492191
 2076.000000 1.480177
 2077.000000 1.467214
 2078.000000 1.453947
 2079.000000 1.441101
 2080.000000 1.429131
 2081.000000 1.418359
 2082.000000 1.409061
 2083.000000 1.401279
 2084.000000 1.394789
 2085.000000 1.389183
 2086.000000 1.384052
 2087.000000 1.379094
 2088.000000 1.374257
 2089.000000 1.369786
 2090.000000 1.366098
 2091.000000 1.363671
 2092.000000 1.363110
 2093.000000 1.364876
 2094.000000 1.369215
 2095.000000 1.376178
 2096.000000 1.385553
 2097.000000 1.396710
 2098.000000 1.409033
 2099.000000 1.421803
 2100.000000 1.434235
 2101.000000 1.445858
 2102.000000 1.456469
 2103.000000 1.465935
 2104.000000 1.474546
 2105.000000 1.482553
 2106.000000 1.490172
 2107.000000 1.497740
 2108.000000 1.505252
 2109.000000 1.512498
 2110.000000 1.518965
 2111.000000 1.524057
 2112.000000 1.527080
 2113.000000 1.527356
 2114.000000 1.524435
 2115.000000 1.518312
 2116.000000 1.509262
 2117.000000 1.498034
 2118.000000 1.485542
 2119.000000 1.472687
 2120.000000 1.460525
 2121.000000 1.449780
 2122.000000 1.440821
 2123.000000 1.433889
 2124.000000 1.428746
 2125.000000 1.424864
 2126.000000 1.421670
 2127.000000 1.418561
 2128.000000 1.415129
 2129.000000 1.411264
 2130.000000 1.407072
 2131.000000 1.402925
 2132.000000 1.399276
 2133.000000 1.396504
 2134.000000 1.394878
 2135.000000 1.394535
 2136.000000 1.395407
 2137.000000 1.397238
 2138.000000 1.399624
 2139.000000 1.402088
 2140.000000 1.404215
 2141.000000 1.405749
 2142.000000 1.406652
 2143.000000 1.407112
 2144.000000 1.407516
 2145.000000 1.408367
 2146.000000 1.410155
 2147.000000 1.413267
 2148.000000 1.417863
 2149.000000 1.423717
 2150.000000 1.430393
 2151.000000 1.437211
 2152.000000 1.443453
 2153.000000 1.448392
 2154.000000 1.451648
 2155.000000 1.453112
 2156.000000 1.453035
 2157.000000 1.451994
 2158.000000 1.450748
 2159.000000 1.450017
 2160.000000 1.450303
 2161.000000 1.451799
 2162.000000 1.454347
 2163.000000 1.457489
 2164.000000 1.460514
 2165.000000 1.462696
 2166.000000 1.463405
 2167.000000 1.462259
 2168.000000 1.459183
 2169.000000 1.454389
 2170.000000 1.448270
 2171.000000 1.441145
 2172.000000 1.433471
 2173.000000 1.425451
 2174.000000 1.417278
 2175.000000 1.408984
 2176.000000 1.400539
 2177.000000 1.391887
 2178.000000 1.383094
 2179.000000 1.374334
 2180.000000 1.366161
 2181.000000 1.359241
 2182.000000 1.354246
 2183.000000 1.351878
 2184.000000 1.352674
 2185.000000 1.356965
 2186.000000 1.364730
 2187.000000 1.375760
 2188.000000 1.389351
 2189.000000 1.404657
 2190.000000 1.420757
 2191.000000 1.437098
 2192.000000 1.452563
 2193.000000 1.466544
 2194.000000 1.478635
 2195.000000 1.488676
 2196.000000 1.496625
 2197.000000 1.502716
 2198.000000 1.507189
 2199.000000 1.510421
 2200.000000 1.512737
 2201.000000 1.514310
 2202.000000 1.515179
 2203.000000 1.515224
 2204.000000 1.514193
 2205.000000 1.511752
 2206.000000 1.507529
 2207.000000 1.501315
 2208.000000 1.492907
 2209.000000 1.482292
 2210.000000 1.469780
 2211.000000 1.456013
 2212.000000 1.441448
 2213.000000 1.426502
 2214.000000 1.411757
 2215.000000 1.397786
 2216.000000 1.385082
 2217.000000 1.374230
 2218.000000 1.365478
 2219.000000 1.359003
 2220.000000 1.354917
 2221.000000 1.353264
 2222.000000 1.353947
 2223.000000 1.356753
 2224.000000 1.361465
 2225.000000 1.367788
 2226.000000 1.375355
 2227.000000 1.383749
 2228.000000 1.392715
 2229.000000 1.401923
 2230.000000 1.411051
 2231.000000 1.419822
 2232.000000 1.427760
 2233.000000 1.434571
 2234.000000 1.439881
 2235.000000 1.443403
 2236.000000 1.444976
 2237.000000 1.444679
 2238.000000 1.442814
 2239.000000 1.439872
 2240.000000 1.436435
 2241.000000 1.433197
 2242.000000 1.430740
 2243.000000 1.429536
 2244.000000 1.429864
 2245.000000 1.431744
 2246.000000 1.434906
 2247.000000 1.438867
 2248.000000 1.443073
 2249.000000 1.447062
 2250.000000 1.450445
 2251.000000 1.453105
 2252.000000 1.455204
 2253.000000 1.457075
 2254.000000 1.459183
 2255.000000 1.461951
 2256.000000 1.465676
 2257.000000 1.470453
 2258.000000 1.476147
 2259.000000 1.482430
 2260.000000 1.488715
 2261.000000 1.494412
 2262.000000 1.498874
 2263.000000 1.501538
 2264.000000 1.502028
 2265.000000 1.500276
 2266.000000 1.496465
 2267.000000 1.491045
 2268.000000 1.484584
 2269.000000 1.477595
 2270.000000 1.470385
 2271.000000 1.463177
 2272.000000 1.455942
 2273.000000 1.448543
 2274.000000 1.440652
 2275.000000 1.431963
 2276.000000 1.422370
 2277.000000 1.411838
 2278.000000 1.400718
 2279.000000 1.389519
 2280.000000 1.379005
 2281.000000 1.370070
 2282.000000 1.363414
 2283.000000 1.359247
 2284.000000 1.357630
 2285.000000 1.358345
 2286.000000 1.360999
 2287.000000 1.365087
 2288.000000 1.370094
 2289.000000 1.375578
 2290.000000 1.381389
 2291.000000 1.387385
 2292.000000 1.393607
 2293.000000 1.400275
 2294.000000 1.407588
 2295.000000 1.415678
 2296.000000 1.424564
 2297.000000 1.434332
 2298.000000 1.444770
 2299.000000 1.455292
 2300.000000 1.465323
 2301.000000 1.474222
 2302.000000 1.481559
 2303.000000 1.486806
 2304.000000 1.489757
 2305.000000 1.490392
 2306.000000 1.488976
 2307.000000 1.485968
 2308.000000 1.482014
 2309.000000 1.477725
 2310.000000 1.473699
 2311.000000 1.470296
 2312.000000 1.467634
 2313.000000 1.465577
 2314.000000 1.463703
 2315.000000 1.461431
 2316.000000 1.458166
 2317.000000 1.453415
 2318.000000 1.447064
 2319.000000 1.439258
 2320.000000 1.430531
 2321.000000 1.421716
 2322.000000 1.413658
 2323.000000 1.407121
 2324.000000 1.402760
 2325.000000 1.400810
 2326.000000 1.401182
 2327.000000 1.403481
 2328.000000 1.407066
 2329.000000 1.411166
 2330.000000 1.415002
 2331.000000 1.417987
 2332.000000 1.419731
 2333.000000 1.420161
 2334.000000 1.419461
 2335.000000 1.417976
 2336.000000 1.416139
 2337.000000 1.414333
 2338.000000 1.412839
 2339.000000 1.411752
 2340.000000 1.410935
 2341.000000 1.410074
 2342.000000 1.408709
 2343.000000 1.406364
 2344.000000 1.402646
 2345.000000 1.397441
 2346.000000 1.390971
 2347.000000 1.383807
 2348.000000 1.376719
 2349.000000 1.370638
 2350.000000 1.366434
 2351.000000 1.364771
 2352.000000 1.366019
 2353.000000 1.370204
 2354.000000 1.377051
 2355.000000 1.385953
 2356.000000 1.396163
 2357.000000 1.406737
 2358.000000 1.416923
 2359.000000 1.426082
 2360.000000 1.433719
 2361.000000 1.439691
 2362.000000 1.444070
 2363.000000 1.447177
 2364.000000 1.449421
 2365.000000 1.451209
 2366.000000 1.452757
 2367.000000 1.454077
 2368.000000 1.454943
 2369.000000 1.454953
 2370.000000 1.453581
 2371.000000 1.450269
 2372.000000 1.444502
 2373.000000 1.435913
 2374.000000 1.424422
 2375.000000 1.410169
 2376.000000 1.393457
 2377.000000 1.374898
 2378.000000 1.355391
 2379.000000 1.335922
 2380.000000 1.317322
 2381.000000 1.300329
 2382.000000 1.285802
 2383.000000 1.274441
 2384.000000 1.266559
 2385.000000 1.262286
 2386.000000 1.261469
 2387.000000 1.263856
 2388.000000 1.269144
 2389.000000 1.277069
 2390.000000 1.287227
 2391.000000 1.299276
 2392.000000 1.312782
 2393.000000 1.327728
 2394.000000 1.343711
 2395.000000 1.360213
 2396.000000 1.376744
 2397.000000 1.392641
 2398.000000 1.407564
 2399.000000 1.420857
 2400.000000 1.432004
 2401.000000 1.440605
 2402.000000 1.446378
 2403.000000 1.449357
 2404.000000 1.449749
 2405.000000 1.447939
 2406.000000 1.444488
 2407.000000 1.439922
 2408.000000 1.434668
 2409.000000 1.429041
 2410.000000 1.423261
 2411.000000 1.417407
 2412.000000 1.411486
 2413.000000 1.405338
 2414.000000 1.398801
 2415.000000 1.391652
 2416.000000 1.383835
 2417.000000 1.375344
 2418.000000 1.366432
 2419.000000 1.357517
 2420.000000 1.349232
 2421.000000 1.342087
 2422.000000 1.336598
 2423.000000 1.333199
 2424.000000 1.332045
 2425.000000 1.333050
 2426.000000 1.335875
 2427.000000 1.340080
 2428.000000 1.345116
 2429.000000 1.350356
 2430.000000 1.355349
 2431.000000 1.359705
 2432.000000 1.363352
 2433.000000 1.366310
 2434.000000 1.368807
 2435.000000 1.371151
 2436.000000 1.373719
 2437.000000 1.376926
 2438.000000 1.381110
 2439.000000 1.386450
 2440.000000 1.392947
 2441.000000 1.400456
 2442.000000 1.408656
 2443.000000 1.417229
 2444.000000 1.425724
 2445.000000 1.433647
 2446.000000 1.440605
 2447.000000 1.446211
 2448.000000 1.450331
 2449.000000 1.453041
 2450.000000 1.454579
 2451.000000 1.455268
 2452.000000 1.455416
 2453.000000 1.455255
 2454.000000 1.454864
 2455.000000 1.454160
 2456.000000 1.452907
 2457.000000 1.450784
 2458.000000 1.447482
 2459.000000 1.442714
 2460.000000 1.436317
 2461.000000 1.428390
 2462.000000 1.419269
 2463.000000 1.409483
 2464.000000 1.399701
 2465.000000 1.390875
 2466.000000 1.383950
 2467.000000 1.379700
 2468.000000 1.378591
 2469.000000 1.380848
 2470.000000 1.386319
 2471.000000 1.394433
 2472.000000 1.404390
 2473.000000 1.415269
 2474.000000 1.426052
 2475.000000 1.436092
 2476.000000 1.444921
 2477.000000 1.452420
 2478.000000 1.458773
 2479.000000 1.464287
 2480.000000 1.469281
 2481.000000 1.474105
 2482.000000 1.478831
 2483.000000 1.483355
 2484.000000 1.487451
 2485.000000 1.490693
 2486.000000 1.492590
 2487.000000 1.492765
 2488.000000 1.491015
 2489.000000 1.487417
 2490.000000 1.482305
 2491.000000 1.476163
 2492.000000 1.469652
 2493.000000 1.463339
 2494.000000 1.457649
 2495.000000 1.452773
 2496.000000 1.448587
 2497.000000 1.444724
 2498.000000 1.440678
 2499.000000 1.435927
 2500.000000 1.430126
 2501.000000 1.423245
 2502.000000 1.415624
 2503.000000 1.407895
 2504.000000 1.400800
 2505.000000 1.395144
 2506.000000 1.391778
 2507.000000 1.391312
 2508.000000 1.394024
 2509.000000 1.399800
 2510.000000 1.408180
 2511.000000 1.418352
 2512.000000 1.429432
 2513.000000 1.440387
 2514.000000 1.450123
 2515.000000 1.457903
 2516.000000 1.463351
 2517.000000 1.466495
 2518.000000 1.467643
 2519.000000 1.467487
 2520.000000 1.466825
 2521.000000 1.466452
 2522.000000 1.467049
 2523.000000 1.469086
 2524.000000 1.472759
 2525.000000 1.477974
 2526.000000 1.484386
 2527.000000 1.491399
 2528.000000 1.498323
 2529.000000 1.504623
 2530.000000 1.509808
 2531.000000 1.513485
 2532.000000 1.515566
 2533.000000 1.516148
 2534.000000 1.515486
 2535.000000 1.513945
 2536.000000 1.511897
 2537.000000 1.509623
 2538.000000 1.507228
 2539.000000 1.504630
 2540.000000 1.501557
 2541.000000 1.497598
 2542.000000 1.492284
 2543.000000 1.485388
 2544.000000 1.476759
 2545.000000 1.466670
 2546.000000 1.455732
 2547.000000 1.444810
 2548.000000 1.434810
 2549.000000 1.426320
 2550.000000 1.419775
 2551.000000 1.415410
 2552.000000 1.412910
 2553.000000 1.411690
 2554.000000 1.410979
 2555.000000 1.410021
 2556.000000 1.408204
 2557.000000 1.405218
 2558.000000 1.401059
 2559.000000 1.396163
 2560.000000 1.391166
 2561.000000 1.386651
 2562.000000 1.382943
 2563.000000 1.380087
 2564.000000 1.378049
 2565.000000 1.376607
 2566.000000 1.375419
 2567.000000 1.374102
 2568.000000 1.372191
 2569.000000 1.369229
 2570.000000 1.364843
 2571.000000 1.358811
 2572.000000 1.351247
 2573.000000 1.342595
 2574.000000 1.333681
 2575.000000 1.325627
 2576.000000 1.319462
 2577.000000 1.316215
 2578.000000 1.316576
 2579.000000 1.320798
 2580.000000 1.328752
 2581.000000 1.339912
 2582.000000 1.353370
 2583.000000 1.368066
 2584.000000 1.383177
 2585.000000 1.397834
 2586.000000 1.411222
 2587.000000 1.422640
 2588.000000 1.431765
 2589.000000 1.438650
 2590.000000 1.443396
 2591.000000 1.446309
 2592.000000 1.447751
 2593.000000 1.448052
 2594.000000 1.447430
 2595.000000 1.445969
 2596.000000 1.443646
 2597.000000 1.440301
 2598.000000 1.435713
 2599.000000 1.429685
 2600.000000 1.422042
 2601.000000 1.412666
 2602.000000 1.401517
 2603.000000 1.388600
 2604.000000 1.374273
 2605.000000 1.359035
 2606.000000 1.343429
 2607.000000 1.328508
 2608.000000 1.315124
 2609.000000 1.304412
 2610.000000 1.297017
 2611.000000 1.293458
 2612.000000 1.293937
 2613.000000 1.298379
 2614.000000 1.306483
 2615.000000 1.317613
 2616.000000 1.330989
 2617.000000 1.345787
 2618.000000 1.361421
 2619.000000 1.377047
 2620.000000 1.391969
 2621.000000 1.405650
 2622.000000 1.417731
 2623.000000 1.427887
 2624.000000 1.436034
 2625.000000 1.442346
 2626.000000 1.447015
 2627.000000 1.450316
 2628.000000 1.452581
 2629.000000 1.454117
 2630.000000 1.455268
 2631.000000 1.456388
 2632.000000 1.457798
 2633.000000 1.459728
 2634.000000 1.462335
 2635.000000 1.465697
 2636.000000 1.469732
 2637.000000 1.474199
 2638.000000 1.478814
 2639.000000 1.483299
 2640.000000 1.487301
 2641.000000 1.490442
 2642.000000 1.492604
 2643.000000 1.493714
 2644.000000 1.493820
 2645.000000 1.493102
 2646.000000 1.491821
 2647.000000 1.490244
 2648.000000 1.488632
 2649.000000 1.487164
 2650.000000 1.485865
 2651.000000 1.484654
 2652.000000 1.483373
 2653.000000 1.481870
 2654.000000 1.480061
 2655.000000 1.477943
 2656.000000 1.475606
 2657.000000 1.473154
 2658.000000 1.470685
 2659.000000 1.468176
 2660.000000 1.465506
 2661.000000 1.462448
 2662.000000 1.458693
 2663.000000 1.453902
 2664.000000 1.447928
 2665.000000 1.440621
 2666.000000 1.432154
 2667.000000 1.422937
 2668.000000 1.413555
 2669.000000 1.404822
 2670.000000 1.397491
 2671.000000 1.392345
 2672.000000 1.389916
 2673.000000 1.390451
 2674.000000 1.393809
 2675.000000 1.399501
 2676.000000 1.406675
 2677.000000 1.414342
 2678.000000 1.421663
 2679.000000 1.427739
 2680.000000 1.431959
 2681.000000 1.434148
 2682.000000 1.434481
 2683.000000 1.433448
 2684.000000 1.431697
 2685.000000 1.429890
 2686.000000 1.428609
 2687.000000 1.428186
 2688.000000 1.428631
 2689.000000 1.429651
 2690.000000 1.430682
 2691.000000 1.431011
 2692.000000 1.429945
 2693.000000 1.426954
 2694.000000 1.421737
 2695.000000 1.414420
 2696.000000 1.405371
 2697.000000 1.395214
 2698.000000 1.384903
 2699.000000 1.375063
 2700.000000 1.366233
 2701.000000 1.358627
 2702.000000 1.352123
 2703.000000 1.346320
 2704.000000 1.340720
 2705.000000 1.334749
 2706.000000 1.328182
 2707.000000 1.321084
 2708.000000 1.314016
 2709.000000 1.307806
 2710.000000 1.303431
 2711.000000 1.301803
 2712.000000 1.303517
 2713.000000 1.308645
 2714.000000 1.316772
 2715.000000 1.327018
 2716.000000 1.338367
 2717.000000 1.349509
 2718.000000 1.359419
 2719.000000 1.367352
 2720.000000 1.372889
 2721.000000 1.376084
 2722.000000 1.377435
 2723.000000 1.377614
 2724.000000 1.377434
 2725.000000 1.377647
 2726.000000 1.378831
 2727.000000 1.381301
 2728.000000 1.385011
 2729.000000 1.389704
 2730.000000 1.394809
 2731.000000 1.399631
 2732.000000 1.403437
 2733.000000 1.405561
 2734.000000 1.405644
 2735.000000 1.403632
