#! FIELDS time d
 0.000000 1.255465
 1.000000 1.246104
 2.000000 1.236242
 3.000000 1.227186
 4.000000 1.220051
 5.000000 1.215702
 6.000000 1.214737
 7.000000 1.217236
 8.000000 1.222756
 9.000000 1.230554
 10.000000 1.239543
 11.000000 1.248514
 12.000000 1.256519
 13.000000 1.262755
 14.000000 1.266853
 15.000000 1.268783
 16.000000 1.268803
 17.000000 1.267355
 18.000000 1.264925
 19.000000 1.261932
 20.000000 1.258803
 21.000000 1.255839
 22.000000 1.253161
 23.000000 1.250863
 24.000000 1.248916
 25.000000 1.247162
 26.000000 1.245346
 27.000000 1.243118
 28.000000 1.240160
 29.000000 1.236256
 30.000000 1.231515
 31.000000 1.226266
 32.000000 1.221245
 33.000000 1.217383
 34.000000 1.215394
 35.000000 1.215922
 36.000000 1.219271
 37.000000 1.225370
 38.000000 1.233960
 39.000000 1.244406
 40.000000 1.255924
 41.000000 1.267848
 42.000000 1.279189
 43.000000 1.289015
 44.000000 1.296364
 45.000000 1.300434
 46.000000 1.300515
 47.000000 1.296240
 48.000000 1.287723
 49.000000 1.275462
 50.000000 1.260433
 51.000000 1.243875
 52.000000 1.227430
 53.000000 1.212878
 54.000000 1.201840
 55.000000 1.195509
 56.000000 1.194669
 57.000000 1.199182
 58.000000 1.208062
 59.000000 1.219598
 60.000000 1.232117
 61.000000 1.244303
 62.000000 1.254903
 63.000000 1.263133
 64.000000 1.268645
 65.000000 1.271381
 66.000000 1.271487
 67.000000 1.269407
 68.000000 1.265792
 69.000000 1.261379
 70.000000 1.256690
 71.000000 1.252027
 72.000000 1.247561
 73.000000 1.243421
 74.000000 1.239749
 75.000000 1.236796
 76.000000 1.234922
 77.000000 1.234520
 78.000000 1.235831
 79.000000 1.238647
 80.000000 1.242315
 81.000000 1.245847
 82.000000 1.248343
 83.000000 1.249160
 84.000000 1.248063
 85.000000 1.245203
 86.000000 1.241075
 87.000000 1.236325
 88.000000 1.231682
 89.000000 1.228088
 90.000000 1.226533
 91.000000 1.227778
 92.000000 1.232198
 93.000000 1.239591
 94.000000 1.249387
 95.000000 1.260719
 96.000000 1.272632
 97.000000 1.284043
 98.000000 1.294054
 99.000000 1.301690
 100.000000 1.306306
 101.000000 1.307438
 102.000000 1.304880
 103.000000 1.298727
 104.000000 1.289554
 105.000000 1.278421
 106.000000 1.266351
 107.000000 1.254419
 108.000000 1.243633
 109.000000 1.234762
 110.000000 1.228166
 111.000000 1.223944
 112.000000 1.222229
 113.000000 1.223133
 114.000000 1.226639
 115.000000 1.232371
 116.000000 1.239471
 117.000000 1.246615
 118.000000 1.252458
 119.000000 1.256014
 120.000000 1.256867
 121.000000 1.255204
 122.000000 1.251719
 123.000000 1.247255
 124.000000 1.242583
 125.000000 1.238192
 126.000000 1.234477
 127.000000 1.231892
 128.000000 1.230983
 129.000000 1.232318
 130.000000 1.236020
 131.000000 1.241648
 132.000000 1.248144
 133.000000 1.254300
 134.000000 1.258827
 135.000000 1.260826
 136.000000 1.260031
 137.000000 1.256732
 138.000000 1.251655
 139.000000 1.245815
 140.000000 1.240225
 141.000000 1.236060
 142.000000 1.234206
 143.000000 1.235297
 144.000000 1.239523
 145.000000 1.246546
 146.000000 1.255411
 147.000000 1.264866
 148.000000 1.273412
 149.000000 1.279482
 150.000000 1.282098
 151.000000 1.280826
 152.000000 1.275815
 153.000000 1.267761
 154.000000 1.257852
 155.000000 1.247406
 156.000000 1.237806
 157.000000 1.230384
 158.000000 1.226262
 159.000000 1.226209
 160.000000 1.230250
 161.000000 1.237765
 162.000000 1.247545
 163.000000 1.258426
 164.000000 1.269067
 165.000000 1.278359
 166.000000 1.285441
 167.000000 1.289790
 168.000000 1.291165
 169.000000 1.289483
 170.000000 1.284699
 171.000000 1.276904
 172.000000 1.266300
 173.000000 1.253496
 174.000000 1.239485
 175.000000 1.225747
 176.000000 1.213843
 177.000000 1.205135
 178.000000 1.200515
 179.000000 1.200295
 180.000000 1.204305
 181.000000 1.211998
 182.000000 1.222424
 183.000000 1.234359
 184.000000 1.246665
 185.000000 1.258356
 186.000000 1.268570
 187.000000 1.276244
 188.000000 1.280916
 189.000000 1.282423
 190.000000 1.280981
 191.000000 1.277084
 192.000000 1.271438
 193.000000 1.264853
 194.000000 1.258056
 195.000000 1.251697
 196.000000 1.246199
 197.000000 1.241865
 198.000000 1.238721
 199.000000 1.236630
 200.000000 1.235286
 201.000000 1.234304
 202.000000 1.233262
 203.000000 1.231805
 204.000000 1.229834
 205.000000 1.227487
 206.000000 1.225269
 207.000000 1.223845
 208.000000 1.223810
 209.000000 1.225432
 210.000000 1.228725
 211.000000 1.233443
 212.000000 1.239247
 213.000000 1.245718
 214.000000 1.252313
 215.000000 1.258786
 216.000000 1.264922
 217.000000 1.270469
 218.000000 1.275187
 219.000000 1.278701
 220.000000 1.280517
 221.000000 1.280191
 222.000000 1.277367
 223.000000 1.271796
 224.000000 1.263621
 225.000000 1.253332
 226.000000 1.241674
 227.000000 1.229631
 228.000000 1.218221
 229.000000 1.208755
 230.000000 1.202202
 231.000000 1.199446
 232.000000 1.200939
 233.000000 1.206537
 234.000000 1.215665
 235.000000 1.227299
 236.000000 1.239865
 237.000000 1.252242
 238.000000 1.263263
 239.000000 1.271756
 240.000000 1.276953
 241.000000 1.278489
 242.000000 1.276406
 243.000000 1.271126
 244.000000 1.263392
 245.000000 1.254165
 246.000000 1.244533
 247.000000 1.235613
 248.000000 1.228351
 249.000000 1.223381
 250.000000 1.221135
 251.000000 1.221664
 252.000000 1.224628
 253.000000 1.229408
 254.000000 1.235142
 255.000000 1.240830
 256.000000 1.245492
 257.000000 1.248408
 258.000000 1.249164
 259.000000 1.247613
 260.000000 1.243933
 261.000000 1.238641
 262.000000 1.232454
 263.000000 1.226158
 264.000000 1.220589
 265.000000 1.216508
 266.000000 1.214539
 267.000000 1.215043
 268.000000 1.218065
 269.000000 1.223328
 270.000000 1.230158
 271.000000 1.237562
 272.000000 1.244372
 273.000000 1.249493
 274.000000 1.252032
 275.000000 1.251567
 276.000000 1.248228
 277.000000 1.242633
 278.000000 1.235814
 279.000000 1.228975
 280.000000 1.223151
 281.000000 1.219158
 282.000000 1.217398
 283.000000 1.217895
 284.000000 1.220321
 285.000000 1.224068
 286.000000 1.228445
 287.000000 1.232728
 288.000000 1.236184
 289.000000 1.238195
 290.000000 1.238291
 291.000000 1.236250
 292.000000 1.232194
 293.000000 1.226648
 294.000000 1.220505
 295.000000 1.214841
 296.000000 1.210716
 297.000000 1.209023
 298.000000 1.210395
 299.000000 1.215169
 300.000000 1.223328
 301.000000 1.234419
 302.000000 1.247489
 303.000000 1.261434
 304.000000 1.275100
 305.000000 1.287104
 306.000000 1.296157
 307.000000 1.301162
 308.000000 1.301378
 309.000000 1.296590
 310.000000 1.287082
 311.000000 1.273581
 312.000000 1.257639
 313.000000 1.240943
 314.000000 1.225150
 315.000000 1.211913
 316.000000 1.202697
 317.000000 1.198285
 318.000000 1.198895
 319.000000 1.204110
 320.000000 1.213007
 321.000000 1.224219
 322.000000 1.236251
 323.000000 1.247430
 324.000000 1.256683
 325.000000 1.263032
 326.000000 1.265673
 327.000000 1.264306
 328.000000 1.259055
 329.000000 1.250524
 330.000000 1.239767
 331.000000 1.228284
 332.000000 1.217733
 333.000000 1.209475
 334.000000 1.204758
 335.000000 1.204279
 336.000000 1.208237
 337.000000 1.216217
 338.000000 1.227314
 339.000000 1.240322
 340.000000 1.253981
 341.000000 1.267104
 342.000000 1.278333
 343.000000 1.286676
 344.000000 1.291456
 345.000000 1.292288
 346.000000 1.289204
 347.000000 1.282613
 348.000000 1.273174
 349.000000 1.261809
 350.000000 1.249734
 351.000000 1.237992
 352.000000 1.227513
 353.000000 1.219169
 354.000000 1.213702
 355.000000 1.211670
 356.000000 1.213213
 357.000000 1.218124
 358.000000 1.225794
 359.000000 1.235378
 360.000000 1.245918
 361.000000 1.256185
 362.000000 1.265193
 363.000000 1.272142
 364.000000 1.276505
 365.000000 1.278086
 366.000000 1.276884
 367.000000 1.273112
 368.000000 1.267155
 369.000000 1.259518
 370.000000 1.250804
 371.000000 1.241856
 372.000000 1.233422
 373.000000 1.226185
 374.000000 1.220702
 375.000000 1.217406
 376.000000 1.216445
 377.000000 1.217552
 378.000000 1.220268
 379.000000 1.224062
 380.000000 1.228408
 381.000000 1.232853
 382.000000 1.237179
 383.000000 1.241250
 384.000000 1.244949
 385.000000 1.248201
 386.000000 1.250913
 387.000000 1.253060
 388.000000 1.254652
 389.000000 1.255788
 390.000000 1.256564
 391.000000 1.257041
 392.000000 1.257179
 393.000000 1.256806
 394.000000 1.255623
 395.000000 1.253294
 396.000000 1.249555
 397.000000 1.244430
 398.000000 1.238204
 399.000000 1.231529
 400.000000 1.225222
 401.000000 1.220329
 402.000000 1.217792
 403.000000 1.218378
 404.000000 1.222408
 405.000000 1.229716
 406.000000 1.239832
 407.000000 1.251838
 408.000000 1.264751
 409.000000 1.277444
 410.000000 1.288999
 411.000000 1.298355
 412.000000 1.304551
 413.000000 1.306831
 414.000000 1.304645
 415.000000 1.297789
 416.000000 1.286407
 417.000000 1.271370
 418.000000 1.253752
 419.000000 1.235562
 420.000000 1.218564
 421.000000 1.204624
 422.000000 1.195866
 423.000000 1.193357
 424.000000 1.197496
 425.000000 1.207667
 426.000000 1.222304
 427.000000 1.239924
 428.000000 1.258460
 429.000000 1.276144
 430.000000 1.291332
 431.000000 1.302703
 432.000000 1.309759
 433.000000 1.312314
 434.000000 1.310584
 435.000000 1.305127
 436.000000 1.296683
 437.000000 1.286312
 438.000000 1.275074
 439.000000 1.264091
 440.000000 1.254168
 441.000000 1.246143
 442.000000 1.240721
 443.000000 1.238263
 444.000000 1.238885
 445.000000 1.242359
 446.000000 1.248156
 447.000000 1.255434
 448.000000 1.263146
 449.000000 1.270371
 450.000000 1.276390
 451.000000 1.280910
 452.000000 1.284045
 453.000000 1.286190
 454.000000 1.287889
 455.000000 1.289675
 456.000000 1.291984
 457.000000 1.295042
 458.000000 1.298843
 459.000000 1.303298
 460.000000 1.308037
 461.000000 1.312515
 462.000000 1.316208
 463.000000 1.318602
 464.000000 1.319249
 465.000000 1.317851
 466.000000 1.314266
 467.000000 1.308594
 468.000000 1.301190
 469.000000 1.292612
 470.000000 1.283769
 471.000000 1.275663
 472.000000 1.269347
 473.000000 1.265659
 474.000000 1.265100
 475.000000 1.267796
 476.000000 1.273475
 477.000000 1.281431
 478.000000 1.290724
 479.000000 1.300483
 480.000000 1.309901
 481.000000 1.318359
 482.000000 1.325503
 483.000000 1.331163
 484.000000 1.335352
 485.000000 1.338272
 486.000000 1.340254
 487.000000 1.341702
 488.000000 1.342992
 489.000000 1.344428
 490.000000 1.346167
 491.000000 1.348192
 492.000000 1.350313
 493.000000 1.352208
 494.000000 1.353457
 495.000000 1.353718
 496.000000 1.352759
 497.000000 1.350491
 498.000000 1.346929
 499.000000 1.342134
 500.000000 1.336202
 501.000000 1.329273
 502.000000 1.321681
 503.000000 1.313645
 504.000000 1.305633
 505.000000 1.298325
 506.000000 1.292294
 507.000000 1.287984
 508.000000 1.285606
 509.000000 1.285212
 510.000000 1.286711
 511.000000 1.289971
 512.000000 1.294821
 513.000000 1.301182
 514.000000 1.309017
 515.000000 1.318239
 516.000000 1.328822
 517.000000 1.340460
 518.000000 1.352522
 519.000000 1.364345
 520.000000 1.375302
 521.000000 1.384850
 522.000000 1.392459
 523.000000 1.397584
 524.000000 1.399861
 525.000000 1.398956
 526.000000 1.394701
 527.000000 1.387224
 528.000000 1.377040
 529.000000 1.364867
 530.000000 1.351458
 531.000000 1.338247
 532.000000 1.326413
 533.000000 1.316775
 534.000000 1.310179
 535.000000 1.307047
 536.000000 1.307191
 537.000000 1.309987
 538.000000 1.314496
 539.000000 1.319777
 540.000000 1.324980
 541.000000 1.329439
 542.000000 1.332971
 543.000000 1.335861
 544.000000 1.338636
 545.000000 1.342046
 546.000000 1.346815
 547.000000 1.353599
 548.000000 1.362857
 549.000000 1.374768
 550.000000 1.389135
 551.000000 1.405385
 552.000000 1.422861
 553.000000 1.440489
 554.000000 1.457012
 555.000000 1.471587
 556.000000 1.483086
 557.000000 1.490843
 558.000000 1.494518
 559.000000 1.494102
 560.000000 1.489863
 561.000000 1.482252
 562.000000 1.471775
 563.000000 1.458914
 564.000000 1.444489
 565.000000 1.429284
 566.000000 1.413765
 567.000000 1.398518
 568.000000 1.383966
 569.000000 1.370288
 570.000000 1.357768
 571.000000 1.346558
 572.000000 1.336632
 573.000000 1.327943
 574.000000 1.320134
 575.000000 1.312907
 576.000000 1.305930
 577.000000 1.299107
 578.000000 1.292528
 579.000000 1.286586
 580.000000 1.281993
 581.000000 1.279531
 582.000000 1.279920
 583.000000 1.283657
 584.000000 1.290960
 585.000000 1.301699
 586.000000 1.315310
 587.000000 1.331297
 588.000000 1.348671
 589.000000 1.366520
 590.000000 1.383929
 591.000000 1.399615
 592.000000 1.412720
 593.000000 1.422539
 594.000000 1.428871
 595.000000 1.431885
 596.000000 1.432065
 597.000000 1.430075
 598.000000 1.426630
 599.000000 1.422285
 600.000000 1.417431
 601.000000 1.412249
 602.000000 1.406790
 603.000000 1.400933
 604.000000 1.394532
 605.000000 1.387414
 606.000000 1.379372
 607.000000 1.370421
 608.000000 1.360749
 609.000000 1.350610
 610.000000 1.340408
 611.000000 1.330678
 612.000000 1.321859
 613.000000 1.314349
 614.000000 1.308442
 615.000000 1.304314
 616.000000 1.301884
 617.000000 1.300995
 618.000000 1.301378
 619.000000 1.302746
 620.000000 1.304844
 621.000000 1.307487
 622.000000 1.310592
 623.000000 1.314147
 624.000000 1.318193
 625.000000 1.322772
 626.000000 1.327733
 627.000000 1.332864
 628.000000 1.337973
 629.000000 1.342783
 630.000000 1.347205
 631.000000 1.351129
 632.000000 1.354613
 633.000000 1.357769
 634.000000 1.360746
 635.000000 1.363758
 636.000000 1.366925
 637.000000 1.370238
 638.000000 1.373612
 639.000000 1.376828
 640.000000 1.379541
 641.000000 1.381244
 642.000000 1.381391
 643.000000 1.379472
 644.000000 1.375155
 645.000000 1.368317
 646.000000 1.359252
 647.000000 1.348624
 648.000000 1.337372
 649.000000 1.326509
 650.000000 1.316941
 651.000000 1.309307
 652.000000 1.303938
 653.000000 1.300802
 654.000000 1.299602
 655.000000 1.299916
 656.000000 1.301331
 657.000000 1.303546
 658.000000 1.306388
 659.000000 1.309695
 660.000000 1.313349
 661.000000 1.317193
 662.000000 1.320920
 663.000000 1.324209
 664.000000 1.326587
 665.000000 1.327776
 666.000000 1.327608
 667.000000 1.326105
 668.000000 1.323507
 669.000000 1.320208
 670.000000 1.316704
 671.000000 1.313587
 672.000000 1.311502
 673.000000 1.311186
 674.000000 1.313270
 675.000000 1.318243
 676.000000 1.326289
 677.000000 1.337189
 678.000000 1.350342
 679.000000 1.364730
 680.000000 1.378996
 681.000000 1.391740
 682.000000 1.401676
 683.000000 1.408123
 684.000000 1.410863
 685.000000 1.410267
 686.000000 1.407226
 687.000000 1.402801
 688.000000 1.398059
 689.000000 1.393820
 690.000000 1.390694
 691.000000 1.389055
 692.000000 1.389147
 693.000000 1.391065
 694.000000 1.394673
 695.000000 1.399658
 696.000000 1.405428
 697.000000 1.411271
 698.000000 1.416451
 699.000000 1.420363
 700.000000 1.422684
 701.000000 1.423424
 702.000000 1.422838
 703.000000 1.421350
 704.000000 1.419443
 705.000000 1.417575
 706.000000 1.416135
 707.000000 1.415475
 708.000000 1.415914
 709.000000 1.417692
 710.000000 1.420966
 711.000000 1.425778
 712.000000 1.431931
 713.000000 1.439142
 714.000000 1.446956
 715.000000 1.454574
 716.000000 1.460958
 717.000000 1.465105
 718.000000 1.466175
 719.000000 1.463587
 720.000000 1.457296
 721.000000 1.447807
 722.000000 1.436200
 723.000000 1.423854
 724.000000 1.412256
 725.000000 1.402608
 726.000000 1.395844
 727.000000 1.392496
 728.000000 1.392454
 729.000000 1.395107
 730.000000 1.399394
 731.000000 1.403979
 732.000000 1.407474
 733.000000 1.408687
 734.000000 1.406800
 735.000000 1.401506
 736.000000 1.393074
 737.000000 1.382289
 738.000000 1.370374
 739.000000 1.358644
 740.000000 1.348462
 741.000000 1.340941
 742.000000 1.336914
 743.000000 1.336724
 744.000000 1.340181
 745.000000 1.346640
 746.000000 1.355307
 747.000000 1.365274
 748.000000 1.375729
 749.000000 1.386136
 750.000000 1.396442
 751.000000 1.406604
 752.000000 1.416739
 753.000000 1.426911
 754.000000 1.436995
 755.000000 1.446906
 756.000000 1.456343
 757.000000 1.464921
 758.000000 1.472316
 759.000000 1.477951
 760.000000 1.481449
 761.000000 1.482509
 762.000000 1.481144
 763.000000 1.477620
 764.000000 1.472391
 765.000000 1.466117
 766.000000 1.459645
 767.000000 1.453851
 768.000000 1.449482
 769.000000 1.447105
 770.000000 1.446889
 771.000000 1.448572
 772.000000 1.451426
 773.000000 1.454398
 774.000000 1.456291
 775.000000 1.455985
 776.000000 1.452751
 777.000000 1.446409
 778.000000 1.437404
 779.000000 1.426509
 780.000000 1.415111
 781.000000 1.404514
 782.000000 1.395890
 783.000000 1.390244
 784.000000 1.388162
 785.000000 1.389783
 786.000000 1.394898
 787.000000 1.402868
 788.000000 1.412918
 789.000000 1.424048
 790.000000 1.435316
 791.000000 1.445829
 792.000000 1.454847
 793.000000 1.462033
 794.000000 1.467403
 795.000000 1.471188
 796.000000 1.473849
 797.000000 1.476045
 798.000000 1.478345
 799.000000 1.481228
 800.000000 1.484990
 801.000000 1.489852
 802.000000 1.495756
 803.000000 1.502418
 804.000000 1.509328
 805.000000 1.515802
 806.000000 1.521051
 807.000000 1.524145
 808.000000 1.524143
 809.000000 1.520313
 810.000000 1.512232
 811.000000 1.500020
 812.000000 1.484135
 813.000000 1.465683
 814.000000 1.446141
 815.000000 1.426703
 816.000000 1.408834
 817.000000 1.393613
 818.000000 1.381704
 819.000000 1.373448
 820.000000 1.368578
 821.000000 1.366676
 822.000000 1.367024
 823.000000 1.368846
 824.000000 1.371436
 825.000000 1.374274
 826.000000 1.377139
 827.000000 1.379895
 828.000000 1.382540
 829.000000 1.385080
 830.000000 1.387592
 831.000000 1.390190
 832.000000 1.393008
 833.000000 1.396220
 834.000000 1.399865
 835.000000 1.403932
 836.000000 1.408307
 837.000000 1.412786
 838.000000 1.417068
 839.000000 1.420969
 840.000000 1.424374
 841.000000 1.427178
 842.000000 1.429353
 843.000000 1.430942
 844.000000 1.431997
 845.000000 1.432558
 846.000000 1.432621
 847.000000 1.432144
 848.000000 1.431065
 849.000000 1.429367
 850.000000 1.427037
 851.000000 1.424151
 852.000000 1.420769
 853.000000 1.416978
 854.000000 1.412816
 855.000000 1.408296
 856.000000 1.403479
 857.000000 1.398564
 858.000000 1.393889
 859.000000 1.389794
 860.000000 1.386665
 861.000000 1.384828
 862.000000 1.384507
 863.000000 1.385850
 864.000000 1.388951
 865.000000 1.393804
 866.000000 1.400268
 867.000000 1.408171
 868.000000 1.417127
 869.000000 1.426678
 870.000000 1.436320
 871.000000 1.445415
 872.000000 1.453529
 873.000000 1.460432
 874.000000 1.465963
 875.000000 1.470285
 876.000000 1.473720
 877.000000 1.476798
 878.000000 1.479976
 879.000000 1.483616
 880.000000 1.487888
 881.000000 1.492723
 882.000000 1.497846
 883.000000 1.502774
 884.000000 1.506822
 885.000000 1.509361
 886.000000 1.509751
 887.000000 1.507508
 888.000000 1.502412
 889.000000 1.494498
 890.000000 1.484216
 891.000000 1.472185
 892.000000 1.459001
 893.000000 1.445543
 894.000000 1.432625
 895.000000 1.420946
 896.000000 1.411030
 897.000000 1.403194
 898.000000 1.397522
 899.000000 1.393968
 900.000000 1.392399
 901.000000 1.392616
 902.000000 1.394397
 903.000000 1.397504
 904.000000 1.401716
 905.000000 1.406872
 906.000000 1.412742
 907.000000 1.419305
 908.000000 1.426478
 909.000000 1.434214
 910.000000 1.442450
 911.000000 1.451142
 912.000000 1.460318
 913.000000 1.469804
 914.000000 1.479341
 915.000000 1.488540
 916.000000 1.496832
 917.000000 1.503745
 918.000000 1.508775
 919.000000 1.511512
 920.000000 1.511732
 921.000000 1.509390
 922.000000 1.504757
 923.000000 1.498290
 924.000000 1.490601
 925.000000 1.482339
 926.000000 1.474031
 927.000000 1.466091
 928.000000 1.458614
 929.000000 1.451654
 930.000000 1.445154
 931.000000 1.438928
 932.000000 1.432945
 933.000000 1.427166
 934.000000 1.421667
 935.000000 1.416632
 936.000000 1.412489
 937.000000 1.409640
 938.000000 1.408469
 939.000000 1.409286
 940.000000 1.412234
 941.000000 1.417271
 942.000000 1.424199
 943.000000 1.432692
 944.000000 1.442172
 945.000000 1.452079
 946.000000 1.461836
 947.000000 1.470718
 948.000000 1.477960
 949.000000 1.482811
 950.000000 1.484779
 951.000000 1.483471
 952.000000 1.478801
 953.000000 1.471088
 954.000000 1.460799
 955.000000 1.448618
 956.000000 1.435600
 957.000000 1.422818
 958.000000 1.411300
 959.000000 1.401797
 960.000000 1.394889
 961.000000 1.390736
 962.000000 1.389332
 963.000000 1.390383
 964.000000 1.393403
 965.000000 1.397722
 966.000000 1.402700
 967.000000 1.407661
 968.000000 1.412131
 969.000000 1.415798
 970.000000 1.418604
 971.000000 1.420710
 972.000000 1.422447
 973.000000 1.424264
 974.000000 1.426647
 975.000000 1.430055
 976.000000 1.434849
 977.000000 1.441139
 978.000000 1.448925
 979.000000 1.457987
 980.000000 1.467939
 981.000000 1.478276
 982.000000 1.488330
 983.000000 1.497432
 984.000000 1.505012
 985.000000 1.510433
 986.000000 1.513342
 987.000000 1.513580
 988.000000 1.511272
 989.000000 1.506741
 990.000000 1.500463
 991.000000 1.493007
 992.000000 1.484975
 993.000000 1.477062
 994.000000 1.469614
 995.000000 1.462969
 996.000000 1.457246
 997.000000 1.452369
 998.000000 1.448239
 999.000000 1.444660
 1000.000000 1.441401
 1001.000000 1.438417
 1002.000000 1.435664
 1003.000000 1.433097
 1004.000000 1.430785
 1005.000000 1.428797
 1006.000000 1.427256
 1007.000000 1.426258
 1008.000000 1.425822
 1009.000000 1.425835
 1010.000000 1.425991
 1011.000000 1.425835
 1012.000000 1.424894
 1013.000000 1.422835
 1014.000000 1.419650
 1015.000000 1.415717
 1016.000000 1.411846
 1017.000000 1.409017
 1018.000000 1.408230
 1019.000000 1.410261
 1020.000000 1.415414
 1021.000000 1.423502
 1022.000000 1.433976
 1023.000000 1.445856
 1024.000000 1.458022
 1025.000000 1.469262
 1026.000000 1.478386
 1027.000000 1.484556
 1028.000000 1.487224
 1029.000000 1.486302
 1030.000000 1.482100
 1031.000000 1.475197
 1032.000000 1.466433
 1033.000000 1.456569
 1034.000000 1.446475
 1035.000000 1.436907
 1036.000000 1.428357
 1037.000000 1.421281
 1038.000000 1.415821
 1039.000000 1.411833
 1040.000000 1.408951
 1041.000000 1.406698
 1042.000000 1.404505
 1043.000000 1.401865
 1044.000000 1.398421
 1045.000000 1.394091
 1046.000000 1.389005
 1047.000000 1.383569
 1048.000000 1.378368
 1049.000000 1.374075
 1050.000000 1.371354
 1051.000000 1.370711
 1052.000000 1.372510
 1053.000000 1.376949
 1054.000000 1.383920
 1055.000000 1.393168
 1056.000000 1.404137
 1057.000000 1.416046
 1058.000000 1.428449
 1059.000000 1.440562
 1060.000000 1.451769
 1061.000000 1.461602
 1062.000000 1.469799
 1063.000000 1.476405
 1064.000000 1.481712
 1065.000000 1.486105
 1066.000000 1.490138
 1067.000000 1.494265
 1068.000000 1.498718
 1069.000000 1.503502
 1070.000000 1.508375
 1071.000000 1.512938
 1072.000000 1.516647
 1073.000000 1.518990
 1074.000000 1.519518
 1075.000000 1.517861
 1076.000000 1.513780
 1077.000000 1.507224
 1078.000000 1.498265
 1079.000000 1.487253
 1080.000000 1.474527
 1081.000000 1.460904
 1082.000000 1.446819
 1083.000000 1.432729
 1084.000000 1.419048
 1085.000000 1.406094
 1086.000000 1.393991
 1087.000000 1.382860
 1088.000000 1.372817
 1089.000000 1.363880
 1090.000000 1.356201
 1091.000000 1.349951
 1092.000000 1.345194
 1093.000000 1.341856
 1094.000000 1.339765
 1095.000000 1.338670
 1096.000000 1.338378
 1097.000000 1.338820
 1098.000000 1.340096
 1099.000000 1.342439
 1100.000000 1.346030
 1101.000000 1.350851
 1102.000000 1.356670
 1103.000000 1.363102
 1104.000000 1.369477
 1105.000000 1.375037
 1106.000000 1.379245
 1107.000000 1.381822
 1108.000000 1.382786
 1109.000000 1.382388
 1110.000000 1.381044
 1111.000000 1.379242
 1112.000000 1.377390
 1113.000000 1.375836
 1114.000000 1.374836
 1115.000000 1.374540
 1116.000000 1.374982
 1117.000000 1.376026
 1118.000000 1.377366
 1119.000000 1.378573
 1120.000000 1.379225
 1121.000000 1.379031
 1122.000000 1.377953
 1123.000000 1.376182
 1124.000000 1.374156
 1125.000000 1.372446
 1126.000000 1.371600
 1127.000000 1.372059
 1128.000000 1.374020
 1129.000000 1.377334
 1130.000000 1.381550
 1131.000000 1.385997
 1132.000000 1.389803
 1133.000000 1.392028
 1134.000000 1.391824
 1135.000000 1.388510
 1136.000000 1.381712
 1137.000000 1.371200
 1138.000000 1.357401
 1139.000000 1.341399
 1140.000000 1.324518
 1141.000000 1.308361
 1142.000000 1.294341
 1143.000000 1.283838
 1144.000000 1.277735
 1145.000000 1.276364
 1146.000000 1.279426
 1147.000000 1.285987
 1148.000000 1.294731
 1149.000000 1.304105
 1150.000000 1.312548
 1151.000000 1.319061
 1152.000000 1.323174
 1153.000000 1.325078
 1154.000000 1.325561
 1155.000000 1.325786
 1156.000000 1.327046
 1157.000000 1.330501
 1158.000000 1.337126
 1159.000000 1.347393
 1160.000000 1.361402
 1161.000000 1.378634
 1162.000000 1.398430
 1163.000000 1.419969
 1164.000000 1.441810
 1165.000000 1.462393
 1166.000000 1.480258
 1167.000000 1.494082
 1168.000000 1.502870
 1169.000000 1.506058
 1170.000000 1.503727
 1171.000000 1.496511
 1172.000000 1.485314
 1173.000000 1.471375
 1174.000000 1.456006
 1175.000000 1.440388
 1176.000000 1.425176
 1177.000000 1.411244
 1178.000000 1.399012
 1179.000000 1.388674
 1180.000000 1.379938
 1181.000000 1.372401
 1182.000000 1.365525
 1183.000000 1.358739
 1184.000000 1.351554
 1185.000000 1.343838
 1186.000000 1.335789
 1187.000000 1.327959
 1188.000000 1.321297
 1189.000000 1.316887
 1190.000000 1.315926
 1191.000000 1.319500
 1192.000000 1.328273
 1193.000000 1.342302
 1194.000000 1.361298
 1195.000000 1.384516
 1196.000000 1.410626
 1197.000000 1.438016
 1198.000000 1.464886
 1199.000000 1.489256
 1200.000000 1.509791
 1201.000000 1.525617
 1202.000000 1.536437
 1203.000000 1.542411
 1204.000000 1.544479
 1205.000000 1.543904
 1206.000000 1.542090
 1207.000000 1.540225
 1208.000000 1.539057
 1209.000000 1.538738
 1210.000000 1.538864
 1211.000000 1.538673
 1212.000000 1.537231
 1213.000000 1.533609
 1214.000000 1.527170
 1215.000000 1.517608
 1216.000000 1.505124
 1217.000000 1.490304
 1218.000000 1.473851
 1219.000000 1.456147
 1220.000000 1.437566
 1221.000000 1.418367
 1222.000000 1.398946
 1223.000000 1.380450
 1224.000000 1.363529
 1225.000000 1.348834
 1226.000000 1.336774
 1227.000000 1.327426
 1228.000000 1.320668
 1229.000000 1.316316
 1230.000000 1.314225
 1231.000000 1.314218
 1232.000000 1.316108
 1233.000000 1.319716
 1234.000000 1.324782
 1235.000000 1.330978
 1236.000000 1.338020
 1237.000000 1.345312
 1238.000000 1.352251
 1239.000000 1.358138
 1240.000000 1.362317
 1241.000000 1.364317
 1242.000000 1.363897
 1243.000000 1.361107
 1244.000000 1.356285
 1245.000000 1.349959
 1246.000000 1.342834
 1247.000000 1.335822
 1248.000000 1.329845
 1249.000000 1.325714
 1250.000000 1.324150
 1251.000000 1.325561
 1252.000000 1.330033
 1253.000000 1.337223
 1254.000000 1.346503
 1255.000000 1.356840
 1256.000000 1.367188
 1257.000000 1.376225
 1258.000000 1.382838
 1259.000000 1.386355
 1260.000000 1.386348
 1261.000000 1.382900
 1262.000000 1.376498
 1263.000000 1.368066
 1264.000000 1.358631
 1265.000000 1.349241
 1266.000000 1.340997
 1267.000000 1.334551
 1268.000000 1.330368
 1269.000000 1.328500
 1270.000000 1.328630
 1271.000000 1.330125
 1272.000000 1.332119
 1273.000000 1.333652
 1274.000000 1.333849
 1275.000000 1.332041
 1276.000000 1.327954
 1277.000000 1.321747
 1278.000000 1.313942
 1279.000000 1.305484
 1280.000000 1.297273
 1281.000000 1.290325
 1282.000000 1.285389
 1283.000000 1.282972
 1284.000000 1.283285
 1285.000000 1.286262
 1286.000000 1.291605
 1287.000000 1.298871
 1288.000000 1.307726
 1289.000000 1.317786
 1290.000000 1.328490
 1291.000000 1.339239
 1292.000000 1.349424
 1293.000000 1.358444
 1294.000000 1.365845
 1295.000000 1.371294
 1296.000000 1.374566
 1297.000000 1.375731
 1298.000000 1.375027
 1299.000000 1.372763
 1300.000000 1.369298
 1301.000000 1.365075
 1302.000000 1.360527
 1303.000000 1.356144
 1304.000000 1.352359
 1305.000000 1.349522
 1306.000000 1.347896
 1307.000000 1.347661
 1308.000000 1.348870
 1309.000000 1.351516
 1310.000000 1.355457
 1311.000000 1.360460
 1312.000000 1.366341
 1313.000000 1.372820
 1314.000000 1.379523
 1315.000000 1.386177
 1316.000000 1.392613
 1317.000000 1.398586
 1318.000000 1.403993
 1319.000000 1.408625
 1320.000000 1.412285
 1321.000000 1.414973
 1322.000000 1.416795
 1323.000000 1.417864
 1324.000000 1.418321
 1325.000000 1.418298
 1326.000000 1.417879
 1327.000000 1.417043
 1328.000000 1.415650
 1329.000000 1.413479
 1330.000000 1.410240
 1331.000000 1.405634
 1332.000000 1.399407
 1333.000000 1.391535
 1334.000000 1.382042
 1335.000000 1.371070
 1336.000000 1.358950
 1337.000000 1.346132
 1338.000000 1.333063
 1339.000000 1.320289
 1340.000000 1.308405
 1341.000000 1.297853
 1342.000000 1.289140
 1343.000000 1.282460
 1344.000000 1.277923
 1345.000000 1.275473
 1346.000000 1.274913
 1347.000000 1.276001
 1348.000000 1.278510
 1349.000000 1.282283
 1350.000000 1.287233
 1351.000000 1.293300
 1352.000000 1.300448
 1353.000000 1.308572
 1354.000000 1.317448
 1355.000000 1.326891
 1356.000000 1.336472
 1357.000000 1.345949
 1358.000000 1.355051
 1359.000000 1.363357
 1360.000000 1.370438
 1361.000000 1.375703
 1362.000000 1.378655
 1363.000000 1.378793
 1364.000000 1.375775
 1365.000000 1.369510
 1366.000000 1.360254
 1367.000000 1.348500
 1368.000000 1.335178
 1369.000000 1.321338
 1370.000000 1.308290
 1371.000000 1.297118
 1372.000000 1.288678
 1373.000000 1.283576
 1374.000000 1.282171
 1375.000000 1.284329
 1376.000000 1.289553
 1377.000000 1.297070
 1378.000000 1.305911
 1379.000000 1.315100
 1380.000000 1.323554
 1381.000000 1.330442
 1382.000000 1.335232
 1383.000000 1.337696
 1384.000000 1.337912
 1385.000000 1.336387
 1386.000000 1.333895
 1387.000000 1.331352
 1388.000000 1.329614
 1389.000000 1.329298
 1390.000000 1.330710
 1391.000000 1.333841
 1392.000000 1.338476
 1393.000000 1.344110
 1394.000000 1.350097
 1395.000000 1.355855
 1396.000000 1.360867
 1397.000000 1.364653
 1398.000000 1.366881
 1399.000000 1.367318
 1400.000000 1.365921
 1401.000000 1.362928
 1402.000000 1.358887
 1403.000000 1.354567
 1404.000000 1.350868
 1405.000000 1.348697
 1406.000000 1.348698
 1407.000000 1.351223
 1408.000000 1.356196
 1409.000000 1.363129
 1410.000000 1.371362
 1411.000000 1.380183
 1412.000000 1.388858
 1413.000000 1.396995
 1414.000000 1.404381
 1415.000000 1.410931
 1416.000000 1.416691
 1417.000000 1.421649
 1418.000000 1.425576
 1419.000000 1.428118
 1420.000000 1.428881
 1421.000000 1.427551
 1422.000000 1.423870
 1423.000000 1.417725
 1424.000000 1.409224
 1425.000000 1.398607
 1426.000000 1.386140
 1427.000000 1.372262
 1428.000000 1.357683
 1429.000000 1.343055
 1430.000000 1.329351
 1431.000000 1.317590
 1432.000000 1.308645
 1433.000000 1.303179
 1434.000000 1.301500
 1435.000000 1.303413
 1436.000000 1.308257
 1437.000000 1.315059
 1438.000000 1.322686
 1439.000000 1.330049
 1440.000000 1.336499
 1441.000000 1.341836
 1442.000000 1.346133
 1443.000000 1.349680
 1444.000000 1.352941
 1445.000000 1.356308
 1446.000000 1.360149
 1447.000000 1.364736
 1448.000000 1.370238
 1449.000000 1.376767
 1450.000000 1.384366
 1451.000000 1.392876
 1452.000000 1.401936
 1453.000000 1.411199
 1454.000000 1.420073
 1455.000000 1.427722
 1456.000000 1.433322
 1457.000000 1.436175
 1458.000000 1.435993
 1459.000000 1.433013
 1460.000000 1.427922
 1461.000000 1.421534
 1462.000000 1.414701
 1463.000000 1.408157
 1464.000000 1.402641
 1465.000000 1.398833
 1466.000000 1.397214
 1467.000000 1.398171
 1468.000000 1.401910
 1469.000000 1.408426
 1470.000000 1.417394
 1471.000000 1.428353
 1472.000000 1.440450
 1473.000000 1.452568
 1474.000000 1.463589
 1475.000000 1.472422
 1476.000000 1.478294
 1477.000000 1.480619
 1478.000000 1.479399
 1479.000000 1.475153
 1480.000000 1.468832
 1481.000000 1.461495
 1482.000000 1.454417
 1483.000000 1.448613
 1484.000000 1.444976
 1485.000000 1.444043
 1486.000000 1.446086
 1487.000000 1.450924
 1488.000000 1.457914
 1489.000000 1.465887
 1490.000000 1.473472
 1491.000000 1.479244
 1492.000000 1.481995
 1493.000000 1.480871
 1494.000000 1.475550
 1495.000000 1.466385
 1496.000000 1.454338
 1497.000000 1.440733
 1498.000000 1.426922
 1499.000000 1.414229
 1500.000000 1.403554
 1501.000000 1.395293
 1502.000000 1.389671
 1503.000000 1.386614
 1504.000000 1.385717
 1505.000000 1.386420
 1506.000000 1.388068
 1507.000000 1.389963
 1508.000000 1.391472
 1509.000000 1.392018
 1510.000000 1.391091
 1511.000000 1.388296
 1512.000000 1.383439
 1513.000000 1.376665
 1514.000000 1.368417
 1515.000000 1.359453
 1516.000000 1.350955
 1517.000000 1.343857
 1518.000000 1.338967
 1519.000000 1.336612
 1520.000000 1.336892
 1521.000000 1.339651
 1522.000000 1.344499
 1523.000000 1.350917
 1524.000000 1.358400
 1525.000000 1.366332
 1526.000000 1.374073
 1527.000000 1.380970
 1528.000000 1.386402
 1529.000000 1.389864
 1530.000000 1.390859
 1531.000000 1.389250
 1532.000000 1.385266
 1533.000000 1.379453
 1534.000000 1.372711
 1535.000000 1.365902
 1536.000000 1.359627
 1537.000000 1.354133
 1538.000000 1.349477
 1539.000000 1.345718
 1540.000000 1.343068
 1541.000000 1.341944
 1542.000000 1.342784
 1543.000000 1.345900
 1544.000000 1.351350
 1545.000000 1.358946
 1546.000000 1.368506
 1547.000000 1.379712
 1548.000000 1.392405
 1549.000000 1.406689
 1550.000000 1.422308
 1551.000000 1.438913
 1552.000000 1.455404
 1553.000000 1.470689
 1554.000000 1.483689
 1555.000000 1.493930
 1556.000000 1.501276
 1557.000000 1.505956
 1558.000000 1.508691
 1559.000000 1.510509
 1560.000000 1.512514
 1561.000000 1.515424
 1562.000000 1.519396
 1563.000000 1.524057
 1564.000000 1.528795
 1565.000000 1.532650
 1566.000000 1.534491
 1567.000000 1.533089
 1568.000000 1.527344
 1569.000000 1.516657
 1570.000000 1.500850
 1571.000000 1.480273
 1572.000000 1.455826
 1573.000000 1.429176
 1574.000000 1.401869
 1575.000000 1.375786
 1576.000000 1.352304
 1577.000000 1.332980
 1578.000000 1.319139
 1579.000000 1.311262
 1580.000000 1.309435
 1581.000000 1.312986
 1582.000000 1.320636
 1583.000000 1.330785
 1584.000000 1.341665
 1585.000000 1.351579
 1586.000000 1.359376
 1587.000000 1.364510
 1588.000000 1.367135
 1589.000000 1.368078
 1590.000000 1.368477
 1591.000000 1.369561
 1592.000000 1.372403
 1593.000000 1.377745
 1594.000000 1.385972
 1595.000000 1.397080
 1596.000000 1.410701
 1597.000000 1.425973
 1598.000000 1.441686
 1599.000000 1.456683
 1600.000000 1.469789
 1601.000000 1.480065
 1602.000000 1.486758
 1603.000000 1.489556
 1604.000000 1.488500
 1605.000000 1.484100
 1606.000000 1.477110
 1607.000000 1.468563
 1608.000000 1.459520
 1609.000000 1.450801
 1610.000000 1.442943
 1611.000000 1.436370
 1612.000000 1.431331
 1613.000000 1.427812
 1614.000000 1.425516
 1615.000000 1.424032
 1616.000000 1.422745
 1617.000000 1.420963
 1618.000000 1.418005
 1619.000000 1.413321
 1620.000000 1.406565
 1621.000000 1.397789
 1622.000000 1.387442
 1623.000000 1.376430
 1624.000000 1.365701
 1625.000000 1.356511
 1626.000000 1.349767
 1627.000000 1.346120
 1628.000000 1.345753
 1629.000000 1.348393
 1630.000000 1.353434
 1631.000000 1.360019
 1632.000000 1.367299
 1633.000000 1.374562
 1634.000000 1.381391
 1635.000000 1.387662
 1636.000000 1.393627
 1637.000000 1.399791
 1638.000000 1.406759
 1639.000000 1.415039
 1640.000000 1.425043
 1641.000000 1.436945
 1642.000000 1.450455
 1643.000000 1.464985
 1644.000000 1.479801
 1645.000000 1.493947
 1646.000000 1.506284
 1647.000000 1.515740
 1648.000000 1.521459
 1649.000000 1.522916
 1650.000000 1.520003
 1651.000000 1.513014
 1652.000000 1.502557
 1653.000000 1.489616
 1654.000000 1.475102
 1655.000000 1.459964
 1656.000000 1.444964
 1657.000000 1.430597
 1658.000000 1.417178
 1659.000000 1.404906
 1660.000000 1.393725
 1661.000000 1.383501
 1662.000000 1.374099
 1663.000000 1.365246
 1664.000000 1.356825
 1665.000000 1.348953
 1666.000000 1.341947
 1667.000000 1.336317
 1668.000000 1.332621
 1669.000000 1.331367
 1670.000000 1.332785
 1671.000000 1.336867
 1672.000000 1.343306
 1673.000000 1.351490
 1674.000000 1.360723
 1675.000000 1.370188
 1676.000000 1.379195
 1677.000000 1.387185
 1678.000000 1.393579
 1679.000000 1.397986
 1680.000000 1.400215
 1681.000000 1.400305
 1682.000000 1.398584
 1683.000000 1.395617
 1684.000000 1.392079
 1685.000000 1.388626
 1686.000000 1.385884
 1687.000000 1.384240
 1688.000000 1.383821
 1689.000000 1.384468
 1690.000000 1.385836
 1691.000000 1.387459
 1692.000000 1.388818
 1693.000000 1.389466
 1694.000000 1.389110
 1695.000000 1.387608
 1696.000000 1.385024
 1697.000000 1.381577
 1698.000000 1.377608
 1699.000000 1.373558
 1700.000000 1.369924
 1701.000000 1.367296
 1702.000000 1.366252
 1703.000000 1.367236
 1704.000000 1.370464
 1705.000000 1.375931
 1706.000000 1.383324
 1707.000000 1.392041
 1708.000000 1.401325
 1709.000000 1.410272
 1710.000000 1.417900
 1711.000000 1.423179
 1712.000000 1.425403
 1713.000000 1.424189
 1714.000000 1.419724
 1715.000000 1.412713
 1716.000000 1.404397
 1717.000000 1.396151
 1718.000000 1.389322
 1719.000000 1.385128
 1720.000000 1.384420
 1721.000000 1.387534
 1722.000000 1.394362
 1723.000000 1.404416
 1724.000000 1.416902
 1725.000000 1.430720
 1726.000000 1.444701
 1727.000000 1.457651
 1728.000000 1.468838
 1729.000000 1.478024
 1730.000000 1.485229
 1731.000000 1.490594
 1732.000000 1.494531
 1733.000000 1.497386
 1734.000000 1.499400
 1735.000000 1.500736
 1736.000000 1.501537
 1737.000000 1.501934
 1738.000000 1.502028
 1739.000000 1.501836
 1740.000000 1.501275
 1741.000000 1.500152
 1742.000000 1.498139
 1743.000000 1.494902
 1744.000000 1.490053
 1745.000000 1.483210
 1746.000000 1.474059
 1747.000000 1.462319
 1748.000000 1.447934
 1749.000000 1.431160
 1750.000000 1.412589
 1751.000000 1.392609
 1752.000000 1.372892
 1753.000000 1.354544
 1754.000000 1.338500
 1755.000000 1.325954
 1756.000000 1.317840
 1757.000000 1.314508
 1758.000000 1.315862
 1759.000000 1.321276
 1760.000000 1.329847
 1761.000000 1.340298
 1762.000000 1.351220
 1763.000000 1.361355
 1764.000000 1.369802
 1765.000000 1.375776
 1766.000000 1.379178
 1767.000000 1.380345
 1768.000000 1.379912
 1769.000000 1.378602
 1770.000000 1.376995
 1771.000000 1.375444
 1772.000000 1.374096
 1773.000000 1.372914
 1774.000000 1.371738
 1775.000000 1.370295
 1776.000000 1.368208
 1777.000000 1.365016
 1778.000000 1.360143
 1779.000000 1.352982
 1780.000000 1.343134
 1781.000000 1.330638
 1782.000000 1.315920
 1783.000000 1.299784
 1784.000000 1.283576
 1785.000000 1.268910
 1786.000000 1.257364
 1787.000000 1.250320
 1788.000000 1.248679
 1789.000000 1.252837
 1790.000000 1.262588
 1791.000000 1.277194
 1792.000000 1.295380
 1793.000000 1.315695
 1794.000000 1.337203
 1795.000000 1.358769
 1796.000000 1.379047
 1797.000000 1.396897
 1798.000000 1.411866
 1799.000000 1.423421
 1800.000000 1.431133
 1801.000000 1.434878
 1802.000000 1.434792
 1803.000000 1.431144
 1804.000000 1.424309
 1805.000000 1.414848
 1806.000000 1.403229
 1807.000000 1.389878
 1808.000000 1.375275
 1809.000000 1.359748
 1810.000000 1.343774
 1811.000000 1.327654
 1812.000000 1.311925
 1813.000000 1.297109
 1814.000000 1.283672
 1815.000000 1.272150
 1816.000000 1.262933
 1817.000000 1.256594
 1818.000000 1.253623
 1819.000000 1.254531
 1820.000000 1.259589
 1821.000000 1.268664
 1822.000000 1.281186
 1823.000000 1.296029
 1824.000000 1.311847
 1825.000000 1.327128
 1826.000000 1.340255
 1827.000000 1.350107
 1828.000000 1.356125
 1829.000000 1.358206
 1830.000000 1.356527
 1831.000000 1.351503
 1832.000000 1.343694
 1833.000000 1.333776
 1834.000000 1.322686
 1835.000000 1.311522
 1836.000000 1.301308
 1837.000000 1.293020
 1838.000000 1.287306
 1839.000000 1.284537
 1840.000000 1.284559
 1841.000000 1.286852
 1842.000000 1.290684
 1843.000000 1.295239
 1844.000000 1.299965
 1845.000000 1.304415
 1846.000000 1.308472
 1847.000000 1.312242
 1848.000000 1.316068
 1849.000000 1.320231
 1850.000000 1.324886
 1851.000000 1.330035
 1852.000000 1.335549
 1853.000000 1.341173
 1854.000000 1.346474
 1855.000000 1.350877
 1856.000000 1.353629
 1857.000000 1.353917
 1858.000000 1.350962
 1859.000000 1.344199
 1860.000000 1.333399
 1861.000000 1.318843
 1862.000000 1.301507
 1863.000000 1.282697
 1864.000000 1.264024
 1865.000000 1.247073
 1866.000000 1.233018
 1867.000000 1.222891
 1868.000000 1.217189
 1869.000000 1.216328
 1870.000000 1.220262
 1871.000000 1.228604
 1872.000000 1.240736
 1873.000000 1.255972
 1874.000000 1.273440
 1875.000000 1.291951
 1876.000000 1.310961
 1877.000000 1.330143
 1878.000000 1.349016
 1879.000000 1.367003
 1880.000000 1.383847
 1881.000000 1.399138
 1882.000000 1.412422
 1883.000000 1.423293
 1884.000000 1.431112
 1885.000000 1.435370
 1886.000000 1.435547
 1887.000000 1.431329
 1888.000000 1.422577
 1889.000000 1.409264
 1890.000000 1.391931
 1891.000000 1.371314
 1892.000000 1.348139
 1893.000000 1.323445
 1894.000000 1.298773
 1895.000000 1.275556
 1896.000000 1.255452
 1897.000000 1.240050
 1898.000000 1.230898
 1899.000000 1.228848
 1900.000000 1.233730
 1901.000000 1.244545
 1902.000000 1.259556
 1903.000000 1.276719
 1904.000000 1.294036
 1905.000000 1.309617
 1906.000000 1.322400
 1907.000000 1.331743
 1908.000000 1.337552
 1909.000000 1.340098
 1910.000000 1.339910
 1911.000000 1.337605
 1912.000000 1.333851
 1913.000000 1.329313
 1914.000000 1.324401
 1915.000000 1.319487
 1916.000000 1.314827
 1917.000000 1.310496
 1918.000000 1.306203
 1919.000000 1.301416
 1920.000000 1.295555
 1921.000000 1.288149
 1922.000000 1.279088
 1923.000000 1.268734
 1924.000000 1.257789
 1925.000000 1.247523
 1926.000000 1.239261
 1927.000000 1.234404
 1928.000000 1.234065
 1929.000000 1.238886
 1930.000000 1.248814
 1931.000000 1.263198
 1932.000000 1.280876
 1933.000000 1.300765
 1934.000000 1.321343
 1935.000000 1.341287
 1936.000000 1.359394
 1937.000000 1.374726
 1938.000000 1.386802
 1939.000000 1.395330
 1940.000000 1.400312
 1941.000000 1.401975
 1942.000000 1.400593
 1943.000000 1.396489
 1944.000000 1.389997
 1945.000000 1.381391
 1946.000000 1.370935
 1947.000000 1.358846
 1948.000000 1.345360
 1949.000000 1.330983
 1950.000000 1.316237
 1951.000000 1.301565
 1952.000000 1.287695
 1953.000000 1.275788
 1954.000000 1.266737
 1955.000000 1.261324
 1956.000000 1.260235
 1957.000000 1.263643
 1958.000000 1.271280
 1959.000000 1.282393
 1960.000000 1.296013
 1961.000000 1.311123
 1962.000000 1.326532
 1963.000000 1.341426
 1964.000000 1.355278
 1965.000000 1.367433
 1966.000000 1.377671
 1967.000000 1.385910
 1968.000000 1.392209
 1969.000000 1.396624
 1970.000000 1.399262
 1971.000000 1.400344
 1972.000000 1.400094
 1973.000000 1.398728
 1974.000000 1.396414
 1975.000000 1.393217
 1976.000000 1.389057
 1977.000000 1.383792
 1978.000000 1.377200
 1979.000000 1.369119
 1980.000000 1.359517
 1981.000000 1.348451
 1982.000000 1.336099
 1983.000000 1.322662
 1984.000000 1.308713
 1985.000000 1.294821
 1986.000000 1.281856
 1987.000000 1.270803
 1988.000000 1.262673
 1989.000000 1.258433
 1990.000000 1.258811
 1991.000000 1.264031
 1992.000000 1.273539
 1993.000000 1.286519
 1994.000000 1.301574
 1995.000000 1.317179
 1996.000000 1.331964
 1997.000000 1.344745
 1998.000000 1.354401
 1999.000000 1.360051
 2000.000000 1.361157
 2001.000000 1.357656
 2002.000000 1.349752
 2003.000000 1.338086
 2004.000000 1.323757
 2005.000000 1.308129
 2006.000000 1.292490
 2007.000000 1.278213
 2008.000000 1.266455
 2009.000000 1.258001
 2010.000000 1.253225
 2011.000000 1.251982
 2012.000000 1.253851
 2013.000000 1.258081
 2014.000000 1.263683
 2015.000000 1.269798
 2016.000000 1.275671
 2017.000000 1.280868
 2018.000000 1.285212
 2019.000000 1.288814
 2020.000000 1.291822
 2021.000000 1.294510
 2022.000000 1.297109
 2023.000000 1.299794
 2024.000000 1.302624
 2025.000000 1.305537
 2026.000000 1.308375
 2027.000000 1.310821
 2028.000000 1.312545
 2029.000000 1.313174
 2030.000000 1.312355
 2031.000000 1.309848
 2032.000000 1.305549
 2033.000000 1.299565
 2034.000000 1.292302
 2035.000000 1.284336
 2036.000000 1.276410
 2037.000000 1.269501
 2038.000000 1.264644
 2039.000000 1.262626
 2040.000000 1.263945
 2041.000000 1.268705
 2042.000000 1.276570
 2043.000000 1.286722
 2044.000000 1.298306
 2045.000000 1.310221
 2046.000000 1.321356
 2047.000000 1.330741
 2048.000000 1.337413
 2049.000000 1.340896
 2050.000000 1.341088
 2051.000000 1.338254
 2052.000000 1.332980
 2053.000000 1.326204
 2054.000000 1.318738
 2055.000000 1.311477
 2056.000000 1.305106
 2057.000000 1.300068
 2058.000000 1.296516
 2059.000000 1.294216
 2060.000000 1.292620
 2061.000000 1.291005
 2062.000000 1.288641
 2063.000000 1.285042
 2064.000000 1.280143
 2065.000000 1.274535
 2066.000000 1.269171
 2067.000000 1.265169
 2068.000000 1.263699
 2069.000000 1.265621
 2070.000000 1.271394
 2071.000000 1.281008
 2072.000000 1.293768
 2073.000000 1.308654
 2074.000000 1.324347
 2075.000000 1.339427
 2076.000000 1.352157
 2077.000000 1.361087
 2078.000000 1.365305
 2079.000000 1.364447
 2080.000000 1.358750
 2081.000000 1.349025
 2082.000000 1.336461
 2083.000000 1.322410
 2084.000000 1.308132
 2085.000000 1.294656
 2086.000000 1.282801
 2087.000000 1.273086
 2088.000000 1.265749
 2089.000000 1.260778
 2090.000000 1.257850
 2091.000000 1.256525
 2092.000000 1.256522
 2093.000000 1.257705
 2094.000000 1.260120
 2095.000000 1.263989
 2096.000000 1.269574
 2097.000000 1.276959
 2098.000000 1.286174
 2099.000000 1.296996
 2100.000000 1.308865
 2101.000000 1.321173
 2102.000000 1.333212
 2103.000000 1.344024
 2104.000000 1.352903
 2105.000000 1.359039
 2106.000000 1.361732
 2107.000000 1.360614
 2108.000000 1.355494
 2109.000000 1.346476
 2110.000000 1.334028
 2111.000000 1.318744
 2112.000000 1.301542
 2113.000000 1.283769
 2114.000000 1.266858
 2115.000000 1.252521
 2116.000000 1.241876
 2117.000000 1.235902
 2118.000000 1.235008
 2119.000000 1.239014
 2120.000000 1.247085
 2121.000000 1.257941
 2122.000000 1.270097
 2123.000000 1.281744
 2124.000000 1.291472
 2125.000000 1.298350
 2126.000000 1.301857
 2127.000000 1.302174
 2128.000000 1.299961
 2129.000000 1.296181
 2130.000000 1.291825
 2131.000000 1.287865
 2132.000000 1.285040
 2133.000000 1.283746
 2134.000000 1.284033
 2135.000000 1.285618
 2136.000000 1.287916
 2137.000000 1.290087
 2138.000000 1.291134
 2139.000000 1.290132
 2140.000000 1.286440
 2141.000000 1.279882
 2142.000000 1.270841
 2143.000000 1.260355
 2144.000000 1.249768
 2145.000000 1.240688
 2146.000000 1.234664
 2147.000000 1.232761
 2148.000000 1.235515
 2149.000000 1.242771
 2150.000000 1.253868
 2151.000000 1.267668
 2152.000000 1.282848
 2153.000000 1.297822
 2154.000000 1.311370
 2155.000000 1.322216
 2156.000000 1.329265
 2157.000000 1.332010
 2158.000000 1.330232
 2159.000000 1.324198
 2160.000000 1.314561
 2161.000000 1.302301
 2162.000000 1.288541
 2163.000000 1.274453
 2164.000000 1.261464
 2165.000000 1.250741
 2166.000000 1.243284
 2167.000000 1.239627
 2168.000000 1.239860
 2169.000000 1.243518
 2170.000000 1.249738
 2171.000000 1.257534
 2172.000000 1.265686
 2173.000000 1.273291
 2174.000000 1.279620
 2175.000000 1.284365
 2176.000000 1.287578
 2177.000000 1.289605
 2178.000000 1.290962
 2179.000000 1.292227
 2180.000000 1.293862
 2181.000000 1.296151
 2182.000000 1.299161
 2183.000000 1.302702
 2184.000000 1.306433
 2185.000000 1.309891
 2186.000000 1.312407
 2187.000000 1.313341
 2188.000000 1.312098
 2189.000000 1.308309
 2190.000000 1.301903
 2191.000000 1.293015
 2192.000000 1.282395
 2193.000000 1.270839
 2194.000000 1.259283
 2195.000000 1.248650
 2196.000000 1.239903
 2197.000000 1.233761
 2198.000000 1.230817
 2199.000000 1.231264
 2200.000000 1.234960
 2201.000000 1.241396
 2202.000000 1.249851
 2203.000000 1.259339
 2204.000000 1.268988
 2205.000000 1.278006
 2206.000000 1.285926
 2207.000000 1.292394
 2208.000000 1.297513
 2209.000000 1.301526
 2210.000000 1.304700
 2211.000000 1.307238
 2212.000000 1.309345
 2213.000000 1.311127
 2214.000000 1.312564
 2215.000000 1.313533
 2216.000000 1.313838
 2217.000000 1.313236
 2218.000000 1.311489
 2219.000000 1.308388
 2220.000000 1.303770
 2221.000000 1.297715
 2222.000000 1.290618
 2223.000000 1.283275
 2224.000000 1.276658
 2225.000000 1.271941
 2226.000000 1.270215
 2227.000000 1.272158
 2228.000000 1.277953
 2229.000000 1.287241
 2230.000000 1.299203
 2231.000000 1.312847
 2232.000000 1.326785
 2233.000000 1.339937
 2234.000000 1.351190
 2235.000000 1.359681
 2236.000000 1.364792
 2237.000000 1.366299
 2238.000000 1.364327
 2239.000000 1.359318
 2240.000000 1.351813
 2241.000000 1.342521
 2242.000000 1.331833
 2243.000000 1.320110
 2244.000000 1.307852
 2245.000000 1.295402
 2246.000000 1.283304
 2247.000000 1.271987
 2248.000000 1.261753
 2249.000000 1.252697
 2250.000000 1.245065
 2251.000000 1.238971
 2252.000000 1.234460
 2253.000000 1.231661
 2254.000000 1.230699
 2255.000000 1.231802
 2256.000000 1.235213
 2257.000000 1.241132
 2258.000000 1.249637
 2259.000000 1.260683
 2260.000000 1.273932
 2261.000000 1.289081
 2262.000000 1.305577
 2263.000000 1.322598
 2264.000000 1.339038
 2265.000000 1.353569
 2266.000000 1.365012
 2267.000000 1.372134
 2268.000000 1.373973
 2269.000000 1.370111
 2270.000000 1.360679
 2271.000000 1.346495
 2272.000000 1.328906
 2273.000000 1.309782
 2274.000000 1.290962
 2275.000000 1.274255
 2276.000000 1.261309
 2277.000000 1.252984
 2278.000000 1.249736
 2279.000000 1.251342
 2280.000000 1.257032
 2281.000000 1.265473
 2282.000000 1.275072
 2283.000000 1.284531
 2284.000000 1.292724
 2285.000000 1.298886
 2286.000000 1.302708
 2287.000000 1.304237
 2288.000000 1.303812
 2289.000000 1.301952
 2290.000000 1.299221
 2291.000000 1.296214
 2292.000000 1.293398
 2293.000000 1.291038
 2294.000000 1.289249
 2295.000000 1.287970
 2296.000000 1.286977
 2297.000000 1.285906
 2298.000000 1.284353
 2299.000000 1.281967
 2300.000000 1.278516
 2301.000000 1.273990
 2302.000000 1.268567
 2303.000000 1.262827
 2304.000000 1.257493
 2305.000000 1.253524
 2306.000000 1.251834
 2307.000000 1.253157
 2308.000000 1.257907
 2309.000000 1.266108
 2310.000000 1.277123
 2311.000000 1.289969
 2312.000000 1.303335
 2313.000000 1.315689
 2314.000000 1.325913
 2315.000000 1.333136
 2316.000000 1.336741
 2317.000000 1.336573
 2318.000000 1.332879
 2319.000000 1.326215
 2320.000000 1.317386
 2321.000000 1.307344
 2322.000000 1.296967
 2323.000000 1.287009
 2324.000000 1.278204
 2325.000000 1.270834
 2326.000000 1.264878
 2327.000000 1.260099
 2328.000000 1.256034
 2329.000000 1.252168
 2330.000000 1.248239
 2331.000000 1.244359
 2332.000000 1.241152
 2333.000000 1.239496
 2334.000000 1.240330
 2335.000000 1.244443
 2336.000000 1.252191
 2337.000000 1.263456
 2338.000000 1.277476
 2339.000000 1.293080
 2340.000000 1.309053
 2341.000000 1.323825
 2342.000000 1.336209
 2343.000000 1.345220
 2344.000000 1.350310
 2345.000000 1.351333
 2346.000000 1.348769
 2347.000000 1.343635
 2348.000000 1.337288
 2349.000000 1.331203
 2350.000000 1.326680
 2351.000000 1.324682
 2352.000000 1.325759
 2353.000000 1.330003
 2354.000000 1.337100
 2355.000000 1.346304
 2356.000000 1.356657
 2357.000000 1.367018
 2358.000000 1.376624
 2359.000000 1.385127
 2360.000000 1.392650
 2361.000000 1.399889
 2362.000000 1.407876
 2363.000000 1.417757
 2364.000000 1.430352
 2365.000000 1.446107
 2366.000000 1.464628
 2367.000000 1.485124
 2368.000000 1.506323
 2369.000000 1.526898
 2370.000000 1.545581
 2371.000000 1.561330
 2372.000000 1.573262
 2373.000000 1.580871
 2374.000000 1.584007
 2375.000000 1.582884
 2376.000000 1.577906
 2377.000000 1.569533
 2378.000000 1.558362
 2379.000000 1.545109
 2380.000000 1.530435
 2381.000000 1.514964
 2382.000000 1.499441
 2383.000000 1.484617
 2384.000000 1.470922
 2385.000000 1.458692
 2386.000000 1.447834
 2387.000000 1.438305
 2388.000000 1.429828
 2389.000000 1.422192
 2390.000000 1.415434
 2391.000000 1.409569
 2392.000000 1.404658
 2393.000000 1.400606
 2394.000000 1.397444
 2395.000000 1.395222
 2396.000000 1.393967
 2397.000000 1.393709
 2398.000000 1.394458
 2399.000000 1.396174
 2400.000000 1.398755
 2401.000000 1.402043
 2402.000000 1.405864
 2403.000000 1.410096
 2404.000000 1.414674
 2405.000000 1.419629
 2406.000000 1.424980
 2407.000000 1.430940
 2408.000000 1.437778
 2409.000000 1.445687
 2410.000000 1.454632
 2411.000000 1.464363
 2412.000000 1.474287
 2413.000000 1.483760
 2414.000000 1.491981
 2415.000000 1.498358
 2416.000000 1.502373
 2417.000000 1.503799
 2418.000000 1.502631
 2419.000000 1.499166
 2420.000000 1.493971
 2421.000000 1.487662
 2422.000000 1.480932
 2423.000000 1.474435
 2424.000000 1.468570
 2425.000000 1.463516
 2426.000000 1.459207
 2427.000000 1.455249
 2428.000000 1.451113
 2429.000000 1.446230
 2430.000000 1.439947
 2431.000000 1.431817
 2432.000000 1.421446
 2433.000000 1.408975
 2434.000000 1.394802
 2435.000000 1.380026
 2436.000000 1.366018
 2437.000000 1.354041
 2438.000000 1.345386
 2439.000000 1.341181
 2440.000000 1.342083
 2441.000000 1.348172
 2442.000000 1.358948
 2443.000000 1.373559
 2444.000000 1.390742
 2445.000000 1.408976
 2446.000000 1.426870
 2447.000000 1.442983
 2448.000000 1.456441
 2449.000000 1.466988
 2450.000000 1.474956
 2451.000000 1.481109
 2452.000000 1.486432
 2453.000000 1.492068
 2454.000000 1.498905
 2455.000000 1.507532
 2456.000000 1.518065
 2457.000000 1.529934
 2458.000000 1.541962
 2459.000000 1.552827
 2460.000000 1.561270
 2461.000000 1.566109
 2462.000000 1.566690
 2463.000000 1.562984
 2464.000000 1.555494
 2465.000000 1.545160
 2466.000000 1.533105
 2467.000000 1.520274
 2468.000000 1.507230
 2469.000000 1.494183
 2470.000000 1.481230
 2471.000000 1.468287
 2472.000000 1.454960
 2473.000000 1.440794
 2474.000000 1.425698
 2475.000000 1.409655
 2476.000000 1.393222
 2477.000000 1.377293
 2478.000000 1.363018
 2479.000000 1.351777
 2480.000000 1.344829
 2481.000000 1.342889
 2482.000000 1.346359
 2483.000000 1.355204
 2484.000000 1.368999
 2485.000000 1.386858
 2486.000000 1.407402
 2487.000000 1.429258
 2488.000000 1.450928
 2489.000000 1.471254
 2490.000000 1.489315
 2491.000000 1.504906
 2492.000000 1.517982
 2493.000000 1.529051
 2494.000000 1.538824
 2495.000000 1.548074
 2496.000000 1.557504
 2497.000000 1.567604
 2498.000000 1.578479
 2499.000000 1.589893
 2500.000000 1.601244
 2501.000000 1.611571
 2502.000000 1.619763
 2503.000000 1.624735
 2504.000000 1.625689
 2505.000000 1.622138
 2506.000000 1.614139
 2507.000000 1.602360
 2508.000000 1.587865
 2509.000000 1.572219
 2510.000000 1.556919
 2511.000000 1.543414
 2512.000000 1.532482
 2513.000000 1.524469
 2514.000000 1.519232
 2515.000000 1.515963
 2516.000000 1.513398
 2517.000000 1.510003
 2518.000000 1.504330
 2519.000000 1.495182
 2520.000000 1.482094
 2521.000000 1.465308
 2522.000000 1.445969
 2523.000000 1.425772
 2524.000000 1.406449
 2525.000000 1.389787
 2526.000000 1.377188
 2527.000000 1.369578
 2528.000000 1.367144
 2529.000000 1.369328
 2530.000000 1.375043
 2531.000000 1.382751
 2532.000000 1.390936
 2533.000000 1.398258
 2534.000000 1.403847
 2535.000000 1.407728
 2536.000000 1.410582
 2537.000000 1.413550
 2538.000000 1.417911
 2539.000000 1.424745
 2540.000000 1.434709
 2541.000000 1.447939
 2542.000000 1.464213
 2543.000000 1.482435
 2544.000000 1.501569
 2545.000000 1.520056
 2546.000000 1.536227
 2547.000000 1.548612
 2548.000000 1.556216
 2549.000000 1.558754
 2550.000000 1.556428
 2551.000000 1.550099
 2552.000000 1.540960
 2553.000000 1.530362
 2554.000000 1.519470
 2555.000000 1.509268
 2556.000000 1.500471
 2557.000000 1.493562
 2558.000000 1.488417
 2559.000000 1.484646
 2560.000000 1.481536
 2561.000000 1.478297
 2562.000000 1.474305
 2563.000000 1.469123
 2564.000000 1.462789
 2565.000000 1.455607
 2566.000000 1.447955
 2567.000000 1.440369
 2568.000000 1.433155
 2569.000000 1.426640
 2570.000000 1.421017
 2571.000000 1.416307
 2572.000000 1.412520
 2573.000000 1.409688
 2574.000000 1.407871
 2575.000000 1.407129
 2576.000000 1.407412
 2577.000000 1.408546
 2578.000000 1.410217
 2579.000000 1.412088
 2580.000000 1.413889
 2581.000000 1.415453
 2582.000000 1.416679
 2583.000000 1.417506
 2584.000000 1.417835
 2585.000000 1.417451
 2586.000000 1.416041
 2587.000000 1.413268
 2588.000000 1.408817
 2589.000000 1.402471
 2590.000000 1.394296
 2591.000000 1.384510
 2592.000000 1.373508
 2593.000000 1.361698
 2594.000000 1.349756
 2595.000000 1.338318
 2596.000000 1.328138
 2597.000000 1.319846
 2598.000000 1.313975
 2599.000000 1.310959
 2600.000000 1.310963
 2601.000000 1.313853
 2602.000000 1.319231
 2603.000000 1.326520
 2604.000000 1.334898
 2605.000000 1.343552
 2606.000000 1.351868
 2607.000000 1.359239
 2608.000000 1.365480
 2609.000000 1.370531
 2610.000000 1.374729
 2611.000000 1.378505
 2612.000000 1.382378
 2613.000000 1.386635
 2614.000000 1.391464
 2615.000000 1.396771
 2616.000000 1.402264
 2617.000000 1.407522
 2618.000000 1.412164
 2619.000000 1.415738
 2620.000000 1.417892
 2621.000000 1.418422
 2622.000000 1.417289
 2623.000000 1.414621
 2624.000000 1.410687
 2625.000000 1.405797
 2626.000000 1.400356
 2627.000000 1.394748
 2628.000000 1.389288
 2629.000000 1.384274
 2630.000000 1.379855
 2631.000000 1.376039
 2632.000000 1.372784
 2633.000000 1.370059
 2634.000000 1.367760
 2635.000000 1.365763
 2636.000000 1.363983
 2637.000000 1.362360
 2638.000000 1.360835
 2639.000000 1.359374
 2640.000000 1.358019
 2641.000000 1.356892
 2642.000000 1.356091
 2643.000000 1.355767
 2644.000000 1.356066
 2645.000000 1.357084
 2646.000000 1.358848
 2647.000000 1.361324
 2648.000000 1.364395
 2649.000000 1.367920
 2650.000000 1.371855
 2651.000000 1.376210
 2652.000000 1.381142
 2653.000000 1.386856
 2654.000000 1.393557
 2655.000000 1.401393
 2656.000000 1.410276
 2657.000000 1.419942
 2658.000000 1.429783
 2659.000000 1.439096
 2660.000000 1.446941
 2661.000000 1.452363
 2662.000000 1.454670
 2663.000000 1.453589
 2664.000000 1.449278
 2665.000000 1.442204
 2666.000000 1.433223
 2667.000000 1.423355
 2668.000000 1.413570
 2669.000000 1.404763
 2670.000000 1.397428
 2671.000000 1.391832
 2672.000000 1.387874
 2673.000000 1.385228
 2674.000000 1.383385
 2675.000000 1.381849
 2676.000000 1.380242
 2677.000000 1.378376
 2678.000000 1.376251
 2679.000000 1.374135
 2680.000000 1.372459
 2681.000000 1.371686
 2682.000000 1.372233
 2683.000000 1.374376
 2684.000000 1.378238
 2685.000000 1.383754
 2686.000000 1.390555
 2687.000000 1.398055
 2688.000000 1.405641
 2689.000000 1.412784
 2690.000000 1.418844
 2691.000000 1.423311
 2692.000000 1.425935
 2693.000000 1.426729
 2694.000000 1.425884
 2695.000000 1.423757
 2696.000000 1.420776
 2697.000000 1.417386
 2698.000000 1.414062
 2699.000000 1.411112
 2700.000000 1.408784
 2701.000000 1.407208
 2702.000000 1.406384
 2703.000000 1.406187
 2704.000000 1.406384
 2705.000000 1.406676
 2706.000000 1.406721
 2707.000000 1.406184
 2708.000000 1.404815
 2709.000000 1.402463
 2710.000000 1.399117
 2711.000000 1.394926
 2712.000000 1.390150
 2713.000000 1.385234
 2714.000000 1.380527
 2715.000000 1.376369
 2716.000000 1.372945
 2717.000000 1.370366
 2718.000000 1.368540
 2719.000000 1.367246
 2720.000000 1.366186
 2721.000000 1.365037
 2722.000000 1.363507
 2723.000000 1.361490
 2724.000000 1.359043
 2725.000000 1.356393
 2726.000000 1.353966
 2727.000000 1.352256
 2728.000000 1.351763
 2729.000000 1.352807
 2730.000000 1.355505
 2731.000000 1.359729
 2732.000000 1.365100
 2733.000000 1.370993
 2734.000000 1.376727
 2735.000000 1.381646
 2736.000000 1.385190
 2737.000000 1.387019
 2738.000000 1.387064
 2739.000000 1.385511
 2740.000000 1.382725
 2741.000000 1.379169
 2742.000000 1.375258
 2743.000000 1.371213
 2744.000000 1.367171
 2745.000000 1.362989
 2746.000000 1.358308
 2747.000000 1.352796
 2748.000000 1.346152
 2749.000000 1.338300
 2750.000000 1.329406
 2751.000000 1.319942
 2752.000000 1.310533
 2753.000000 1.302312
 2754.000000 1.296416
 2755.000000 1.294015
 2756.000000 1.295804
 2757.000000 1.302050
 2758.000000 1.312500
 2759.000000 1.326438
 2760.000000 1.343004
 2761.000000 1.361107
 2762.000000 1.379394
 2763.000000 1.396718
 2764.000000 1.412740
 2765.000000 1.427377
 2766.000000 1.440528
 2767.000000 1.452638
 2768.000000 1.464118
 2769.000000 1.475461
 2770.000000 1.487041
 2771.000000 1.498951
 2772.000000 1.511246
 2773.000000 1.523280
 2774.000000 1.534541
 2775.000000 1.544099
 2776.000000 1.551110
 2777.000000 1.554715
 2778.000000 1.554326
 2779.000000 1.549793
 2780.000000 1.541455
 2781.000000 1.530062
 2782.000000 1.516544
 2783.000000 1.501901
 2784.000000 1.486941
 2785.000000 1.472488
 2786.000000 1.458957
 2787.000000 1.446409
 2788.000000 1.434383
 2789.000000 1.422180
 2790.000000 1.409338
 2791.000000 1.395458
 2792.000000 1.380585
 2793.000000 1.365176
 2794.000000 1.350330
 2795.000000 1.337733
 2796.000000 1.328897
 2797.000000 1.325132
 2798.000000 1.327249
 2799.000000 1.335381
 2800.000000 1.349035
 2801.000000 1.367000
 2802.000000 1.387763
 2803.000000 1.409553
 2804.000000 1.430965
 2805.000000 1.450426
 2806.000000 1.467121
 2807.000000 1.480957
 2808.000000 1.492267
 2809.000000 1.501867
 2810.000000 1.510491
 2811.000000 1.518650
 2812.000000 1.526707
 2813.000000 1.534454
 2814.000000 1.541585
 2815.000000 1.547493
