#! FIELDS time d
 0.000000 1.255465
 1.000000 1.251729
 2.000000 1.246629
 3.000000 1.240712
 4.000000 1.234609
 5.000000 1.228984
 6.000000 1.224578
 7.000000 1.221954
 8.000000 1.221506
 9.000000 1.223390
 10.000000 1.227491
 11.000000 1.233400
 12.000000 1.240569
 13.000000 1.248220
 14.000000 1.255627
 15.000000 1.262105
 16.000000 1.267125
 17.000000 1.270363
 18.000000 1.271602
 19.000000 1.270823
 20.000000 1.268117
 21.000000 1.263660
 22.000000 1.257610
 23.000000 1.250311
 24.000000 1.242133
 25.000000 1.233489
 26.000000 1.224959
 27.000000 1.217082
 28.000000 1.210469
 29.000000 1.205584
 30.000000 1.202957
 31.000000 1.202870
 32.000000 1.205457
 33.000000 1.210561
 34.000000 1.217956
 35.000000 1.226953
 36.000000 1.236827
 37.000000 1.246721
 38.000000 1.256040
 39.000000 1.264055
 40.000000 1.270197
 41.000000 1.274080
 42.000000 1.275315
 43.000000 1.273728
 44.000000 1.269311
 45.000000 1.262237
 46.000000 1.253010
 47.000000 1.242326
 48.000000 1.231161
 49.000000 1.220576
 50.000000 1.211755
 51.000000 1.205803
 52.000000 1.203599
 53.000000 1.205534
 54.000000 1.211401
 55.000000 1.220565
 56.000000 1.231895
 57.000000 1.244320
 58.000000 1.256521
 59.000000 1.267109
 60.000000 1.275171
 61.000000 1.280146
 62.000000 1.281639
 63.000000 1.279630
 64.000000 1.274405
 65.000000 1.266361
 66.000000 1.256182
 67.000000 1.244773
 68.000000 1.233058
 69.000000 1.222011
 70.000000 1.212500
 71.000000 1.205280
 72.000000 1.200988
 73.000000 1.200061
 74.000000 1.202566
 75.000000 1.208309
 76.000000 1.216805
 77.000000 1.227368
 78.000000 1.238971
 79.000000 1.250638
 80.000000 1.261540
 81.000000 1.270635
 82.000000 1.277212
 83.000000 1.280783
 84.000000 1.281227
 85.000000 1.278761
 86.000000 1.273738
 87.000000 1.266528
 88.000000 1.257600
 89.000000 1.247663
 90.000000 1.237674
 91.000000 1.228550
 92.000000 1.221131
 93.000000 1.216415
 94.000000 1.215071
 95.000000 1.217467
 96.000000 1.223638
 97.000000 1.233215
 98.000000 1.245574
 99.000000 1.259633
 100.000000 1.274381
 101.000000 1.288762
 102.000000 1.301600
 103.000000 1.312132
 104.000000 1.319641
 105.000000 1.323518
 106.000000 1.323567
 107.000000 1.319718
 108.000000 1.311989
 109.000000 1.300730
 110.000000 1.286505
 111.000000 1.269952
 112.000000 1.252068
 113.000000 1.233956
 114.000000 1.217176
 115.000000 1.203364
 116.000000 1.193881
 117.000000 1.189580
 118.000000 1.190794
 119.000000 1.197236
 120.000000 1.208060
 121.000000 1.221966
 122.000000 1.237257
 123.000000 1.252507
 124.000000 1.266470
 125.000000 1.278250
 126.000000 1.287051
 127.000000 1.292457
 128.000000 1.294374
 129.000000 1.292828
 130.000000 1.288019
 131.000000 1.280244
 132.000000 1.270099
 133.000000 1.258131
 134.000000 1.245351
 135.000000 1.232961
 136.000000 1.222238
 137.000000 1.214332
 138.000000 1.210097
 139.000000 1.210076
 140.000000 1.214278
 141.000000 1.222170
 142.000000 1.232935
 143.000000 1.245404
 144.000000 1.258413
 145.000000 1.270766
 146.000000 1.281253
 147.000000 1.289167
 148.000000 1.294112
 149.000000 1.296000
 150.000000 1.295148
 151.000000 1.291988
 152.000000 1.287004
 153.000000 1.280627
 154.000000 1.273322
 155.000000 1.265421
 156.000000 1.257222
 157.000000 1.249005
 158.000000 1.241101
 159.000000 1.234022
 160.000000 1.228178
 161.000000 1.223947
 162.000000 1.221738
 163.000000 1.221786
 164.000000 1.224274
 165.000000 1.229109
 166.000000 1.235856
 167.000000 1.243723
 168.000000 1.251839
 169.000000 1.259349
 170.000000 1.265500
 171.000000 1.269781
 172.000000 1.271916
 173.000000 1.271682
 174.000000 1.268905
 175.000000 1.263522
 176.000000 1.255715
 177.000000 1.246045
 178.000000 1.235378
 179.000000 1.224823
 180.000000 1.215810
 181.000000 1.209458
 182.000000 1.206795
 183.000000 1.208379
 184.000000 1.214236
 185.000000 1.224031
 186.000000 1.237109
 187.000000 1.252071
 188.000000 1.267750
 189.000000 1.282783
 190.000000 1.295790
 191.000000 1.305972
 192.000000 1.312780
 193.000000 1.315969
 194.000000 1.315668
 195.000000 1.312260
 196.000000 1.306184
 197.000000 1.298043
 198.000000 1.288263
 199.000000 1.277204
 200.000000 1.265196
 201.000000 1.252837
 202.000000 1.240803
 203.000000 1.229606
 204.000000 1.220038
 205.000000 1.212506
 206.000000 1.207734
 207.000000 1.206333
 208.000000 1.208739
 209.000000 1.215029
 210.000000 1.224883
 211.000000 1.237418
 212.000000 1.251575
 213.000000 1.266098
 214.000000 1.279520
 215.000000 1.291135
 216.000000 1.300411
 217.000000 1.306750
 218.000000 1.309689
 219.000000 1.308800
 220.000000 1.303871
 221.000000 1.294895
 222.000000 1.282326
 223.000000 1.266746
 224.000000 1.249479
 225.000000 1.232172
 226.000000 1.216412
 227.000000 1.203726
 228.000000 1.195253
 229.000000 1.191952
 230.000000 1.194074
 231.000000 1.201213
 232.000000 1.212347
 233.000000 1.225978
 234.000000 1.240556
 235.000000 1.254616
 236.000000 1.266631
 237.000000 1.276048
 238.000000 1.282583
 239.000000 1.286105
 240.000000 1.286726
 241.000000 1.284649
 242.000000 1.280093
 243.000000 1.273247
 244.000000 1.264413
 245.000000 1.254053
 246.000000 1.242872
 247.000000 1.231811
 248.000000 1.221835
 249.000000 1.213697
 250.000000 1.208103
 251.000000 1.205443
 252.000000 1.205805
 253.000000 1.209100
 254.000000 1.215036
 255.000000 1.223072
 256.000000 1.232398
 257.000000 1.242203
 258.000000 1.251769
 259.000000 1.260173
 260.000000 1.266831
 261.000000 1.271224
 262.000000 1.273064
 263.000000 1.272239
 264.000000 1.268684
 265.000000 1.262426
 266.000000 1.253660
 267.000000 1.242814
 268.000000 1.230807
 269.000000 1.218724
 270.000000 1.207912
 271.000000 1.199684
 272.000000 1.195082
 273.000000 1.194721
 274.000000 1.198632
 275.000000 1.206373
 276.000000 1.217086
 277.000000 1.229539
 278.000000 1.242343
 279.000000 1.254148
 280.000000 1.263953
 281.000000 1.270984
 282.000000 1.274902
 283.000000 1.275609
 284.000000 1.273215
 285.000000 1.268010
 286.000000 1.260319
 287.000000 1.250532
 288.000000 1.239252
 289.000000 1.227181
 290.000000 1.215350
 291.000000 1.204813
 292.000000 1.196665
 293.000000 1.191789
 294.000000 1.190633
 295.000000 1.193136
 296.000000 1.198815
 297.000000 1.206940
 298.000000 1.216835
 299.000000 1.227699
 300.000000 1.239063
 301.000000 1.250388
 302.000000 1.261080
 303.000000 1.270683
 304.000000 1.278869
 305.000000 1.285237
 306.000000 1.289459
 307.000000 1.291215
 308.000000 1.290175
 309.000000 1.286040
 310.000000 1.278564
 311.000000 1.267683
 312.000000 1.254015
 313.000000 1.238524
 314.000000 1.222495
 315.000000 1.207575
 316.000000 1.195605
 317.000000 1.187943
 318.000000 1.185535
 319.000000 1.188664
 320.000000 1.196826
 321.000000 1.208777
 322.000000 1.222858
 323.000000 1.237065
 324.000000 1.250098
 325.000000 1.260833
 326.000000 1.268383
 327.000000 1.272488
 328.000000 1.273232
 329.000000 1.270962
 330.000000 1.266176
 331.000000 1.259527
 332.000000 1.251755
 333.000000 1.243533
 334.000000 1.235661
 335.000000 1.228796
 336.000000 1.223598
 337.000000 1.220489
 338.000000 1.219680
 339.000000 1.221149
 340.000000 1.224688
 341.000000 1.230003
 342.000000 1.236623
 343.000000 1.244114
 344.000000 1.252025
 345.000000 1.259840
 346.000000 1.267023
 347.000000 1.272939
 348.000000 1.277142
 349.000000 1.279281
 350.000000 1.279146
 351.000000 1.276766
 352.000000 1.272332
 353.000000 1.266145
 354.000000 1.258634
 355.000000 1.250343
 356.000000 1.241759
 357.000000 1.233497
 358.000000 1.226262
 359.000000 1.220679
 360.000000 1.217268
 361.000000 1.216450
 362.000000 1.218383
 363.000000 1.222939
 364.000000 1.229768
 365.000000 1.238300
 366.000000 1.247686
 367.000000 1.257150
 368.000000 1.265775
 369.000000 1.272660
 370.000000 1.276997
 371.000000 1.278045
 372.000000 1.275385
 373.000000 1.268876
 374.000000 1.258684
 375.000000 1.245506
 376.000000 1.230740
 377.000000 1.215675
 378.000000 1.201718
 379.000000 1.190400
 380.000000 1.183282
 381.000000 1.181414
 382.000000 1.185136
 383.000000 1.194077
 384.000000 1.207197
 385.000000 1.223121
 386.000000 1.240142
 387.000000 1.256735
 388.000000 1.271451
 389.000000 1.283440
 390.000000 1.291976
 391.000000 1.296707
 392.000000 1.297488
 393.000000 1.294406
 394.000000 1.287734
 395.000000 1.277987
 396.000000 1.265894
 397.000000 1.252584
 398.000000 1.239030
 399.000000 1.226294
 400.000000 1.215234
 401.000000 1.206811
 402.000000 1.201710
 403.000000 1.200470
 404.000000 1.203178
 405.000000 1.209539
 406.000000 1.219053
 407.000000 1.230847
 408.000000 1.243990
 409.000000 1.257380
 410.000000 1.270111
 411.000000 1.281143
 412.000000 1.289574
 413.000000 1.294740
 414.000000 1.296108
 415.000000 1.293420
 416.000000 1.286671
 417.000000 1.276257
 418.000000 1.262663
 419.000000 1.247058
 420.000000 1.230484
 421.000000 1.214270
 422.000000 1.200442
 423.000000 1.190431
 424.000000 1.185569
 425.000000 1.186456
 426.000000 1.192937
 427.000000 1.204273
 428.000000 1.218966
 429.000000 1.235408
 430.000000 1.251824
 431.000000 1.266517
 432.000000 1.278525
 433.000000 1.287064
 434.000000 1.291686
 435.000000 1.292165
 436.000000 1.288602
 437.000000 1.281434
 438.000000 1.271344
 439.000000 1.259269
 440.000000 1.246055
 441.000000 1.232752
 442.000000 1.220518
 443.000000 1.210240
 444.000000 1.202710
 445.000000 1.198479
 446.000000 1.197700
 447.000000 1.200168
 448.000000 1.205344
 449.000000 1.212491
 450.000000 1.220737
 451.000000 1.229315
 452.000000 1.237654
 453.000000 1.245317
 454.000000 1.251964
 455.000000 1.257302
 456.000000 1.261168
 457.000000 1.263402
 458.000000 1.263881
 459.000000 1.262530
 460.000000 1.259327
 461.000000 1.254366
 462.000000 1.247810
 463.000000 1.239970
 464.000000 1.231243
 465.000000 1.222067
 466.000000 1.213022
 467.000000 1.204792
 468.000000 1.198195
 469.000000 1.194000
 470.000000 1.192971
 471.000000 1.195595
 472.000000 1.201943
 473.000000 1.211734
 474.000000 1.224279
 475.000000 1.238702
 476.000000 1.254032
 477.000000 1.269074
 478.000000 1.282749
 479.000000 1.294273
 480.000000 1.302918
 481.000000 1.308046
 482.000000 1.309158
 483.000000 1.305899
 484.000000 1.298178
 485.000000 1.286259
 486.000000 1.270720
 487.000000 1.252410
 488.000000 1.232759
 489.000000 1.213440
 490.000000 1.196465
 491.000000 1.183722
 492.000000 1.176828
 493.000000 1.176698
 494.000000 1.183331
 495.000000 1.195757
 496.000000 1.212289
 497.000000 1.230943
 498.000000 1.249776
 499.000000 1.267184
 500.000000 1.281955
 501.000000 1.293138
 502.000000 1.299950
 503.000000 1.302237
 504.000000 1.299961
 505.000000 1.293357
 506.000000 1.282858
 507.000000 1.269164
 508.000000 1.253113
 509.000000 1.235960
 510.000000 1.219081
 511.000000 1.203727
 512.000000 1.191565
 513.000000 1.183871
 514.000000 1.181552
 515.000000 1.184873
 516.000000 1.193489
 517.000000 1.206455
 518.000000 1.222217
 519.000000 1.239194
 520.000000 1.255997
 521.000000 1.271519
 522.000000 1.284782
 523.000000 1.294883
 524.000000 1.301362
 525.000000 1.303884
 526.000000 1.302408
 527.000000 1.297262
 528.000000 1.289090
 529.000000 1.278617
 530.000000 1.266474
 531.000000 1.253757
 532.000000 1.241298
 533.000000 1.229665
 534.000000 1.219752
 535.000000 1.212359
 536.000000 1.207968
 537.000000 1.206877
 538.000000 1.209078
 539.000000 1.214324
 540.000000 1.222148
 541.000000 1.231781
 542.000000 1.242538
 543.000000 1.253815
 544.000000 1.264801
 545.000000 1.274974
 546.000000 1.283690
 547.000000 1.290407
 548.000000 1.294547
 549.000000 1.295552
 550.000000 1.292954
 551.000000 1.286515
 552.000000 1.276209
 553.000000 1.262451
 554.000000 1.246123
 555.000000 1.228176
 556.000000 1.210457
 557.000000 1.194934
 558.000000 1.183655
 559.000000 1.178378
 560.000000 1.180138
 561.000000 1.188947
 562.000000 1.203843
 563.000000 1.223292
 564.000000 1.245004
 565.000000 1.266813
 566.000000 1.287293
 567.000000 1.305116
 568.000000 1.319378
 569.000000 1.329518
 570.000000 1.334993
 571.000000 1.335424
 572.000000 1.330683
 573.000000 1.320922
 574.000000 1.306444
 575.000000 1.288008
 576.000000 1.266530
 577.000000 1.243437
 578.000000 1.220262
 579.000000 1.198889
 580.000000 1.181678
 581.000000 1.170725
 582.000000 1.167491
 583.000000 1.172306
 584.000000 1.184349
 585.000000 1.201827
 586.000000 1.222250
 587.000000 1.243654
 588.000000 1.263941
 589.000000 1.281785
 590.000000 1.296371
 591.000000 1.306918
 592.000000 1.313219
 593.000000 1.315240
 594.000000 1.313184
 595.000000 1.307370
 596.000000 1.298253
 597.000000 1.286464
 598.000000 1.272886
 599.000000 1.258268
 600.000000 1.243546
 601.000000 1.229745
 602.000000 1.217980
 603.000000 1.209175
 604.000000 1.204007
 605.000000 1.202769
 606.000000 1.205308
 607.000000 1.211125
 608.000000 1.219391
 609.000000 1.229203
 610.000000 1.239634
 611.000000 1.249802
 612.000000 1.259114
 613.000000 1.267176
 614.000000 1.273784
 615.000000 1.278834
 616.000000 1.282399
 617.000000 1.284474
 618.000000 1.285013
 619.000000 1.283868
 620.000000 1.280828
 621.000000 1.275694
 622.000000 1.268376
 623.000000 1.259009
 624.000000 1.247969
 625.000000 1.235904
 626.000000 1.224090
 627.000000 1.213897
 628.000000 1.206481
 629.000000 1.202868
 630.000000 1.203440
 631.000000 1.208075
 632.000000 1.216128
 633.000000 1.226519
 634.000000 1.237930
 635.000000 1.249279
 636.000000 1.259413
 637.000000 1.267222
 638.000000 1.271953
 639.000000 1.273090
 640.000000 1.270387
 641.000000 1.263999
 642.000000 1.254382
 643.000000 1.242498
 644.000000 1.229663
 645.000000 1.217192
 646.000000 1.206726
 647.000000 1.199729
 648.000000 1.197276
 649.000000 1.199824
 650.000000 1.207153
 651.000000 1.218379
 652.000000 1.232105
 653.000000 1.246590
 654.000000 1.260073
 655.000000 1.271080
 656.000000 1.278475
 657.000000 1.281585
 658.000000 1.280298
 659.000000 1.275000
 660.000000 1.266467
 661.000000 1.255674
 662.000000 1.243824
 663.000000 1.231940
 664.000000 1.221343
 665.000000 1.212725
 666.000000 1.206771
 667.000000 1.203742
 668.000000 1.203577
 669.000000 1.205802
 670.000000 1.209719
 671.000000 1.214550
 672.000000 1.219642
 673.000000 1.224363
 674.000000 1.228283
 675.000000 1.231233
 676.000000 1.233134
 677.000000 1.234012
 678.000000 1.234021
 679.000000 1.233398
 680.000000 1.232418
 681.000000 1.231348
 682.000000 1.230405
 683.000000 1.229715
 684.000000 1.229337
 685.000000 1.229257
 686.000000 1.229414
 687.000000 1.229751
 688.000000 1.230260
 689.000000 1.231006
 690.000000 1.232108
 691.000000 1.233751
 692.000000 1.236136
 693.000000 1.239462
 694.000000 1.243805
 695.000000 1.249087
 696.000000 1.254824
 697.000000 1.260227
 698.000000 1.264300
 699.000000 1.266137
 700.000000 1.265213
 701.000000 1.261569
 702.000000 1.255800
 703.000000 1.248893
 704.000000 1.241952
 705.000000 1.235867
 706.000000 1.231122
 707.000000 1.227906
 708.000000 1.226169
 709.000000 1.225630
 710.000000 1.225924
 711.000000 1.226620
 712.000000 1.227267
 713.000000 1.227544
 714.000000 1.227378
 715.000000 1.226988
 716.000000 1.226829
 717.000000 1.227427
 718.000000 1.229227
 719.000000 1.232470
 720.000000 1.237070
 721.000000 1.242722
 722.000000 1.248911
 723.000000 1.255036
 724.000000 1.260446
 725.000000 1.264541
 726.000000 1.266711
 727.000000 1.266402
 728.000000 1.263272
 729.000000 1.257257
 730.000000 1.248738
 731.000000 1.238548
 732.000000 1.227877
 733.000000 1.218064
 734.000000 1.210358
 735.000000 1.205894
 736.000000 1.205285
 737.000000 1.208607
 738.000000 1.215266
 739.000000 1.224371
 740.000000 1.234830
 741.000000 1.245625
 742.000000 1.255677
 743.000000 1.263986
 744.000000 1.269790
 745.000000 1.272521
 746.000000 1.271974
 747.000000 1.268274
 748.000000 1.261855
 749.000000 1.253377
 750.000000 1.243498
 751.000000 1.233276
 752.000000 1.223871
 753.000000 1.216451
 754.000000 1.211891
 755.000000 1.210450
 756.000000 1.211934
 757.000000 1.215679
 758.000000 1.220830
 759.000000 1.226458
 760.000000 1.232018
 761.000000 1.237193
 762.000000 1.241893
 763.000000 1.246102
 764.000000 1.249835
 765.000000 1.253078
 766.000000 1.255771
 767.000000 1.257841
 768.000000 1.259191
 769.000000 1.259615
 770.000000 1.258825
 771.000000 1.256533
 772.000000 1.252652
 773.000000 1.247372
 774.000000 1.241187
 775.000000 1.234841
 776.000000 1.229191
 777.000000 1.224817
 778.000000 1.222101
 779.000000 1.221174
 780.000000 1.222016
 781.000000 1.224469
 782.000000 1.228227
 783.000000 1.232826
 784.000000 1.237706
 785.000000 1.242331
 786.000000 1.246134
 787.000000 1.248633
 788.000000 1.249625
 789.000000 1.249132
 790.000000 1.247379
 791.000000 1.244461
 792.000000 1.240345
 793.000000 1.234891
 794.000000 1.228225
 795.000000 1.221030
 796.000000 1.214455
 797.000000 1.209467
 798.000000 1.206881
 799.000000 1.206957
 800.000000 1.209495
 801.000000 1.214150
 802.000000 1.220571
 803.000000 1.228514
 804.000000 1.237782
 805.000000 1.248163
 806.000000 1.259413
 807.000000 1.271042
 808.000000 1.282310
 809.000000 1.292329
 810.000000 1.300323
 811.000000 1.305402
 812.000000 1.306842
 813.000000 1.303986
 814.000000 1.296426
 815.000000 1.284037
 816.000000 1.267345
 817.000000 1.247516
 818.000000 1.226393
 819.000000 1.206571
 820.000000 1.190417
 821.000000 1.180457
 822.000000 1.177940
 823.000000 1.182969
 824.000000 1.194473
 825.000000 1.210476
 826.000000 1.229006
 827.000000 1.247782
 828.000000 1.265375
 829.000000 1.280577
 830.000000 1.292547
 831.000000 1.300574
 832.000000 1.304146
 833.000000 1.303232
 834.000000 1.298064
 835.000000 1.289089
 836.000000 1.276944
 837.000000 1.262508
 838.000000 1.247160
 839.000000 1.232083
 840.000000 1.218509
 841.000000 1.207844
 842.000000 1.201173
 843.000000 1.198908
 844.000000 1.200852
 845.000000 1.206181
 846.000000 1.213664
 847.000000 1.221918
 848.000000 1.229901
 849.000000 1.236882
 850.000000 1.242799
 851.000000 1.247738
 852.000000 1.251716
 853.000000 1.254554
 854.000000 1.256022
 855.000000 1.256071
 856.000000 1.254957
 857.000000 1.253137
 858.000000 1.251012
 859.000000 1.248654
 860.000000 1.245878
 861.000000 1.242463
 862.000000 1.238313
 863.000000 1.233727
 864.000000 1.229191
 865.000000 1.225231
 866.000000 1.222108
 867.000000 1.219651
 868.000000 1.217613
 869.000000 1.215965
 870.000000 1.215056
 871.000000 1.215498
 872.000000 1.217738
 873.000000 1.221791
 874.000000 1.227172
 875.000000 1.233097
 876.000000 1.238822
 877.000000 1.243963
 878.000000 1.248194
 879.000000 1.251316
 880.000000 1.253178
 881.000000 1.253601
 882.000000 1.252393
 883.000000 1.249402
 884.000000 1.244714
 885.000000 1.238633
 886.000000 1.231634
 887.000000 1.224302
 888.000000 1.217119
 889.000000 1.210502
 890.000000 1.204995
 891.000000 1.201110
 892.000000 1.199267
 893.000000 1.199836
 894.000000 1.202948
 895.000000 1.208488
 896.000000 1.216045
 897.000000 1.224992
 898.000000 1.234625
 899.000000 1.244191
 900.000000 1.252947
 901.000000 1.260365
 902.000000 1.265990
 903.000000 1.269569
 904.000000 1.270982
 905.000000 1.270193
 906.000000 1.267218
 907.000000 1.262099
 908.000000 1.255048
 909.000000 1.246454
 910.000000 1.236992
 911.000000 1.227531
 912.000000 1.218985
 913.000000 1.212381
 914.000000 1.208477
 915.000000 1.207705
 916.000000 1.210216
 917.000000 1.215942
 918.000000 1.224435
 919.000000 1.234972
 920.000000 1.246492
 921.000000 1.257738
 922.000000 1.267376
 923.000000 1.274364
 924.000000 1.278050
 925.000000 1.278214
 926.000000 1.275063
 927.000000 1.269096
 928.000000 1.260970
 929.000000 1.251657
 930.000000 1.242320
 931.000000 1.234073
 932.000000 1.227815
 933.000000 1.223685
 934.000000 1.221340
 935.000000 1.220116
 936.000000 1.219411
 937.000000 1.218911
 938.000000 1.218682
 939.000000 1.219018
 940.000000 1.220210
 941.000000 1.222386
 942.000000 1.225561
 943.000000 1.229743
 944.000000 1.234916
 945.000000 1.241115
 946.000000 1.248308
 947.000000 1.256232
 948.000000 1.264426
 949.000000 1.272292
 950.000000 1.279410
 951.000000 1.285157
 952.000000 1.288971
 953.000000 1.290184
 954.000000 1.288188
 955.000000 1.282423
 956.000000 1.272705
 957.000000 1.259384
 958.000000 1.243459
 959.000000 1.226413
 960.000000 1.210189
 961.000000 1.196526
 962.000000 1.187157
 963.000000 1.183173
 964.000000 1.185100
 965.000000 1.192678
 966.000000 1.204984
 967.000000 1.220345
 968.000000 1.236946
 969.000000 1.252949
 970.000000 1.266893
 971.000000 1.277819
 972.000000 1.285181
 973.000000 1.288807
 974.000000 1.288795
 975.000000 1.285505
 976.000000 1.279381
 977.000000 1.271111
 978.000000 1.261390
 979.000000 1.251047
 980.000000 1.240942
 981.000000 1.231859
 982.000000 1.224502
 983.000000 1.219368
 984.000000 1.216716
 985.000000 1.216682
 986.000000 1.219172
 987.000000 1.223878
 988.000000 1.230226
 989.000000 1.237464
 990.000000 1.244713
 991.000000 1.251060
 992.000000 1.255712
 993.000000 1.258057
 994.000000 1.257940
 995.000000 1.255448
 996.000000 1.250902
 997.000000 1.244769
 998.000000 1.237808
 999.000000 1.230877
 1000.000000 1.224818
 1001.000000 1.220634
 1002.000000 1.218965
 1003.000000 1.219989
 1004.000000 1.223595
 1005.000000 1.229379
 1006.000000 1.236580
 1007.000000 1.244311
 1008.000000 1.251671
 1009.000000 1.257839
 1010.000000 1.262047
 1011.000000 1.263736
 1012.000000 1.262561
 1013.000000 1.258413
 1014.000000 1.251485
 1015.000000 1.242235
 1016.000000 1.231501
 1017.000000 1.220136
 1018.000000 1.209178
 1019.000000 1.199909
 1020.000000 1.193505
 1021.000000 1.190679
 1022.000000 1.191772
 1023.000000 1.196625
 1024.000000 1.204627
 1025.000000 1.214814
 1026.000000 1.225989
 1027.000000 1.237078
 1028.000000 1.247085
 1029.000000 1.255361
 1030.000000 1.261413
 1031.000000 1.265064
 1032.000000 1.266254
 1033.000000 1.265019
 1034.000000 1.261541
 1035.000000 1.256131
 1036.000000 1.249163
 1037.000000 1.241257
 1038.000000 1.232999
 1039.000000 1.224903
 1040.000000 1.217367
 1041.000000 1.210830
 1042.000000 1.205583
 1043.000000 1.201922
 1044.000000 1.200073
 1045.000000 1.200266
 1046.000000 1.202677
 1047.000000 1.207372
 1048.000000 1.214270
 1049.000000 1.223086
 1050.000000 1.233321
 1051.000000 1.244517
 1052.000000 1.255945
 1053.000000 1.267132
 1054.000000 1.277354
 1055.000000 1.286091
 1056.000000 1.292766
 1057.000000 1.296863
 1058.000000 1.298137
 1059.000000 1.296368
 1060.000000 1.291511
 1061.000000 1.283741
 1062.000000 1.273529
 1063.000000 1.261574
 1064.000000 1.248808
 1065.000000 1.236524
 1066.000000 1.225828
 1067.000000 1.217914
 1068.000000 1.213845
 1069.000000 1.214245
 1070.000000 1.219173
 1071.000000 1.228174
 1072.000000 1.240322
 1073.000000 1.254495
 1074.000000 1.269551
 1075.000000 1.284360
 1076.000000 1.297494
 1077.000000 1.307656
 1078.000000 1.313921
 1079.000000 1.315703
 1080.000000 1.312872
 1081.000000 1.305641
 1082.000000 1.294305
 1083.000000 1.279444
 1084.000000 1.262116
 1085.000000 1.243821
 1086.000000 1.226296
 1087.000000 1.211487
 1088.000000 1.201206
 1089.000000 1.196674
 1090.000000 1.198468
 1091.000000 1.206329
 1092.000000 1.219179
 1093.000000 1.235454
 1094.000000 1.253097
 1095.000000 1.270009
 1096.000000 1.283811
 1097.000000 1.293005
 1098.000000 1.296891
 1099.000000 1.295537
 1100.000000 1.289537
 1101.000000 1.279780
 1102.000000 1.267110
 1103.000000 1.252245
 1104.000000 1.236361
 1105.000000 1.221033
 1106.000000 1.207773
 1107.000000 1.197945
 1108.000000 1.192487
 1109.000000 1.191685
 1110.000000 1.194951
 1111.000000 1.200946
 1112.000000 1.208272
 1113.000000 1.215760
 1114.000000 1.222793
 1115.000000 1.229288
 1116.000000 1.235430
 1117.000000 1.241433
 1118.000000 1.247370
 1119.000000 1.253187
 1120.000000 1.258810
 1121.000000 1.264077
 1122.000000 1.268751
 1123.000000 1.272490
 1124.000000 1.274660
 1125.000000 1.274457
 1126.000000 1.271079
 1127.000000 1.263937
 1128.000000 1.252918
 1129.000000 1.238691
 1130.000000 1.222528
 1131.000000 1.206063
 1132.000000 1.191359
 1133.000000 1.180560
 1134.000000 1.175376
 1135.000000 1.177000
 1136.000000 1.185634
 1137.000000 1.200832
 1138.000000 1.221032
 1139.000000 1.243764
 1140.000000 1.266488
 1141.000000 1.286656
 1142.000000 1.302373
 1143.000000 1.312233
 1144.000000 1.315761
 1145.000000 1.313313
 1146.000000 1.305905
 1147.000000 1.294840
 1148.000000 1.281344
 1149.000000 1.266592
 1150.000000 1.251813
 1151.000000 1.237902
 1152.000000 1.225829
 1153.000000 1.216423
 1154.000000 1.210163
 1155.000000 1.207120
 1156.000000 1.206935
 1157.000000 1.209057
 1158.000000 1.213113
 1159.000000 1.218963
 1160.000000 1.226762
 1161.000000 1.236558
 1162.000000 1.248222
 1163.000000 1.261303
 1164.000000 1.274754
 1165.000000 1.287333
 1166.000000 1.297865
 1167.000000 1.305301
 1168.000000 1.308797
 1169.000000 1.307726
 1170.000000 1.301693
 1171.000000 1.290699
 1172.000000 1.274987
 1173.000000 1.255566
 1174.000000 1.234232
 1175.000000 1.213428
 1176.000000 1.195575
 1177.000000 1.183584
 1178.000000 1.179429
 1179.000000 1.183850
 1180.000000 1.196195
 1181.000000 1.214650
 1182.000000 1.236751
 1183.000000 1.259955
 1184.000000 1.282093
 1185.000000 1.301009
 1186.000000 1.315028
 1187.000000 1.322969
 1188.000000 1.324079
 1189.000000 1.318231
 1190.000000 1.305909
 1191.000000 1.288190
 1192.000000 1.266595
 1193.000000 1.243141
 1194.000000 1.219767
 1195.000000 1.198571
 1196.000000 1.182002
 1197.000000 1.172125
 1198.000000 1.170281
 1199.000000 1.176595
 1200.000000 1.189830
 1201.000000 1.207696
 1202.000000 1.227399
 1203.000000 1.245963
 1204.000000 1.261407
 1205.000000 1.272610
 1206.000000 1.279327
 1207.000000 1.282042
 1208.000000 1.281547
 1209.000000 1.278733
 1210.000000 1.274490
 1211.000000 1.269551
 1212.000000 1.264612
 1213.000000 1.260110
 1214.000000 1.256306
 1215.000000 1.253146
 1216.000000 1.250298
 1217.000000 1.247252
 1218.000000 1.243460
 1219.000000 1.238495
 1220.000000 1.232305
 1221.000000 1.225200
 1222.000000 1.217884
 1223.000000 1.211610
 1224.000000 1.207608
 1225.000000 1.207070
 1226.000000 1.210835
 1227.000000 1.219144
 1228.000000 1.231626
 1229.000000 1.247427
 1230.000000 1.265141
 1231.000000 1.283305
 1232.000000 1.300555
 1233.000000 1.315431
 1234.000000 1.326491
 1235.000000 1.332697
 1236.000000 1.333723
 1237.000000 1.329648
 1238.000000 1.321083
 1239.000000 1.309032
 1240.000000 1.294804
 1241.000000 1.279768
 1242.000000 1.265254
 1243.000000 1.252462
 1244.000000 1.242475
 1245.000000 1.235794
 1246.000000 1.232416
 1247.000000 1.231922
 1248.000000 1.233513
 1249.000000 1.236322
 1250.000000 1.239612
 1251.000000 1.243068
 1252.000000 1.246701
 1253.000000 1.250793
 1254.000000 1.255750
 1255.000000 1.261804
 1256.000000 1.269057
 1257.000000 1.277242
 1258.000000 1.285972
 1259.000000 1.294948
 1260.000000 1.303528
 1261.000000 1.311046
 1262.000000 1.316806
 1263.000000 1.319906
 1264.000000 1.319557
 1265.000000 1.315245
 1266.000000 1.306976
 1267.000000 1.295262
 1268.000000 1.281337
 1269.000000 1.266843
 1270.000000 1.253467
 1271.000000 1.242867
 1272.000000 1.236506
 1273.000000 1.235321
 1274.000000 1.239634
 1275.000000 1.249146
 1276.000000 1.262717
 1277.000000 1.278700
 1278.000000 1.295222
 1279.000000 1.310073
 1280.000000 1.321680
 1281.000000 1.328869
 1282.000000 1.331391
 1283.000000 1.329756
 1284.000000 1.324955
 1285.000000 1.318366
 1286.000000 1.311419
 1287.000000 1.305289
 1288.000000 1.300670
 1289.000000 1.297904
 1290.000000 1.296967
 1291.000000 1.297388
 1292.000000 1.298269
 1293.000000 1.298391
 1294.000000 1.296404
 1295.000000 1.291114
 1296.000000 1.281975
 1297.000000 1.269272
 1298.000000 1.254180
 1299.000000 1.238833
 1300.000000 1.225916
 1301.000000 1.217997
 1302.000000 1.216850
 1303.000000 1.223353
 1304.000000 1.237130
 1305.000000 1.256843
 1306.000000 1.280245
 1307.000000 1.304532
 1308.000000 1.327399
 1309.000000 1.346506
 1310.000000 1.359489
 1311.000000 1.364783
 1312.000000 1.362116
 1313.000000 1.352157
 1314.000000 1.336598
 1315.000000 1.317507
 1316.000000 1.296913
 1317.000000 1.277010
 1318.000000 1.259439
 1319.000000 1.245963
 1320.000000 1.237957
 1321.000000 1.235759
 1322.000000 1.238930
 1323.000000 1.246334
 1324.000000 1.256224
 1325.000000 1.266579
 1326.000000 1.275860
 1327.000000 1.283122
 1328.000000 1.288189
 1329.000000 1.291579
 1330.000000 1.294423
 1331.000000 1.298080
 1332.000000 1.303799
 1333.000000 1.312301
 1334.000000 1.323829
 1335.000000 1.338123
 1336.000000 1.354397
 1337.000000 1.371439
 1338.000000 1.387788
 1339.000000 1.401655
 1340.000000 1.411107
 1341.000000 1.414492
 1342.000000 1.410559
 1343.000000 1.398834
 1344.000000 1.379837
 1345.000000 1.354784
 1346.000000 1.325677
 1347.000000 1.294887
 1348.000000 1.264576
 1349.000000 1.237207
 1350.000000 1.215261
 1351.000000 1.200814
 1352.000000 1.195114
 1353.000000 1.198411
 1354.000000 1.209657
 1355.000000 1.226826
 1356.000000 1.246940
 1357.000000 1.267529
 1358.000000 1.286725
 1359.000000 1.303232
 1360.000000 1.316625
 1361.000000 1.326859
 1362.000000 1.334384
 1363.000000 1.339633
 1364.000000 1.343178
 1365.000000 1.345406
 1366.000000 1.346642
 1367.000000 1.347106
 1368.000000 1.346759
 1369.000000 1.345193
 1370.000000 1.341670
 1371.000000 1.335256
 1372.000000 1.325184
 1373.000000 1.311235
 1374.000000 1.294065
 1375.000000 1.275081
 1376.000000 1.256123
 1377.000000 1.239077
 1378.000000 1.225892
 1379.000000 1.217944
 1380.000000 1.216089
 1381.000000 1.220291
 1382.000000 1.229738
 1383.000000 1.242946
 1384.000000 1.257735
 1385.000000 1.271952
 1386.000000 1.283914
 1387.000000 1.292496
 1388.000000 1.297541
 1389.000000 1.299819
 1390.000000 1.300606
 1391.000000 1.301102
 1392.000000 1.302221
 1393.000000 1.304441
 1394.000000 1.307741
 1395.000000 1.311650
 1396.000000 1.315257
 1397.000000 1.317151
 1398.000000 1.315564
 1399.000000 1.308678
 1400.000000 1.295320
 1401.000000 1.275970
 1402.000000 1.252706
 1403.000000 1.228676
 1404.000000 1.207635
 1405.000000 1.193471
 1406.000000 1.188765
 1407.000000 1.194853
 1408.000000 1.211080
 1409.000000 1.235020
 1410.000000 1.263363
 1411.000000 1.292468
 1412.000000 1.318592
 1413.000000 1.339273
 1414.000000 1.353143
 1415.000000 1.360113
 1416.000000 1.361319
 1417.000000 1.358291
 1418.000000 1.352572
 1419.000000 1.345338
 1420.000000 1.337349
 1421.000000 1.328836
 1422.000000 1.319631
 1423.000000 1.309279
 1424.000000 1.297319
 1425.000000 1.283455
 1426.000000 1.267759
 1427.000000 1.251051
 1428.000000 1.234995
 1429.000000 1.221448
 1430.000000 1.212500
 1431.000000 1.209665
 1432.000000 1.213451
 1433.000000 1.223287
 1434.000000 1.237755
 1435.000000 1.254889
 1436.000000 1.272966
 1437.000000 1.290450
 1438.000000 1.305912
 1439.000000 1.318080
 1440.000000 1.326335
 1441.000000 1.330589
 1442.000000 1.331152
 1443.000000 1.328769
 1444.000000 1.324375
 1445.000000 1.318960
 1446.000000 1.313270
 1447.000000 1.307768
 1448.000000 1.302662
 1449.000000 1.297910
 1450.000000 1.293298
 1451.000000 1.288556
 1452.000000 1.283373
 1453.000000 1.277334
 1454.000000 1.270190
