#! FIELDS time d
 0.000000 1.255465
 1.000000 1.252956
 2.000000 1.248904
 3.000000 1.243690
 4.000000 1.237842
 5.000000 1.231978
 6.000000 1.226865
 7.000000 1.223158
 8.000000 1.221414
 9.000000 1.221978
 10.000000 1.224977
 11.000000 1.230255
 12.000000 1.237469
 13.000000 1.245955
 14.000000 1.255009
 15.000000 1.263860
 16.000000 1.271802
 17.000000 1.278249
 18.000000 1.282616
 19.000000 1.284540
 20.000000 1.283683
 21.000000 1.279885
 22.000000 1.273090
 23.000000 1.263533
 24.000000 1.251634
 25.000000 1.238081
 26.000000 1.224034
 27.000000 1.210751
 28.000000 1.199677
 29.000000 1.191935
 30.000000 1.188540
 31.000000 1.189819
 32.000000 1.195577
 33.000000 1.205022
 34.000000 1.217366
 35.000000 1.231248
 36.000000 1.245496
 37.000000 1.258953
 38.000000 1.270961
 39.000000 1.280770
 40.000000 1.287875
 41.000000 1.292091
 42.000000 1.293245
 43.000000 1.291332
 44.000000 1.286441
 45.000000 1.278747
 46.000000 1.268661
 47.000000 1.256677
 48.000000 1.243402
 49.000000 1.229421
 50.000000 1.215572
 51.000000 1.202899
 52.000000 1.192670
 53.000000 1.186033
 54.000000 1.183754
 55.000000 1.186084
 56.000000 1.192730
 57.000000 1.203054
 58.000000 1.215994
 59.000000 1.230182
 60.000000 1.244610
 61.000000 1.258587
 62.000000 1.271237
 63.000000 1.281902
 64.000000 1.290154
 65.000000 1.295699
 66.000000 1.298227
 67.000000 1.297532
 68.000000 1.293528
 69.000000 1.286332
 70.000000 1.276207
 71.000000 1.263674
 72.000000 1.249617
 73.000000 1.235296
 74.000000 1.222056
 75.000000 1.211088
 76.000000 1.203307
 77.000000 1.199380
 78.000000 1.199624
 79.000000 1.203861
 80.000000 1.211573
 81.000000 1.221787
 82.000000 1.233397
 83.000000 1.245144
 84.000000 1.255915
 85.000000 1.264950
 86.000000 1.271610
 87.000000 1.275703
 88.000000 1.277195
 89.000000 1.276182
 90.000000 1.272934
 91.000000 1.267847
 92.000000 1.261397
 93.000000 1.254283
 94.000000 1.247064
 95.000000 1.240212
 96.000000 1.234077
 97.000000 1.229005
 98.000000 1.225225
 99.000000 1.222973
 100.000000 1.222346
 101.000000 1.223372
 102.000000 1.225980
 103.000000 1.230081
 104.000000 1.235434
 105.000000 1.241607
 106.000000 1.248236
 107.000000 1.254901
 108.000000 1.261133
 109.000000 1.266348
 110.000000 1.270058
 111.000000 1.271936
 112.000000 1.271738
 113.000000 1.269347
 114.000000 1.264826
 115.000000 1.258448
 116.000000 1.250637
 117.000000 1.241874
 118.000000 1.232735
 119.000000 1.223855
 120.000000 1.215884
 121.000000 1.209476
 122.000000 1.205298
 123.000000 1.203788
 124.000000 1.205242
 125.000000 1.209759
 126.000000 1.217031
 127.000000 1.226491
 128.000000 1.237546
 129.000000 1.249323
 130.000000 1.260798
 131.000000 1.271216
 132.000000 1.279740
 133.000000 1.285962
 134.000000 1.289551
 135.000000 1.290368
 136.000000 1.288467
 137.000000 1.284005
 138.000000 1.277266
 139.000000 1.268701
 140.000000 1.258727
 141.000000 1.248193
 142.000000 1.237802
 143.000000 1.228423
 144.000000 1.220742
 145.000000 1.215346
 146.000000 1.212723
 147.000000 1.213061
 148.000000 1.216370
 149.000000 1.222343
 150.000000 1.230537
 151.000000 1.240344
 152.000000 1.250895
 153.000000 1.261301
 154.000000 1.270558
 155.000000 1.277939
 156.000000 1.282945
 157.000000 1.285221
 158.000000 1.284608
 159.000000 1.281120
 160.000000 1.275021
 161.000000 1.266792
 162.000000 1.257220
 163.000000 1.246961
 164.000000 1.236968
 165.000000 1.228162
 166.000000 1.221399
 167.000000 1.217265
 168.000000 1.215979
 169.000000 1.217379
 170.000000 1.221004
 171.000000 1.226127
 172.000000 1.231968
 173.000000 1.237674
 174.000000 1.242474
 175.000000 1.245704
 176.000000 1.247023
 177.000000 1.246488
 178.000000 1.244497
 179.000000 1.241685
 180.000000 1.238835
 181.000000 1.236628
 182.000000 1.235656
 183.000000 1.236271
 184.000000 1.238555
 185.000000 1.242395
 186.000000 1.247504
 187.000000 1.253254
 188.000000 1.259048
 189.000000 1.264168
 190.000000 1.267886
 191.000000 1.269715
 192.000000 1.269383
 193.000000 1.266939
 194.000000 1.262764
 195.000000 1.257551
 196.000000 1.252073
 197.000000 1.247185
 198.000000 1.243536
 199.000000 1.241522
 200.000000 1.241226
 201.000000 1.242444
 202.000000 1.244669
 203.000000 1.247222
 204.000000 1.249307
 205.000000 1.250301
 206.000000 1.249761
 207.000000 1.247583
 208.000000 1.244047
 209.000000 1.239764
 210.000000 1.235452
 211.000000 1.231924
 212.000000 1.229838
 213.000000 1.229673
 214.000000 1.231616
 215.000000 1.235568
 216.000000 1.241148
 217.000000 1.247727
 218.000000 1.254564
 219.000000 1.260813
 220.000000 1.265592
 221.000000 1.268347
 222.000000 1.268764
 223.000000 1.266795
 224.000000 1.262647
 225.000000 1.256661
 226.000000 1.249233
 227.000000 1.240831
 228.000000 1.231968
 229.000000 1.223468
 230.000000 1.216011
 231.000000 1.210399
 232.000000 1.207222
 233.000000 1.206738
 234.000000 1.208955
 235.000000 1.213628
 236.000000 1.220228
 237.000000 1.228396
 238.000000 1.237675
 239.000000 1.247441
 240.000000 1.257129
 241.000000 1.266126
 242.000000 1.273886
 243.000000 1.280059
 244.000000 1.284266
 245.000000 1.286233
 246.000000 1.285729
 247.000000 1.282590
 248.000000 1.276771
 249.000000 1.268319
 250.000000 1.257690
 251.000000 1.245586
 252.000000 1.232989
 253.000000 1.221079
 254.000000 1.211156
 255.000000 1.204444
 256.000000 1.201805
 257.000000 1.203519
 258.000000 1.209367
 259.000000 1.218556
 260.000000 1.230041
 261.000000 1.242367
 262.000000 1.254123
 263.000000 1.264195
 264.000000 1.271724
 265.000000 1.276240
 266.000000 1.277611
 267.000000 1.276041
 268.000000 1.271972
 269.000000 1.265922
 270.000000 1.258487
 271.000000 1.250288
 272.000000 1.241976
 273.000000 1.234163
 274.000000 1.227512
 275.000000 1.222445
 276.000000 1.219147
 277.000000 1.217687
 278.000000 1.217964
 279.000000 1.219758
 280.000000 1.222853
 281.000000 1.227037
 282.000000 1.232186
 283.000000 1.238116
 284.000000 1.244551
 285.000000 1.251058
 286.000000 1.257197
 287.000000 1.262437
 288.000000 1.266169
 289.000000 1.267834
 290.000000 1.266977
 291.000000 1.263344
 292.000000 1.256998
 293.000000 1.248394
 294.000000 1.238392
 295.000000 1.228106
 296.000000 1.218857
 297.000000 1.211901
 298.000000 1.208150
 299.000000 1.208222
 300.000000 1.212139
 301.000000 1.219496
 302.000000 1.229432
 303.000000 1.241032
 304.000000 1.253451
 305.000000 1.265758
 306.000000 1.277119
 307.000000 1.286787
 308.000000 1.294057
 309.000000 1.298307
 310.000000 1.299139
 311.000000 1.296268
 312.000000 1.289628
 313.000000 1.279373
 314.000000 1.265882
 315.000000 1.249893
 316.000000 1.232673
 317.000000 1.215461
 318.000000 1.199967
 319.000000 1.188129
 320.000000 1.181425
 321.000000 1.180979
 322.000000 1.187049
 323.000000 1.198909
 324.000000 1.215496
 325.000000 1.235277
 326.000000 1.256332
 327.000000 1.277111
 328.000000 1.296205
 329.000000 1.312527
 330.000000 1.325283
 331.000000 1.333840
 332.000000 1.337725
 333.000000 1.336835
 334.000000 1.331192
 335.000000 1.320986
 336.000000 1.306736
 337.000000 1.289204
 338.000000 1.269471
 339.000000 1.248916
 340.000000 1.229084
 341.000000 1.211620
 342.000000 1.198493
 343.000000 1.191134
 344.000000 1.190311
 345.000000 1.196048
 346.000000 1.207513
 347.000000 1.223149
 348.000000 1.241284
 349.000000 1.260090
 350.000000 1.277582
 351.000000 1.292381
 352.000000 1.303533
 353.000000 1.310358
 354.000000 1.312498
 355.000000 1.309871
 356.000000 1.302739
 357.000000 1.291677
 358.000000 1.277605
 359.000000 1.261558
 360.000000 1.244664
 361.000000 1.228551
 362.000000 1.214647
 363.000000 1.204286
 364.000000 1.198462
 365.000000 1.197569
 366.000000 1.201442
 367.000000 1.209357
 368.000000 1.220124
 369.000000 1.232374
 370.000000 1.244808
 371.000000 1.256118
 372.000000 1.265494
 373.000000 1.272439
 374.000000 1.276694
 375.000000 1.278110
 376.000000 1.276754
 377.000000 1.272888
 378.000000 1.266854
 379.000000 1.259085
 380.000000 1.250159
 381.000000 1.240813
 382.000000 1.231623
 383.000000 1.223225
 384.000000 1.216308
 385.000000 1.211467
 386.000000 1.209225
 387.000000 1.209839
 388.000000 1.213299
 389.000000 1.219359
 390.000000 1.227470
 391.000000 1.237008
 392.000000 1.247230
 393.000000 1.257346
 394.000000 1.266619
 395.000000 1.274430
 396.000000 1.280293
 397.000000 1.283779
 398.000000 1.284736
 399.000000 1.283169
 400.000000 1.279206
 401.000000 1.273138
 402.000000 1.265328
 403.000000 1.256437
 404.000000 1.247064
 405.000000 1.237929
 406.000000 1.229659
 407.000000 1.222964
 408.000000 1.218363
 409.000000 1.216254
 410.000000 1.216765
 411.000000 1.219806
 412.000000 1.225024
 413.000000 1.231915
 414.000000 1.239704
 415.000000 1.247600
 416.000000 1.255010
 417.000000 1.261279
 418.000000 1.266075
 419.000000 1.269107
 420.000000 1.270387
 421.000000 1.270047
 422.000000 1.268297
 423.000000 1.265381
 424.000000 1.261571
 425.000000 1.257135
 426.000000 1.252421
 427.000000 1.247595
 428.000000 1.242989
 429.000000 1.238915
 430.000000 1.235742
 431.000000 1.233831
 432.000000 1.233390
 433.000000 1.234535
 434.000000 1.237237
 435.000000 1.241283
 436.000000 1.246383
 437.000000 1.252018
 438.000000 1.257650
 439.000000 1.262691
 440.000000 1.266723
 441.000000 1.269340
 442.000000 1.270238
 443.000000 1.269272
 444.000000 1.266448
 445.000000 1.261979
 446.000000 1.256226
 447.000000 1.249754
 448.000000 1.243292
 449.000000 1.237546
 450.000000 1.233203
 451.000000 1.230746
 452.000000 1.230414
 453.000000 1.232198
 454.000000 1.235831
 455.000000 1.240840
 456.000000 1.246676
 457.000000 1.252733
 458.000000 1.258429
 459.000000 1.263441
 460.000000 1.267368
 461.000000 1.269831
 462.000000 1.270589
 463.000000 1.269475
 464.000000 1.266423
 465.000000 1.261500
 466.000000 1.254954
 467.000000 1.247226
 468.000000 1.238942
 469.000000 1.230761
 470.000000 1.223488
 471.000000 1.217825
 472.000000 1.214378
 473.000000 1.213561
 474.000000 1.215552
 475.000000 1.220338
 476.000000 1.227707
 477.000000 1.237168
 478.000000 1.248088
 479.000000 1.259892
 480.000000 1.271927
 481.000000 1.283555
 482.000000 1.294208
 483.000000 1.303323
 484.000000 1.310371
 485.000000 1.314945
 486.000000 1.316731
 487.000000 1.315509
 488.000000 1.311128
 489.000000 1.303558
 490.000000 1.292906
 491.000000 1.279476
 492.000000 1.263799
 493.000000 1.246741
 494.000000 1.229790
 495.000000 1.214330
 496.000000 1.201924
 497.000000 1.193936
 498.000000 1.191354
 499.000000 1.194522
 500.000000 1.203028
 501.000000 1.215848
 502.000000 1.231299
 503.000000 1.248017
 504.000000 1.264491
 505.000000 1.279187
 506.000000 1.291040
 507.000000 1.299287
 508.000000 1.303523
 509.000000 1.303520
 510.000000 1.299297
 511.000000 1.291030
 512.000000 1.279261
 513.000000 1.264638
 514.000000 1.248070
 515.000000 1.230846
 516.000000 1.214220
 517.000000 1.199824
 518.000000 1.189348
 519.000000 1.183991
 520.000000 1.184258
 521.000000 1.190017
 522.000000 1.200490
 523.000000 1.214397
 524.000000 1.230504
 525.000000 1.247367
 526.000000 1.263657
 527.000000 1.278350
 528.000000 1.290608
 529.000000 1.299993
 530.000000 1.306394
 531.000000 1.309494
 532.000000 1.309213
 533.000000 1.305521
 534.000000 1.298543
 535.000000 1.288573
 536.000000 1.275948
 537.000000 1.261264
 538.000000 1.245375
 539.000000 1.229087
 540.000000 1.213556
 541.000000 1.200443
 542.000000 1.191139
 543.000000 1.186624
 544.000000 1.187573
 545.000000 1.193919
 546.000000 1.204865
 547.000000 1.219159
 548.000000 1.235288
 549.000000 1.251639
 550.000000 1.266554
 551.000000 1.278532
 552.000000 1.286547
 553.000000 1.289846
 554.000000 1.288140
 555.000000 1.281593
 556.000000 1.270919
 557.000000 1.257192
 558.000000 1.241758
 559.000000 1.226166
 560.000000 1.212059
 561.000000 1.200934
 562.000000 1.193839
 563.000000 1.191353
 564.000000 1.193550
 565.000000 1.199869
 566.000000 1.209376
 567.000000 1.220914
 568.000000 1.233440
 569.000000 1.246249
 570.000000 1.258646
 571.000000 1.270088
 572.000000 1.280138
 573.000000 1.288238
 574.000000 1.294024
 575.000000 1.297065
 576.000000 1.297088
 577.000000 1.293921
 578.000000 1.287562
 579.000000 1.278126
 580.000000 1.266063
 581.000000 1.251955
 582.000000 1.236644
 583.000000 1.221072
 584.000000 1.206397
 585.000000 1.194054
 586.000000 1.185588
 587.000000 1.181966
 588.000000 1.183841
 589.000000 1.191085
 590.000000 1.202944
 591.000000 1.217962
 592.000000 1.234636
 593.000000 1.251338
 594.000000 1.266769
 595.000000 1.279836
 596.000000 1.289618
 597.000000 1.295303
 598.000000 1.296185
 599.000000 1.291875
 600.000000 1.282298
 601.000000 1.267795
 602.000000 1.249444
 603.000000 1.228776
 604.000000 1.207983
 605.000000 1.189499
 606.000000 1.175514
 607.000000 1.168136
 608.000000 1.168559
 609.000000 1.176738
 610.000000 1.191414
 611.000000 1.210335
 612.000000 1.231047
 613.000000 1.251210
 614.000000 1.269022
 615.000000 1.283303
 616.000000 1.293854
 617.000000 1.300754
 618.000000 1.304406
 619.000000 1.305235
 620.000000 1.303634
 621.000000 1.299913
 622.000000 1.294316
 623.000000 1.287040
 624.000000 1.278196
 625.000000 1.267824
 626.000000 1.256287
 627.000000 1.244033
 628.000000 1.231600
 629.000000 1.220014
 630.000000 1.210234
 631.000000 1.203533
 632.000000 1.200801
 633.000000 1.202474
 634.000000 1.208312
 635.000000 1.217627
 636.000000 1.229223
 637.000000 1.241595
 638.000000 1.253456
 639.000000 1.263723
 640.000000 1.271624
 641.000000 1.276468
 642.000000 1.277835
 643.000000 1.275497
 644.000000 1.269511
 645.000000 1.260115
 646.000000 1.247972
 647.000000 1.234156
 648.000000 1.220111
 649.000000 1.207484
 650.000000 1.197938
 651.000000 1.192892
 652.000000 1.193343
 653.000000 1.199477
 654.000000 1.210660
 655.000000 1.225560
 656.000000 1.242254
 657.000000 1.258625
 658.000000 1.272724
 659.000000 1.282597
 660.000000 1.287164
 661.000000 1.286214
 662.000000 1.280275
 663.000000 1.270449
 664.000000 1.258356
 665.000000 1.245205
 666.000000 1.232329
 667.000000 1.220705
 668.000000 1.211367
 669.000000 1.204968
 670.000000 1.201774
 671.000000 1.201633
 672.000000 1.204055
 673.000000 1.208244
 674.000000 1.213334
 675.000000 1.218743
 676.000000 1.224106
 677.000000 1.229275
 678.000000 1.234256
 679.000000 1.239036
 680.000000 1.243483
 681.000000 1.247381
 682.000000 1.250459
 683.000000 1.252514
 684.000000 1.253363
 685.000000 1.252937
 686.000000 1.251356
 687.000000 1.248871
 688.000000 1.245758
 689.000000 1.242137
 690.000000 1.238105
 691.000000 1.233836
 692.000000 1.229790
 693.000000 1.226674
 694.000000 1.225278
 695.000000 1.226242
 696.000000 1.229885
 697.000000 1.236108
 698.000000 1.244376
 699.000000 1.253718
 700.000000 1.262915
 701.000000 1.270659
 702.000000 1.275514
 703.000000 1.276265
 704.000000 1.272136
 705.000000 1.263120
 706.000000 1.249868
 707.000000 1.234092
 708.000000 1.218303
 709.000000 1.204873
 710.000000 1.195994
 711.000000 1.193291
 712.000000 1.197342
 713.000000 1.207653
 714.000000 1.222887
 715.000000 1.240972
 716.000000 1.259465
 717.000000 1.276325
 718.000000 1.290141
 719.000000 1.299918
 720.000000 1.305076
 721.000000 1.305672
 722.000000 1.302250
 723.000000 1.295570
 724.000000 1.286540
 725.000000 1.275967
 726.000000 1.264678
 727.000000 1.253564
 728.000000 1.243330
 729.000000 1.234631
 730.000000 1.228032
 731.000000 1.223847
 732.000000 1.222100
 733.000000 1.222505
 734.000000 1.224572
 735.000000 1.227697
 736.000000 1.231360
 737.000000 1.235239
 738.000000 1.239241
 739.000000 1.243495
 740.000000 1.248185
 741.000000 1.253493
 742.000000 1.259430
 743.000000 1.265877
 744.000000 1.272674
 745.000000 1.279520
 746.000000 1.286117
 747.000000 1.291952
 748.000000 1.296316
 749.000000 1.298384
 750.000000 1.297341
 751.000000 1.292566
 752.000000 1.283806
 753.000000 1.271448
 754.000000 1.256642
 755.000000 1.240842
 756.000000 1.226012
 757.000000 1.214161
 758.000000 1.206846
 759.000000 1.205292
 760.000000 1.209744
 761.000000 1.219576
 762.000000 1.233452
 763.000000 1.249587
 764.000000 1.266222
 765.000000 1.281691
 766.000000 1.294456
 767.000000 1.303419
 768.000000 1.308127
 769.000000 1.308550
 770.000000 1.305138
 771.000000 1.298648
 772.000000 1.290147
 773.000000 1.280674
 774.000000 1.271183
 775.000000 1.262601
 776.000000 1.255810
 777.000000 1.251308
 778.000000 1.249332
 779.000000 1.249769
 780.000000 1.252154
 781.000000 1.255788
 782.000000 1.259837
 783.000000 1.263484
 784.000000 1.266153
 785.000000 1.267633
 786.000000 1.268008
 787.000000 1.267612
 788.000000 1.266917
 789.000000 1.266413
 790.000000 1.266509
 791.000000 1.267488
 792.000000 1.269462
 793.000000 1.272383
 794.000000 1.276019
 795.000000 1.279918
 796.000000 1.283442
 797.000000 1.285962
 798.000000 1.286716
 799.000000 1.285099
 800.000000 1.280828
 801.000000 1.273987
 802.000000 1.265284
 803.000000 1.255872
 804.000000 1.247163
 805.000000 1.240523
 806.000000 1.237046
 807.000000 1.237463
 808.000000 1.241988
 809.000000 1.250240
 810.000000 1.261438
 811.000000 1.274247
 812.000000 1.287230
 813.000000 1.298629
 814.000000 1.306777
 815.000000 1.310625
 816.000000 1.309537
 817.000000 1.303618
 818.000000 1.293634
 819.000000 1.280948
 820.000000 1.266917
 821.000000 1.253357
 822.000000 1.241696
 823.000000 1.233124
 824.000000 1.228588
 825.000000 1.228495
 826.000000 1.232585
 827.000000 1.239929
 828.000000 1.249304
 829.000000 1.259283
 830.000000 1.268636
 831.000000 1.276357
 832.000000 1.281786
 833.000000 1.284833
 834.000000 1.285647
 835.000000 1.284625
 836.000000 1.282247
 837.000000 1.278983
 838.000000 1.275340
 839.000000 1.271699
 840.000000 1.268378
 841.000000 1.265664
 842.000000 1.263703
 843.000000 1.262352
 844.000000 1.261175
 845.000000 1.259577
 846.000000 1.257013
 847.000000 1.253249
 848.000000 1.248456
 849.000000 1.243359
 850.000000 1.238895
 851.000000 1.236241
 852.000000 1.236383
 853.000000 1.239874
 854.000000 1.246700
 855.000000 1.256312
 856.000000 1.267849
 857.000000 1.280177
 858.000000 1.291918
 859.000000 1.301754
 860.000000 1.308346
 861.000000 1.310761
 862.000000 1.308672
 863.000000 1.302490
 864.000000 1.293164
 865.000000 1.282150
 866.000000 1.271154
 867.000000 1.261556
 868.000000 1.254521
 869.000000 1.250716
 870.000000 1.250279
 871.000000 1.252947
 872.000000 1.258049
 873.000000 1.264658
 874.000000 1.271579
 875.000000 1.277678
 876.000000 1.281913
 877.000000 1.283675
 878.000000 1.282675
 879.000000 1.279054
 880.000000 1.273352
 881.000000 1.266382
 882.000000 1.259030
 883.000000 1.252205
 884.000000 1.246786
 885.000000 1.243288
 886.000000 1.242067
 887.000000 1.243239
 888.000000 1.246653
 889.000000 1.251941
 890.000000 1.258413
 891.000000 1.265192
 892.000000 1.271372
 893.000000 1.275893
 894.000000 1.277922
 895.000000 1.277023
 896.000000 1.273354
 897.000000 1.267625
 898.000000 1.260909
 899.000000 1.254455
 900.000000 1.249469
 901.000000 1.246846
 902.000000 1.247139
 903.000000 1.250422
 904.000000 1.256254
 905.000000 1.263703
 906.000000 1.271200
 907.000000 1.277218
 908.000000 1.280290
 909.000000 1.279512
 910.000000 1.274882
 911.000000 1.267280
 912.000000 1.258234
 913.000000 1.249778
 914.000000 1.243914
 915.000000 1.242238
 916.000000 1.245643
 917.000000 1.254261
 918.000000 1.267348
 919.000000 1.283688
 920.000000 1.301660
 921.000000 1.319549
 922.000000 1.335570
 923.000000 1.348311
 924.000000 1.356728
 925.000000 1.360218
 926.000000 1.358714
 927.000000 1.352524
 928.000000 1.342199
 929.000000 1.328665
 930.000000 1.313115
 931.000000 1.296717
 932.000000 1.281015
 933.000000 1.267280
 934.000000 1.256597
 935.000000 1.249727
 936.000000 1.247209
 937.000000 1.248959
 938.000000 1.254380
 939.000000 1.262519
 940.000000 1.272084
 941.000000 1.281789
 942.000000 1.290624
 943.000000 1.297963
 944.000000 1.303639
 945.000000 1.308051
 946.000000 1.311978
 947.000000 1.316306
 948.000000 1.321837
 949.000000 1.329089
 950.000000 1.338400
 951.000000 1.349504
 952.000000 1.361872
 953.000000 1.374478
 954.000000 1.386460
 955.000000 1.396891
 956.000000 1.404784
 957.000000 1.409517
 958.000000 1.410900
 959.000000 1.409280
 960.000000 1.405417
 961.000000 1.400259
 962.000000 1.394827
 963.000000 1.389916
 964.000000 1.386136
 965.000000 1.383857
 966.000000 1.383040
 967.000000 1.383350
 968.000000 1.384193
 969.000000 1.384862
 970.000000 1.384695
 971.000000 1.383207
 972.000000 1.380197
 973.000000 1.375797
 974.000000 1.370458
 975.000000 1.364785
 976.000000 1.359428
 977.000000 1.355014
 978.000000 1.351850
 979.000000 1.349966
 980.000000 1.349188
 981.000000 1.349272
 982.000000 1.350024
 983.000000 1.351329
 984.000000 1.353103
 985.000000 1.355194
 986.000000 1.357427
 987.000000 1.359553
 988.000000 1.361300
 989.000000 1.362429
 990.000000 1.362767
 991.000000 1.362205
 992.000000 1.360689
 993.000000 1.358228
 994.000000 1.354806
 995.000000 1.350460
 996.000000 1.345193
 997.000000 1.338942
 998.000000 1.331741
 999.000000 1.323574
 1000.000000 1.314371
 1001.000000 1.304562
 1002.000000 1.294517
 1003.000000 1.284524
 1004.000000 1.275236
 1005.000000 1.267270
 1006.000000 1.261529
 1007.000000 1.258822
 1008.000000 1.259766
 1009.000000 1.264663
 1010.000000 1.273394
 1011.000000 1.285499
 1012.000000 1.300099
 1013.000000 1.316377
 1014.000000 1.333205
 1015.000000 1.349650
 1016.000000 1.364664
 1017.000000 1.377707
 1018.000000 1.388379
 1019.000000 1.396258
 1020.000000 1.401162
 1021.000000 1.403295
 1022.000000 1.403024
 1023.000000 1.400895
 1024.000000 1.397560
 1025.000000 1.393714
 1026.000000 1.390047
 1027.000000 1.387126
 1028.000000 1.385398
 1029.000000 1.385103
 1030.000000 1.386252
 1031.000000 1.388614
 1032.000000 1.391679
 1033.000000 1.394791
 1034.000000 1.397147
 1035.000000 1.397988
 1036.000000 1.396777
 1037.000000 1.393374
 1038.000000 1.388038
 1039.000000 1.381396
 1040.000000 1.374258
 1041.000000 1.367624
 1042.000000 1.362373
 1043.000000 1.359208
 1044.000000 1.358443
 1045.000000 1.360038
 1046.000000 1.363599
 1047.000000 1.368417
 1048.000000 1.373609
 1049.000000 1.378290
 1050.000000 1.381771
 1051.000000 1.383801
 1052.000000 1.384490
 1053.000000 1.384307
 1054.000000 1.383915
 1055.000000 1.383992
 1056.000000 1.385099
 1057.000000 1.387578
 1058.000000 1.391617
 1059.000000 1.397119
 1060.000000 1.403842
 1061.000000 1.411409
 1062.000000 1.419358
 1063.000000 1.427263
 1064.000000 1.434747
 1065.000000 1.441378
 1066.000000 1.446935
 1067.000000 1.451149
 1068.000000 1.453722
 1069.000000 1.454394
 1070.000000 1.452993
 1071.000000 1.449485
 1072.000000 1.444038
 1073.000000 1.437003
 1074.000000 1.428834
 1075.000000 1.420041
 1076.000000 1.411286
 1077.000000 1.403128
 1078.000000 1.395899
 1079.000000 1.389833
 1080.000000 1.384866
 1081.000000 1.380903
 1082.000000 1.377558
 1083.000000 1.374367
 1084.000000 1.370834
 1085.000000 1.366515
 1086.000000 1.361099
 1087.000000 1.354570
 1088.000000 1.347275
 1089.000000 1.339840
 1090.000000 1.333243
 1091.000000 1.328584
 1092.000000 1.326805
 1093.000000 1.328555
 1094.000000 1.334021
 1095.000000 1.342917
 1096.000000 1.354240
 1097.000000 1.366927
 1098.000000 1.379889
 1099.000000 1.392219
 1100.000000 1.403121
 1101.000000 1.412213
 1102.000000 1.419550
 1103.000000 1.425528
 1104.000000 1.430415
 1105.000000 1.434312
 1106.000000 1.437173
 1107.000000 1.438725
 1108.000000 1.438528
 1109.000000 1.436033
 1110.000000 1.430704
 1111.000000 1.422228
 1112.000000 1.410377
 1113.000000 1.395426
 1114.000000 1.378077
 1115.000000 1.359312
 1116.000000 1.340268
 1117.000000 1.322171
 1118.000000 1.306390
 1119.000000 1.294192
 1120.000000 1.286470
 1121.000000 1.283670
 1122.000000 1.285649
 1123.000000 1.291822
 1124.000000 1.301135
 1125.000000 1.312325
 1126.000000 1.324240
 1127.000000 1.335719
 1128.000000 1.345877
 1129.000000 1.354122
 1130.000000 1.360253
 1131.000000 1.364445
 1132.000000 1.367034
 1133.000000 1.368493
 1134.000000 1.369364
 1135.000000 1.370143
 1136.000000 1.371228
 1137.000000 1.372902
 1138.000000 1.375241
 1139.000000 1.378083
 1140.000000 1.381087
 1141.000000 1.383736
 1142.000000 1.385455
 1143.000000 1.385694
 1144.000000 1.384090
 1145.000000 1.380583
 1146.000000 1.375516
 1147.000000 1.369510
 1148.000000 1.363366
 1149.000000 1.358035
 1150.000000 1.354511
 1151.000000 1.353553
 1152.000000 1.355680
 1153.000000 1.361066
 1154.000000 1.369545
 1155.000000 1.380601
 1156.000000 1.393441
 1157.000000 1.406917
 1158.000000 1.420256
 1159.000000 1.432400
 1160.000000 1.442523
 1161.000000 1.449961
 1162.000000 1.454533
 1163.000000 1.456433
 1164.000000 1.456117
 1165.000000 1.454283
 1166.000000 1.451701
 1167.000000 1.449077
 1168.000000 1.446963
 1169.000000 1.445725
 1170.000000 1.445483
 1171.000000 1.446153
 1172.000000 1.447448
 1173.000000 1.448869
 1174.000000 1.449727
 1175.000000 1.449222
 1176.000000 1.446469
 1177.000000 1.440696
 1178.000000 1.431328
 1179.000000 1.418214
 1180.000000 1.401495
 1181.000000 1.381961
 1182.000000 1.360861
 1183.000000 1.339694
 1184.000000 1.319940
 1185.000000 1.303270
 1186.000000 1.290968
 1187.000000 1.283798
 1188.000000 1.282011
 1189.000000 1.285241
 1190.000000 1.292689
 1191.000000 1.303245
 1192.000000 1.315697
 1193.000000 1.328767
 1194.000000 1.341523
 1195.000000 1.353251
 1196.000000 1.363271
 1197.000000 1.371150
 1198.000000 1.376657
 1199.000000 1.379752
 1200.000000 1.380683
 1201.000000 1.379856
 1202.000000 1.377778
 1203.000000 1.374991
 1204.000000 1.371960
 1205.000000 1.369044
 1206.000000 1.366510
 1207.000000 1.364505
 1208.000000 1.363167
 1209.000000 1.362622
 1210.000000 1.362970
 1211.000000 1.364236
 1212.000000 1.366291
 1213.000000 1.368865
 1214.000000 1.371516
 1215.000000 1.373792
 1216.000000 1.375362
 1217.000000 1.376137
 1218.000000 1.376284
 1219.000000 1.376181
 1220.000000 1.376284
 1221.000000 1.376980
 1222.000000 1.378497
 1223.000000 1.380843
 1224.000000 1.383869
 1225.000000 1.387269
 1226.000000 1.390662
 1227.000000 1.393695
 1228.000000 1.396113
 1229.000000 1.397782
 1230.000000 1.398665
 1231.000000 1.398815
 1232.000000 1.398337
 1233.000000 1.397364
 1234.000000 1.396098
 1235.000000 1.394800
 1236.000000 1.393696
 1237.000000 1.392935
 1238.000000 1.392421
 1239.000000 1.391824
 1240.000000 1.390688
 1241.000000 1.388623
 1242.000000 1.385486
 1243.000000 1.381492
 1244.000000 1.377219
 1245.000000 1.373395
 1246.000000 1.370790
 1247.000000 1.370071
 1248.000000 1.371558
 1249.000000 1.375175
 1250.000000 1.380376
 1251.000000 1.386398
 1252.000000 1.392236
 1253.000000 1.396952
 1254.000000 1.399944
 1255.000000 1.400962
 1256.000000 1.400184
 1257.000000 1.398131
 1258.000000 1.395534
 1259.000000 1.393119
 1260.000000 1.391593
 1261.000000 1.391421
 1262.000000 1.392759
 1263.000000 1.395408
 1264.000000 1.398860
 1265.000000 1.402356
 1266.000000 1.404918
 1267.000000 1.405646
 1268.000000 1.403751
 1269.000000 1.398775
 1270.000000 1.390599
 1271.000000 1.379523
 1272.000000 1.366234
 1273.000000 1.351680
 1274.000000 1.336820
 1275.000000 1.322689
 1276.000000 1.310493
 1277.000000 1.301189
 1278.000000 1.295480
 1279.000000 1.293921
 1280.000000 1.296664
 1281.000000 1.303501
 1282.000000 1.313960
 1283.000000 1.327209
 1284.000000 1.342413
 1285.000000 1.358335
 1286.000000 1.373655
 1287.000000 1.387292
 1288.000000 1.398720
 1289.000000 1.407661
 1290.000000 1.414023
 1291.000000 1.418049
 1292.000000 1.420265
 1293.000000 1.421355
 1294.000000 1.422075
 1295.000000 1.423151
 1296.000000 1.425173
 1297.000000 1.428533
 1298.000000 1.433381
 1299.000000 1.439512
 1300.000000 1.446349
 1301.000000 1.453004
 1302.000000 1.458532
 1303.000000 1.461945
 1304.000000 1.462564
 1305.000000 1.460136
 1306.000000 1.454971
 1307.000000 1.447851
 1308.000000 1.439687
 1309.000000 1.431479
 1310.000000 1.424291
 1311.000000 1.418938
 1312.000000 1.415754
 1313.000000 1.414827
 1314.000000 1.415932
 1315.000000 1.418583
 1316.000000 1.422148
 1317.000000 1.425899
 1318.000000 1.429219
 1319.000000 1.431533
 1320.000000 1.432431
 1321.000000 1.431780
 1322.000000 1.429630
 1323.000000 1.426251
 1324.000000 1.422123
 1325.000000 1.417908
 1326.000000 1.414237
 1327.000000 1.411709
 1328.000000 1.410795
 1329.000000 1.411728
 1330.000000 1.414441
 1331.000000 1.418619
 1332.000000 1.423734
 1333.000000 1.428996
 1334.000000 1.433625
 1335.000000 1.436886
 1336.000000 1.438098
 1337.000000 1.436732
 1338.000000 1.432415
 1339.000000 1.424957
 1340.000000 1.414424
 1341.000000 1.401056
 1342.000000 1.385517
 1343.000000 1.368416
 1344.000000 1.350729
 1345.000000 1.333503
 1346.000000 1.317884
 1347.000000 1.304933
 1348.000000 1.295245
 1349.000000 1.289193
 1350.000000 1.286849
 1351.000000 1.287926
 1352.000000 1.291861
 1353.000000 1.297886
 1354.000000 1.305043
 1355.000000 1.312415
 1356.000000 1.318996
 1357.000000 1.324120
 1358.000000 1.327373
 1359.000000 1.328574
 1360.000000 1.327877
 1361.000000 1.325694
 1362.000000 1.322593
 1363.000000 1.319223
 1364.000000 1.316098
 1365.000000 1.313702
 1366.000000 1.312333
 1367.000000 1.312062
 1368.000000 1.312785
 1369.000000 1.314280
 1370.000000 1.316274
 1371.000000 1.318572
 1372.000000 1.321101
 1373.000000 1.323889
 1374.000000 1.327026
 1375.000000 1.330652
 1376.000000 1.334958
 1377.000000 1.340179
 1378.000000 1.346528
 1379.000000 1.354214
 1380.000000 1.363201
 1381.000000 1.373330
 1382.000000 1.384234
 1383.000000 1.395325
 1384.000000 1.405733
 1385.000000 1.414798
 1386.000000 1.422164
 1387.000000 1.427692
 1388.000000 1.431602
 1389.000000 1.434448
 1390.000000 1.437006
 1391.000000 1.439971
 1392.000000 1.443951
 1393.000000 1.449195
 1394.000000 1.455568
 1395.000000 1.462635
 1396.000000 1.469687
 1397.000000 1.475777
 1398.000000 1.480019
 1399.000000 1.481627
 1400.000000 1.480128
 1401.000000 1.475529
 1402.000000 1.468345
 1403.000000 1.459429
 1404.000000 1.449846
 1405.000000 1.440841
 1406.000000 1.433369
 1407.000000 1.428314
 1408.000000 1.426086
 1409.000000 1.426671
 1410.000000 1.429569
 1411.000000 1.433933
 1412.000000 1.438681
 1413.000000 1.442819
 1414.000000 1.445501
 1415.000000 1.446149
 1416.000000 1.444545
 1417.000000 1.440739
 1418.000000 1.435121
 1419.000000 1.428276
 1420.000000 1.420900
 1421.000000 1.413596
 1422.000000 1.406915
 1423.000000 1.401341
 1424.000000 1.397252
 1425.000000 1.394762
 1426.000000 1.393693
 1427.000000 1.393620
 1428.000000 1.393926
 1429.000000 1.393889
 1430.000000 1.392817
 1431.000000 1.390217
 1432.000000 1.385895
 1433.000000 1.380040
 1434.000000 1.373204
 1435.000000 1.366264
 1436.000000 1.360124
 1437.000000 1.355734
 1438.000000 1.354017
 1439.000000 1.355747
 1440.000000 1.361421
 1441.000000 1.371287
 1442.000000 1.385157
 1443.000000 1.402325
 1444.000000 1.421983
 1445.000000 1.442583
 1446.000000 1.462443
 1447.000000 1.479819
 1448.000000 1.493013
 1449.000000 1.500863
 1450.000000 1.502843
 1451.000000 1.499097
 1452.000000 1.490561
 1453.000000 1.478432
 1454.000000 1.464139
 1455.000000 1.449066
 1456.000000 1.434162
 1457.000000 1.420137
 1458.000000 1.407308
 1459.000000 1.395723
 1460.000000 1.385391
 1461.000000 1.375899
 1462.000000 1.366817
 1463.000000 1.357746
 1464.000000 1.348615
 1465.000000 1.339715
 1466.000000 1.331489
 1467.000000 1.324779
 1468.000000 1.320441
 1469.000000 1.319343
 1470.000000 1.322230
 1471.000000 1.329549
 1472.000000 1.341265
 1473.000000 1.356820
 1474.000000 1.375342
 1475.000000 1.395671
 1476.000000 1.416716
 1477.000000 1.436950
 1478.000000 1.455419
 1479.000000 1.471298
 1480.000000 1.483943
 1481.000000 1.493580
 1482.000000 1.500391
 1483.000000 1.504974
 1484.000000 1.507920
 1485.000000 1.509833
 1486.000000 1.511099
 1487.000000 1.511867
 1488.000000 1.512019
 1489.000000 1.511162
 1490.000000 1.508702
 1491.000000 1.503955
 1492.000000 1.496274
 1493.000000 1.485080
 1494.000000 1.470028
 1495.000000 1.451303
 1496.000000 1.429406
