#! FIELDS time d
 0.000000 1.255465
 1.000000 1.256727
 2.000000 1.255885
 3.000000 1.252789
 4.000000 1.247641
 5.000000 1.240935
 6.000000 1.233545
 7.000000 1.226419
 8.000000 1.220568
 9.000000 1.216775
 10.000000 1.215644
 11.000000 1.217442
 12.000000 1.222071
 13.000000 1.229027
 14.000000 1.237619
 15.000000 1.246992
 16.000000 1.256308
 17.000000 1.264853
 18.000000 1.271946
 19.000000 1.277245
 20.000000 1.280386
 21.000000 1.281223
 22.000000 1.279785
 23.000000 1.276172
 24.000000 1.270527
 25.000000 1.263051
 26.000000 1.254127
 27.000000 1.244179
 28.000000 1.233860
 29.000000 1.223803
 30.000000 1.214954
 31.000000 1.208016
 32.000000 1.203789
 33.000000 1.202866
 34.000000 1.205428
 35.000000 1.211280
 36.000000 1.219919
 37.000000 1.230343
 38.000000 1.241544
 39.000000 1.252305
 40.000000 1.261624
 41.000000 1.268965
 42.000000 1.273898
 43.000000 1.276323
 44.000000 1.276336
 45.000000 1.274181
 46.000000 1.270116
 47.000000 1.264477
 48.000000 1.257763
 49.000000 1.250495
 50.000000 1.243253
 51.000000 1.236604
 52.000000 1.231111
 53.000000 1.227176
 54.000000 1.224951
 55.000000 1.224330
 56.000000 1.225019
 57.000000 1.226554
 58.000000 1.228368
 59.000000 1.229890
 60.000000 1.230741
 61.000000 1.230784
 62.000000 1.230137
 63.000000 1.229133
 64.000000 1.228211
 65.000000 1.227776
 66.000000 1.228091
 67.000000 1.229173
 68.000000 1.230811
 69.000000 1.232651
 70.000000 1.234335
 71.000000 1.235598
 72.000000 1.236315
 73.000000 1.236520
 74.000000 1.236407
 75.000000 1.236260
 76.000000 1.236394
 77.000000 1.237077
 78.000000 1.238425
 79.000000 1.240389
 80.000000 1.242765
 81.000000 1.245081
 82.000000 1.246866
 83.000000 1.247755
 84.000000 1.247603
 85.000000 1.246519
 86.000000 1.244742
 87.000000 1.242510
 88.000000 1.240131
 89.000000 1.237971
 90.000000 1.236390
 91.000000 1.235653
 92.000000 1.235908
 93.000000 1.237178
 94.000000 1.239390
 95.000000 1.242393
 96.000000 1.245988
 97.000000 1.249916
 98.000000 1.253950
 99.000000 1.257792
 100.000000 1.261215
 101.000000 1.264008
 102.000000 1.265962
 103.000000 1.266938
 104.000000 1.266816
 105.000000 1.265544
 106.000000 1.263135
 107.000000 1.259665
 108.000000 1.255281
 109.000000 1.250298
 110.000000 1.245090
 111.000000 1.239996
 112.000000 1.235405
 113.000000 1.231636
 114.000000 1.228976
 115.000000 1.227563
 116.000000 1.227337
 117.000000 1.228073
 118.000000 1.229427
 119.000000 1.230993
 120.000000 1.232378
 121.000000 1.233278
 122.000000 1.233557
 123.000000 1.233280
 124.000000 1.232666
 125.000000 1.232025
 126.000000 1.231702
 127.000000 1.231994
 128.000000 1.233122
 129.000000 1.235169
 130.000000 1.238054
 131.000000 1.241573
 132.000000 1.245320
 133.000000 1.248902
 134.000000 1.251850
 135.000000 1.253774
 136.000000 1.254445
 137.000000 1.253814
 138.000000 1.252046
 139.000000 1.249496
 140.000000 1.246617
 141.000000 1.244015
 142.000000 1.242190
 143.000000 1.241533
 144.000000 1.242210
 145.000000 1.244160
 146.000000 1.247101
 147.000000 1.250639
 148.000000 1.254297
 149.000000 1.257540
 150.000000 1.260010
 151.000000 1.261473
 152.000000 1.261798
 153.000000 1.260985
 154.000000 1.259148
 155.000000 1.256460
 156.000000 1.253146
 157.000000 1.249446
 158.000000 1.245644
 159.000000 1.242108
 160.000000 1.239144
 161.000000 1.237019
 162.000000 1.235957
 163.000000 1.236047
 164.000000 1.237324
 165.000000 1.239709
 166.000000 1.243015
 167.000000 1.246920
 168.000000 1.251048
 169.000000 1.254943
 170.000000 1.258067
 171.000000 1.259902
 172.000000 1.260013
 173.000000 1.258066
 174.000000 1.253942
 175.000000 1.247864
 176.000000 1.240407
 177.000000 1.232445
 178.000000 1.224955
 179.000000 1.218883
 180.000000 1.215168
 181.000000 1.214376
 182.000000 1.216783
 183.000000 1.222203
 184.000000 1.230134
 185.000000 1.239928
 186.000000 1.250843
 187.000000 1.261721
 188.000000 1.271813
 189.000000 1.280416
 190.000000 1.286959
 191.000000 1.291230
 192.000000 1.293133
 193.000000 1.292658
 194.000000 1.289871
 195.000000 1.284944
 196.000000 1.278061
 197.000000 1.269672
 198.000000 1.260280
 199.000000 1.250502
 200.000000 1.240974
 201.000000 1.232499
 202.000000 1.225776
 203.000000 1.221215
 204.000000 1.219121
 205.000000 1.219439
 206.000000 1.221887
 207.000000 1.225957
 208.000000 1.230960
 209.000000 1.236117
 210.000000 1.240839
 211.000000 1.244664
 212.000000 1.247437
 213.000000 1.249185
 214.000000 1.250044
 215.000000 1.250254
 216.000000 1.250036
 217.000000 1.249553
 218.000000 1.248893
 219.000000 1.248059
 220.000000 1.246987
 221.000000 1.245501
 222.000000 1.243398
 223.000000 1.240442
 224.000000 1.236583
 225.000000 1.231996
 226.000000 1.227090
 227.000000 1.222505
 228.000000 1.218934
 229.000000 1.217094
 230.000000 1.217449
 231.000000 1.220197
 232.000000 1.225187
 233.000000 1.231877
 234.000000 1.239473
 235.000000 1.246994
 236.000000 1.253306
 237.000000 1.257809
 238.000000 1.260195
 239.000000 1.260483
 240.000000 1.259060
 241.000000 1.256544
 242.000000 1.253599
 243.000000 1.250800
 244.000000 1.248627
 245.000000 1.247369
 246.000000 1.247096
 247.000000 1.247657
 248.000000 1.248751
 249.000000 1.250035
 250.000000 1.251184
 251.000000 1.251999
 252.000000 1.252420
 253.000000 1.252454
 254.000000 1.252101
 255.000000 1.251294
 256.000000 1.249925
 257.000000 1.247882
 258.000000 1.245114
 259.000000 1.241763
 260.000000 1.238028
 261.000000 1.234236
 262.000000 1.230667
 263.000000 1.227584
 264.000000 1.225262
 265.000000 1.223938
 266.000000 1.223794
 267.000000 1.224908
 268.000000 1.227218
 269.000000 1.230554
 270.000000 1.234619
 271.000000 1.239046
 272.000000 1.243441
 273.000000 1.247460
 274.000000 1.250760
 275.000000 1.253118
 276.000000 1.254408
 277.000000 1.254521
 278.000000 1.253425
 279.000000 1.251189
 280.000000 1.247980
 281.000000 1.244120
 282.000000 1.239976
 283.000000 1.236017
 284.000000 1.232711
 285.000000 1.230467
 286.000000 1.229505
 287.000000 1.229876
 288.000000 1.231432
 289.000000 1.233851
 290.000000 1.236643
 291.000000 1.239271
 292.000000 1.241199
 293.000000 1.242004
 294.000000 1.241472
 295.000000 1.239649
 296.000000 1.236845
 297.000000 1.233580
 298.000000 1.230453
 299.000000 1.228154
 300.000000 1.227187
 301.000000 1.227894
 302.000000 1.230327
 303.000000 1.234310
 304.000000 1.239503
 305.000000 1.245387
 306.000000 1.251373
 307.000000 1.256879
 308.000000 1.261365
 309.000000 1.264409
 310.000000 1.265792
 311.000000 1.265431
 312.000000 1.263355
 313.000000 1.259718
 314.000000 1.254753
 315.000000 1.248780
 316.000000 1.242254
 317.000000 1.235548
 318.000000 1.229164
 319.000000 1.223655
 320.000000 1.219394
 321.000000 1.216724
 322.000000 1.215792
 323.000000 1.216563
 324.000000 1.218834
 325.000000 1.222300
 326.000000 1.226549
 327.000000 1.231213
 328.000000 1.235955
 329.000000 1.240530
 330.000000 1.244788
 331.000000 1.248631
 332.000000 1.252008
 333.000000 1.254984
 334.000000 1.257576
 335.000000 1.259819
 336.000000 1.261654
 337.000000 1.262974
 338.000000 1.263619
 339.000000 1.263409
 340.000000 1.262195
 341.000000 1.259899
 342.000000 1.256616
 343.000000 1.252551
 344.000000 1.248043
 345.000000 1.243545
 346.000000 1.239542
 347.000000 1.236531
 348.000000 1.234833
 349.000000 1.234626
 350.000000 1.235906
 351.000000 1.238474
 352.000000 1.242003
 353.000000 1.246094
 354.000000 1.250326
 355.000000 1.254304
 356.000000 1.257808
 357.000000 1.260707
 358.000000 1.262965
 359.000000 1.264646
 360.000000 1.265856
 361.000000 1.266679
 362.000000 1.267183
 363.000000 1.267402
 364.000000 1.267324
 365.000000 1.266902
 366.000000 1.266056
 367.000000 1.264669
 368.000000 1.262633
 369.000000 1.259865
 370.000000 1.256359
 371.000000 1.252278
 372.000000 1.247852
 373.000000 1.243401
 374.000000 1.239304
 375.000000 1.236030
 376.000000 1.234047
 377.000000 1.233614
 378.000000 1.234866
 379.000000 1.237805
 380.000000 1.242262
 381.000000 1.247834
 382.000000 1.254132
 383.000000 1.260704
 384.000000 1.267083
 385.000000 1.272933
 386.000000 1.277988
 387.000000 1.282175
 388.000000 1.285508
 389.000000 1.288156
 390.000000 1.290264
 391.000000 1.291975
 392.000000 1.293352
 393.000000 1.294373
 394.000000 1.294931
 395.000000 1.294856
 396.000000 1.293956
 397.000000 1.292081
 398.000000 1.289164
 399.000000 1.285297
 400.000000 1.280688
 401.000000 1.275786
 402.000000 1.271125
 403.000000 1.267404
 404.000000 1.265169
 405.000000 1.264818
 406.000000 1.266530
 407.000000 1.270208
 408.000000 1.275524
 409.000000 1.281904
 410.000000 1.288705
 411.000000 1.295115
 412.000000 1.300339
 413.000000 1.303746
 414.000000 1.304862
 415.000000 1.303526
 416.000000 1.299894
 417.000000 1.294472
 418.000000 1.287863
 419.000000 1.280958
 420.000000 1.274459
 421.000000 1.269025
 422.000000 1.265383
 423.000000 1.263893
 424.000000 1.264739
 425.000000 1.267792
 426.000000 1.272581
 427.000000 1.278567
 428.000000 1.284925
 429.000000 1.290869
 430.000000 1.295683
 431.000000 1.298889
 432.000000 1.300459
 433.000000 1.300651
 434.000000 1.299973
 435.000000 1.299064
 436.000000 1.298539
 437.000000 1.298876
 438.000000 1.300267
 439.000000 1.302562
 440.000000 1.305304
 441.000000 1.307729
 442.000000 1.308893
 443.000000 1.307886
 444.000000 1.303984
 445.000000 1.296923
 446.000000 1.286949
 447.000000 1.274974
 448.000000 1.262481
 449.000000 1.251037
 450.000000 1.242181
 451.000000 1.236988
 452.000000 1.235973
 453.000000 1.239098
 454.000000 1.245725
 455.000000 1.254715
 456.000000 1.264731
 457.000000 1.274422
 458.000000 1.282730
 459.000000 1.289335
 460.000000 1.294133
 461.000000 1.297278
 462.000000 1.299103
 463.000000 1.299892
 464.000000 1.299835
 465.000000 1.299030
 466.000000 1.297472
 467.000000 1.295050
 468.000000 1.291551
 469.000000 1.286711
 470.000000 1.280434
 471.000000 1.272886
 472.000000 1.264686
 473.000000 1.256754
 474.000000 1.250210
 475.000000 1.246132
 476.000000 1.245335
 477.000000 1.248191
 478.000000 1.254514
 479.000000 1.263712
 480.000000 1.274831
 481.000000 1.286741
 482.000000 1.298294
 483.000000 1.308367
 484.000000 1.315984
 485.000000 1.320507
 486.000000 1.321653
 487.000000 1.319507
 488.000000 1.314481
 489.000000 1.307243
 490.000000 1.298580
 491.000000 1.289221
 492.000000 1.279755
 493.000000 1.270605
 494.000000 1.262202
 495.000000 1.254659
 496.000000 1.248024
 497.000000 1.242233
 498.000000 1.237200
 499.000000 1.232857
 500.000000 1.229245
 501.000000 1.226589
 502.000000 1.225278
 503.000000 1.225671
 504.000000 1.228101
 505.000000 1.232710
 506.000000 1.239460
 507.000000 1.248086
 508.000000 1.258200
 509.000000 1.269149
 510.000000 1.280230
 511.000000 1.290856
 512.000000 1.300168
 513.000000 1.307485
 514.000000 1.312192
 515.000000 1.313861
 516.000000 1.312363
 517.000000 1.307853
 518.000000 1.300857
 519.000000 1.292089
 520.000000 1.282342
 521.000000 1.272365
 522.000000 1.262906
 523.000000 1.254672
 524.000000 1.248033
 525.000000 1.243281
 526.000000 1.240502
 527.000000 1.239538
 528.000000 1.240092
 529.000000 1.241827
 530.000000 1.244489
 531.000000 1.247825
 532.000000 1.251699
 533.000000 1.256070
 534.000000 1.260733
 535.000000 1.265394
 536.000000 1.269776
 537.000000 1.273559
 538.000000 1.276446
 539.000000 1.278235
 540.000000 1.278741
 541.000000 1.277802
 542.000000 1.275307
 543.000000 1.271225
 544.000000 1.265717
 545.000000 1.259021
 546.000000 1.251634
 547.000000 1.244136
 548.000000 1.237230
 549.000000 1.231655
 550.000000 1.228119
 551.000000 1.227136
 552.000000 1.228926
 553.000000 1.233387
 554.000000 1.240062
 555.000000 1.248355
 556.000000 1.257265
 557.000000 1.265789
 558.000000 1.272977
 559.000000 1.278054
 560.000000 1.280530
 561.000000 1.280290
 562.000000 1.277612
 563.000000 1.273065
 564.000000 1.267535
 565.000000 1.261949
 566.000000 1.257021
 567.000000 1.253323
 568.000000 1.251112
 569.000000 1.250338
 570.000000 1.250687
 571.000000 1.251631
 572.000000 1.252520
 573.000000 1.252704
 574.000000 1.251696
 575.000000 1.249271
 576.000000 1.245493
 577.000000 1.240726
 578.000000 1.235491
 579.000000 1.230391
 580.000000 1.226063
 581.000000 1.222959
 582.000000 1.221333
 583.000000 1.221196
 584.000000 1.222352
 585.000000 1.224418
 586.000000 1.226838
 587.000000 1.229047
 588.000000 1.230459
 589.000000 1.230678
 590.000000 1.229563
 591.000000 1.227277
 592.000000 1.224225
 593.000000 1.220982
 594.000000 1.218119
 595.000000 1.216150
 596.000000 1.215461
 597.000000 1.216244
 598.000000 1.218425
 599.000000 1.221700
 600.000000 1.225569
 601.000000 1.229477
 602.000000 1.232947
 603.000000 1.235755
 604.000000 1.237964
 605.000000 1.239874
 606.000000 1.241908
 607.000000 1.244413
 608.000000 1.247564
 609.000000 1.251334
 610.000000 1.255455
 611.000000 1.259430
 612.000000 1.262658
 613.000000 1.264486
 614.000000 1.264334
 615.000000 1.261844
 616.000000 1.256962
 617.000000 1.250012
 618.000000 1.241622
 619.000000 1.232676
 620.000000 1.224156
 621.000000 1.217053
 622.000000 1.212169
 623.000000 1.210037
 624.000000 1.210835
 625.000000 1.214503
 626.000000 1.220667
 627.000000 1.228789
 628.000000 1.238307
 629.000000 1.248427
 630.000000 1.258514
 631.000000 1.267659
 632.000000 1.275153
 633.000000 1.280370
 634.000000 1.282885
 635.000000 1.282492
 636.000000 1.279091
 637.000000 1.272756
 638.000000 1.263710
 639.000000 1.252431
 640.000000 1.239601
 641.000000 1.226396
 642.000000 1.213917
 643.000000 1.203422
 644.000000 1.195932
 645.000000 1.191925
 646.000000 1.191643
 647.000000 1.194968
 648.000000 1.201626
 649.000000 1.211275
 650.000000 1.223492
 651.000000 1.237686
 652.000000 1.253044
 653.000000 1.268575
 654.000000 1.283284
 655.000000 1.296320
 656.000000 1.306836
 657.000000 1.314016
 658.000000 1.317159
 659.000000 1.315607
 660.000000 1.309077
 661.000000 1.297723
 662.000000 1.282350
 663.000000 1.264108
 664.000000 1.245088
 665.000000 1.226864
 666.000000 1.211417
 667.000000 1.200270
 668.000000 1.194697
 669.000000 1.195097
 670.000000 1.201070
 671.000000 1.211479
 672.000000 1.224852
 673.000000 1.239212
 674.000000 1.252706
 675.000000 1.264149
 676.000000 1.272652
 677.000000 1.277722
 678.000000 1.279319
 679.000000 1.277671
 680.000000 1.273162
 681.000000 1.266305
 682.000000 1.257755
 683.000000 1.248147
 684.000000 1.238296
 685.000000 1.229196
 686.000000 1.221655
 687.000000 1.216047
 688.000000 1.212589
 689.000000 1.211158
 690.000000 1.211444
 691.000000 1.213069
 692.000000 1.215718
 693.000000 1.219218
 694.000000 1.223488
 695.000000 1.228541
 696.000000 1.234268
 697.000000 1.240471
 698.000000 1.246815
 699.000000 1.252852
 700.000000 1.258130
 701.000000 1.262259
 702.000000 1.264831
 703.000000 1.265504
 704.000000 1.264026
 705.000000 1.260333
 706.000000 1.254516
 707.000000 1.247041
 708.000000 1.238722
 709.000000 1.230397
 710.000000 1.222994
 711.000000 1.217445
 712.000000 1.214576
 713.000000 1.214858
 714.000000 1.218424
 715.000000 1.225029
 716.000000 1.233999
 717.000000 1.244482
 718.000000 1.255619
 719.000000 1.266480
 720.000000 1.276052
 721.000000 1.283618
 722.000000 1.288733
 723.000000 1.291171
 724.000000 1.290887
 725.000000 1.287898
 726.000000 1.282256
 727.000000 1.274122
 728.000000 1.263747
 729.000000 1.251634
 730.000000 1.238652
 731.000000 1.225897
 732.000000 1.214546
 733.000000 1.205652
 734.000000 1.199989
 735.000000 1.198084
 736.000000 1.199942
 737.000000 1.205195
 738.000000 1.213153
 739.000000 1.223019
 740.000000 1.233864
 741.000000 1.244812
 742.000000 1.254912
 743.000000 1.263350
 744.000000 1.269645
 745.000000 1.273527
 746.000000 1.275008
 747.000000 1.274225
 748.000000 1.271384
 749.000000 1.266703
 750.000000 1.260280
 751.000000 1.252410
 752.000000 1.243510
 753.000000 1.234270
 754.000000 1.225666
 755.000000 1.218628
 756.000000 1.214124
 757.000000 1.212887
 758.000000 1.215260
 759.000000 1.221122
 760.000000 1.229981
 761.000000 1.240915
 762.000000 1.252844
 763.000000 1.264608
 764.000000 1.275188
 765.000000 1.283668
 766.000000 1.289254
 767.000000 1.291496
 768.000000 1.290384
 769.000000 1.286280
 770.000000 1.279826
 771.000000 1.271817
 772.000000 1.263232
 773.000000 1.254817
 774.000000 1.247071
 775.000000 1.240327
 776.000000 1.234765
 777.000000 1.230252
 778.000000 1.226582
 779.000000 1.223488
 780.000000 1.220899
 781.000000 1.218892
 782.000000 1.217737
 783.000000 1.217820
 784.000000 1.219440
 785.000000 1.222670
 786.000000 1.227237
 787.000000 1.232521
 788.000000 1.237862
 789.000000 1.242574
 790.000000 1.246166
 791.000000 1.248304
 792.000000 1.248794
 793.000000 1.247516
 794.000000 1.244383
 795.000000 1.239364
 796.000000 1.232635
 797.000000 1.224473
 798.000000 1.215761
 799.000000 1.207731
 800.000000 1.201856
 801.000000 1.199295
 802.000000 1.201010
 803.000000 1.207439
 804.000000 1.218374
 805.000000 1.233031
 806.000000 1.250381
 807.000000 1.269052
 808.000000 1.287465
 809.000000 1.304067
 810.000000 1.317763
 811.000000 1.327516
 812.000000 1.332785
 813.000000 1.333279
 814.000000 1.329129
 815.000000 1.320826
 816.000000 1.309231
 817.000000 1.295412
 818.000000 1.280551
 819.000000 1.265990
 820.000000 1.252632
 821.000000 1.241592
 822.000000 1.233419
 823.000000 1.228310
 824.000000 1.226195
 825.000000 1.226711
 826.000000 1.229315
 827.000000 1.233375
 828.000000 1.238389
 829.000000 1.243919
 830.000000 1.249650
 831.000000 1.255252
 832.000000 1.260338
 833.000000 1.264607
 834.000000 1.267659
 835.000000 1.269222
 836.000000 1.269146
 837.000000 1.267390
 838.000000 1.264081
 839.000000 1.259377
 840.000000 1.253473
 841.000000 1.246710
 842.000000 1.239552
 843.000000 1.232528
 844.000000 1.226246
 845.000000 1.221424
 846.000000 1.218770
 847.000000 1.218823
 848.000000 1.221834
 849.000000 1.227703
 850.000000 1.236205
 851.000000 1.246786
 852.000000 1.258852
 853.000000 1.271535
 854.000000 1.283901
 855.000000 1.295042
 856.000000 1.304167
 857.000000 1.310560
 858.000000 1.313704
 859.000000 1.313401
 860.000000 1.309769
 861.000000 1.303283
 862.000000 1.294474
 863.000000 1.284155
 864.000000 1.273019
 865.000000 1.261820
 866.000000 1.251388
 867.000000 1.242321
 868.000000 1.235262
 869.000000 1.230674
 870.000000 1.228792
 871.000000 1.229701
 872.000000 1.233222
 873.000000 1.238985
 874.000000 1.246382
 875.000000 1.254777
 876.000000 1.263415
 877.000000 1.271798
 878.000000 1.279269
 879.000000 1.285226
 880.000000 1.289106
 881.000000 1.290411
 882.000000 1.288815
 883.000000 1.284170
 884.000000 1.276653
 885.000000 1.266629
 886.000000 1.254770
 887.000000 1.242186
 888.000000 1.230069
 889.000000 1.219579
 890.000000 1.212010
 891.000000 1.208413
 892.000000 1.209402
 893.000000 1.215217
 894.000000 1.225535
 895.000000 1.239597
 896.000000 1.256287
 897.000000 1.274354
 898.000000 1.292643
 899.000000 1.310029
 900.000000 1.325426
 901.000000 1.338051
 902.000000 1.347110
 903.000000 1.352017
 904.000000 1.352360
 905.000000 1.347947
 906.000000 1.338982
 907.000000 1.325911
 908.000000 1.309764
 909.000000 1.291893
 910.000000 1.273930
 911.000000 1.257488
 912.000000 1.243898
 913.000000 1.234492
 914.000000 1.230067
 915.000000 1.230730
 916.000000 1.235847
 917.000000 1.244289
 918.000000 1.254513
 919.000000 1.265020
 920.000000 1.274550
 921.000000 1.282260
 922.000000 1.287710
 923.000000 1.290903
 924.000000 1.292048
 925.000000 1.291324
 926.000000 1.288801
 927.000000 1.284433
 928.000000 1.278087
 929.000000 1.269790
 930.000000 1.259770
 931.000000 1.248357
 932.000000 1.236321
 933.000000 1.224468
 934.000000 1.213736
 935.000000 1.205074
 936.000000 1.199557
 937.000000 1.197814
 938.000000 1.200037
 939.000000 1.205988
 940.000000 1.214972
 941.000000 1.226077
 942.000000 1.238400
 943.000000 1.251100
 944.000000 1.263265
 945.000000 1.274193
 946.000000 1.283288
 947.000000 1.289889
 948.000000 1.293456
 949.000000 1.293690
 950.000000 1.290623
 951.000000 1.284638
 952.000000 1.276363
 953.000000 1.266764
 954.000000 1.256652
 955.000000 1.246859
 956.000000 1.238317
 957.000000 1.231747
 958.000000 1.227641
 959.000000 1.226116
 960.000000 1.227024
 961.000000 1.230002
 962.000000 1.234608
 963.000000 1.240471
 964.000000 1.247220
 965.000000 1.254434
 966.000000 1.261886
 967.000000 1.269189
 968.000000 1.276011
 969.000000 1.281944
 970.000000 1.286620
 971.000000 1.289742
 972.000000 1.291099
 973.000000 1.290604
 974.000000 1.288307
 975.000000 1.284390
 976.000000 1.279118
 977.000000 1.272955
 978.000000 1.266355
 979.000000 1.259843
 980.000000 1.253926
 981.000000 1.249021
 982.000000 1.245436
 983.000000 1.243285
 984.000000 1.242472
 985.000000 1.242771
 986.000000 1.243847
 987.000000 1.245331
 988.000000 1.246880
 989.000000 1.248230
 990.000000 1.249211
 991.000000 1.249740
 992.000000 1.249817
 993.000000 1.249513
 994.000000 1.248940
 995.000000 1.248221
 996.000000 1.247434
 997.000000 1.246612
 998.000000 1.245789
 999.000000 1.245017
 1000.000000 1.244385
 1001.000000 1.244036
 1002.000000 1.244072
 1003.000000 1.244496
 1004.000000 1.245186
 1005.000000 1.245918
 1006.000000 1.246419
 1007.000000 1.246497
 1008.000000 1.246134
 1009.000000 1.245503
 1010.000000 1.244915
 1011.000000 1.244709
 1012.000000 1.245162
 1013.000000 1.246448
 1014.000000 1.248598
 1015.000000 1.251502
 1016.000000 1.254857
 1017.000000 1.258282
 1018.000000 1.261297
 1019.000000 1.263366
 1020.000000 1.264068
 1021.000000 1.263214
 1022.000000 1.260772
 1023.000000 1.256869
 1024.000000 1.251715
 1025.000000 1.245617
 1026.000000 1.239022
 1027.000000 1.232418
 1028.000000 1.226441
 1029.000000 1.221682
 1030.000000 1.218682
 1031.000000 1.217718
 1032.000000 1.218824
 1033.000000 1.221828
 1034.000000 1.226368
 1035.000000 1.232010
 1036.000000 1.238372
 1037.000000 1.244959
 1038.000000 1.251376
 1039.000000 1.257301
 1040.000000 1.262482
 1041.000000 1.266619
 1042.000000 1.269520
 1043.000000 1.271013
 1044.000000 1.271022
 1045.000000 1.269655
 1046.000000 1.267091
 1047.000000 1.263518
 1048.000000 1.259120
 1049.000000 1.254107
 1050.000000 1.248749
 1051.000000 1.243282
 1052.000000 1.238114
 1053.000000 1.233589
 1054.000000 1.230186
 1055.000000 1.228257
 1056.000000 1.228047
 1057.000000 1.229596
 1058.000000 1.232789
 1059.000000 1.237281
 1060.000000 1.242615
 1061.000000 1.248247
 1062.000000 1.253624
 1063.000000 1.258313
 1064.000000 1.262037
 1065.000000 1.264657
 1066.000000 1.266290
 1067.000000 1.267147
 1068.000000 1.267485
 1069.000000 1.267518
 1070.000000 1.267354
 1071.000000 1.266961
 1072.000000 1.266159
 1073.000000 1.264649
 1074.000000 1.262080
 1075.000000 1.258130
 1076.000000 1.252690
 1077.000000 1.245915
 1078.000000 1.238202
 1079.000000 1.230333
 1080.000000 1.223151
 1081.000000 1.217755
 1082.000000 1.214858
 1083.000000 1.214928
 1084.000000 1.218033
 1085.000000 1.223863
 1086.000000 1.231795
 1087.000000 1.240953
 1088.000000 1.250348
 1089.000000 1.259138
 1090.000000 1.266523
 1091.000000 1.271876
 1092.000000 1.274828
 1093.000000 1.275216
 1094.000000 1.273061
 1095.000000 1.268566
 1096.000000 1.262251
 1097.000000 1.254677
 1098.000000 1.246521
 1099.000000 1.238538
 1100.000000 1.231638
 1101.000000 1.226621
 1102.000000 1.224041
 1103.000000 1.224133
 1104.000000 1.226875
 1105.000000 1.231902
 1106.000000 1.238596
 1107.000000 1.246215
 1108.000000 1.253977
 1109.000000 1.261162
 1110.000000 1.267223
 1111.000000 1.271715
 1112.000000 1.274459
 1113.000000 1.275367
 1114.000000 1.274460
 1115.000000 1.271840
 1116.000000 1.267634
 1117.000000 1.262009
 1118.000000 1.255228
 1119.000000 1.247721
 1120.000000 1.239978
 1121.000000 1.232633
 1122.000000 1.226336
 1123.000000 1.221637
 1124.000000 1.219063
 1125.000000 1.218893
 1126.000000 1.221099
 1127.000000 1.225392
 1128.000000 1.231322
 1129.000000 1.238262
 1130.000000 1.245568
 1131.000000 1.252726
 1132.000000 1.259265
 1133.000000 1.264808
 1134.000000 1.269138
 1135.000000 1.272030
 1136.000000 1.273350
 1137.000000 1.273032
 1138.000000 1.270996
 1139.000000 1.267250
 1140.000000 1.261880
 1141.000000 1.255144
 1142.000000 1.247408
 1143.000000 1.239340
 1144.000000 1.231714
 1145.000000 1.225420
 1146.000000 1.221361
 1147.000000 1.220126
 1148.000000 1.221934
 1149.000000 1.226611
 1150.000000 1.233567
 1151.000000 1.242099
 1152.000000 1.251368
 1153.000000 1.260595
 1154.000000 1.269174
 1155.000000 1.276619
 1156.000000 1.282587
 1157.000000 1.286766
 1158.000000 1.289063
 1159.000000 1.289344
 1160.000000 1.287496
 1161.000000 1.283477
 1162.000000 1.277297
 1163.000000 1.269046
 1164.000000 1.259151
 1165.000000 1.248273
 1166.000000 1.237226
 1167.000000 1.226938
 1168.000000 1.218309
 1169.000000 1.212162
 1170.000000 1.208934
 1171.000000 1.208822
 1172.000000 1.211708
 1173.000000 1.217174
 1174.000000 1.224599
 1175.000000 1.233241
 1176.000000 1.242521
 1177.000000 1.251622
 1178.000000 1.259938
 1179.000000 1.266955
 1180.000000 1.272430
 1181.000000 1.276151
 1182.000000 1.277993
 1183.000000 1.277946
 1184.000000 1.276108
 1185.000000 1.272747
 1186.000000 1.268281
 1187.000000 1.263220
 1188.000000 1.258138
 1189.000000 1.253479
 1190.000000 1.249577
 1191.000000 1.246605
 1192.000000 1.244529
 1193.000000 1.243260
 1194.000000 1.242706
 1195.000000 1.242840
 1196.000000 1.243693
 1197.000000 1.245302
 1198.000000 1.247681
 1199.000000 1.250771
 1200.000000 1.254488
 1201.000000 1.258674
 1202.000000 1.263082
 1203.000000 1.267292
 1204.000000 1.270880
 1205.000000 1.273388
 1206.000000 1.274423
 1207.000000 1.273746
 1208.000000 1.271316
 1209.000000 1.267273
 1210.000000 1.261923
 1211.000000 1.255586
 1212.000000 1.248770
 1213.000000 1.241936
 1214.000000 1.235707
 1215.000000 1.230688
 1216.000000 1.227358
 1217.000000 1.225949
 1218.000000 1.226422
 1219.000000 1.228500
 1220.000000 1.231773
 1221.000000 1.235866
 1222.000000 1.240478
 1223.000000 1.245199
 1224.000000 1.249702
 1225.000000 1.253599
 1226.000000 1.256540
 1227.000000 1.258297
 1228.000000 1.258767
 1229.000000 1.257891
 1230.000000 1.255620
 1231.000000 1.251902
 1232.000000 1.246812
 1233.000000 1.240735
 1234.000000 1.234469
 1235.000000 1.229022
 1236.000000 1.225276
 1237.000000 1.224044
 1238.000000 1.225690
 1239.000000 1.230136
 1240.000000 1.236849
 1241.000000 1.244986
 1242.000000 1.253544
 1243.000000 1.261497
 1244.000000 1.267872
 1245.000000 1.272056
 1246.000000 1.273757
 1247.000000 1.272970
 1248.000000 1.270024
 1249.000000 1.265423
 1250.000000 1.259844
 1251.000000 1.253867
 1252.000000 1.248135
 1253.000000 1.243179
 1254.000000 1.239295
 1255.000000 1.236651
 1256.000000 1.235208
 1257.000000 1.234852
 1258.000000 1.235360
 1259.000000 1.236466
 1260.000000 1.237855
 1261.000000 1.239265
 1262.000000 1.240489
 1263.000000 1.241364
 1264.000000 1.241862
 1265.000000 1.242110
 1266.000000 1.242360
 1267.000000 1.242936
 1268.000000 1.244134
 1269.000000 1.246130
 1270.000000 1.248956
 1271.000000 1.252470
 1272.000000 1.256381
 1273.000000 1.260319
 1274.000000 1.263928
 1275.000000 1.266861
 1276.000000 1.268791
 1277.000000 1.269512
 1278.000000 1.268922
 1279.000000 1.267048
 1280.000000 1.264010
 1281.000000 1.260072
 1282.000000 1.255514
 1283.000000 1.250677
 1284.000000 1.245851
 1285.000000 1.241420
 1286.000000 1.237775
 1287.000000 1.235242
 1288.000000 1.234037
 1289.000000 1.234316
 1290.000000 1.236124
 1291.000000 1.239363
 1292.000000 1.243800
 1293.000000 1.249096
 1294.000000 1.254888
 1295.000000 1.260765
 1296.000000 1.266212
 1297.000000 1.270831
 1298.000000 1.274306
 1299.000000 1.276353
 1300.000000 1.276757
 1301.000000 1.275453
 1302.000000 1.272491
 1303.000000 1.268056
 1304.000000 1.262450
 1305.000000 1.256056
 1306.000000 1.249384
 1307.000000 1.243032
 1308.000000 1.237411
 1309.000000 1.232920
 1310.000000 1.229949
 1311.000000 1.228717
 1312.000000 1.229182
 1313.000000 1.231143
 1314.000000 1.234219
 1315.000000 1.237984
 1316.000000 1.242044
 1317.000000 1.246009
 1318.000000 1.249625
 1319.000000 1.252641
 1320.000000 1.254878
 1321.000000 1.256330
 1322.000000 1.257083
 1323.000000 1.257238
 1324.000000 1.256911
 1325.000000 1.256210
 1326.000000 1.255207
 1327.000000 1.253937
 1328.000000 1.252403
 1329.000000 1.250603
 1330.000000 1.248510
 1331.000000 1.246124
 1332.000000 1.243525
 1333.000000 1.240961
 1334.000000 1.238748
 1335.000000 1.237235
 1336.000000 1.236744
 1337.000000 1.237465
 1338.000000 1.239412
 1339.000000 1.242437
 1340.000000 1.246245
 1341.000000 1.250482
 1342.000000 1.254679
 1343.000000 1.258427
 1344.000000 1.261285
 1345.000000 1.262866
 1346.000000 1.262897
 1347.000000 1.261247
 1348.000000 1.257956
 1349.000000 1.253228
 1350.000000 1.247379
 1351.000000 1.240804
 1352.000000 1.233914
 1353.000000 1.227210
 1354.000000 1.221310
 1355.000000 1.216792
 1356.000000 1.214281
 1357.000000 1.214143
 1358.000000 1.216498
 1359.000000 1.221184
 1360.000000 1.227777
 1361.000000 1.235621
 1362.000000 1.244108
 1363.000000 1.252565
 1364.000000 1.260605
 1365.000000 1.267623
 1366.000000 1.273076
 1367.000000 1.276624
 1368.000000 1.278026
 1369.000000 1.277212
 1370.000000 1.274270
 1371.000000 1.269333
 1372.000000 1.262542
 1373.000000 1.254119
 1374.000000 1.244563
 1375.000000 1.234658
 1376.000000 1.225438
 1377.000000 1.218003
 1378.000000 1.213441
 1379.000000 1.212443
 1380.000000 1.215258
 1381.000000 1.221637
 1382.000000 1.230960
 1383.000000 1.242298
 1384.000000 1.254315
 1385.000000 1.265719
 1386.000000 1.275395
 1387.000000 1.282363
 1388.000000 1.286049
 1389.000000 1.286377
 1390.000000 1.283631
 1391.000000 1.278307
 1392.000000 1.270834
 1393.000000 1.261797
 1394.000000 1.251888
 1395.000000 1.241801
 1396.000000 1.232294
 1397.000000 1.224190
 1398.000000 1.218058
 1399.000000 1.214318
 1400.000000 1.213159
 1401.000000 1.214590
 1402.000000 1.218456
 1403.000000 1.224513
 1404.000000 1.232437
 1405.000000 1.241686
 1406.000000 1.251720
 1407.000000 1.261681
 1408.000000 1.270773
 1409.000000 1.278196
 1410.000000 1.283430
 1411.000000 1.286139
 1412.000000 1.286119
 1413.000000 1.283349
 1414.000000 1.277954
 1415.000000 1.270258
 1416.000000 1.260751
 1417.000000 1.250105
 1418.000000 1.239368
 1419.000000 1.229656
 1420.000000 1.221986
 1421.000000 1.217029
 1422.000000 1.215262
 1423.000000 1.216897
 1424.000000 1.221816
 1425.000000 1.229593
 1426.000000 1.239647
 1427.000000 1.251211
 1428.000000 1.263329
 1429.000000 1.275213
 1430.000000 1.285963
 1431.000000 1.294799
 1432.000000 1.301150
 1433.000000 1.304551
 1434.000000 1.304617
 1435.000000 1.301109
 1436.000000 1.293969
 1437.000000 1.283412
 1438.000000 1.270085
 1439.000000 1.255116
 1440.000000 1.239740
 1441.000000 1.225255
 1442.000000 1.213168
 1443.000000 1.204880
 1444.000000 1.201249
 1445.000000 1.202730
 1446.000000 1.209181
 1447.000000 1.219779
 1448.000000 1.233269
 1449.000000 1.248219
 1450.000000 1.263220
 1451.000000 1.276843
 1452.000000 1.287909
 1453.000000 1.295811
 1454.000000 1.300212
 1455.000000 1.300914
 1456.000000 1.297886
 1457.000000 1.291223
 1458.000000 1.281103
 1459.000000 1.267966
 1460.000000 1.252744
 1461.000000 1.236369
 1462.000000 1.220101
 1463.000000 1.205328
 1464.000000 1.193768
 1465.000000 1.187059
 1466.000000 1.186168
 1467.000000 1.191375
 1468.000000 1.202202
 1469.000000 1.217508
 1470.000000 1.235565
 1471.000000 1.254833
 1472.000000 1.273636
 1473.000000 1.290528
 1474.000000 1.304599
 1475.000000 1.315267
 1476.000000 1.322389
 1477.000000 1.325844
 1478.000000 1.325812
 1479.000000 1.322594
 1480.000000 1.316581
 1481.000000 1.308104
 1482.000000 1.297643
 1483.000000 1.285517
 1484.000000 1.272204
 1485.000000 1.258007
 1486.000000 1.243560
 1487.000000 1.229664
 1488.000000 1.217143
 1489.000000 1.207137
 1490.000000 1.200644
 1491.000000 1.198398
 1492.000000 1.200630
 1493.000000 1.207092
 1494.000000 1.217038
 1495.000000 1.229214
 1496.000000 1.242192
 1497.000000 1.254608
 1498.000000 1.265343
 1499.000000 1.273432
 1500.000000 1.278280
 1501.000000 1.279622
 1502.000000 1.277381
 1503.000000 1.271741
 1504.000000 1.263035
 1505.000000 1.251832
 1506.000000 1.238895
 1507.000000 1.225334
 1508.000000 1.212173
 1509.000000 1.200547
 1510.000000 1.191719
 1511.000000 1.186566
 1512.000000 1.185555
 1513.000000 1.188666
 1514.000000 1.195413
 1515.000000 1.204960
 1516.000000 1.216036
 1517.000000 1.227579
 1518.000000 1.238491
 1519.000000 1.248216
 1520.000000 1.256243
 1521.000000 1.262168
 1522.000000 1.265807
 1523.000000 1.267116
 1524.000000 1.266270
 1525.000000 1.263603
 1526.000000 1.259581
 1527.000000 1.254706
 1528.000000 1.249421
 1529.000000 1.244019
 1530.000000 1.238919
 1531.000000 1.234341
 1532.000000 1.230455
 1533.000000 1.227360
 1534.000000 1.225240
 1535.000000 1.224243
 1536.000000 1.224502
 1537.000000 1.226120
 1538.000000 1.229118
 1539.000000 1.233389
 1540.000000 1.238703
 1541.000000 1.244689
 1542.000000 1.250913
 1543.000000 1.256963
 1544.000000 1.262369
 1545.000000 1.266631
 1546.000000 1.269356
 1547.000000 1.270172
 1548.000000 1.268825
 1549.000000 1.265283
 1550.000000 1.259829
 1551.000000 1.252896
 1552.000000 1.245201
 1553.000000 1.237456
 1554.000000 1.230450
 1555.000000 1.224716
 1556.000000 1.220675
 1557.000000 1.218634
 1558.000000 1.218712
 1559.000000 1.220898
 1560.000000 1.225038
 1561.000000 1.230836
 1562.000000 1.238002
 1563.000000 1.245985
 1564.000000 1.254140
 1565.000000 1.261600
 1566.000000 1.267591
 1567.000000 1.271411
 1568.000000 1.272657
 1569.000000 1.271263
 1570.000000 1.267534
 1571.000000 1.262032
 1572.000000 1.255458
 1573.000000 1.248660
 1574.000000 1.242389
 1575.000000 1.237393
 1576.000000 1.234172
 1577.000000 1.233054
 1578.000000 1.234138
 1579.000000 1.237267
 1580.000000 1.242079
 1581.000000 1.248179
 1582.000000 1.255020
 1583.000000 1.262131
 1584.000000 1.269066
 1585.000000 1.275388
 1586.000000 1.280804
 1587.000000 1.284978
 1588.000000 1.287558
 1589.000000 1.288289
 1590.000000 1.286833
 1591.000000 1.282785
 1592.000000 1.275874
 1593.000000 1.266212
 1594.000000 1.254416
 1595.000000 1.241607
 1596.000000 1.229157
 1597.000000 1.218477
 1598.000000 1.210770
 1599.000000 1.206772
 1600.000000 1.206816
 1601.000000 1.210761
 1602.000000 1.218125
 1603.000000 1.228042
 1604.000000 1.239285
 1605.000000 1.250589
 1606.000000 1.260765
 1607.000000 1.268748
 1608.000000 1.273843
 1609.000000 1.275812
 1610.000000 1.274664
 1611.000000 1.270537
 1612.000000 1.263808
 1613.000000 1.255085
 1614.000000 1.245199
 1615.000000 1.235297
 1616.000000 1.226320
 1617.000000 1.219222
 1618.000000 1.214859
 1619.000000 1.213849
 1620.000000 1.216575
 1621.000000 1.222984
 1622.000000 1.232529
 1623.000000 1.244181
 1624.000000 1.256922
 1625.000000 1.269494
 1626.000000 1.281080
 1627.000000 1.290953
 1628.000000 1.298676
 1629.000000 1.303822
 1630.000000 1.306116
 1631.000000 1.305349
 1632.000000 1.301490
 1633.000000 1.294686
 1634.000000 1.285315
 1635.000000 1.273987
 1636.000000 1.261454
 1637.000000 1.248555
 1638.000000 1.236181
 1639.000000 1.225264
 1640.000000 1.216604
 1641.000000 1.210799
 1642.000000 1.208284
 1643.000000 1.209034
 1644.000000 1.212639
 1645.000000 1.218444
 1646.000000 1.225726
 1647.000000 1.233837
 1648.000000 1.242232
 1649.000000 1.250454
 1650.000000 1.258101
 1651.000000 1.264802
 1652.000000 1.270282
 1653.000000 1.274230
 1654.000000 1.276454
 1655.000000 1.276795
 1656.000000 1.275176
 1657.000000 1.271600
 1658.000000 1.266140
 1659.000000 1.259022
 1660.000000 1.250575
 1661.000000 1.241383
 1662.000000 1.232314
 1663.000000 1.224266
 1664.000000 1.218216
 1665.000000 1.215021
 1666.000000 1.215169
 1667.000000 1.218692
 1668.000000 1.225205
 1669.000000 1.233964
 1670.000000 1.244173
 1671.000000 1.255044
 1672.000000 1.265856
 1673.000000 1.275904
 1674.000000 1.284753
 1675.000000 1.292038
 1676.000000 1.297567
 1677.000000 1.301222
 1678.000000 1.302835
 1679.000000 1.302265
 1680.000000 1.299402
 1681.000000 1.294236
 1682.000000 1.286953
 1683.000000 1.278059
 1684.000000 1.268176
 1685.000000 1.257991
 1686.000000 1.248433
 1687.000000 1.240255
 1688.000000 1.234054
 1689.000000 1.230048
 1690.000000 1.228271
 1691.000000 1.228480
 1692.000000 1.230310
 1693.000000 1.233380
 1694.000000 1.237359
 1695.000000 1.241954
 1696.000000 1.246796
 1697.000000 1.251543
 1698.000000 1.255942
 1699.000000 1.259763
 1700.000000 1.262833
 1701.000000 1.264967
 1702.000000 1.266031
 1703.000000 1.265966
 1704.000000 1.264803
 1705.000000 1.262657
 1706.000000 1.259751
 1707.000000 1.256377
 1708.000000 1.252814
 1709.000000 1.249307
 1710.000000 1.246049
 1711.000000 1.243227
 1712.000000 1.240955
 1713.000000 1.239402
 1714.000000 1.238729
 1715.000000 1.239114
 1716.000000 1.240684
 1717.000000 1.243509
 1718.000000 1.247575
 1719.000000 1.252719
 1720.000000 1.258619
 1721.000000 1.264945
 1722.000000 1.271260
 1723.000000 1.277115
 1724.000000 1.282107
 1725.000000 1.285830
 1726.000000 1.287956
 1727.000000 1.288237
 1728.000000 1.286571
 1729.000000 1.282949
 1730.000000 1.277492
 1731.000000 1.270607
 1732.000000 1.262754
 1733.000000 1.254596
 1734.000000 1.246847
 1735.000000 1.240189
 1736.000000 1.235252
 1737.000000 1.232589
 1738.000000 1.232480
 1739.000000 1.234970
 1740.000000 1.239809
 1741.000000 1.246486
 1742.000000 1.254424
 1743.000000 1.262753
 1744.000000 1.270702
 1745.000000 1.277541
 1746.000000 1.282603
 1747.000000 1.285508
 1748.000000 1.286027
 1749.000000 1.284138
 1750.000000 1.280009
 1751.000000 1.273951
 1752.000000 1.266754
 1753.000000 1.259120
 1754.000000 1.251735
 1755.000000 1.245396
 1756.000000 1.240766
 1757.000000 1.238187
 1758.000000 1.237796
 1759.000000 1.239467
 1760.000000 1.242947
 1761.000000 1.247823
 1762.000000 1.253619
 1763.000000 1.259847
 1764.000000 1.266060
 1765.000000 1.271634
 1766.000000 1.276127
 1767.000000 1.279223
 1768.000000 1.280738
 1769.000000 1.280501
 1770.000000 1.278460
 1771.000000 1.274690
 1772.000000 1.269403
 1773.000000 1.262971
 1774.000000 1.255891
 1775.000000 1.248704
 1776.000000 1.242002
 1777.000000 1.236421
 1778.000000 1.232375
 1779.000000 1.230105
 1780.000000 1.229790
 1781.000000 1.231441
 1782.000000 1.234951
 1783.000000 1.240097
 1784.000000 1.246529
 1785.000000 1.253789
 1786.000000 1.261363
 1787.000000 1.268673
 1788.000000 1.275163
 1789.000000 1.280248
 1790.000000 1.283471
 1791.000000 1.284490
 1792.000000 1.283130
 1793.000000 1.279435
 1794.000000 1.273585
 1795.000000 1.265964
 1796.000000 1.257226
 1797.000000 1.248152
 1798.000000 1.239325
 1799.000000 1.231499
 1800.000000 1.225437
 1801.000000 1.221720
 1802.000000 1.220704
 1803.000000 1.222547
 1804.000000 1.227158
 1805.000000 1.234138
 1806.000000 1.242968
 1807.000000 1.253023
 1808.000000 1.263532
 1809.000000 1.273819
 1810.000000 1.283154
 1811.000000 1.291012
 1812.000000 1.296896
 1813.000000 1.300451
 1814.000000 1.301492
 1815.000000 1.299927
 1816.000000 1.295798
 1817.000000 1.289368
 1818.000000 1.281052
 1819.000000 1.271638
 1820.000000 1.262187
 1821.000000 1.253771
 1822.000000 1.247350
 1823.000000 1.243739
 1824.000000 1.243400
 1825.000000 1.246510
 1826.000000 1.252795
 1827.000000 1.261651
 1828.000000 1.272297
 1829.000000 1.283879
 1830.000000 1.295320
 1831.000000 1.305553
 1832.000000 1.313955
 1833.000000 1.320194
 1834.000000 1.324181
 1835.000000 1.326085
 1836.000000 1.326237
 1837.000000 1.325019
 1838.000000 1.322758
 1839.000000 1.319736
 1840.000000 1.316103
 1841.000000 1.311957
 1842.000000 1.307350
 1843.000000 1.302323
 1844.000000 1.296752
 1845.000000 1.290708
 1846.000000 1.284337
 1847.000000 1.278019
 1848.000000 1.272212
 1849.000000 1.267659
 1850.000000 1.265146
 1851.000000 1.265316
 1852.000000 1.268559
 1853.000000 1.274950
 1854.000000 1.284191
 1855.000000 1.295732
 1856.000000 1.308715
 1857.000000 1.322234
 1858.000000 1.335401
 1859.000000 1.347043
 1860.000000 1.356232
 1861.000000 1.362206
 1862.000000 1.364460
 1863.000000 1.362904
 1864.000000 1.357824
 1865.000000 1.349811
 1866.000000 1.339591
 1867.000000 1.328075
 1868.000000 1.316001
 1869.000000 1.304398
 1870.000000 1.294081
 1871.000000 1.285669
 1872.000000 1.279447
 1873.000000 1.275381
 1874.000000 1.273312
 1875.000000 1.272963
 1876.000000 1.274006
 1877.000000 1.276239
 1878.000000 1.279573
 1879.000000 1.283996
 1880.000000 1.289602
 1881.000000 1.296419
 1882.000000 1.304368
 1883.000000 1.313311
 1884.000000 1.322841
 1885.000000 1.332526
 1886.000000 1.341640
 1887.000000 1.349385
 1888.000000 1.354973
 1889.000000 1.357846
 1890.000000 1.357584
 1891.000000 1.354273
 1892.000000 1.348300
 1893.000000 1.340350
 1894.000000 1.331282
 1895.000000 1.321835
 1896.000000 1.312629
 1897.000000 1.304041
 1898.000000 1.296378
 1899.000000 1.289752
 1900.000000 1.284029
 1901.000000 1.279024
 1902.000000 1.274663
 1903.000000 1.271014
 1904.000000 1.268336
 1905.000000 1.267097
 1906.000000 1.267836
 1907.000000 1.271076
 1908.000000 1.277185
 1909.000000 1.286248
 1910.000000 1.297977
 1911.000000 1.311864
 1912.000000 1.326868
 1913.000000 1.341619
 1914.000000 1.355273
 1915.000000 1.366760
 1916.000000 1.375050
 1917.000000 1.379307
 1918.000000 1.379177
 1919.000000 1.374692
 1920.000000 1.366271
 1921.000000 1.354639
 1922.000000 1.340668
 1923.000000 1.325416
 1924.000000 1.309748
 1925.000000 1.294658
 1926.000000 1.280742
 1927.000000 1.268538
 1928.000000 1.258454
 1929.000000 1.250626
 1930.000000 1.245154
 1931.000000 1.242082
 1932.000000 1.241435
 1933.000000 1.243281
 1934.000000 1.247696
 1935.000000 1.254640
 1936.000000 1.263813
 1937.000000 1.274622
 1938.000000 1.286343
 1939.000000 1.298044
 1940.000000 1.308811
 1941.000000 1.317899
 1942.000000 1.324544
 1943.000000 1.328121
 1944.000000 1.328271
 1945.000000 1.324987
 1946.000000 1.318573
 1947.000000 1.309613
 1948.000000 1.298912
 1949.000000 1.287557
 1950.000000 1.276539
 1951.000000 1.266547
 1952.000000 1.258143
 1953.000000 1.251830
 1954.000000 1.247707
 1955.000000 1.245745
 1956.000000 1.245945
 1957.000000 1.248281
 1958.000000 1.252768
 1959.000000 1.259376
 1960.000000 1.268026
 1961.000000 1.278515
 1962.000000 1.290274
 1963.000000 1.302694
 1964.000000 1.315074
 1965.000000 1.326336
 1966.000000 1.335595
 1967.000000 1.342023
 1968.000000 1.344936
 1969.000000 1.343804
 1970.000000 1.338399
 1971.000000 1.328774
 1972.000000 1.315418
 1973.000000 1.298919
 1974.000000 1.280518
 1975.000000 1.261743
 1976.000000 1.244082
 1977.000000 1.229246
 1978.000000 1.218764
 1979.000000 1.213722
 1980.000000 1.214502
 1981.000000 1.220696
 1982.000000 1.231130
 1983.000000 1.244385
 1984.000000 1.258752
 1985.000000 1.272925
 1986.000000 1.285906
 1987.000000 1.297161
 1988.000000 1.306516
 1989.000000 1.313980
 1990.000000 1.319565
 1991.000000 1.323303
 1992.000000 1.325033
 1993.000000 1.324632
 1994.000000 1.321899
 1995.000000 1.316641
 1996.000000 1.308734
 1997.000000 1.298226
 1998.000000 1.285507
 1999.000000 1.271381
 2000.000000 1.256922
 2001.000000 1.243259
 2002.000000 1.231567
 2003.000000 1.223025
 2004.000000 1.218602
 2005.000000 1.218714
 2006.000000 1.223212
 2007.000000 1.231417
 2008.000000 1.242276
 2009.000000 1.254568
 2010.000000 1.267151
 2011.000000 1.279314
 2012.000000 1.290255
 2013.000000 1.299673
 2014.000000 1.307362
 2015.000000 1.313418
 2016.000000 1.317874
 2017.000000 1.320715
 2018.000000 1.321758
 2019.000000 1.320672
 2020.000000 1.317018
 2021.000000 1.310327
 2022.000000 1.300240
 2023.000000 1.286554
 2024.000000 1.269533
 2025.000000 1.250067
 2026.000000 1.229544
 2027.000000 1.210217
 2028.000000 1.194078
 2029.000000 1.183153
 2030.000000 1.178964
 2031.000000 1.181884
 2032.000000 1.191346
 2033.000000 1.205962
 2034.000000 1.223668
 2035.000000 1.242436
 2036.000000 1.260491
 2037.000000 1.276162
 2038.000000 1.288115
 2039.000000 1.295710
 2040.000000 1.298778
 2041.000000 1.297613
 2042.000000 1.292810
 2043.000000 1.285295
 2044.000000 1.276003
 2045.000000 1.265984
 2046.000000 1.256219
 2047.000000 1.247532
 2048.000000 1.240772
 2049.000000 1.236418
 2050.000000 1.234700
 2051.000000 1.235549
 2052.000000 1.238621
 2053.000000 1.243277
 2054.000000 1.248873
 2055.000000 1.254607
 2056.000000 1.259760
 2057.000000 1.263742
 2058.000000 1.266155
 2059.000000 1.266854
 2060.000000 1.265872
 2061.000000 1.263358
 2062.000000 1.259523
 2063.000000 1.254625
 2064.000000 1.248948
 2065.000000 1.242981
 2066.000000 1.237161
 2067.000000 1.231866
 2068.000000 1.227522
 2069.000000 1.224421
 2070.000000 1.222704
 2071.000000 1.222307
 2072.000000 1.223037
 2073.000000 1.224582
 2074.000000 1.226637
 2075.000000 1.228988
 2076.000000 1.231499
 2077.000000 1.234143
 2078.000000 1.236964
 2079.000000 1.239952
 2080.000000 1.243067
 2081.000000 1.246202
 2082.000000 1.249212
 2083.000000 1.251991
 2084.000000 1.254487
 2085.000000 1.256699
 2086.000000 1.258613
 2087.000000 1.260175
 2088.000000 1.261270
 2089.000000 1.261730
 2090.000000 1.261421
 2091.000000 1.260277
 2092.000000 1.258383
 2093.000000 1.255974
 2094.000000 1.253419
 2095.000000 1.251108
 2096.000000 1.249455
 2097.000000 1.248848
 2098.000000 1.249537
 2099.000000 1.251632
 2100.000000 1.255071
 2101.000000 1.259679
 2102.000000 1.265166
 2103.000000 1.271041
 2104.000000 1.276807
 2105.000000 1.281757
 2106.000000 1.285122
 2107.000000 1.286352
 2108.000000 1.285025
 2109.000000 1.281023
 2110.000000 1.274586
 2111.000000 1.266178
 2112.000000 1.256544
 2113.000000 1.246711
 2114.000000 1.237730
 2115.000000 1.230706
 2116.000000 1.226276
 2117.000000 1.224832
 2118.000000 1.226361
 2119.000000 1.230495
 2120.000000 1.236475
 2121.000000 1.243338
 2122.000000 1.250039
 2123.000000 1.255405
 2124.000000 1.258560
 2125.000000 1.258967
 2126.000000 1.256448
 2127.000000 1.251235
 2128.000000 1.243920
 2129.000000 1.235407
 2130.000000 1.226659
 2131.000000 1.218904
 2132.000000 1.213324
 2133.000000 1.210774
 2134.000000 1.211643
 2135.000000 1.215788
 2136.000000 1.222606
 2137.000000 1.231178
 2138.000000 1.240452
 2139.000000 1.249465
 2140.000000 1.257543
 2141.000000 1.264313
 2142.000000 1.269616
 2143.000000 1.273378
 2144.000000 1.275669
 2145.000000 1.276612
 2146.000000 1.276340
 2147.000000 1.274953
 2148.000000 1.272453
 2149.000000 1.268803
 2150.000000 1.263903
 2151.000000 1.257761
 2152.000000 1.250553
 2153.000000 1.242785
 2154.000000 1.235032
 2155.000000 1.228121
 2156.000000 1.222906
 2157.000000 1.219912
 2158.000000 1.219504
 2159.000000 1.221664
 2160.000000 1.226030
 2161.000000 1.231970
 2162.000000 1.238727
 2163.000000 1.245552
 2164.000000 1.251691
 2165.000000 1.256678
 2166.000000 1.260260
 2167.000000 1.262450
 2168.000000 1.263385
 2169.000000 1.263269
 2170.000000 1.262261
 2171.000000 1.260461
 2172.000000 1.257995
 2173.000000 1.254959
 2174.000000 1.251470
 2175.000000 1.247560
 2176.000000 1.243165
 2177.000000 1.238164
 2178.000000 1.232561
 2179.000000 1.226577
 2180.000000 1.220885
 2181.000000 1.216374
 2182.000000 1.213926
 2183.000000 1.214274
 2184.000000 1.217821
 2185.000000 1.224593
 2186.000000 1.234062
 2187.000000 1.245496
 2188.000000 1.257682
 2189.000000 1.269413
 2190.000000 1.279603
 2191.000000 1.287632
 2192.000000 1.292791
 2193.000000 1.294852
 2194.000000 1.293880
 2195.000000 1.290119
 2196.000000 1.283981
 2197.000000 1.275921
 2198.000000 1.266628
 2199.000000 1.256706
 2200.000000 1.246823
 2201.000000 1.237819
 2202.000000 1.230374
 2203.000000 1.225042
 2204.000000 1.222028
 2205.000000 1.221346
 2206.000000 1.222858
 2207.000000 1.226320
 2208.000000 1.231496
 2209.000000 1.238081
 2210.000000 1.245569
 2211.000000 1.253212
 2212.000000 1.260357
 2213.000000 1.266378
 2214.000000 1.270659
 2215.000000 1.272671
 2216.000000 1.272068
 2217.000000 1.268634
 2218.000000 1.262322
 2219.000000 1.253391
 2220.000000 1.242504
 2221.000000 1.230963
 2222.000000 1.220381
 2223.000000 1.212378
 2224.000000 1.208140
 2225.000000 1.208358
 2226.000000 1.213015
 2227.000000 1.221317
 2228.000000 1.232150
 2229.000000 1.244118
 2230.000000 1.255838
 2231.000000 1.266180
 2232.000000 1.274082
 2233.000000 1.279067
 2234.000000 1.280921
 2235.000000 1.279769
 2236.000000 1.275968
 2237.000000 1.270058
 2238.000000 1.262644
 2239.000000 1.254331
 2240.000000 1.245679
 2241.000000 1.237471
 2242.000000 1.230245
 2243.000000 1.224486
 2244.000000 1.220606
 2245.000000 1.218737
 2246.000000 1.218829
 2247.000000 1.220618
 2248.000000 1.223797
 2249.000000 1.228176
 2250.000000 1.233630
 2251.000000 1.240195
 2252.000000 1.247993
 2253.000000 1.257009
 2254.000000 1.267210
 2255.000000 1.278268
 2256.000000 1.289652
 2257.000000 1.300673
 2258.000000 1.310488
 2259.000000 1.318284
 2260.000000 1.323215
 2261.000000 1.324725
 2262.000000 1.322486
 2263.000000 1.316484
 2264.000000 1.307016
 2265.000000 1.294732
 2266.000000 1.280305
 2267.000000 1.264769
 2268.000000 1.249317
 2269.000000 1.235076
 2270.000000 1.222962
 2271.000000 1.213931
 2272.000000 1.208541
 2273.000000 1.207058
 2274.000000 1.209256
 2275.000000 1.214623
 2276.000000 1.222375
 2277.000000 1.231732
 2278.000000 1.241789
 2279.000000 1.251728
 2280.000000 1.260699
 2281.000000 1.267878
 2282.000000 1.272683
 2283.000000 1.274957
 2284.000000 1.274644
 2285.000000 1.271879
 2286.000000 1.266896
 2287.000000 1.260097
 2288.000000 1.252059
 2289.000000 1.243556
 2290.000000 1.235263
 2291.000000 1.228150
 2292.000000 1.223049
 2293.000000 1.220532
 2294.000000 1.220910
 2295.000000 1.224118
 2296.000000 1.229715
 2297.000000 1.237092
 2298.000000 1.245385
 2299.000000 1.253521
 2300.000000 1.260651
 2301.000000 1.266155
 2302.000000 1.269831
 2303.000000 1.271646
 2304.000000 1.271866
 2305.000000 1.270904
 2306.000000 1.269241
 2307.000000 1.267311
 2308.000000 1.265487
 2309.000000 1.263941
 2310.000000 1.262675
 2311.000000 1.261491
 2312.000000 1.260063
 2313.000000 1.258037
 2314.000000 1.255082
 2315.000000 1.251028
 2316.000000 1.245972
 2317.000000 1.240246
 2318.000000 1.234551
 2319.000000 1.229600
 2320.000000 1.226139
 2321.000000 1.224771
 2322.000000 1.225763
 2323.000000 1.229028
 2324.000000 1.234072
 2325.000000 1.240247
 2326.000000 1.246825
 2327.000000 1.253018
 2328.000000 1.258153
 2329.000000 1.261758
 2330.000000 1.263519
 2331.000000 1.263305
 2332.000000 1.261117
 2333.000000 1.257085
 2334.000000 1.251475
 2335.000000 1.244761
 2336.000000 1.237648
 2337.000000 1.230888
 2338.000000 1.225315
 2339.000000 1.221627
 2340.000000 1.220197
 2341.000000 1.221144
 2342.000000 1.224334
 2343.000000 1.229475
 2344.000000 1.236239
 2345.000000 1.244132
 2346.000000 1.252589
 2347.000000 1.260965
 2348.000000 1.268679
 2349.000000 1.275088
 2350.000000 1.279618
 2351.000000 1.281820
 2352.000000 1.281437
 2353.000000 1.278454
 2354.000000 1.273110
 2355.000000 1.265927
 2356.000000 1.257581
 2357.000000 1.248972
 2358.000000 1.240899
 2359.000000 1.234118
 2360.000000 1.229290
 2361.000000 1.226793
 2362.000000 1.226763
 2363.000000 1.229032
 2364.000000 1.233121
 2365.000000 1.238370
 2366.000000 1.243967
 2367.000000 1.249174
 2368.000000 1.253293
 2369.000000 1.255830
 2370.000000 1.256552
 2371.000000 1.255531
 2372.000000 1.253091
 2373.000000 1.249742
 2374.000000 1.246102
 2375.000000 1.242766
 2376.000000 1.240237
 2377.000000 1.238932
 2378.000000 1.239106
 2379.000000 1.240788
 2380.000000 1.243798
 2381.000000 1.247760
 2382.000000 1.252126
 2383.000000 1.256241
 2384.000000 1.259492
 2385.000000 1.261273
 2386.000000 1.261105
 2387.000000 1.258681
 2388.000000 1.253983
 2389.000000 1.247380
 2390.000000 1.239811
 2391.000000 1.232489
 2392.000000 1.226773
 2393.000000 1.223709
 2394.000000 1.224154
 2395.000000 1.228475
 2396.000000 1.236437
 2397.000000 1.247157
 2398.000000 1.259557
 2399.000000 1.272086
 2400.000000 1.283260
 2401.000000 1.291742
 2402.000000 1.296498
 2403.000000 1.297159
 2404.000000 1.293923
 2405.000000 1.287501
 2406.000000 1.279109
 2407.000000 1.269853
 2408.000000 1.260594
 2409.000000 1.251963
 2410.000000 1.244462
 2411.000000 1.238399
 2412.000000 1.233947
 2413.000000 1.231039
 2414.000000 1.229583
 2415.000000 1.229433
 2416.000000 1.230480
 2417.000000 1.232617
 2418.000000 1.235656
 2419.000000 1.239265
 2420.000000 1.242949
 2421.000000 1.246251
 2422.000000 1.248808
 2423.000000 1.250427
 2424.000000 1.251146
 2425.000000 1.251103
 2426.000000 1.250417
 2427.000000 1.249126
 2428.000000 1.247268
 2429.000000 1.245006
 2430.000000 1.242632
 2431.000000 1.240567
 2432.000000 1.239106
 2433.000000 1.238394
 2434.000000 1.238386
 2435.000000 1.238944
 2436.000000 1.239889
 2437.000000 1.241025
 2438.000000 1.242141
 2439.000000 1.243067
 2440.000000 1.243714
 2441.000000 1.244112
 2442.000000 1.244425
 2443.000000 1.244892
 2444.000000 1.245768
 2445.000000 1.247270
 2446.000000 1.249553
 2447.000000 1.252634
 2448.000000 1.256401
 2449.000000 1.260623
 2450.000000 1.264934
 2451.000000 1.268812
 2452.000000 1.271583
 2453.000000 1.272630
 2454.000000 1.271401
 2455.000000 1.267596
 2456.000000 1.261293
 2457.000000 1.253082
 2458.000000 1.244035
 2459.000000 1.235323
 2460.000000 1.228050
 2461.000000 1.223228
 2462.000000 1.221471
 2463.000000 1.222940
 2464.000000 1.227382
 2465.000000 1.234147
 2466.000000 1.242275
 2467.000000 1.250730
 2468.000000 1.258585
 2469.000000 1.265033
 2470.000000 1.269333
 2471.000000 1.270946
 2472.000000 1.269615
 2473.000000 1.265367
 2474.000000 1.258548
 2475.000000 1.249658
 2476.000000 1.239515
 2477.000000 1.229097
 2478.000000 1.219418
 2479.000000 1.211494
 2480.000000 1.206133
 2481.000000 1.203693
 2482.000000 1.204358
 2483.000000 1.208072
 2484.000000 1.214571
 2485.000000 1.223342
 2486.000000 1.233587
 2487.000000 1.244468
 2488.000000 1.255046
 2489.000000 1.264508
 2490.000000 1.272104
 2491.000000 1.277405
 2492.000000 1.280074
 2493.000000 1.280093
 2494.000000 1.277658
 2495.000000 1.273148
 2496.000000 1.267094
 2497.000000 1.260052
 2498.000000 1.252657
 2499.000000 1.245501
 2500.000000 1.239139
 2501.000000 1.234076
 2502.000000 1.230631
 2503.000000 1.228929
 2504.000000 1.228895
 2505.000000 1.230344
 2506.000000 1.232978
 2507.000000 1.236434
 2508.000000 1.240379
 2509.000000 1.244461
 2510.000000 1.248427
 2511.000000 1.252091
 2512.000000 1.255404
 2513.000000 1.258277
 2514.000000 1.260579
 2515.000000 1.262218
 2516.000000 1.263137
 2517.000000 1.263338
 2518.000000 1.262865
 2519.000000 1.261809
 2520.000000 1.260260
 2521.000000 1.258242
 2522.000000 1.255713
 2523.000000 1.252549
 2524.000000 1.248601
 2525.000000 1.243836
 2526.000000 1.238408
 2527.000000 1.232772
 2528.000000 1.227587
 2529.000000 1.223505
 2530.000000 1.221186
 2531.000000 1.221128
 2532.000000 1.223464
 2533.000000 1.227930
 2534.000000 1.233858
 2535.000000 1.240431
 2536.000000 1.246723
 2537.000000 1.251912
 2538.000000 1.255374
 2539.000000 1.256705
 2540.000000 1.255750
 2541.000000 1.252607
 2542.000000 1.247572
 2543.000000 1.241264
 2544.000000 1.234352
 2545.000000 1.227742
 2546.000000 1.222394
 2547.000000 1.219157
 2548.000000 1.218595
 2549.000000 1.220906
 2550.000000 1.225953
 2551.000000 1.233113
 2552.000000 1.241651
 2553.000000 1.250690
 2554.000000 1.259440
 2555.000000 1.267131
 2556.000000 1.273047
 2557.000000 1.276485
 2558.000000 1.277016
 2559.000000 1.274380
 2560.000000 1.268624
 2561.000000 1.260030
 2562.000000 1.249154
 2563.000000 1.236708
 2564.000000 1.224148
 2565.000000 1.212955
 2566.000000 1.204307
 2567.000000 1.199184
 2568.000000 1.198087
 2569.000000 1.201142
 2570.000000 1.207989
 2571.000000 1.217980
 2572.000000 1.230206
 2573.000000 1.243669
 2574.000000 1.257267
 2575.000000 1.269827
 2576.000000 1.280562
 2577.000000 1.288711
 2578.000000 1.293851
 2579.000000 1.295934
 2580.000000 1.295133
 2581.000000 1.291757
 2582.000000 1.286128
 2583.000000 1.278529
 2584.000000 1.269142
 2585.000000 1.258419
 2586.000000 1.247231
 2587.000000 1.236890
 2588.000000 1.228844
 2589.000000 1.224467
 2590.000000 1.224962
 2591.000000 1.230804
 2592.000000 1.241484
 2593.000000 1.255615
 2594.000000 1.270911
 2595.000000 1.285086
 2596.000000 1.296246
 2597.000000 1.303495
 2598.000000 1.306901
 2599.000000 1.307186
 2600.000000 1.305436
 2601.000000 1.302750
 2602.000000 1.299984
 2603.000000 1.297663
 2604.000000 1.296050
 2605.000000 1.295137
 2606.000000 1.294694
 2607.000000 1.294354
 2608.000000 1.293633
 2609.000000 1.292011
 2610.000000 1.288959
 2611.000000 1.284083
 2612.000000 1.277102
 2613.000000 1.268269
 2614.000000 1.258003
 2615.000000 1.247239
 2616.000000 1.237147
 2617.000000 1.228963
 2618.000000 1.223633
 2619.000000 1.221899
 2620.000000 1.223987
 2621.000000 1.229565
 2622.000000 1.237883
 2623.000000 1.247818
 2624.000000 1.258140
 2625.000000 1.267784
 2626.000000 1.275707
 2627.000000 1.281138
 2628.000000 1.283638
 2629.000000 1.283073
 2630.000000 1.279709
 2631.000000 1.274101
 2632.000000 1.267042
 2633.000000 1.259570
 2634.000000 1.252591
 2635.000000 1.246870
 2636.000000 1.243035
 2637.000000 1.241451
 2638.000000 1.242146
 2639.000000 1.244939
 2640.000000 1.249513
 2641.000000 1.255402
 2642.000000 1.262431
 2643.000000 1.270270
 2644.000000 1.278551
 2645.000000 1.286908
 2646.000000 1.294998
 2647.000000 1.302482
 2648.000000 1.308875
 2649.000000 1.313651
 2650.000000 1.316386
 2651.000000 1.316683
 2652.000000 1.314240
 2653.000000 1.308972
 2654.000000 1.301054
 2655.000000 1.290927
 2656.000000 1.279425
 2657.000000 1.267552
 2658.000000 1.256550
 2659.000000 1.247496
 2660.000000 1.241374
 2661.000000 1.238828
 2662.000000 1.239942
