#! FIELDS time d
 0.000000 1.255465
 1.000000 1.250350
 2.000000 1.244168
 3.000000 1.237710
 4.000000 1.231754
 5.000000 1.226993
 6.000000 1.224054
 7.000000 1.223260
 8.000000 1.224645
 9.000000 1.227990
 10.000000 1.232828
 11.000000 1.238534
 12.000000 1.244537
 13.000000 1.250231
 14.000000 1.255192
 15.000000 1.259126
 16.000000 1.261913
 17.000000 1.263597
 18.000000 1.264284
 19.000000 1.264152
 20.000000 1.263365
 21.000000 1.262041
 22.000000 1.260203
 23.000000 1.257840
 24.000000 1.254857
 25.000000 1.251122
 26.000000 1.246560
 27.000000 1.241116
 28.000000 1.234892
 29.000000 1.228047
 30.000000 1.221052
 31.000000 1.214375
 32.000000 1.208781
 33.000000 1.205111
 34.000000 1.203922
 35.000000 1.205671
 36.000000 1.210484
 37.000000 1.218097
 38.000000 1.228090
 39.000000 1.239628
 40.000000 1.251763
 41.000000 1.263758
 42.000000 1.274683
 43.000000 1.283807
 44.000000 1.290488
 45.000000 1.294291
 46.000000 1.294857
 47.000000 1.292032
 48.000000 1.285824
 49.000000 1.276385
 50.000000 1.264193
 51.000000 1.250051
 52.000000 1.235166
 53.000000 1.220877
 54.000000 1.208405
 55.000000 1.198712
 56.000000 1.192801
 57.000000 1.191178
 58.000000 1.194045
 59.000000 1.201100
 60.000000 1.211685
 61.000000 1.224966
 62.000000 1.239627
 63.000000 1.254368
 64.000000 1.268060
 65.000000 1.279808
 66.000000 1.288710
 67.000000 1.294040
 68.000000 1.295360
 69.000000 1.292575
 70.000000 1.285855
 71.000000 1.275716
 72.000000 1.263036
 73.000000 1.249023
 74.000000 1.234987
 75.000000 1.222229
 76.000000 1.211896
 77.000000 1.204899
 78.000000 1.201798
 79.000000 1.202513
 80.000000 1.206503
 81.000000 1.212895
 82.000000 1.220809
 83.000000 1.229379
 84.000000 1.237867
 85.000000 1.245770
 86.000000 1.252606
 87.000000 1.258138
 88.000000 1.262215
 89.000000 1.264730
 90.000000 1.265640
 91.000000 1.265007
 92.000000 1.262981
 93.000000 1.259815
 94.000000 1.255724
 95.000000 1.250904
 96.000000 1.245515
 97.000000 1.239774
 98.000000 1.233884
 99.000000 1.228247
 100.000000 1.223253
 101.000000 1.219390
 102.000000 1.217193
 103.000000 1.217078
 104.000000 1.219340
 105.000000 1.224007
 106.000000 1.230907
 107.000000 1.239649
 108.000000 1.249649
 109.000000 1.259980
 110.000000 1.269689
 111.000000 1.278026
 112.000000 1.284311
 113.000000 1.288077
 114.000000 1.288939
 115.000000 1.286685
 116.000000 1.281297
 117.000000 1.272879
 118.000000 1.261716
 119.000000 1.248347
 120.000000 1.233628
 121.000000 1.218779
 122.000000 1.205484
 123.000000 1.195231
 124.000000 1.189332
 125.000000 1.188639
 126.000000 1.193411
 127.000000 1.203162
 128.000000 1.216944
 129.000000 1.233246
 130.000000 1.250314
 131.000000 1.266782
 132.000000 1.281136
 133.000000 1.292512
 134.000000 1.300064
 135.000000 1.303202
 136.000000 1.301643
 137.000000 1.295319
 138.000000 1.284481
 139.000000 1.269797
 140.000000 1.252094
 141.000000 1.233150
 142.000000 1.214706
 143.000000 1.198964
 144.000000 1.187852
 145.000000 1.182890
 146.000000 1.184857
 147.000000 1.193420
 148.000000 1.207346
 149.000000 1.224455
 150.000000 1.242728
 151.000000 1.260364
 152.000000 1.275712
 153.000000 1.287748
 154.000000 1.295802
 155.000000 1.299837
 156.000000 1.300176
 157.000000 1.297240
 158.000000 1.291560
 159.000000 1.283788
 160.000000 1.274566
 161.000000 1.264543
 162.000000 1.254500
 163.000000 1.244882
 164.000000 1.236344
 165.000000 1.229450
 166.000000 1.224688
 167.000000 1.222306
 168.000000 1.222260
 169.000000 1.224210
 170.000000 1.227609
 171.000000 1.231788
 172.000000 1.236159
 173.000000 1.240195
 174.000000 1.243527
 175.000000 1.245898
 176.000000 1.247221
 177.000000 1.247562
 178.000000 1.247100
 179.000000 1.246102
 180.000000 1.244902
 181.000000 1.243810
 182.000000 1.243105
 183.000000 1.242951
 184.000000 1.243351
 185.000000 1.244176
 186.000000 1.245202
 187.000000 1.246119
 188.000000 1.246680
 189.000000 1.246730
 190.000000 1.246274
 191.000000 1.245473
 192.000000 1.244639
 193.000000 1.244168
 194.000000 1.244428
 195.000000 1.245677
 196.000000 1.248018
 197.000000 1.251306
 198.000000 1.255248
 199.000000 1.259436
 200.000000 1.263431
 201.000000 1.266700
 202.000000 1.268739
 203.000000 1.269150
 204.000000 1.267613
 205.000000 1.263911
 206.000000 1.258104
 207.000000 1.250449
 208.000000 1.241504
 209.000000 1.232150
 210.000000 1.223251
 211.000000 1.215847
 212.000000 1.210771
 213.000000 1.208703
 214.000000 1.210029
 215.000000 1.214724
 216.000000 1.222416
 217.000000 1.232435
 218.000000 1.243968
 219.000000 1.256008
 220.000000 1.267274
 221.000000 1.276824
 222.000000 1.283779
 223.000000 1.287593
 224.000000 1.287859
 225.000000 1.284427
 226.000000 1.277462
 227.000000 1.267373
 228.000000 1.254725
 229.000000 1.240573
 230.000000 1.225889
 231.000000 1.212174
 232.000000 1.200999
 233.000000 1.193712
 234.000000 1.191232
 235.000000 1.193769
 236.000000 1.200739
 237.000000 1.211196
 238.000000 1.223820
 239.000000 1.237055
 240.000000 1.249625
 241.000000 1.260512
 242.000000 1.269056
 243.000000 1.275045
 244.000000 1.278502
 245.000000 1.279777
 246.000000 1.279300
 247.000000 1.277472
 248.000000 1.274595
 249.000000 1.270791
 250.000000 1.266120
 251.000000 1.260489
 252.000000 1.253731
 253.000000 1.245696
 254.000000 1.236461
 255.000000 1.226518
 256.000000 1.216877
 257.000000 1.208700
 258.000000 1.203075
 259.000000 1.201073
 260.000000 1.203230
 261.000000 1.209487
 262.000000 1.219198
 263.000000 1.231337
 264.000000 1.244632
 265.000000 1.257810
 266.000000 1.269679
 267.000000 1.279347
 268.000000 1.286031
 269.000000 1.289293
 270.000000 1.288888
 271.000000 1.284786
 272.000000 1.277203
 273.000000 1.266601
 274.000000 1.254028
 275.000000 1.240561
 276.000000 1.227340
 277.000000 1.215769
 278.000000 1.207192
 279.000000 1.202631
 280.000000 1.202519
 281.000000 1.206666
 282.000000 1.214399
 283.000000 1.224712
 284.000000 1.236522
 285.000000 1.248605
 286.000000 1.259947
 287.000000 1.269637
 288.000000 1.276826
 289.000000 1.280906
 290.000000 1.281458
 291.000000 1.278345
 292.000000 1.271759
 293.000000 1.262231
 294.000000 1.250597
 295.000000 1.237846
 296.000000 1.225156
 297.000000 1.213763
 298.000000 1.204760
 299.000000 1.199368
 300.000000 1.198324
 301.000000 1.202066
 302.000000 1.210380
 303.000000 1.222586
 304.000000 1.237676
 305.000000 1.254255
 306.000000 1.270895
 307.000000 1.286281
 308.000000 1.299213
 309.000000 1.308683
 310.000000 1.314101
 311.000000 1.315074
 312.000000 1.311322
 313.000000 1.302880
 314.000000 1.290094
 315.000000 1.273721
 316.000000 1.255102
 317.000000 1.235513
 318.000000 1.216702
 319.000000 1.200652
 320.000000 1.188884
 321.000000 1.182769
 322.000000 1.182913
 323.000000 1.189086
 324.000000 1.200434
 325.000000 1.215550
 326.000000 1.232575
 327.000000 1.249890
 328.000000 1.266062
 329.000000 1.280061
 330.000000 1.291243
 331.000000 1.299182
 332.000000 1.303616
 333.000000 1.304607
 334.000000 1.302288
 335.000000 1.296934
 336.000000 1.289020
 337.000000 1.279157
 338.000000 1.268087
 339.000000 1.256605
 340.000000 1.245436
 341.000000 1.235199
 342.000000 1.226632
 343.000000 1.220231
 344.000000 1.216359
 345.000000 1.215290
 346.000000 1.217116
 347.000000 1.221736
 348.000000 1.228889
 349.000000 1.238078
 350.000000 1.248498
 351.000000 1.259388
 352.000000 1.270024
 353.000000 1.279688
 354.000000 1.287674
 355.000000 1.293286
 356.000000 1.296077
 357.000000 1.295702
 358.000000 1.292000
 359.000000 1.285001
 360.000000 1.274900
 361.000000 1.262360
 362.000000 1.248141
 363.000000 1.233324
 364.000000 1.219116
 365.000000 1.206769
 366.000000 1.197718
 367.000000 1.192939
 368.000000 1.193027
 369.000000 1.197944
 370.000000 1.206993
 371.000000 1.218817
 372.000000 1.231917
 373.000000 1.244834
 374.000000 1.256305
 375.000000 1.265159
 376.000000 1.270458
 377.000000 1.271908
 378.000000 1.269519
 379.000000 1.263581
 380.000000 1.254739
 381.000000 1.244065
 382.000000 1.232577
 383.000000 1.221422
 384.000000 1.211790
 385.000000 1.204682
 386.000000 1.200910
 387.000000 1.200844
 388.000000 1.204471
 389.000000 1.211449
 390.000000 1.221066
 391.000000 1.232505
 392.000000 1.244801
 393.000000 1.256963
 394.000000 1.268122
 395.000000 1.277594
 396.000000 1.284849
 397.000000 1.289366
 398.000000 1.290902
 399.000000 1.289373
 400.000000 1.284835
 401.000000 1.277579
 402.000000 1.268081
 403.000000 1.257294
 404.000000 1.246186
 405.000000 1.235909
 406.000000 1.227501
 407.000000 1.221925
 408.000000 1.219659
 409.000000 1.220717
 410.000000 1.224591
 411.000000 1.230370
 412.000000 1.236914
 413.000000 1.243142
 414.000000 1.248048
 415.000000 1.251016
 416.000000 1.251952
 417.000000 1.251111
 418.000000 1.248969
 419.000000 1.246088
 420.000000 1.242865
 421.000000 1.239582
 422.000000 1.236568
 423.000000 1.234029
 424.000000 1.232210
 425.000000 1.231275
 426.000000 1.231257
 427.000000 1.231960
 428.000000 1.233036
 429.000000 1.234075
 430.000000 1.234677
 431.000000 1.234597
 432.000000 1.233832
 433.000000 1.232635
 434.000000 1.231435
 435.000000 1.230746
 436.000000 1.230979
 437.000000 1.232255
 438.000000 1.234409
 439.000000 1.237143
 440.000000 1.240208
 441.000000 1.243368
 442.000000 1.246322
 443.000000 1.248691
 444.000000 1.249954
 445.000000 1.249604
 446.000000 1.247355
 447.000000 1.243303
 448.000000 1.237947
 449.000000 1.231980
 450.000000 1.226233
 451.000000 1.221544
 452.000000 1.218750
 453.000000 1.218620
 454.000000 1.221570
 455.000000 1.227425
 456.000000 1.235438
 457.000000 1.244402
 458.000000 1.252992
 459.000000 1.260365
 460.000000 1.265756
 461.000000 1.268689
 462.000000 1.269080
 463.000000 1.267034
 464.000000 1.262761
 465.000000 1.256562
 466.000000 1.248876
 467.000000 1.240297
 468.000000 1.231554
 469.000000 1.223333
 470.000000 1.216409
 471.000000 1.211384
 472.000000 1.208702
 473.000000 1.208571
 474.000000 1.210918
 475.000000 1.215449
 476.000000 1.221659
 477.000000 1.228801
 478.000000 1.236082
 479.000000 1.242857
 480.000000 1.248590
 481.000000 1.252918
 482.000000 1.255679
 483.000000 1.256900
 484.000000 1.256765
 485.000000 1.255515
 486.000000 1.253455
 487.000000 1.250911
 488.000000 1.248215
 489.000000 1.245638
 490.000000 1.243397
 491.000000 1.241635
 492.000000 1.240459
 493.000000 1.239947
 494.000000 1.240164
 495.000000 1.241107
 496.000000 1.242708
 497.000000 1.244832
 498.000000 1.247304
 499.000000 1.249948
 500.000000 1.252599
 501.000000 1.255080
 502.000000 1.257160
 503.000000 1.258684
 504.000000 1.259499
 505.000000 1.259515
 506.000000 1.258763
 507.000000 1.257404
 508.000000 1.255691
 509.000000 1.253933
 510.000000 1.252394
 511.000000 1.251200
 512.000000 1.250357
 513.000000 1.249696
 514.000000 1.248934
 515.000000 1.247747
 516.000000 1.245832
 517.000000 1.243014
 518.000000 1.239342
 519.000000 1.235047
 520.000000 1.230531
 521.000000 1.226286
 522.000000 1.222868
 523.000000 1.220807
 524.000000 1.220450
 525.000000 1.221976
 526.000000 1.225341
 527.000000 1.230260
 528.000000 1.236226
 529.000000 1.242682
 530.000000 1.249113
 531.000000 1.254704
 532.000000 1.258792
 533.000000 1.260904
 534.000000 1.260706
 535.000000 1.258219
 536.000000 1.253813
 537.000000 1.248191
 538.000000 1.242260
 539.000000 1.236873
 540.000000 1.232832
 541.000000 1.230820
 542.000000 1.231149
 543.000000 1.233755
 544.000000 1.238198
 545.000000 1.243789
 546.000000 1.249582
 547.000000 1.254651
 548.000000 1.258176
 549.000000 1.259589
 550.000000 1.258655
 551.000000 1.255546
 552.000000 1.250730
 553.000000 1.244951
 554.000000 1.239079
 555.000000 1.233834
 556.000000 1.229980
 557.000000 1.228002
 558.000000 1.228110
 559.000000 1.230189
 560.000000 1.233807
 561.000000 1.238290
 562.000000 1.242895
 563.000000 1.246952
 564.000000 1.249879
 565.000000 1.251394
 566.000000 1.251571
 567.000000 1.250705
 568.000000 1.249237
 569.000000 1.247639
 570.000000 1.246380
 571.000000 1.245832
 572.000000 1.246210
 573.000000 1.247546
 574.000000 1.249703
 575.000000 1.252363
 576.000000 1.255135
 577.000000 1.257587
 578.000000 1.259371
 579.000000 1.260234
 580.000000 1.260045
 581.000000 1.258815
 582.000000 1.256672
 583.000000 1.253809
 584.000000 1.250466
 585.000000 1.246948
 586.000000 1.243636
 587.000000 1.240837
 588.000000 1.238916
 589.000000 1.238132
 590.000000 1.238638
 591.000000 1.240448
 592.000000 1.243424
 593.000000 1.247271
 594.000000 1.251642
 595.000000 1.256149
 596.000000 1.260403
 597.000000 1.264027
 598.000000 1.266671
 599.000000 1.268148
 600.000000 1.268370
 601.000000 1.267373
 602.000000 1.265362
 603.000000 1.262663
 604.000000 1.259731
 605.000000 1.257040
 606.000000 1.254966
 607.000000 1.253797
 608.000000 1.253636
 609.000000 1.254390
 610.000000 1.255834
 611.000000 1.257670
 612.000000 1.259659
 613.000000 1.261661
 614.000000 1.263662
 615.000000 1.265724
 616.000000 1.267968
 617.000000 1.270442
 618.000000 1.273107
 619.000000 1.275799
 620.000000 1.278275
 621.000000 1.280239
 622.000000 1.281415
 623.000000 1.281592
 624.000000 1.280648
 625.000000 1.278537
 626.000000 1.275381
 627.000000 1.271438
 628.000000 1.267085
 629.000000 1.262912
 630.000000 1.259493
 631.000000 1.257494
 632.000000 1.257398
 633.000000 1.259457
 634.000000 1.263590
 635.000000 1.269508
 636.000000 1.276592
 637.000000 1.283953
 638.000000 1.290704
 639.000000 1.295959
 640.000000 1.298968
 641.000000 1.299152
 642.000000 1.296297
 643.000000 1.290608
 644.000000 1.282711
 645.000000 1.273462
 646.000000 1.264144
 647.000000 1.256160
 648.000000 1.250837
 649.000000 1.249183
 650.000000 1.251758
 651.000000 1.258553
 652.000000 1.269015
 653.000000 1.282036
 654.000000 1.296210
 655.000000 1.310105
 656.000000 1.322330
 657.000000 1.331779
 658.000000 1.337838
 659.000000 1.340206
 660.000000 1.339164
 661.000000 1.335382
 662.000000 1.329781
 663.000000 1.323286
 664.000000 1.316928
 665.000000 1.311281
 666.000000 1.306779
 667.000000 1.303487
 668.000000 1.301222
 669.000000 1.299491
 670.000000 1.297614
 671.000000 1.294879
 672.000000 1.290668
 673.000000 1.284752
 674.000000 1.277358
 675.000000 1.269031
 676.000000 1.260812
 677.000000 1.254012
 678.000000 1.249866
 679.000000 1.249329
 680.000000 1.252925
 681.000000 1.260619
 682.000000 1.271821
 683.000000 1.285725
 684.000000 1.301163
 685.000000 1.316585
 686.000000 1.330556
 687.000000 1.342124
 688.000000 1.350298
 689.000000 1.354483
 690.000000 1.354405
 691.000000 1.350191
 692.000000 1.342366
 693.000000 1.331729
 694.000000 1.319343
 695.000000 1.306183
 696.000000 1.293378
 697.000000 1.281877
 698.000000 1.272461
 699.000000 1.265631
 700.000000 1.261516
 701.000000 1.259869
 702.000000 1.260255
 703.000000 1.262129
 704.000000 1.264985
 705.000000 1.268467
 706.000000 1.272458
 707.000000 1.276942
 708.000000 1.281915
 709.000000 1.287453
 710.000000 1.293523
 711.000000 1.299930
 712.000000 1.306222
 713.000000 1.311938
 714.000000 1.316576
 715.000000 1.319512
 716.000000 1.320177
 717.000000 1.318214
 718.000000 1.313522
 719.000000 1.306320
 720.000000 1.297306
 721.000000 1.287379
 722.000000 1.277597
 723.000000 1.268970
 724.000000 1.262334
 725.000000 1.258181
 726.000000 1.256710
 727.000000 1.257792
 728.000000 1.260975
 729.000000 1.265609
 730.000000 1.270915
 731.000000 1.276131
 732.000000 1.280621
 733.000000 1.283957
 734.000000 1.285954
 735.000000 1.286605
 736.000000 1.286134
 737.000000 1.284896
 738.000000 1.283328
 739.000000 1.281865
 740.000000 1.280923
 741.000000 1.280849
 742.000000 1.281897
 743.000000 1.284178
 744.000000 1.287663
 745.000000 1.292120
 746.000000 1.297202
 747.000000 1.302348
 748.000000 1.306886
 749.000000 1.310225
 750.000000 1.312062
 751.000000 1.312371
 752.000000 1.311422
 753.000000 1.309749
 754.000000 1.308042
 755.000000 1.306970
 756.000000 1.307126
 757.000000 1.308908
 758.000000 1.312474
 759.000000 1.317600
 760.000000 1.323841
 761.000000 1.330428
 762.000000 1.336516
 763.000000 1.341228
 764.000000 1.343841
 765.000000 1.343892
 766.000000 1.341302
 767.000000 1.336450
 768.000000 1.330068
 769.000000 1.323230
 770.000000 1.317044
 771.000000 1.312505
 772.000000 1.310445
 773.000000 1.311231
 774.000000 1.314780
 775.000000 1.320614
 776.000000 1.327826
 777.000000 1.335455
 778.000000 1.342512
 779.000000 1.348291
 780.000000 1.352239
 781.000000 1.354248
 782.000000 1.354640
 783.000000 1.354033
 784.000000 1.353226
 785.000000 1.353022
 786.000000 1.354121
 787.000000 1.356989
 788.000000 1.361845
 789.000000 1.368582
 790.000000 1.376843
 791.000000 1.385987
 792.000000 1.395094
 793.000000 1.403234
 794.000000 1.409552
 795.000000 1.413334
 796.000000 1.414238
 797.000000 1.412383
 798.000000 1.408237
 799.000000 1.402592
 800.000000 1.396442
 801.000000 1.390577
 802.000000 1.385812
 803.000000 1.382722
 804.000000 1.381553
 805.000000 1.382168
 806.000000 1.384142
 807.000000 1.386840
 808.000000 1.389558
 809.000000 1.391679
 810.000000 1.392839
 811.000000 1.392936
 812.000000 1.392146
 813.000000 1.390837
 814.000000 1.389445
 815.000000 1.388305
 816.000000 1.387601
 817.000000 1.387263
 818.000000 1.386973
 819.000000 1.386242
 820.000000 1.384510
 821.000000 1.381330
 822.000000 1.376398
 823.000000 1.369661
 824.000000 1.361441
 825.000000 1.352384
 826.000000 1.343181
 827.000000 1.334870
 828.000000 1.328228
 829.000000 1.323936
 830.000000 1.322402
 831.000000 1.323726
 832.000000 1.327679
 833.000000 1.333776
 834.000000 1.341223
 835.000000 1.349267
 836.000000 1.357250
 837.000000 1.364649
 838.000000 1.371053
 839.000000 1.376436
 840.000000 1.380952
 841.000000 1.384781
 842.000000 1.388162
 843.000000 1.391337
 844.000000 1.394484
 845.000000 1.397680
 846.000000 1.400896
 847.000000 1.404004
 848.000000 1.406867
 849.000000 1.409286
 850.000000 1.411134
 851.000000 1.412230
 852.000000 1.412407
 853.000000 1.411514
 854.000000 1.409426
 855.000000 1.406077
 856.000000 1.401465
 857.000000 1.395720
 858.000000 1.389185
 859.000000 1.382298
 860.000000 1.375705
 861.000000 1.370087
 862.000000 1.365978
 863.000000 1.363895
 864.000000 1.364173
 865.000000 1.366949
 866.000000 1.372103
 867.000000 1.379344
 868.000000 1.388115
 869.000000 1.397763
 870.000000 1.407621
 871.000000 1.416950
 872.000000 1.425319
 873.000000 1.432574
 874.000000 1.438654
 875.000000 1.443788
 876.000000 1.448289
 877.000000 1.452629
 878.000000 1.457120
 879.000000 1.461959
 880.000000 1.467148
 881.000000 1.472489
 882.000000 1.477673
 883.000000 1.482262
 884.000000 1.485717
 885.000000 1.487653
 886.000000 1.487734
 887.000000 1.485782
 888.000000 1.481790
 889.000000 1.475865
 890.000000 1.468303
 891.000000 1.459399
 892.000000 1.449333
 893.000000 1.438447
 894.000000 1.427055
 895.000000 1.415456
 896.000000 1.403952
 897.000000 1.392860
 898.000000 1.382476
 899.000000 1.373182
 900.000000 1.365401
 901.000000 1.359405
 902.000000 1.355409
 903.000000 1.353432
 904.000000 1.353297
 905.000000 1.354631
 906.000000 1.356876
 907.000000 1.359444
 908.000000 1.361743
 909.000000 1.363327
 910.000000 1.363977
 911.000000 1.363730
 912.000000 1.362863
 913.000000 1.361827
 914.000000 1.361152
 915.000000 1.361344
 916.000000 1.362771
 917.000000 1.365631
 918.000000 1.369868
 919.000000 1.375247
 920.000000 1.381355
 921.000000 1.387700
 922.000000 1.393747
 923.000000 1.399092
 924.000000 1.403487
 925.000000 1.406900
 926.000000 1.409573
 927.000000 1.411898
 928.000000 1.414391
 929.000000 1.417504
 930.000000 1.421565
 931.000000 1.426792
 932.000000 1.433125
 933.000000 1.440428
 934.000000 1.448476
 935.000000 1.457033
 936.000000 1.465655
 937.000000 1.474083
 938.000000 1.482069
 939.000000 1.489388
 940.000000 1.495736
 941.000000 1.500851
 942.000000 1.504524
 943.000000 1.506538
 944.000000 1.506724
 945.000000 1.504984
 946.000000 1.501289
 947.000000 1.495695
 948.000000 1.488345
 949.000000 1.479471
 950.000000 1.469114
 951.000000 1.457606
 952.000000 1.445205
 953.000000 1.432412
 954.000000 1.419420
 955.000000 1.406478
 956.000000 1.394067
 957.000000 1.382581
 958.000000 1.372374
 959.000000 1.363612
 960.000000 1.356432
 961.000000 1.350767
 962.000000 1.346609
 963.000000 1.343886
 964.000000 1.342620
 965.000000 1.342888
 966.000000 1.344766
 967.000000 1.348299
 968.000000 1.353499
 969.000000 1.360302
 970.000000 1.368571
 971.000000 1.378157
 972.000000 1.388837
 973.000000 1.400335
 974.000000 1.412297
 975.000000 1.424479
 976.000000 1.436637
 977.000000 1.448334
 978.000000 1.459302
 979.000000 1.469201
 980.000000 1.477665
 981.000000 1.484317
 982.000000 1.488738
 983.000000 1.490562
 984.000000 1.489541
 985.000000 1.485591
 986.000000 1.478812
 987.000000 1.469557
 988.000000 1.458414
 989.000000 1.446034
 990.000000 1.433061
 991.000000 1.420137
 992.000000 1.407867
 993.000000 1.396973
 994.000000 1.387688
 995.000000 1.380296
 996.000000 1.374820
 997.000000 1.371092
 998.000000 1.368944
 999.000000 1.368170
 1000.000000 1.368645
 1001.000000 1.370344
 1002.000000 1.373372
 1003.000000 1.377948
 1004.000000 1.384274
 1005.000000 1.392615
 1006.000000 1.402968
 1007.000000 1.415194
 1008.000000 1.428996
 1009.000000 1.443918
 1010.000000 1.459206
 1011.000000 1.474119
 1012.000000 1.487789
 1013.000000 1.499668
 1014.000000 1.509154
 1015.000000 1.515993
 1016.000000 1.520077
 1017.000000 1.521659
 1018.000000 1.521154
 1019.000000 1.519058
 1020.000000 1.515886
 1021.000000 1.512031
 1022.000000 1.507701
 1023.000000 1.502946
 1024.000000 1.497601
 1025.000000 1.491357
 1026.000000 1.483854
 1027.000000 1.474656
 1028.000000 1.463464
 1029.000000 1.450023
 1030.000000 1.434439
 1031.000000 1.416868
 1032.000000 1.397906
 1033.000000 1.378035
 1034.000000 1.358169
 1035.000000 1.339312
 1036.000000 1.322298
 1037.000000 1.308243
 1038.000000 1.297968
 1039.000000 1.291994
 1040.000000 1.290584
 1041.000000 1.293764
 1042.000000 1.301198
 1043.000000 1.312235
 1044.000000 1.326031
 1045.000000 1.341520
 1046.000000 1.357834
 1047.000000 1.374039
 1048.000000 1.389311
 1049.000000 1.403024
 1050.000000 1.414787
 1051.000000 1.424719
 1052.000000 1.433000
 1053.000000 1.440165
 1054.000000 1.446619
 1055.000000 1.452790
 1056.000000 1.458848
 1057.000000 1.464703
 1058.000000 1.470243
 1059.000000 1.475002
 1060.000000 1.478442
 1061.000000 1.480000
 1062.000000 1.479197
 1063.000000 1.475725
 1064.000000 1.469482
 1065.000000 1.460643
 1066.000000 1.449408
 1067.000000 1.436144
 1068.000000 1.421507
 1069.000000 1.406171
 1070.000000 1.390852
 1071.000000 1.376163
 1072.000000 1.362818
 1073.000000 1.351298
 1074.000000 1.341835
 1075.000000 1.334450
 1076.000000 1.329136
 1077.000000 1.325715
 1078.000000 1.323946
 1079.000000 1.323668
 1080.000000 1.324822
 1081.000000 1.327433
 1082.000000 1.331625
 1083.000000 1.337550
 1084.000000 1.345291
 1085.000000 1.354819
 1086.000000 1.365982
 1087.000000 1.378378
 1088.000000 1.391393
 1089.000000 1.404411
 1090.000000 1.416609
 1091.000000 1.427137
 1092.000000 1.435297
 1093.000000 1.440597
 1094.000000 1.442744
 1095.000000 1.441748
 1096.000000 1.437954
 1097.000000 1.431884
 1098.000000 1.424161
 1099.000000 1.415418
 1100.000000 1.406378
 1101.000000 1.397664
 1102.000000 1.389692
 1103.000000 1.382654
 1104.000000 1.376826
 1105.000000 1.372433
 1106.000000 1.369493
 1107.000000 1.367921
 1108.000000 1.367549
 1109.000000 1.368180
 1110.000000 1.369617
 1111.000000 1.371666
 1112.000000 1.374224
 1113.000000 1.377212
 1114.000000 1.380589
 1115.000000 1.384361
 1116.000000 1.388571
 1117.000000 1.393269
 1118.000000 1.398456
 1119.000000 1.404047
 1120.000000 1.409929
 1121.000000 1.415871
 1122.000000 1.421549
 1123.000000 1.426654
 1124.000000 1.430756
 1125.000000 1.433469
 1126.000000 1.434543
 1127.000000 1.433819
 1128.000000 1.431321
 1129.000000 1.427314
 1130.000000 1.422220
 1131.000000 1.416533
 1132.000000 1.410835
 1133.000000 1.405695
 1134.000000 1.401506
 1135.000000 1.398563
 1136.000000 1.396911
 1137.000000 1.396340
 1138.000000 1.396506
 1139.000000 1.396917
 1140.000000 1.397012
 1141.000000 1.396252
 1142.000000 1.394188
 1143.000000 1.390553
 1144.000000 1.385241
 1145.000000 1.378362
 1146.000000 1.370292
 1147.000000 1.361465
 1148.000000 1.352312
 1149.000000 1.343328
 1150.000000 1.335073
 1151.000000 1.327874
 1152.000000 1.322039
 1153.000000 1.317790
 1154.000000 1.315252
 1155.000000 1.314504
 1156.000000 1.315559
 1157.000000 1.318365
 1158.000000 1.322908
 1159.000000 1.329047
 1160.000000 1.336617
 1161.000000 1.345292
 1162.000000 1.354816
 1163.000000 1.364934
 1164.000000 1.375149
 1165.000000 1.384959
 1166.000000 1.393932
 1167.000000 1.401678
 1168.000000 1.407879
 1169.000000 1.412258
 1170.000000 1.414738
 1171.000000 1.415283
 1172.000000 1.413931
 1173.000000 1.410764
 1174.000000 1.405853
 1175.000000 1.399251
 1176.000000 1.390822
 1177.000000 1.380657
 1178.000000 1.368803
 1179.000000 1.355487
 1180.000000 1.340881
 1181.000000 1.325506
 1182.000000 1.310085
 1183.000000 1.295463
 1184.000000 1.282504
 1185.000000 1.272259
 1186.000000 1.265559
 1187.000000 1.262895
 1188.000000 1.264368
 1189.000000 1.269655
 1190.000000 1.278067
 1191.000000 1.288650
 1192.000000 1.300436
 1193.000000 1.312489
 1194.000000 1.324288
 1195.000000 1.335632
 1196.000000 1.346433
 1197.000000 1.356815
 1198.000000 1.366957
 1199.000000 1.376920
 1200.000000 1.386810
 1201.000000 1.396605
 1202.000000 1.406150
 1203.000000 1.415020
 1204.000000 1.422861
 1205.000000 1.429269
 1206.000000 1.433863
 1207.000000 1.436421
 1208.000000 1.436823
 1209.000000 1.435069
 1210.000000 1.431303
 1211.000000 1.425721
 1212.000000 1.418684
 1213.000000 1.410468
 1214.000000 1.401451
 1215.000000 1.391912
 1216.000000 1.382069
 1217.000000 1.372053
 1218.000000 1.361946
 1219.000000 1.351788
 1220.000000 1.341793
 1221.000000 1.332115
 1222.000000 1.322859
 1223.000000 1.314436
 1224.000000 1.307098
 1225.000000 1.301243
 1226.000000 1.297281
 1227.000000 1.295488
 1228.000000 1.295947
 1229.000000 1.298538
 1230.000000 1.302901
 1231.000000 1.308530
 1232.000000 1.314855
 1233.000000 1.321208
 1234.000000 1.326836
 1235.000000 1.331039
 1236.000000 1.333324
 1237.000000 1.333211
 1238.000000 1.330432
 1239.000000 1.324928
 1240.000000 1.316936
 1241.000000 1.306965
 1242.000000 1.295790
 1243.000000 1.284456
 1244.000000 1.274297
 1245.000000 1.266492
 1246.000000 1.262054
 1247.000000 1.261748
 1248.000000 1.265850
 1249.000000 1.274208
 1250.000000 1.286127
 1251.000000 1.300843
 1252.000000 1.317181
 1253.000000 1.333900
 1254.000000 1.350105
 1255.000000 1.364962
 1256.000000 1.378207
 1257.000000 1.389591
 1258.000000 1.399240
 1259.000000 1.407679
 1260.000000 1.415216
 1261.000000 1.422168
 1262.000000 1.428768
 1263.000000 1.434904
 1264.000000 1.440302
 1265.000000 1.444461
 1266.000000 1.446608
 1267.000000 1.445972
 1268.000000 1.441791
 1269.000000 1.433551
 1270.000000 1.421013
 1271.000000 1.404447
 1272.000000 1.384665
 1273.000000 1.362856
 1274.000000 1.340198
 1275.000000 1.317928
 1276.000000 1.297550
 1277.000000 1.280205
 1278.000000 1.266615
 1279.000000 1.257331
 1280.000000 1.252209
 1281.000000 1.250793
 1282.000000 1.252213
 1283.000000 1.255422
 1284.000000 1.259481
 1285.000000 1.263590
 1286.000000 1.267261
 1287.000000 1.270373
 1288.000000 1.273117
 1289.000000 1.275784
 1290.000000 1.278615
 1291.000000 1.281764
 1292.000000 1.285287
 1293.000000 1.289144
 1294.000000 1.293257
 1295.000000 1.297462
 1296.000000 1.301430
 1297.000000 1.304813
 1298.000000 1.307252
 1299.000000 1.308382
 1300.000000 1.307912
 1301.000000 1.305741
 1302.000000 1.301958
 1303.000000 1.296883
 1304.000000 1.291016
 1305.000000 1.284953
 1306.000000 1.279405
 1307.000000 1.275106
 1308.000000 1.272545
 1309.000000 1.272110
 1310.000000 1.274001
 1311.000000 1.278172
 1312.000000 1.284408
 1313.000000 1.292248
 1314.000000 1.300942
 1315.000000 1.309716
 1316.000000 1.317931
 1317.000000 1.324962
 1318.000000 1.330540
 1319.000000 1.334498
 1320.000000 1.336885
 1321.000000 1.338039
 1322.000000 1.338398
 1323.000000 1.338384
 1324.000000 1.338330
 1325.000000 1.338409
 1326.000000 1.338613
 1327.000000 1.338768
 1328.000000 1.338549
 1329.000000 1.337506
 1330.000000 1.335117
 1331.000000 1.330846
 1332.000000 1.324247
 1333.000000 1.315243
 1334.000000 1.304023
 1335.000000 1.291172
 1336.000000 1.277737
 1337.000000 1.265061
 1338.000000 1.254502
 1339.000000 1.247384
 1340.000000 1.244747
 1341.000000 1.247087
 1342.000000 1.254294
 1343.000000 1.265756
 1344.000000 1.280285
 1345.000000 1.296453
 1346.000000 1.312614
 1347.000000 1.327185
 1348.000000 1.339123
 1349.000000 1.347755
 1350.000000 1.352898
 1351.000000 1.354895
 1352.000000 1.354469
 1353.000000 1.352538
 1354.000000 1.350079
 1355.000000 1.347925
 1356.000000 1.346704
 1357.000000 1.346661
 1358.000000 1.347695
 1359.000000 1.349344
 1360.000000 1.350838
 1361.000000 1.351178
 1362.000000 1.349390
 1363.000000 1.344670
 1364.000000 1.336447
 1365.000000 1.324811
 1366.000000 1.310438
 1367.000000 1.294341
 1368.000000 1.278085
 1369.000000 1.263296
 1370.000000 1.251718
 1371.000000 1.244640
 1372.000000 1.242802
 1373.000000 1.246296
 1374.000000 1.254522
 1375.000000 1.266246
 1376.000000 1.279979
 1377.000000 1.294256
 1378.000000 1.307654
 1379.000000 1.319181
 1380.000000 1.328073
 1381.000000 1.334115
 1382.000000 1.337454
 1383.000000 1.338406
 1384.000000 1.337340
 1385.000000 1.334676
 1386.000000 1.330779
 1387.000000 1.326019
 1388.000000 1.320774
 1389.000000 1.315368
 1390.000000 1.309988
 1391.000000 1.304929
 1392.000000 1.300290
 1393.000000 1.296254
 1394.000000 1.292987
 1395.000000 1.290628
 1396.000000 1.289356
 1397.000000 1.289406
 1398.000000 1.291023
 1399.000000 1.294430
 1400.000000 1.299773
 1401.000000 1.306995
 1402.000000 1.315992
 1403.000000 1.326655
 1404.000000 1.338836
 1405.000000 1.352202
 1406.000000 1.366578
 1407.000000 1.381392
 1408.000000 1.396108
 1409.000000 1.410050
 1410.000000 1.422827
 1411.000000 1.434197
 1412.000000 1.443948
 1413.000000 1.452201
 1414.000000 1.459142
 1415.000000 1.464980
 1416.000000 1.469995
 1417.000000 1.474410
 1418.000000 1.478267
 1419.000000 1.481445
 1420.000000 1.483679
 1421.000000 1.484616
 1422.000000 1.483782
 1423.000000 1.480687
 1424.000000 1.474988
 1425.000000 1.466583
 1426.000000 1.455595
 1427.000000 1.442491
 1428.000000 1.428123
 1429.000000 1.413329
 1430.000000 1.399252
 1431.000000 1.386996
 1432.000000 1.377396
 1433.000000 1.370988
 1434.000000 1.367932
 1435.000000 1.367986
 1436.000000 1.370537
 1437.000000 1.374765
 1438.000000 1.379737
 1439.000000 1.384557
 1440.000000 1.388649
 1441.000000 1.391796
 1442.000000 1.394050
 1443.000000 1.395732
 1444.000000 1.397389
 1445.000000 1.399595
 1446.000000 1.402879
 1447.000000 1.407580
 1448.000000 1.413778
 1449.000000 1.421285
 1450.000000 1.429631
 1451.000000 1.437992
 1452.000000 1.445345
 1453.000000 1.450789
 1454.000000 1.453519
 1455.000000 1.452924
 1456.000000 1.448756
 1457.000000 1.441182
 1458.000000 1.430635
 1459.000000 1.417834
 1460.000000 1.403845
 1461.000000 1.389486
 1462.000000 1.375579
 1463.000000 1.362729
 1464.000000 1.351514
 1465.000000 1.342321
 1466.000000 1.335056
 1467.000000 1.329506
 1468.000000 1.325182
 1469.000000 1.321573
 1470.000000 1.318313
 1471.000000 1.315154
 1472.000000 1.312112
 1473.000000 1.309398
 1474.000000 1.307319
 1475.000000 1.306219
 1476.000000 1.306389
 1477.000000 1.308032
 1478.000000 1.311230
 1479.000000 1.315907
 1480.000000 1.321817
 1481.000000 1.328749
 1482.000000 1.336262
 1483.000000 1.343997
 1484.000000 1.351477
 1485.000000 1.358385
 1486.000000 1.364337
 1487.000000 1.369044
 1488.000000 1.372393
 1489.000000 1.374361
 1490.000000 1.375111
 1491.000000 1.374968
 1492.000000 1.374387
 1493.000000 1.373873
 1494.000000 1.373926
 1495.000000 1.374975
 1496.000000 1.377298
 1497.000000 1.380972
 1498.000000 1.385886
 1499.000000 1.391699
 1500.000000 1.397965
 1501.000000 1.404256
 1502.000000 1.410015
 1503.000000 1.414747
 1504.000000 1.418271
 1505.000000 1.420693
 1506.000000 1.422428
 1507.000000 1.424083
 1508.000000 1.426381
 1509.000000 1.429967
 1510.000000 1.435222
 1511.000000 1.442264
 1512.000000 1.450863
 1513.000000 1.460396
 1514.000000 1.470058
 1515.000000 1.478960
 1516.000000 1.486081
 1517.000000 1.490960
 1518.000000 1.493545
 1519.000000 1.494343
 1520.000000 1.494143
 1521.000000 1.493838
 1522.000000 1.494183
 1523.000000 1.495662
 1524.000000 1.498410
 1525.000000 1.502171
 1526.000000 1.506375
 1527.000000 1.510251
 1528.000000 1.512991
 1529.000000 1.513897
 1530.000000 1.512415
 1531.000000 1.508290
 1532.000000 1.501571
 1533.000000 1.492491
 1534.000000 1.481645
 1535.000000 1.469640
 1536.000000 1.456973
 1537.000000 1.443955
 1538.000000 1.430844
 1539.000000 1.417849
 1540.000000 1.405083
 1541.000000 1.392693
 1542.000000 1.380775
 1543.000000 1.369369
 1544.000000 1.358681
 1545.000000 1.349038
 1546.000000 1.340638
 1547.000000 1.333828
 1548.000000 1.328871
 1549.000000 1.325850
 1550.000000 1.324804
 1551.000000 1.325599
 1552.000000 1.327981
 1553.000000 1.331648
 1554.000000 1.336214
 1555.000000 1.341382
 1556.000000 1.346893
 1557.000000 1.352490
 1558.000000 1.358006
 1559.000000 1.363300
 1560.000000 1.368240
 1561.000000 1.372665
 1562.000000 1.376481
 1563.000000 1.379484
 1564.000000 1.381572
 1565.000000 1.382682
 1566.000000 1.382870
 1567.000000 1.382304
 1568.000000 1.381282
 1569.000000 1.380225
 1570.000000 1.379583
 1571.000000 1.379785
 1572.000000 1.381207
 1573.000000 1.384057
 1574.000000 1.388424
 1575.000000 1.394183
 1576.000000 1.401154
 1577.000000 1.408971
 1578.000000 1.417165
 1579.000000 1.425427
 1580.000000 1.433407
 1581.000000 1.441074
 1582.000000 1.448391
 1583.000000 1.455510
 1584.000000 1.462613
 1585.000000 1.469813
 1586.000000 1.477223
 1587.000000 1.484786
 1588.000000 1.492292
 1589.000000 1.499509
 1590.000000 1.506007
 1591.000000 1.511265
 1592.000000 1.514684
 1593.000000 1.515790
 1594.000000 1.514275
 1595.000000 1.510064
 1596.000000 1.503313
 1597.000000 1.494486
 1598.000000 1.484266
 1599.000000 1.473315
 1600.000000 1.462308
 1601.000000 1.451774
 1602.000000 1.442182
 1603.000000 1.433783
 1604.000000 1.426752
 1605.000000 1.421014
 1606.000000 1.416359
 1607.000000 1.412511
 1608.000000 1.409131
 1609.000000 1.405843
 1610.000000 1.402326
 1611.000000 1.398425
 1612.000000 1.394152
 1613.000000 1.389574
 1614.000000 1.384780
 1615.000000 1.380010
 1616.000000 1.375413
 1617.000000 1.371115
 1618.000000 1.367148
 1619.000000 1.363457
 1620.000000 1.359942
 1621.000000 1.356498
 1622.000000 1.353018
 1623.000000 1.349447
 1624.000000 1.345701
 1625.000000 1.341819
 1626.000000 1.337783
 1627.000000 1.333626
 1628.000000 1.329331
 1629.000000 1.324958
 1630.000000 1.320543
 1631.000000 1.316211
 1632.000000 1.312116
 1633.000000 1.308472
 1634.000000 1.305528
 1635.000000 1.303552
 1636.000000 1.302718
 1637.000000 1.303076
 1638.000000 1.304529
 1639.000000 1.306833
 1640.000000 1.309675
 1641.000000 1.312693
 1642.000000 1.315469
 1643.000000 1.317681
 1644.000000 1.319194
 1645.000000 1.320050
 1646.000000 1.320443
 1647.000000 1.320660
 1648.000000 1.320988
 1649.000000 1.321630
 1650.000000 1.322643
 1651.000000 1.323907
 1652.000000 1.325127
 1653.000000 1.325853
 1654.000000 1.325596
 1655.000000 1.323937
 1656.000000 1.320685
 1657.000000 1.315969
 1658.000000 1.310285
 1659.000000 1.304485
 1660.000000 1.299577
 1661.000000 1.296607
 1662.000000 1.296441
 1663.000000 1.299520
 1664.000000 1.305798
 1665.000000 1.314685
 1666.000000 1.325161
 1667.000000 1.335891
 1668.000000 1.345520
 1669.000000 1.352770
 1670.000000 1.356872
 1671.000000 1.357501
 1672.000000 1.354847
 1673.000000 1.349535
 1674.000000 1.342414
 1675.000000 1.334437
 1676.000000 1.326388
 1677.000000 1.318814
 1678.000000 1.312156
 1679.000000 1.306607
 1680.000000 1.302197
 1681.000000 1.298865
 1682.000000 1.296468
 1683.000000 1.294850
 1684.000000 1.293797
 1685.000000 1.293124
 1686.000000 1.292719
 1687.000000 1.292542
 1688.000000 1.292639
 1689.000000 1.293131
 1690.000000 1.294183
 1691.000000 1.296002
 1692.000000 1.298764
 1693.000000 1.302625
 1694.000000 1.307706
 1695.000000 1.314040
 1696.000000 1.321421
 1697.000000 1.329559
 1698.000000 1.338176
 1699.000000 1.346937
 1700.000000 1.355519
 1701.000000 1.363457
 1702.000000 1.370285
 1703.000000 1.375616
 1704.000000 1.379166
 1705.000000 1.380872
 1706.000000 1.380803
 1707.000000 1.379180
 1708.000000 1.376307
 1709.000000 1.372530
 1710.000000 1.368188
 1711.000000 1.363639
 1712.000000 1.359092
 1713.000000 1.354727
 1714.000000 1.350539
 1715.000000 1.346398
 1716.000000 1.342116
 1717.000000 1.337417
 1718.000000 1.332055
 1719.000000 1.325953
 1720.000000 1.319273
 1721.000000 1.312268
 1722.000000 1.305371
 1723.000000 1.299115
 1724.000000 1.294030
 1725.000000 1.290632
 1726.000000 1.289274
 1727.000000 1.290104
 1728.000000 1.293001
 1729.000000 1.297655
 1730.000000 1.303544
 1731.000000 1.309860
 1732.000000 1.315887
 1733.000000 1.320958
 1734.000000 1.324640
 1735.000000 1.326788
 1736.000000 1.327505
 1737.000000 1.327110
 1738.000000 1.326080
 1739.000000 1.324955
 1740.000000 1.324279
 1741.000000 1.324508
 1742.000000 1.325954
 1743.000000 1.328709
 1744.000000 1.332644
 1745.000000 1.337363
 1746.000000 1.342231
 1747.000000 1.346604
 1748.000000 1.349880
 1749.000000 1.351686
 1750.000000 1.351925
 1751.000000 1.350803
 1752.000000 1.348767
 1753.000000 1.346336
 1754.000000 1.344007
 1755.000000 1.342269
 1756.000000 1.341489
 1757.000000 1.341849
 1758.000000 1.343330
 1759.000000 1.345703
 1760.000000 1.348617
 1761.000000 1.351595
 1762.000000 1.354219
 1763.000000 1.356220
 1764.000000 1.357533
 1765.000000 1.358262
 1766.000000 1.358732
 1767.000000 1.359379
 1768.000000 1.360663
 1769.000000 1.362931
 1770.000000 1.366444
 1771.000000 1.371342
 1772.000000 1.377577
 1773.000000 1.384934
 1774.000000 1.393080
 1775.000000 1.401625
 1776.000000 1.410108
 1777.000000 1.417960
 1778.000000 1.424855
 1779.000000 1.430670
 1780.000000 1.435333
 1781.000000 1.438936
 1782.000000 1.441756
 1783.000000 1.444241
 1784.000000 1.446881
 1785.000000 1.450142
 1786.000000 1.454390
 1787.000000 1.459781
 1788.000000 1.466210
 1789.000000 1.473210
 1790.000000 1.480050
 1791.000000 1.485720
 1792.000000 1.489037
 1793.000000 1.488940
 1794.000000 1.484799
 1795.000000 1.476511
 1796.000000 1.464782
 1797.000000 1.450965
 1798.000000 1.436349
 1799.000000 1.422498
 1800.000000 1.410861
 1801.000000 1.402413
 1802.000000 1.397514
 1803.000000 1.396112
 1804.000000 1.397649
 1805.000000 1.401198
 1806.000000 1.405634
 1807.000000 1.409814
 1808.000000 1.412758
 1809.000000 1.413927
 1810.000000 1.413238
 1811.000000 1.411021
 1812.000000 1.407946
 1813.000000 1.404841
 1814.000000 1.402442
 1815.000000 1.401235
 1816.000000 1.401410
 1817.000000 1.402915
 1818.000000 1.405429
 1819.000000 1.408353
 1820.000000 1.410913
 1821.000000 1.412350
 1822.000000 1.412057
 1823.000000 1.409700
 1824.000000 1.405305
 1825.000000 1.399246
 1826.000000 1.392308
 1827.000000 1.385386
 1828.000000 1.379292
 1829.000000 1.374642
 1830.000000 1.371878
 1831.000000 1.371145
 1832.000000 1.372215
 1833.000000 1.374581
 1834.000000 1.377500
 1835.000000 1.380218
 1836.000000 1.382199
 1837.000000 1.383217
 1838.000000 1.383430
 1839.000000 1.383354
 1840.000000 1.383770
 1841.000000 1.385547
 1842.000000 1.389469
 1843.000000 1.396015
 1844.000000 1.405508
 1845.000000 1.417700
 1846.000000 1.432076
 1847.000000 1.447784
 1848.000000 1.464154
 1849.000000 1.480150
 1850.000000 1.494776
 1851.000000 1.507259
 1852.000000 1.517085
 1853.000000 1.523975
 1854.000000 1.527844
 1855.000000 1.528785
 1856.000000 1.527004
 1857.000000 1.522788
 1858.000000 1.516467
 1859.000000 1.508545
 1860.000000 1.499489
 1861.000000 1.489773
 1862.000000 1.479937
 1863.000000 1.470381
 1864.000000 1.461442
 1865.000000 1.453332
 1866.000000 1.446035
 1867.000000 1.439508
 1868.000000 1.433519
 1869.000000 1.427982
 1870.000000 1.422784
 1871.000000 1.417892
 1872.000000 1.413324
 1873.000000 1.409168
 1874.000000 1.405678
 1875.000000 1.403237
 1876.000000 1.402150
 1877.000000 1.402701
 1878.000000 1.405060
 1879.000000 1.409168
 1880.000000 1.414769
 1881.000000 1.421329
 1882.000000 1.428102
 1883.000000 1.434246
 1884.000000 1.438796
 1885.000000 1.440977
 1886.000000 1.440212
 1887.000000 1.436303
 1888.000000 1.429419
 1889.000000 1.420009
 1890.000000 1.409084
 1891.000000 1.397762
 1892.000000 1.387036
 1893.000000 1.377786
 1894.000000 1.370750
 1895.000000 1.366165
 1896.000000 1.363909
 1897.000000 1.363487
 1898.000000 1.364101
 1899.000000 1.364829
 1900.000000 1.364983
 1901.000000 1.364349
 1902.000000 1.363289
 1903.000000 1.362637
 1904.000000 1.363499
 1905.000000 1.366956
 1906.000000 1.373903
 1907.000000 1.384719
 1908.000000 1.399253
 1909.000000 1.416731
 1910.000000 1.435799
 1911.000000 1.454909
 1912.000000 1.472093
 1913.000000 1.485518
 1914.000000 1.494552
 1915.000000 1.499052
 1916.000000 1.499506
 1917.000000 1.496858
 1918.000000 1.492218
 1919.000000 1.486587
 1920.000000 1.480744
 1921.000000 1.475026
 1922.000000 1.469377
 1923.000000 1.463448
 1924.000000 1.456603
 1925.000000 1.448241
 1926.000000 1.437772
 1927.000000 1.425027
 1928.000000 1.410448
 1929.000000 1.394775
 1930.000000 1.379271
 1931.000000 1.365283
 1932.000000 1.353994
 1933.000000 1.346056
 1934.000000 1.341917
 1935.000000 1.341509
 1936.000000 1.344341
 1937.000000 1.349570
 1938.000000 1.356264
 1939.000000 1.363534
 1940.000000 1.370791
 1941.000000 1.377925
 1942.000000 1.385035
 1943.000000 1.392311
 1944.000000 1.399887
 1945.000000 1.407805
 1946.000000 1.415879
 1947.000000 1.423789
 1948.000000 1.431162
 1949.000000 1.437513
 1950.000000 1.442505
 1951.000000 1.445972
 1952.000000 1.447810
 1953.000000 1.447968
 1954.000000 1.446578
 1955.000000 1.443883
 1956.000000 1.440250
 1957.000000 1.436021
 1958.000000 1.431464
 1959.000000 1.426725
 1960.000000 1.421812
 1961.000000 1.416608
 1962.000000 1.411023
 1963.000000 1.404891
 1964.000000 1.398093
 1965.000000 1.390799
 1966.000000 1.383257
 1967.000000 1.375918
 1968.000000 1.369303
 1969.000000 1.363996
 1970.000000 1.360435
 1971.000000 1.358758
 1972.000000 1.358923
 1973.000000 1.360701
 1974.000000 1.363719
 1975.000000 1.367549
 1976.000000 1.371832
 1977.000000 1.376254
 1978.000000 1.380632
 1979.000000 1.384887
 1980.000000 1.389008
 1981.000000 1.393058
 1982.000000 1.397119
 1983.000000 1.401219
 1984.000000 1.405172
 1985.000000 1.408681
 1986.000000 1.411307
 1987.000000 1.412609
 1988.000000 1.412277
 1989.000000 1.410235
 1990.000000 1.406729
 1991.000000 1.402248
 1992.000000 1.397627
 1993.000000 1.393576
 1994.000000 1.390825
 1995.000000 1.389883
 1996.000000 1.390948
 1997.000000 1.393907
 1998.000000 1.398352
 1999.000000 1.403620
 2000.000000 1.408977
 2001.000000 1.413797
 2002.000000 1.417593
 2003.000000 1.420073
 2004.000000 1.421129
 2005.000000 1.420815
 2006.000000 1.419283
 2007.000000 1.416776
 2008.000000 1.413569
 2009.000000 1.409914
 2010.000000 1.405979
 2011.000000 1.401779
 2012.000000 1.397357
 2013.000000 1.392623
 2014.000000 1.387542
 2015.000000 1.381997
 2016.000000 1.375988
 2017.000000 1.369552
 2018.000000 1.362837
 2019.000000 1.356010
 2020.000000 1.349489
 2021.000000 1.343571
 2022.000000 1.338545
 2023.000000 1.334595
 2024.000000 1.331856
 2025.000000 1.330408
 2026.000000 1.330293
 2027.000000 1.331552
 2028.000000 1.334281
 2029.000000 1.338598
 2030.000000 1.344647
 2031.000000 1.352638
 2032.000000 1.362733
 2033.000000 1.374894
 2034.000000 1.388787
 2035.000000 1.403969
 2036.000000 1.419861
 2037.000000 1.435520
 2038.000000 1.449855
 2039.000000 1.462002
 2040.000000 1.471325
 2041.000000 1.477565
 2042.000000 1.480655
 2043.000000 1.480748
 2044.000000 1.478253
 2045.000000 1.473679
 2046.000000 1.467560
 2047.000000 1.460343
 2048.000000 1.452492
 2049.000000 1.444181
 2050.000000 1.435457
 2051.000000 1.426175
 2052.000000 1.416065
 2053.000000 1.405211
 2054.000000 1.393440
 2055.000000 1.380977
 2056.000000 1.368177
 2057.000000 1.355629
 2058.000000 1.344128
 2059.000000 1.334407
 2060.000000 1.327122
 2061.000000 1.322868
 2062.000000 1.321898
 2063.000000 1.324138
 2064.000000 1.329186
 2065.000000 1.336228
 2066.000000 1.344367
 2067.000000 1.352784
 2068.000000 1.360695
 2069.000000 1.367648
 2070.000000 1.373549
 2071.000000 1.378742
 2072.000000 1.383663
 2073.000000 1.388941
 2074.000000 1.395166
 2075.000000 1.402805
 2076.000000 1.411949
 2077.000000 1.422438
 2078.000000 1.433925
 2079.000000 1.445704
 2080.000000 1.457027
 2081.000000 1.467051
 2082.000000 1.474958
 2083.000000 1.480138
 2084.000000 1.482227
 2085.000000 1.481135
 2086.000000 1.477013
 2087.000000 1.470328
 2088.000000 1.461880
 2089.000000 1.452689
 2090.000000 1.443723
 2091.000000 1.435677
 2092.000000 1.429367
 2093.000000 1.425349
 2094.000000 1.423952
 2095.000000 1.425208
 2096.000000 1.428910
 2097.000000 1.434469
 2098.000000 1.440997
 2099.000000 1.447255
 2100.000000 1.451872
 2101.000000 1.453832
 2102.000000 1.452631
 2103.000000 1.448340
 2104.000000 1.441545
 2105.000000 1.433421
 2106.000000 1.425435
 2107.000000 1.418706
 2108.000000 1.414135
 2109.000000 1.412179
 2110.000000 1.413019
 2111.000000 1.416593
 2112.000000 1.422606
 2113.000000 1.430473
 2114.000000 1.439433
 2115.000000 1.448414
 2116.000000 1.456548
 2117.000000 1.462891
 2118.000000 1.466714
 2119.000000 1.467569
 2120.000000 1.465323
 2121.000000 1.460209
 2122.000000 1.452748
 2123.000000 1.443835
 2124.000000 1.434335
 2125.000000 1.425007
 2126.000000 1.416607
 2127.000000 1.409476
 2128.000000 1.403657
 2129.000000 1.398915
 2130.000000 1.394688
 2131.000000 1.390397
 2132.000000 1.385542
 2133.000000 1.379785
 2134.000000 1.373100
 2135.000000 1.365860
 2136.000000 1.358619
 2137.000000 1.352157
 2138.000000 1.347349
 2139.000000 1.344924
 2140.000000 1.345322
 2141.000000 1.348626
 2142.000000 1.354570
 2143.000000 1.362502
 2144.000000 1.371609
 2145.000000 1.380856
 2146.000000 1.389107
 2147.000000 1.395434
 2148.000000 1.399096
 2149.000000 1.399626
 2150.000000 1.396951
 2151.000000 1.391350
 2152.000000 1.383348
 2153.000000 1.373711
 2154.000000 1.363044
 2155.000000 1.352065
 2156.000000 1.341457
 2157.000000 1.331507
 2158.000000 1.322694
 2159.000000 1.315292
 2160.000000 1.309370
 2161.000000 1.304965
 2162.000000 1.302073
 2163.000000 1.300658
 2164.000000 1.300709
 2165.000000 1.302157
 2166.000000 1.304867
 2167.000000 1.308668
 2168.000000 1.313316
 2169.000000 1.318584
 2170.000000 1.324270
 2171.000000 1.330389
 2172.000000 1.336860
 2173.000000 1.343780
 2174.000000 1.351141
 2175.000000 1.358928
 2176.000000 1.367064
 2177.000000 1.375418
 2178.000000 1.383716
 2179.000000 1.391588
 2180.000000 1.398303
 2181.000000 1.403005
 2182.000000 1.404851
 2183.000000 1.403072
 2184.000000 1.397106
 2185.000000 1.386729
 2186.000000 1.372480
 2187.000000 1.355313
 2188.000000 1.337111
 2189.000000 1.319955
 2190.000000 1.305843
 2191.000000 1.296134
 2192.000000 1.292168
 2193.000000 1.294398
 2194.000000 1.302494
 2195.000000 1.315511
 2196.000000 1.331859
 2197.000000 1.349787
 2198.000000 1.367164
 2199.000000 1.382486
 2200.000000 1.394821
 2201.000000 1.403729
 2202.000000 1.409535
 2203.000000 1.413010
 2204.000000 1.415169
 2205.000000 1.416800
 2206.000000 1.418322
 2207.000000 1.419748
 2208.000000 1.420820
 2209.000000 1.421031
 2210.000000 1.419712
 2211.000000 1.416160
 2212.000000 1.409745
 2213.000000 1.399985
 2214.000000 1.386831
 2215.000000 1.370615
 2216.000000 1.352144
 2217.000000 1.332782
 2218.000000 1.313682
 2219.000000 1.296007
 2220.000000 1.280829
 2221.000000 1.269228
 2222.000000 1.261942
 2223.000000 1.259327
 2224.000000 1.261285
 2225.000000 1.267336
 2226.000000 1.276641
 2227.000000 1.288087
 2228.000000 1.300723
 2229.000000 1.313574
 2230.000000 1.325868
 2231.000000 1.337151
 2232.000000 1.346987
 2233.000000 1.355404
 2234.000000 1.362535
 2235.000000 1.368720
 2236.000000 1.374346
 2237.000000 1.379795
 2238.000000 1.385359
 2239.000000 1.391209
 2240.000000 1.397365
 2241.000000 1.403466
 2242.000000 1.409098
 2243.000000 1.413633
 2244.000000 1.416234
 2245.000000 1.416049
 2246.000000 1.412271
 2247.000000 1.404377
 2248.000000 1.392195
 2249.000000 1.375870
 2250.000000 1.356371
 2251.000000 1.335006
 2252.000000 1.313288
 2253.000000 1.293159
 2254.000000 1.276217
 2255.000000 1.264085
 2256.000000 1.257906
 2257.000000 1.258119
 2258.000000 1.264455
 2259.000000 1.275934
 2260.000000 1.290953
 2261.000000 1.307893
 2262.000000 1.325091
 2263.000000 1.341100
 2264.000000 1.354861
 2265.000000 1.365893
 2266.000000 1.374475
 2267.000000 1.381244
 2268.000000 1.387075
 2269.000000 1.392940
 2270.000000 1.399768
 2271.000000 1.408162
 2272.000000 1.418428
 2273.000000 1.430428
 2274.000000 1.443780
 2275.000000 1.457774
 2276.000000 1.471353
 2277.000000 1.483617
 2278.000000 1.493494
 2279.000000 1.500142
 2280.000000 1.502878
 2281.000000 1.501397
 2282.000000 1.495922
 2283.000000 1.487061
 2284.000000 1.475732
 2285.000000 1.463102
 2286.000000 1.450198
 2287.000000 1.437921
 2288.000000 1.426900
 2289.000000 1.417478
 2290.000000 1.409396
 2291.000000 1.402389
 2292.000000 1.395975
 2293.000000 1.389567
 2294.000000 1.382746
 2295.000000 1.375366
 2296.000000 1.367622
 2297.000000 1.359885
 2298.000000 1.352893
 2299.000000 1.347534
 2300.000000 1.344414
 2301.000000 1.343901
 2302.000000 1.346043
 2303.000000 1.350557
 2304.000000 1.356894
 2305.000000 1.364165
 2306.000000 1.371394
 2307.000000 1.377669
 2308.000000 1.382009
 2309.000000 1.383773
 2310.000000 1.382684
 2311.000000 1.378907
 2312.000000 1.373052
 2313.000000 1.366153
 2314.000000 1.359327
 2315.000000 1.353766
 2316.000000 1.350639
 2317.000000 1.350813
 2318.000000 1.354795
 2319.000000 1.362688
 2320.000000 1.374151
 2321.000000 1.388359
 2322.000000 1.404238
 2323.000000 1.420627
 2324.000000 1.436212
 2325.000000 1.450273
 2326.000000 1.462408
 2327.000000 1.472346
 2328.000000 1.480116
 2329.000000 1.486101
 2330.000000 1.490864
 2331.000000 1.495039
 2332.000000 1.498982
 2333.000000 1.502805
 2334.000000 1.506424
 2335.000000 1.509612
 2336.000000 1.512087
 2337.000000 1.513586
 2338.000000 1.513848
 2339.000000 1.512655
 2340.000000 1.509866
 2341.000000 1.505466
 2342.000000 1.499473
 2343.000000 1.492027
 2344.000000 1.483350
 2345.000000 1.473959
 2346.000000 1.464512
 2347.000000 1.455751
 2348.000000 1.448280
 2349.000000 1.442637
 2350.000000 1.439105
 2351.000000 1.437664
 2352.000000 1.437972
 2353.000000 1.439315
 2354.000000 1.440676
 2355.000000 1.440919
 2356.000000 1.439166
 2357.000000 1.435145
 2358.000000 1.429204
 2359.000000 1.422343
 2360.000000 1.416057
 2361.000000 1.411882
 2362.000000 1.411046
 2363.000000 1.414177
 2364.000000 1.421145
 2365.000000 1.431196
 2366.000000 1.443012
 2367.000000 1.455223
 2368.000000 1.466428
 2369.000000 1.475617
 2370.000000 1.482312
 2371.000000 1.486632
 2372.000000 1.489080
 2373.000000 1.490391
 2374.000000 1.491300
 2375.000000 1.492404
 2376.000000 1.494077
 2377.000000 1.496438
 2378.000000 1.499334
 2379.000000 1.502375
 2380.000000 1.505005
 2381.000000 1.506598
 2382.000000 1.506599
 2383.000000 1.504759
 2384.000000 1.501187
 2385.000000 1.496387
 2386.000000 1.491059
 2387.000000 1.486104
 2388.000000 1.482224
 2389.000000 1.479849
 2390.000000 1.479090
 2391.000000 1.479653
 2392.000000 1.480935
 2393.000000 1.482220
 2394.000000 1.482736
 2395.000000 1.481814
 2396.000000 1.479007
 2397.000000 1.474182
 2398.000000 1.467393
 2399.000000 1.459077
 2400.000000 1.449801
 2401.000000 1.440300
 2402.000000 1.431450
 2403.000000 1.424002
 2404.000000 1.418653
 2405.000000 1.415902
 2406.000000 1.415966
 2407.000000 1.418652
 2408.000000 1.423534
 2409.000000 1.430021
 2410.000000 1.437423
 2411.000000 1.445080
 2412.000000 1.452353
 2413.000000 1.458842
 2414.000000 1.464238
 2415.000000 1.468447
 2416.000000 1.471411
 2417.000000 1.473208
 2418.000000 1.473976
 2419.000000 1.473962
 2420.000000 1.473474
 2421.000000 1.472831
 2422.000000 1.472343
 2423.000000 1.472251
 2424.000000 1.472663
 2425.000000 1.473506
 2426.000000 1.474502
 2427.000000 1.475214
 2428.000000 1.475061
 2429.000000 1.473410
 2430.000000 1.469723
 2431.000000 1.463712
 2432.000000 1.455249
 2433.000000 1.444664
 2434.000000 1.432449
 2435.000000 1.419580
 2436.000000 1.407128
 2437.000000 1.395950
 2438.000000 1.386861
 2439.000000 1.380563
 2440.000000 1.377448
 2441.000000 1.377514
 2442.000000 1.380421
 2443.000000 1.385611
 2444.000000 1.392375
 2445.000000 1.399913
 2446.000000 1.407507
 2447.000000 1.414432
 2448.000000 1.420206
 2449.000000 1.424593
 2450.000000 1.427556
 2451.000000 1.429176
 2452.000000 1.429564
 2453.000000 1.428833
 2454.000000 1.427013
 2455.000000 1.424052
 2456.000000 1.419857
 2457.000000 1.414405
 2458.000000 1.407830
 2459.000000 1.400342
 2460.000000 1.392298
 2461.000000 1.384333
 2462.000000 1.377178
 2463.000000 1.371540
 2464.000000 1.367992
 2465.000000 1.366981
 2466.000000 1.368608
 2467.000000 1.372635
 2468.000000 1.378557
 2469.000000 1.385727
 2470.000000 1.393327
 2471.000000 1.400542
 2472.000000 1.406787
 2473.000000 1.411704
 2474.000000 1.415083
 2475.000000 1.416963
 2476.000000 1.417486
 2477.000000 1.416872
 2478.000000 1.415358
 2479.000000 1.413190
 2480.000000 1.410567
 2481.000000 1.407560
 2482.000000 1.404221
 2483.000000 1.400556
 2484.000000 1.396529
 2485.000000 1.392174
 2486.000000 1.387587
 2487.000000 1.382831
 2488.000000 1.378007
 2489.000000 1.373184
 2490.000000 1.368452
 2491.000000 1.363823
 2492.000000 1.359363
 2493.000000 1.355058
 2494.000000 1.350874
 2495.000000 1.346763
 2496.000000 1.342683
 2497.000000 1.338612
 2498.000000 1.334646
 2499.000000 1.330986
 2500.000000 1.327909
 2501.000000 1.325753
 2502.000000 1.324850
 2503.000000 1.325498
 2504.000000 1.327930
 2505.000000 1.332340
 2506.000000 1.338726
 2507.000000 1.346902
 2508.000000 1.356607
 2509.000000 1.367334
 2510.000000 1.378608
 2511.000000 1.389873
 2512.000000 1.400788
 2513.000000 1.410978
 2514.000000 1.419995
 2515.000000 1.427539
 2516.000000 1.433318
 2517.000000 1.437022
 2518.000000 1.438224
 2519.000000 1.436684
 2520.000000 1.432253
 2521.000000 1.424978
 2522.000000 1.415223
 2523.000000 1.403614
 2524.000000 1.390923
 2525.000000 1.378164
 2526.000000 1.366378
 2527.000000 1.356593
 2528.000000 1.349553
 2529.000000 1.345497
 2530.000000 1.344349
 2531.000000 1.345675
 2532.000000 1.348723
 2533.000000 1.352556
 2534.000000 1.356201
 2535.000000 1.358967
 2536.000000 1.360473
 2537.000000 1.360736
 2538.000000 1.360106
 2539.000000 1.359135
 2540.000000 1.358395
 2541.000000 1.358295
 2542.000000 1.358948
 2543.000000 1.360139
 2544.000000 1.361399
 2545.000000 1.362108
 2546.000000 1.361683
 2547.000000 1.359772
 2548.000000 1.356368
 2549.000000 1.351752
 2550.000000 1.346526
 2551.000000 1.341579
 2552.000000 1.337625
 2553.000000 1.335232
 2554.000000 1.334685
 2555.000000 1.336025
 2556.000000 1.339042
 2557.000000 1.343279
 2558.000000 1.348201
 2559.000000 1.353099
 2560.000000 1.357346
 2561.000000 1.360506
 2562.000000 1.362359
 2563.000000 1.362888
 2564.000000 1.362220
 2565.000000 1.360659
 2566.000000 1.358563
 2567.000000 1.356317
 2568.000000 1.354194
 2569.000000 1.352416
 2570.000000 1.351093
 2571.000000 1.350192
 2572.000000 1.349578
 2573.000000 1.349030
 2574.000000 1.348261
 2575.000000 1.346956
 2576.000000 1.344794
 2577.000000 1.341550
 2578.000000 1.337119
 2579.000000 1.331546
 2580.000000 1.325055
 2581.000000 1.318072
 2582.000000 1.311225
 2583.000000 1.305131
 2584.000000 1.300223
 2585.000000 1.296843
 2586.000000 1.295149
 2587.000000 1.295091
 2588.000000 1.296419
 2589.000000 1.298738
 2590.000000 1.301537
 2591.000000 1.304307
 2592.000000 1.306605
 2593.000000 1.308139
 2594.000000 1.308778
 2595.000000 1.308602
 2596.000000 1.307904
 2597.000000 1.307134
 2598.000000 1.306824
 2599.000000 1.307494
 2600.000000 1.309522
 2601.000000 1.313052
 2602.000000 1.317956
 2603.000000 1.323868
 2604.000000 1.330082
 2605.000000 1.335707
 2606.000000 1.339829
 2607.000000 1.341440
 2608.000000 1.339786
 2609.000000 1.334533
 2610.000000 1.325774
 2611.000000 1.314244
 2612.000000 1.300968
 2613.000000 1.287815
 2614.000000 1.276490
 2615.000000 1.268714
 2616.000000 1.265690
 2617.000000 1.267995
 2618.000000 1.275513
 2619.000000 1.287394
 2620.000000 1.302321
 2621.000000 1.318709
 2622.000000 1.334978
 2623.000000 1.349523
 2624.000000 1.361110
 2625.000000 1.369062
 2626.000000 1.373015
 2627.000000 1.373054
 2628.000000 1.369583
 2629.000000 1.363233
 2630.000000 1.354690
 2631.000000 1.344519
 2632.000000 1.333231
 2633.000000 1.321440
 2634.000000 1.309460
 2635.000000 1.297479
 2636.000000 1.285808
 2637.000000 1.274848
 2638.000000 1.264883
 2639.000000 1.256118
 2640.000000 1.248970
 2641.000000 1.244011
 2642.000000 1.241507
 2643.000000 1.241729
 2644.000000 1.244763
 2645.000000 1.250486
 2646.000000 1.258617
 2647.000000 1.268853
 2648.000000 1.280717
 2649.000000 1.293649
 2650.000000 1.307243
 2651.000000 1.320928
 2652.000000 1.334217
 2653.000000 1.346528
 2654.000000 1.357323
 2655.000000 1.366207
 2656.000000 1.372843
 2657.000000 1.377069
 2658.000000 1.378818
 2659.000000 1.378169
 2660.000000 1.375328
 2661.000000 1.370633
 2662.000000 1.364517
 2663.000000 1.357407
 2664.000000 1.349882
 2665.000000 1.342261
 2666.000000 1.334918
 2667.000000 1.328154
 2668.000000 1.322105
 2669.000000 1.316841
 2670.000000 1.312264
 2671.000000 1.308307
 2672.000000 1.304932
 2673.000000 1.302259
 2674.000000 1.300540
 2675.000000 1.300191
 2676.000000 1.301661
 2677.000000 1.305288
 2678.000000 1.311221
 2679.000000 1.319150
 2680.000000 1.328336
 2681.000000 1.337854
 2682.000000 1.346469
 2683.000000 1.353038
 2684.000000 1.356564
 2685.000000 1.356351
 2686.000000 1.352119
 2687.000000 1.344236
 2688.000000 1.333544
 2689.000000 1.321135
 2690.000000 1.308537
 2691.000000 1.297286
 2692.000000 1.288576
 2693.000000 1.283134
 2694.000000 1.281317
 2695.000000 1.283089
 2696.000000 1.287962
 2697.000000 1.295081
 2698.000000 1.303210
 2699.000000 1.311251
 2700.000000 1.318089
 2701.000000 1.322866
 2702.000000 1.325116
 2703.000000 1.324787
 2704.000000 1.322202
 2705.000000 1.317945
 2706.000000 1.312863
 2707.000000 1.307840
 2708.000000 1.303771
 2709.000000 1.301335
 2710.000000 1.300944
 2711.000000 1.302739
 2712.000000 1.306589
 2713.000000 1.312016
 2714.000000 1.318420
 2715.000000 1.325021
 2716.000000 1.331092
 2717.000000 1.335864
 2718.000000 1.338828
 2719.000000 1.339727
 2720.000000 1.338560
 2721.000000 1.335562
 2722.000000 1.331092
 2723.000000 1.325742
 2724.000000 1.320016
 2725.000000 1.314259
 2726.000000 1.308779
 2727.000000 1.303721
 2728.000000 1.299218
 2729.000000 1.295155
 2730.000000 1.291459
 2731.000000 1.288049
 2732.000000 1.284936
 2733.000000 1.282262
 2734.000000 1.280215
 2735.000000 1.279004
 2736.000000 1.278796
 2737.000000 1.279642
 2738.000000 1.281425
 2739.000000 1.283848
 2740.000000 1.286501
 2741.000000 1.288816
 2742.000000 1.290213
 2743.000000 1.290188
 2744.000000 1.288400
 2745.000000 1.284762
 2746.000000 1.279486
 2747.000000 1.273203
 2748.000000 1.266790
 2749.000000 1.261308
 2750.000000 1.257801
 2751.000000 1.257157
 2752.000000 1.260046
 2753.000000 1.266771
 2754.000000 1.277276
 2755.000000 1.290831
 2756.000000 1.306688
 2757.000000 1.323675
 2758.000000 1.340658
 2759.000000 1.356613
 2760.000000 1.370790
 2761.000000 1.382495
 2762.000000 1.391087
 2763.000000 1.396169
 2764.000000 1.397758
 2765.000000 1.395958
 2766.000000 1.391031
 2767.000000 1.383266
 2768.000000 1.373074
 2769.000000 1.360852
 2770.000000 1.346980
 2771.000000 1.331946
 2772.000000 1.315969
 2773.000000 1.299802
 2774.000000 1.283726
 2775.000000 1.268437
 2776.000000 1.254504
 2777.000000 1.242842
 2778.000000 1.234442
 2779.000000 1.229874
 2780.000000 1.229648
 2781.000000 1.233914
 2782.000000 1.242449
 2783.000000 1.254676
 2784.000000 1.269845
 2785.000000 1.286813
 2786.000000 1.304447
 2787.000000 1.321579
 2788.000000 1.337388
 2789.000000 1.351182
 2790.000000 1.362097
 2791.000000 1.369540
 2792.000000 1.373074
 2793.000000 1.372415
 2794.000000 1.367416
 2795.000000 1.358262
 2796.000000 1.345282
 2797.000000 1.329034
 2798.000000 1.310328
 2799.000000 1.290443
 2800.000000 1.270496
 2801.000000 1.251968
 2802.000000 1.236188
 2803.000000 1.224503
 2804.000000 1.217776
 2805.000000 1.216557
 2806.000000 1.220671
 2807.000000 1.229383
 2808.000000 1.241531
 2809.000000 1.256009
