#! FIELDS time d
 0.000000 1.255465
 1.000000 1.250986
 2.000000 1.245067
 3.000000 1.238204
 4.000000 1.230984
 5.000000 1.224055
 6.000000 1.218216
 7.000000 1.214133
 8.000000 1.212358
 9.000000 1.213205
 10.000000 1.216727
 11.000000 1.222660
 12.000000 1.230557
 13.000000 1.239672
 14.000000 1.249264
 15.000000 1.258572
 16.000000 1.266949
 17.000000 1.273911
 18.000000 1.278999
 19.000000 1.282003
 20.000000 1.282701
 21.000000 1.281030
 22.000000 1.277017
 23.000000 1.270852
 24.000000 1.262812
 25.000000 1.253283
 26.000000 1.242896
 27.000000 1.232288
 28.000000 1.222254
 29.000000 1.213456
 30.000000 1.206757
 31.000000 1.202708
 32.000000 1.201822
 33.000000 1.204332
 34.000000 1.210212
 35.000000 1.218967
 36.000000 1.229913
 37.000000 1.242100
 38.000000 1.254801
 39.000000 1.267059
 40.000000 1.278067
 41.000000 1.287367
 42.000000 1.294388
 43.000000 1.298762
 44.000000 1.300217
 45.000000 1.298630
 46.000000 1.294017
 47.000000 1.286531
 48.000000 1.276547
 49.000000 1.264532
 50.000000 1.251164
 51.000000 1.237284
 52.000000 1.223972
 53.000000 1.212255
 54.000000 1.202933
 55.000000 1.196576
 56.000000 1.193695
 57.000000 1.194329
 58.000000 1.198111
 59.000000 1.204230
 60.000000 1.211766
 61.000000 1.219926
 62.000000 1.227925
 63.000000 1.235292
 64.000000 1.241850
 65.000000 1.247610
 66.000000 1.252552
 67.000000 1.256576
 68.000000 1.259554
 69.000000 1.261354
 70.000000 1.261835
 71.000000 1.260824
 72.000000 1.258111
 73.000000 1.253527
 74.000000 1.247076
 75.000000 1.239034
 76.000000 1.230090
 77.000000 1.221337
 78.000000 1.214234
 79.000000 1.210041
 80.000000 1.209581
 81.000000 1.213177
 82.000000 1.220539
 83.000000 1.230788
 84.000000 1.242696
 85.000000 1.255028
 86.000000 1.266413
 87.000000 1.275896
 88.000000 1.282701
 89.000000 1.286281
 90.000000 1.286385
 91.000000 1.283080
 92.000000 1.276668
 93.000000 1.267815
 94.000000 1.257224
 95.000000 1.245711
 96.000000 1.234141
 97.000000 1.223591
 98.000000 1.215084
 99.000000 1.209782
 100.000000 1.208526
 101.000000 1.211731
 102.000000 1.219178
 103.000000 1.230318
 104.000000 1.244077
 105.000000 1.258987
 106.000000 1.273930
 107.000000 1.287853
 108.000000 1.299774
 109.000000 1.308679
 110.000000 1.313843
 111.000000 1.314908
 112.000000 1.311719
 113.000000 1.304323
 114.000000 1.293016
 115.000000 1.278505
 116.000000 1.261871
 117.000000 1.244350
 118.000000 1.227379
 119.000000 1.212473
 120.000000 1.201049
 121.000000 1.194238
 122.000000 1.192699
 123.000000 1.196322
 124.000000 1.204380
 125.000000 1.215727
 126.000000 1.228859
 127.000000 1.242447
 128.000000 1.255680
 129.000000 1.267908
 130.000000 1.278679
 131.000000 1.287892
 132.000000 1.295093
 133.000000 1.299847
 134.000000 1.301718
 135.000000 1.300449
 136.000000 1.296051
 137.000000 1.288757
 138.000000 1.279072
 139.000000 1.267845
 140.000000 1.255929
 141.000000 1.244673
 142.000000 1.235152
 143.000000 1.228418
 144.000000 1.225101
 145.000000 1.225394
 146.000000 1.228979
 147.000000 1.235104
 148.000000 1.242767
 149.000000 1.250795
 150.000000 1.258407
 151.000000 1.265151
 152.000000 1.270782
 153.000000 1.275318
 154.000000 1.278803
 155.000000 1.281307
 156.000000 1.282829
 157.000000 1.283251
 158.000000 1.282406
 159.000000 1.280132
 160.000000 1.276355
 161.000000 1.271125
 162.000000 1.264740
 163.000000 1.257505
 164.000000 1.250026
 165.000000 1.242892
 166.000000 1.236676
 167.000000 1.231838
 168.000000 1.228643
 169.000000 1.227201
 170.000000 1.227496
 171.000000 1.229302
 172.000000 1.232228
 173.000000 1.235734
 174.000000 1.239252
 175.000000 1.242275
 176.000000 1.244520
 177.000000 1.245979
 178.000000 1.246865
 179.000000 1.247518
 180.000000 1.248279
 181.000000 1.249436
 182.000000 1.251140
 183.000000 1.253383
 184.000000 1.256039
 185.000000 1.258893
 186.000000 1.261661
 187.000000 1.263919
 188.000000 1.265347
 189.000000 1.265682
 190.000000 1.264780
 191.000000 1.262617
 192.000000 1.259321
 193.000000 1.255173
 194.000000 1.250552
 195.000000 1.245952
 196.000000 1.241843
 197.000000 1.238749
 198.000000 1.237098
 199.000000 1.237205
 200.000000 1.239225
 201.000000 1.243082
 202.000000 1.248414
 203.000000 1.254689
 204.000000 1.261037
 205.000000 1.266747
 206.000000 1.270926
 207.000000 1.272873
 208.000000 1.272144
 209.000000 1.268636
 210.000000 1.262578
 211.000000 1.254621
 212.000000 1.245634
 213.000000 1.236753
 214.000000 1.229362
 215.000000 1.224416
 216.000000 1.222629
 217.000000 1.224378
 218.000000 1.229569
 219.000000 1.237695
 220.000000 1.247700
 221.000000 1.258525
 222.000000 1.268953
 223.000000 1.278056
 224.000000 1.284863
 225.000000 1.288638
 226.000000 1.289064
 227.000000 1.286129
 228.000000 1.280097
 229.000000 1.271575
 230.000000 1.261173
 231.000000 1.249845
 232.000000 1.238634
 233.000000 1.228579
 234.000000 1.220592
 235.000000 1.215367
 236.000000 1.213419
 237.000000 1.214761
 238.000000 1.219103
 239.000000 1.225827
 240.000000 1.234114
 241.000000 1.242969
 242.000000 1.251429
 243.000000 1.258757
 244.000000 1.264282
 245.000000 1.267610
 246.000000 1.268603
 247.000000 1.267381
 248.000000 1.264312
 249.000000 1.259875
 250.000000 1.254676
 251.000000 1.249258
 252.000000 1.244133
 253.000000 1.239760
 254.000000 1.236510
 255.000000 1.234619
 256.000000 1.234121
 257.000000 1.234822
 258.000000 1.236357
 259.000000 1.238212
 260.000000 1.239880
 261.000000 1.240910
 262.000000 1.241051
 263.000000 1.240307
 264.000000 1.238905
 265.000000 1.237239
 266.000000 1.235776
 267.000000 1.234943
 268.000000 1.235073
 269.000000 1.236343
 270.000000 1.238753
 271.000000 1.242131
 272.000000 1.246156
 273.000000 1.250432
 274.000000 1.254460
 275.000000 1.257820
 276.000000 1.260190
 277.000000 1.261293
 278.000000 1.260992
 279.000000 1.259318
 280.000000 1.256447
 281.000000 1.252721
 282.000000 1.248520
 283.000000 1.244296
 284.000000 1.240481
 285.000000 1.237438
 286.000000 1.235363
 287.000000 1.234333
 288.000000 1.234314
 289.000000 1.235159
 290.000000 1.236618
 291.000000 1.238396
 292.000000 1.240178
 293.000000 1.241688
 294.000000 1.242758
 295.000000 1.243367
 296.000000 1.243624
 297.000000 1.243733
 298.000000 1.243927
 299.000000 1.244418
 300.000000 1.245366
 301.000000 1.246863
 302.000000 1.248913
 303.000000 1.251461
 304.000000 1.254391
 305.000000 1.257473
 306.000000 1.260408
 307.000000 1.262854
 308.000000 1.264457
 309.000000 1.264892
 310.000000 1.263907
 311.000000 1.261310
 312.000000 1.257082
 313.000000 1.251366
 314.000000 1.244487
 315.000000 1.236864
 316.000000 1.229180
 317.000000 1.222162
 318.000000 1.216719
 319.000000 1.213717
 320.000000 1.213657
 321.000000 1.216656
 322.000000 1.222357
 323.000000 1.229944
 324.000000 1.238687
 325.000000 1.247761
 326.000000 1.256250
 327.000000 1.263514
 328.000000 1.269108
 329.000000 1.272864
 330.000000 1.274862
 331.000000 1.275354
 332.000000 1.274626
 333.000000 1.272935
 334.000000 1.270435
 335.000000 1.267167
 336.000000 1.263205
 337.000000 1.258690
 338.000000 1.253915
 339.000000 1.249300
 340.000000 1.245303
 341.000000 1.242336
 342.000000 1.240743
 343.000000 1.240630
 344.000000 1.241865
 345.000000 1.244123
 346.000000 1.246920
 347.000000 1.249667
 348.000000 1.251838
 349.000000 1.252995
 350.000000 1.252845
 351.000000 1.251341
 352.000000 1.248674
 353.000000 1.245242
 354.000000 1.241626
 355.000000 1.238503
 356.000000 1.236448
 357.000000 1.235912
 358.000000 1.237116
 359.000000 1.240014
 360.000000 1.244338
 361.000000 1.249515
 362.000000 1.254897
 363.000000 1.259773
 364.000000 1.263515
 365.000000 1.265690
 366.000000 1.266064
 367.000000 1.264711
 368.000000 1.261966
 369.000000 1.258338
 370.000000 1.254388
 371.000000 1.250747
 372.000000 1.247884
 373.000000 1.246043
 374.000000 1.245268
 375.000000 1.245442
 376.000000 1.246278
 377.000000 1.247392
 378.000000 1.248348
 379.000000 1.248718
 380.000000 1.248166
 381.000000 1.246614
 382.000000 1.244173
 383.000000 1.241165
 384.000000 1.238079
 385.000000 1.235453
 386.000000 1.233839
 387.000000 1.233651
 388.000000 1.235136
 389.000000 1.238332
 390.000000 1.243013
 391.000000 1.248790
 392.000000 1.255090
 393.000000 1.261223
 394.000000 1.266487
 395.000000 1.270250
 396.000000 1.272019
 397.000000 1.271479
 398.000000 1.268597
 399.000000 1.263577
 400.000000 1.256731
 401.000000 1.248627
 402.000000 1.239895
 403.000000 1.231441
 404.000000 1.223961
 405.000000 1.218089
 406.000000 1.214240
 407.000000 1.212694
 408.000000 1.213463
 409.000000 1.216331
 410.000000 1.220899
 411.000000 1.226591
 412.000000 1.232774
 413.000000 1.238909
 414.000000 1.244439
 415.000000 1.248971
 416.000000 1.252376
 417.000000 1.254599
 418.000000 1.255782
 419.000000 1.256110
 420.000000 1.255816
 421.000000 1.255092
 422.000000 1.254077
 423.000000 1.252815
 424.000000 1.251331
 425.000000 1.249651
 426.000000 1.247869
 427.000000 1.246024
 428.000000 1.244192
 429.000000 1.242364
 430.000000 1.240477
 431.000000 1.238450
 432.000000 1.236203
 433.000000 1.233803
 434.000000 1.231471
 435.000000 1.229570
 436.000000 1.228447
 437.000000 1.228392
 438.000000 1.229517
 439.000000 1.231774
 440.000000 1.235025
 441.000000 1.239043
 442.000000 1.243487
 443.000000 1.248009
 444.000000 1.252162
 445.000000 1.255421
 446.000000 1.257287
 447.000000 1.257314
 448.000000 1.255204
 449.000000 1.250882
 450.000000 1.244570
 451.000000 1.236741
 452.000000 1.228095
 453.000000 1.219587
 454.000000 1.212343
 455.000000 1.207520
 456.000000 1.205977
 457.000000 1.208215
 458.000000 1.214188
 459.000000 1.223541
 460.000000 1.235276
 461.000000 1.247964
 462.000000 1.260266
 463.000000 1.270874
 464.000000 1.278668
 465.000000 1.282810
 466.000000 1.282636
 467.000000 1.277895
 468.000000 1.268780
 469.000000 1.255927
 470.000000 1.240621
 471.000000 1.224496
 472.000000 1.209584
 473.000000 1.197811
 474.000000 1.190738
 475.000000 1.189336
 476.000000 1.193819
 477.000000 1.203558
 478.000000 1.217253
 479.000000 1.233411
 480.000000 1.250402
 481.000000 1.266730
 482.000000 1.281177
 483.000000 1.292739
 484.000000 1.300670
 485.000000 1.304610
 486.000000 1.304510
 487.000000 1.300572
 488.000000 1.293201
 489.000000 1.282953
 490.000000 1.270526
 491.000000 1.256701
 492.000000 1.242345
 493.000000 1.228415
 494.000000 1.216166
 495.000000 1.206523
 496.000000 1.200310
 497.000000 1.197989
 498.000000 1.199637
 499.000000 1.204941
 500.000000 1.213258
 501.000000 1.223735
 502.000000 1.235238
 503.000000 1.247015
 504.000000 1.258231
 505.000000 1.268014
 506.000000 1.275763
 507.000000 1.281054
 508.000000 1.283678
 509.000000 1.283558
 510.000000 1.280781
 511.000000 1.275514
 512.000000 1.268109
 513.000000 1.258906
 514.000000 1.248314
 515.000000 1.236870
 516.000000 1.225008
 517.000000 1.213449
 518.000000 1.203212
 519.000000 1.195352
 520.000000 1.190858
 521.000000 1.190545
 522.000000 1.194868
 523.000000 1.203754
 524.000000 1.216703
 525.000000 1.232562
 526.000000 1.249804
 527.000000 1.266856
 528.000000 1.282199
 529.000000 1.294795
 530.000000 1.304117
 531.000000 1.309446
 532.000000 1.310399
 533.000000 1.306725
 534.000000 1.298487
 535.000000 1.286120
 536.000000 1.270271
 537.000000 1.252058
 538.000000 1.233028
 539.000000 1.214708
 540.000000 1.198961
 541.000000 1.187964
 542.000000 1.183279
 543.000000 1.185642
 544.000000 1.194967
 545.000000 1.210313
 546.000000 1.229929
 547.000000 1.251857
 548.000000 1.273977
 549.000000 1.294166
 550.000000 1.310366
 551.000000 1.320936
 552.000000 1.324989
 553.000000 1.322219
 554.000000 1.312948
 555.000000 1.297772
 556.000000 1.278011
 557.000000 1.255239
 558.000000 1.231310
 559.000000 1.208333
 560.000000 1.188597
 561.000000 1.174246
 562.000000 1.166872
 563.000000 1.167298
 564.000000 1.175353
 565.000000 1.189731
 566.000000 1.208522
 567.000000 1.229312
 568.000000 1.249744
 569.000000 1.267937
 570.000000 1.282271
 571.000000 1.291839
 572.000000 1.296446
 573.000000 1.296219
 574.000000 1.291538
 575.000000 1.282932
 576.000000 1.270938
 577.000000 1.256419
 578.000000 1.240445
 579.000000 1.224370
 580.000000 1.209942
 581.000000 1.198803
 582.000000 1.192342
 583.000000 1.191344
 584.000000 1.195914
 585.000000 1.205432
 586.000000 1.218529
 587.000000 1.233765
 588.000000 1.249295
 589.000000 1.263597
 590.000000 1.275524
 591.000000 1.284145
 592.000000 1.289297
 593.000000 1.291231
 594.000000 1.290490
 595.000000 1.287655
 596.000000 1.283269
 597.000000 1.277822
 598.000000 1.271765
 599.000000 1.265295
 600.000000 1.258465
 601.000000 1.251189
 602.000000 1.243443
 603.000000 1.235417
 604.000000 1.227771
 605.000000 1.221479
 606.000000 1.217485
 607.000000 1.216571
 608.000000 1.218997
 609.000000 1.224487
 610.000000 1.232332
 611.000000 1.241518
 612.000000 1.251029
 613.000000 1.259878
 614.000000 1.267229
 615.000000 1.272430
 616.000000 1.275230
 617.000000 1.275558
 618.000000 1.273535
 619.000000 1.269356
 620.000000 1.263271
 621.000000 1.255674
 622.000000 1.247154
 623.000000 1.238510
 624.000000 1.230600
 625.000000 1.224241
 626.000000 1.220249
 627.000000 1.219080
 628.000000 1.220775
 629.000000 1.225102
 630.000000 1.231662
 631.000000 1.239796
 632.000000 1.248832
 633.000000 1.257976
 634.000000 1.266409
 635.000000 1.273581
 636.000000 1.278967
 637.000000 1.282140
 638.000000 1.282888
 639.000000 1.281074
 640.000000 1.276596
 641.000000 1.269547
 642.000000 1.260125
 643.000000 1.248999
 644.000000 1.237253
 645.000000 1.226101
 646.000000 1.217159
 647.000000 1.211905
 648.000000 1.211415
 649.000000 1.216119
 650.000000 1.225768
 651.000000 1.239482
 652.000000 1.255932
 653.000000 1.273507
 654.000000 1.290648
 655.000000 1.306131
 656.000000 1.319023
 657.000000 1.328763
 658.000000 1.335192
 659.000000 1.338203
 660.000000 1.337922
 661.000000 1.334526
 662.000000 1.328187
 663.000000 1.319004
 664.000000 1.307327
 665.000000 1.293190
 666.000000 1.277054
 667.000000 1.259424
 668.000000 1.241509
 669.000000 1.224675
 670.000000 1.210386
 671.000000 1.200111
 672.000000 1.195072
 673.000000 1.196166
 674.000000 1.203445
 675.000000 1.216335
 676.000000 1.233590
 677.000000 1.253572
 678.000000 1.274704
 679.000000 1.295555
 680.000000 1.314869
 681.000000 1.331718
 682.000000 1.345356
 683.000000 1.355531
 684.000000 1.362033
 685.000000 1.364716
 686.000000 1.363619
 687.000000 1.358891
 688.000000 1.350752
 689.000000 1.339478
 690.000000 1.325578
 691.000000 1.309497
 692.000000 1.291996
 693.000000 1.274118
 694.000000 1.257189
 695.000000 1.242397
 696.000000 1.231077
 697.000000 1.224221
 698.000000 1.222434
 699.000000 1.225724
 700.000000 1.233587
 701.000000 1.245185
 702.000000 1.259447
 703.000000 1.275333
 704.000000 1.291928
 705.000000 1.308568
 706.000000 1.324929
 707.000000 1.340554
 708.000000 1.354807
 709.000000 1.367374
 710.000000 1.377819
 711.000000 1.385573
 712.000000 1.389976
 713.000000 1.390571
 714.000000 1.387073
 715.000000 1.379445
 716.000000 1.368084
 717.000000 1.353609
 718.000000 1.336715
 719.000000 1.318306
 720.000000 1.299660
 721.000000 1.281858
 722.000000 1.265905
 723.000000 1.252634
 724.000000 1.242653
 725.000000 1.236205
 726.000000 1.233308
 727.000000 1.233752
 728.000000 1.237091
 729.000000 1.242817
 730.000000 1.250397
 731.000000 1.259347
 732.000000 1.269224
 733.000000 1.279605
 734.000000 1.290098
 735.000000 1.300117
 736.000000 1.309208
 737.000000 1.316910
 738.000000 1.322730
 739.000000 1.326218
 740.000000 1.326930
 741.000000 1.324527
 742.000000 1.318961
 743.000000 1.310580
 744.000000 1.300079
 745.000000 1.288599
 746.000000 1.277296
 747.000000 1.267439
 748.000000 1.260137
 749.000000 1.256082
 750.000000 1.255414
 751.000000 1.257731
 752.000000 1.262123
 753.000000 1.267312
 754.000000 1.271983
 755.000000 1.275259
 756.000000 1.276822
 757.000000 1.276997
 758.000000 1.276571
 759.000000 1.276476
 760.000000 1.277452
 761.000000 1.279841
 762.000000 1.283511
 763.000000 1.287897
 764.000000 1.292172
 765.000000 1.295367
 766.000000 1.296547
 767.000000 1.295064
 768.000000 1.290714
 769.000000 1.283843
 770.000000 1.275211
 771.000000 1.265853
 772.000000 1.257092
 773.000000 1.249999
 774.000000 1.245337
 775.000000 1.243604
 776.000000 1.244914
 777.000000 1.248972
 778.000000 1.255119
 779.000000 1.262567
 780.000000 1.270232
 781.000000 1.277247
 782.000000 1.283031
 783.000000 1.287272
 784.000000 1.289982
 785.000000 1.291379
 786.000000 1.291661
 787.000000 1.290972
 788.000000 1.289384
 789.000000 1.286936
 790.000000 1.283628
 791.000000 1.279447
 792.000000 1.274388
 793.000000 1.268415
 794.000000 1.261617
 795.000000 1.254394
 796.000000 1.247500
 797.000000 1.241746
 798.000000 1.238316
 799.000000 1.238252
 800.000000 1.242254
 801.000000 1.250582
 802.000000 1.262843
 803.000000 1.278133
 804.000000 1.295148
 805.000000 1.312406
 806.000000 1.328532
 807.000000 1.342126
 808.000000 1.351956
 809.000000 1.357218
 810.000000 1.357673
 811.000000 1.353475
 812.000000 1.345061
 813.000000 1.333162
 814.000000 1.318673
 815.000000 1.302275
 816.000000 1.284954
 817.000000 1.267629
 818.000000 1.251155
 819.000000 1.236461
 820.000000 1.224002
 821.000000 1.214509
 822.000000 1.208355
 823.000000 1.205833
 824.000000 1.207200
 825.000000 1.212534
 826.000000 1.221754
 827.000000 1.234258
 828.000000 1.249410
 829.000000 1.266271
 830.000000 1.283949
 831.000000 1.301369
 832.000000 1.317327
 833.000000 1.330992
 834.000000 1.341277
 835.000000 1.347504
 836.000000 1.349322
 837.000000 1.346679
 838.000000 1.339970
 839.000000 1.329753
 840.000000 1.316676
 841.000000 1.301623
 842.000000 1.285519
 843.000000 1.269142
 844.000000 1.253116
 845.000000 1.238132
 846.000000 1.224906
 847.000000 1.214163
 848.000000 1.206407
 849.000000 1.202220
 850.000000 1.202033
 851.000000 1.206322
 852.000000 1.215371
 853.000000 1.228861
 854.000000 1.245889
 855.000000 1.265142
 856.000000 1.285255
 857.000000 1.304798
 858.000000 1.322318
 859.000000 1.336694
 860.000000 1.346822
 861.000000 1.351928
 862.000000 1.351644
 863.000000 1.345989
 864.000000 1.335265
 865.000000 1.320205
 866.000000 1.301986
 867.000000 1.281774
 868.000000 1.261122
 869.000000 1.241549
 870.000000 1.224463
 871.000000 1.211344
 872.000000 1.203060
 873.000000 1.199927
 874.000000 1.201845
 875.000000 1.208213
 876.000000 1.218027
 877.000000 1.230382
 878.000000 1.244103
 879.000000 1.258106
 880.000000 1.271387
 881.000000 1.283090
 882.000000 1.292640
 883.000000 1.299593
 884.000000 1.303586
 885.000000 1.304533
 886.000000 1.302332
 887.000000 1.297041
 888.000000 1.288902
 889.000000 1.278360
 890.000000 1.266332
 891.000000 1.253908
 892.000000 1.242118
 893.000000 1.232218
 894.000000 1.225247
 895.000000 1.221938
 896.000000 1.222534
 897.000000 1.226753
 898.000000 1.233821
 899.000000 1.242554
 900.000000 1.251524
 901.000000 1.259526
 902.000000 1.265683
 903.000000 1.269709
 904.000000 1.271783
 905.000000 1.272346
 906.000000 1.271855
 907.000000 1.270699
 908.000000 1.269149
 909.000000 1.267324
 910.000000 1.265181
 911.000000 1.262487
 912.000000 1.258849
 913.000000 1.253940
 914.000000 1.247680
 915.000000 1.240505
 916.000000 1.233458
 917.000000 1.227814
 918.000000 1.224895
 919.000000 1.225693
 920.000000 1.230576
 921.000000 1.239352
 922.000000 1.251159
 923.000000 1.264834
 924.000000 1.278963
 925.000000 1.292087
 926.000000 1.302968
 927.000000 1.310556
 928.000000 1.314296
 929.000000 1.313875
 930.000000 1.309362
 931.000000 1.301111
 932.000000 1.289853
 933.000000 1.276369
 934.000000 1.261595
 935.000000 1.246554
 936.000000 1.232775
 937.000000 1.221506
 938.000000 1.213811
 939.000000 1.210367
 940.000000 1.211326
 941.000000 1.216229
 942.000000 1.224230
 943.000000 1.234387
 944.000000 1.245667
 945.000000 1.257333
 946.000000 1.268882
 947.000000 1.279847
 948.000000 1.289859
 949.000000 1.298620
 950.000000 1.306128
 951.000000 1.312180
 952.000000 1.316642
 953.000000 1.319267
 954.000000 1.319803
 955.000000 1.317885
 956.000000 1.313316
 957.000000 1.306357
 958.000000 1.297817
 959.000000 1.288849
 960.000000 1.280789
 961.000000 1.274692
 962.000000 1.271418
 963.000000 1.271281
 964.000000 1.274113
 965.000000 1.279251
 966.000000 1.285799
 967.000000 1.292631
 968.000000 1.298824
 969.000000 1.303787
 970.000000 1.307494
 971.000000 1.310465
 972.000000 1.313599
 973.000000 1.317920
 974.000000 1.324303
 975.000000 1.333334
 976.000000 1.345223
 977.000000 1.359527
 978.000000 1.375575
 979.000000 1.392290
 980.000000 1.408382
 981.000000 1.422531
 982.000000 1.433471
 983.000000 1.440352
 984.000000 1.442936
 985.000000 1.441515
 986.000000 1.436911
 987.000000 1.430244
 988.000000 1.422699
 989.000000 1.415248
 990.000000 1.408550
 991.000000 1.402945
 992.000000 1.398423
 993.000000 1.394698
 994.000000 1.391046
 995.000000 1.386625
 996.000000 1.380584
 997.000000 1.372264
 998.000000 1.361592
 999.000000 1.348937
 1000.000000 1.334985
 1001.000000 1.321349
 1002.000000 1.309456
 1003.000000 1.300299
 1004.000000 1.294914
 1005.000000 1.293818
 1006.000000 1.297119
 1007.000000 1.304335
 1008.000000 1.314515
 1009.000000 1.326413
 1010.000000 1.338593
 1011.000000 1.349882
 1012.000000 1.359395
 1013.000000 1.366884
 1014.000000 1.372381
 1015.000000 1.376293
 1016.000000 1.379085
 1017.000000 1.381275
 1018.000000 1.383244
 1019.000000 1.385161
 1020.000000 1.387008
 1021.000000 1.388602
 1022.000000 1.389574
 1023.000000 1.389389
 1024.000000 1.387432
 1025.000000 1.383139
 1026.000000 1.376188
 1027.000000 1.366573
 1028.000000 1.354795
 1029.000000 1.341663
 1030.000000 1.328430
 1031.000000 1.316301
 1032.000000 1.306555
 1033.000000 1.300065
 1034.000000 1.297435
 1035.000000 1.298815
 1036.000000 1.303900
 1037.000000 1.311863
 1038.000000 1.321694
 1039.000000 1.332360
 1040.000000 1.343018
 1041.000000 1.352891
 1042.000000 1.361613
 1043.000000 1.369065
 1044.000000 1.375567
 1045.000000 1.381724
 1046.000000 1.388454
 1047.000000 1.396657
 1048.000000 1.407033
 1049.000000 1.419869
 1050.000000 1.434880
 1051.000000 1.451470
 1052.000000 1.468269
 1053.000000 1.483981
 1054.000000 1.496868
 1055.000000 1.505702
 1056.000000 1.509731
 1057.000000 1.508980
 1058.000000 1.504206
 1059.000000 1.496717
 1060.000000 1.488002
 1061.000000 1.479465
 1062.000000 1.472173
 1063.000000 1.466632
 1064.000000 1.462786
 1065.000000 1.460135
 1066.000000 1.457746
 1067.000000 1.454544
 1068.000000 1.449549
 1069.000000 1.442032
 1070.000000 1.431703
 1071.000000 1.418720
 1072.000000 1.403815
 1073.000000 1.387985
 1074.000000 1.372295
 1075.000000 1.357794
 1076.000000 1.345694
 1077.000000 1.336910
 1078.000000 1.331943
 1079.000000 1.330969
 1080.000000 1.333707
 1081.000000 1.339418
 1082.000000 1.347212
 1083.000000 1.356075
 1084.000000 1.365031
 1085.000000 1.373372
 1086.000000 1.380898
 1087.000000 1.387872
 1088.000000 1.394937
 1089.000000 1.402967
 1090.000000 1.412648
 1091.000000 1.424332
 1092.000000 1.437958
 1093.000000 1.453113
 1094.000000 1.468869
 1095.000000 1.484110
 1096.000000 1.497259
 1097.000000 1.507260
 1098.000000 1.513489
 1099.000000 1.515865
 1100.000000 1.514807
 1101.000000 1.511225
 1102.000000 1.506192
 1103.000000 1.500623
 1104.000000 1.495265
 1105.000000 1.490532
 1106.000000 1.486379
 1107.000000 1.482386
 1108.000000 1.477848
 1109.000000 1.471865
 1110.000000 1.463447
 1111.000000 1.451874
 1112.000000 1.436564
 1113.000000 1.417719
 1114.000000 1.396258
 1115.000000 1.373604
 1116.000000 1.351456
 1117.000000 1.331607
 1118.000000 1.315938
 1119.000000 1.306016
 1120.000000 1.302826
 1121.000000 1.306632
 1122.000000 1.316921
 1123.000000 1.332730
 1124.000000 1.352380
 1125.000000 1.374018
 1126.000000 1.396124
 1127.000000 1.417189
 1128.000000 1.436196
 1129.000000 1.452593
 1130.000000 1.466490
 1131.000000 1.478580
 1132.000000 1.489659
 1133.000000 1.500485
 1134.000000 1.511755
 1135.000000 1.523639
 1136.000000 1.535988
 1137.000000 1.548648
 1138.000000 1.560702
 1139.000000 1.570800
 1140.000000 1.577666
 1141.000000 1.580196
 1142.000000 1.577727
 1143.000000 1.570189
 1144.000000 1.558052
 1145.000000 1.542361
 1146.000000 1.524661
 1147.000000 1.506372
 1148.000000 1.488598
 1149.000000 1.472225
 1150.000000 1.457937
 1151.000000 1.445696
 1152.000000 1.435203
 1153.000000 1.425862
 1154.000000 1.416867
 1155.000000 1.407449
 1156.000000 1.397040
 1157.000000 1.385575
 1158.000000 1.373079
 1159.000000 1.360327
 1160.000000 1.348360
 1161.000000 1.338508
 1162.000000 1.331764
 1163.000000 1.328840
 1164.000000 1.330149
 1165.000000 1.335586
 1166.000000 1.344582
 1167.000000 1.356159
 1168.000000 1.369085
 1169.000000 1.381907
 1170.000000 1.393555
 1171.000000 1.403003
 1172.000000 1.409797
 1173.000000 1.413871
 1174.000000 1.415557
 1175.000000 1.415554
 1176.000000 1.414706
 1177.000000 1.413899
 1178.000000 1.413888
 1179.000000 1.415198
 1180.000000 1.418060
 1181.000000 1.422363
 1182.000000 1.427636
 1183.000000 1.433073
 1184.000000 1.437668
 1185.000000 1.440349
 1186.000000 1.440377
 1187.000000 1.437513
 1188.000000 1.432070
 1189.000000 1.424729
 1190.000000 1.416483
 1191.000000 1.408460
 1192.000000 1.401620
 1193.000000 1.396713
 1194.000000 1.394085
 1195.000000 1.393735
 1196.000000 1.395410
 1197.000000 1.398562
 1198.000000 1.402442
 1199.000000 1.406168
 1200.000000 1.408952
 1201.000000 1.410191
 1202.000000 1.409585
 1203.000000 1.407243
 1204.000000 1.403698
 1205.000000 1.399787
 1206.000000 1.396471
 1207.000000 1.394537
 1208.000000 1.394536
 1209.000000 1.396734
 1210.000000 1.401079
 1211.000000 1.407280
 1212.000000 1.414655
 1213.000000 1.422404
 1214.000000 1.429493
 1215.000000 1.434944
 1216.000000 1.438011
 1217.000000 1.438313
 1218.000000 1.435880
 1219.000000 1.431185
 1220.000000 1.425122
 1221.000000 1.418721
 1222.000000 1.412917
 1223.000000 1.408597
 1224.000000 1.406153
 1225.000000 1.405620
 1226.000000 1.406628
 1227.000000 1.408439
 1228.000000 1.410098
 1229.000000 1.410604
 1230.000000 1.409096
 1231.000000 1.405025
 1232.000000 1.398239
 1233.000000 1.389062
 1234.000000 1.378349
 1235.000000 1.367236
 1236.000000 1.356716
 1237.000000 1.348053
 1238.000000 1.342148
 1239.000000 1.339638
 1240.000000 1.340760
 1241.000000 1.345300
 1242.000000 1.352651
 1243.000000 1.361852
 1244.000000 1.371665
 1245.000000 1.381037
 1246.000000 1.389210
 1247.000000 1.395764
 1248.000000 1.400843
 1249.000000 1.405090
 1250.000000 1.409373
 1251.000000 1.414733
 1252.000000 1.422021
 1253.000000 1.431770
 1254.000000 1.444240
 1255.000000 1.459118
 1256.000000 1.475914
 1257.000000 1.493434
 1258.000000 1.510357
 1259.000000 1.525633
 1260.000000 1.537782
 1261.000000 1.545745
 1262.000000 1.549020
 1263.000000 1.547576
 1264.000000 1.541931
 1265.000000 1.532982
 1266.000000 1.521945
 1267.000000 1.509826
 1268.000000 1.497676
 1269.000000 1.486269
 1270.000000 1.475977
 1271.000000 1.466872
 1272.000000 1.458762
 1273.000000 1.451151
 1274.000000 1.443306
 1275.000000 1.434487
 1276.000000 1.424267
 1277.000000 1.412509
 1278.000000 1.399442
 1279.000000 1.385940
 1280.000000 1.372903
 1281.000000 1.361574
 1282.000000 1.352928
 1283.000000 1.347786
 1284.000000 1.346683
 1285.000000 1.349826
 1286.000000 1.356965
 1287.000000 1.367362
 1288.000000 1.380140
 1289.000000 1.394146
 1290.000000 1.407977
 1291.000000 1.420428
 1292.000000 1.430682
 1293.000000 1.438339
 1294.000000 1.443434
 1295.000000 1.446297
 1296.000000 1.447443
 1297.000000 1.447544
 1298.000000 1.447239
 1299.000000 1.446990
 1300.000000 1.446980
 1301.000000 1.447041
 1302.000000 1.446662
 1303.000000 1.445048
 1304.000000 1.441290
 1305.000000 1.434546
 1306.000000 1.424338
 1307.000000 1.410722
 1308.000000 1.393978
 1309.000000 1.374854
 1310.000000 1.354831
 1311.000000 1.335595
 1312.000000 1.318342
 1313.000000 1.304330
 1314.000000 1.294606
 1315.000000 1.289522
 1316.000000 1.288764
 1317.000000 1.291650
 1318.000000 1.297237
 1319.000000 1.304449
 1320.000000 1.312254
 1321.000000 1.320084
 1322.000000 1.327794
 1323.000000 1.335402
 1324.000000 1.343104
 1325.000000 1.351088
 1326.000000 1.359657
 1327.000000 1.368939
 1328.000000 1.378839
 1329.000000 1.388929
 1330.000000 1.398731
 1331.000000 1.407651
 1332.000000 1.414980
 1333.000000 1.419811
 1334.000000 1.421389
 1335.000000 1.419101
 1336.000000 1.412544
 1337.000000 1.401653
 1338.000000 1.386719
 1339.000000 1.368467
 1340.000000 1.348047
 1341.000000 1.326694
 1342.000000 1.306091
 1343.000000 1.287535
 1344.000000 1.272400
 1345.000000 1.261753
 1346.000000 1.256209
 1347.000000 1.255836
 1348.000000 1.259987
 1349.000000 1.267513
 1350.000000 1.277063
 1351.000000 1.287397
 1352.000000 1.297690
 1353.000000 1.307514
 1354.000000 1.316813
 1355.000000 1.325989
 1356.000000 1.335450
 1357.000000 1.345822
 1358.000000 1.357587
 1359.000000 1.370831
 1360.000000 1.385302
 1361.000000 1.400153
 1362.000000 1.414390
 1363.000000 1.426697
 1364.000000 1.436162
 1365.000000 1.441766
 1366.000000 1.442927
 1367.000000 1.439583
 1368.000000 1.432083
 1369.000000 1.420976
 1370.000000 1.407092
 1371.000000 1.391139
 1372.000000 1.373748
 1373.000000 1.355557
 1374.000000 1.337396
 1375.000000 1.319952
 1376.000000 1.303727
 1377.000000 1.288999
 1378.000000 1.276147
 1379.000000 1.265455
 1380.000000 1.257472
 1381.000000 1.252718
 1382.000000 1.251755
 1383.000000 1.255132
 1384.000000 1.263165
 1385.000000 1.275801
 1386.000000 1.292682
 1387.000000 1.312888
 1388.000000 1.335107
 1389.000000 1.357982
 1390.000000 1.380577
 1391.000000 1.401416
 1392.000000 1.419873
 1393.000000 1.435056
 1394.000000 1.446365
 1395.000000 1.453714
 1396.000000 1.457350
 1397.000000 1.457765
 1398.000000 1.455636
 1399.000000 1.451674
 1400.000000 1.446495
 1401.000000 1.440634
 1402.000000 1.434362
 1403.000000 1.427640
 1404.000000 1.420207
 1405.000000 1.411712
 1406.000000 1.401576
 1407.000000 1.389428
 1408.000000 1.374990
 1409.000000 1.358391
 1410.000000 1.339938
 1411.000000 1.320305
 1412.000000 1.300739
 1413.000000 1.282420
 1414.000000 1.266735
 1415.000000 1.255073
 1416.000000 1.248364
 1417.000000 1.247136
 1418.000000 1.251330
 1419.000000 1.260258
 1420.000000 1.272690
 1421.000000 1.287238
 1422.000000 1.302472
 1423.000000 1.316974
 1424.000000 1.329409
 1425.000000 1.338931
 1426.000000 1.345308
 1427.000000 1.348777
 1428.000000 1.349901
 1429.000000 1.349529
 1430.000000 1.348566
 1431.000000 1.347858
 1432.000000 1.348024
 1433.000000 1.349358
 1434.000000 1.351776
 1435.000000 1.354794
 1436.000000 1.357699
 1437.000000 1.359630
 1438.000000 1.359752
 1439.000000 1.357449
 1440.000000 1.352482
 1441.000000 1.344989
 1442.000000 1.335568
 1443.000000 1.325207
 1444.000000 1.314889
 1445.000000 1.305826
 1446.000000 1.299004
 1447.000000 1.295022
 1448.000000 1.294090
 1449.000000 1.295927
 1450.000000 1.299868
 1451.000000 1.304950
 1452.000000 1.310094
 1453.000000 1.314472
 1454.000000 1.317548
 1455.000000 1.319148
 1456.000000 1.319503
 1457.000000 1.319072
 1458.000000 1.318305
 1459.000000 1.317516
 1460.000000 1.316812
 1461.000000 1.316113
 1462.000000 1.315237
 1463.000000 1.313947
 1464.000000 1.312011
 1465.000000 1.309231
 1466.000000 1.305430
 1467.000000 1.300606
 1468.000000 1.294858
 1469.000000 1.288536
 1470.000000 1.282334
 1471.000000 1.277042
 1472.000000 1.273606
 1473.000000 1.272852
 1474.000000 1.275241
 1475.000000 1.280805
 1476.000000 1.289152
 1477.000000 1.299365
 1478.000000 1.310447
 1479.000000 1.321222
 1480.000000 1.330472
 1481.000000 1.337538
 1482.000000 1.341853
 1483.000000 1.343367
 1484.000000 1.342312
 1485.000000 1.339194
 1486.000000 1.334701
 1487.000000 1.329577
 1488.000000 1.324457
 1489.000000 1.319916
 1490.000000 1.316294
 1491.000000 1.313726
 1492.000000 1.312080
 1493.000000 1.310964
 1494.000000 1.309775
 1495.000000 1.307810
 1496.000000 1.304392
 1497.000000 1.299031
 1498.000000 1.291534
 1499.000000 1.282190
 1500.000000 1.271664
 1501.000000 1.260849
 1502.000000 1.251033
 1503.000000 1.243536
 1504.000000 1.239291
 1505.000000 1.238864
 1506.000000 1.242332
 1507.000000 1.249287
 1508.000000 1.258994
 1509.000000 1.270419
 1510.000000 1.282220
 1511.000000 1.293204
 1512.000000 1.302307
 1513.000000 1.308604
 1514.000000 1.311541
 1515.000000 1.310942
 1516.000000 1.307018
 1517.000000 1.300377
 1518.000000 1.292043
 1519.000000 1.282999
 1520.000000 1.274400
 1521.000000 1.267407
 1522.000000 1.262920
 1523.000000 1.261533
 1524.000000 1.263329
 1525.000000 1.267877
 1526.000000 1.274251
 1527.000000 1.281268
 1528.000000 1.287817
 1529.000000 1.293158
 1530.000000 1.296736
 1531.000000 1.298532
 1532.000000 1.298879
 1533.000000 1.298325
 1534.000000 1.297496
 1535.000000 1.296944
 1536.000000 1.297046
 1537.000000 1.297948
 1538.000000 1.299537
 1539.000000 1.301442
 1540.000000 1.303126
 1541.000000 1.304037
 1542.000000 1.303811
 1543.000000 1.302393
 1544.000000 1.300060
 1545.000000 1.297321
 1546.000000 1.294732
 1547.000000 1.292853
 1548.000000 1.292100
 1549.000000 1.292685
 1550.000000 1.294644
 1551.000000 1.297901
 1552.000000 1.302219
 1553.000000 1.307305
 1554.000000 1.312707
 1555.000000 1.317997
 1556.000000 1.322691
 1557.000000 1.326283
 1558.000000 1.328403
 1559.000000 1.328831
 1560.000000 1.327540
 1561.000000 1.324691
 1562.000000 1.320540
 1563.000000 1.315524
 1564.000000 1.310017
 1565.000000 1.304441
 1566.000000 1.299131
 1567.000000 1.294402
 1568.000000 1.290463
 1569.000000 1.287536
 1570.000000 1.285726
 1571.000000 1.285101
 1572.000000 1.285766
 1573.000000 1.287819
 1574.000000 1.291410
 1575.000000 1.296634
 1576.000000 1.303635
 1577.000000 1.312406
 1578.000000 1.322784
 1579.000000 1.334628
 1580.000000 1.347488
 1581.000000 1.361037
 1582.000000 1.374580
 1583.000000 1.387489
 1584.000000 1.399079
 1585.000000 1.408619
 1586.000000 1.415586
 1587.000000 1.419574
 1588.000000 1.420391
 1589.000000 1.418153
 1590.000000 1.413157
 1591.000000 1.405853
 1592.000000 1.396851
 1593.000000 1.386769
 1594.000000 1.376128
 1595.000000 1.365348
 1596.000000 1.354728
 1597.000000 1.344538
 1598.000000 1.335013
 1599.000000 1.326238
 1600.000000 1.318347
 1601.000000 1.311452
 1602.000000 1.305706
 1603.000000 1.301255
 1604.000000 1.298356
 1605.000000 1.297190
 1606.000000 1.297854
 1607.000000 1.300242
 1608.000000 1.304082
 1609.000000 1.309086
 1610.000000 1.315045
 1611.000000 1.321690
 1612.000000 1.328616
 1613.000000 1.335355
 1614.000000 1.341454
 1615.000000 1.346325
 1616.000000 1.349535
 1617.000000 1.350643
 1618.000000 1.349298
 1619.000000 1.345328
 1620.000000 1.338709
 1621.000000 1.329671
 1622.000000 1.318670
 1623.000000 1.306473
 1624.000000 1.293844
 1625.000000 1.281997
 1626.000000 1.271968
 1627.000000 1.264844
 1628.000000 1.261447
 1629.000000 1.262310
 1630.000000 1.267535
 1631.000000 1.276743
 1632.000000 1.289215
 1633.000000 1.304020
 1634.000000 1.320185
 1635.000000 1.336734
 1636.000000 1.352934
 1637.000000 1.368305
 1638.000000 1.382593
 1639.000000 1.395658
 1640.000000 1.407532
 1641.000000 1.418330
 1642.000000 1.428020
 1643.000000 1.436595
 1644.000000 1.444092
 1645.000000 1.450511
 1646.000000 1.455780
 1647.000000 1.459839
 1648.000000 1.462648
 1649.000000 1.464189
 1650.000000 1.464455
 1651.000000 1.463431
 1652.000000 1.461083
 1653.000000 1.457396
 1654.000000 1.452314
 1655.000000 1.445790
 1656.000000 1.437733
 1657.000000 1.428013
 1658.000000 1.416623
 1659.000000 1.403945
 1660.000000 1.390624
 1661.000000 1.377618
 1662.000000 1.366055
 1663.000000 1.356804
 1664.000000 1.350594
 1665.000000 1.347882
 1666.000000 1.348724
 1667.000000 1.352815
 1668.000000 1.359614
 1669.000000 1.368388
 1670.000000 1.378480
 1671.000000 1.389336
 1672.000000 1.400545
 1673.000000 1.411786
 1674.000000 1.423057
 1675.000000 1.434415
 1676.000000 1.446065
 1677.000000 1.458239
 1678.000000 1.470885
 1679.000000 1.483885
 1680.000000 1.496943
 1681.000000 1.509552
 1682.000000 1.521148
 1683.000000 1.530977
 1684.000000 1.538530
 1685.000000 1.543486
 1686.000000 1.545594
 1687.000000 1.544882
 1688.000000 1.541640
 1689.000000 1.536343
 1690.000000 1.529636
 1691.000000 1.521920
 1692.000000 1.513443
 1693.000000 1.504148
 1694.000000 1.493695
 1695.000000 1.481683
 1696.000000 1.468014
 1697.000000 1.452734
 1698.000000 1.435976
 1699.000000 1.418153
 1700.000000 1.399854
 1701.000000 1.382115
 1702.000000 1.366089
 1703.000000 1.352796
 1704.000000 1.343050
 1705.000000 1.337085
 1706.000000 1.334786
 1707.000000 1.335651
 1708.000000 1.338972
 1709.000000 1.343979
 1710.000000 1.349976
 1711.000000 1.356306
 1712.000000 1.362596
 1713.000000 1.368547
 1714.000000 1.374110
 1715.000000 1.379342
 1716.000000 1.384314
 1717.000000 1.389162
 1718.000000 1.394013
 1719.000000 1.398908
 1720.000000 1.403811
 1721.000000 1.408738
 1722.000000 1.413651
 1723.000000 1.418507
 1724.000000 1.423260
 1725.000000 1.427784
 1726.000000 1.431884
 1727.000000 1.435249
 1728.000000 1.437605
 1729.000000 1.438799
 1730.000000 1.438849
 1731.000000 1.437996
 1732.000000 1.436654
 1733.000000 1.435347
 1734.000000 1.434603
 1735.000000 1.434870
 1736.000000 1.436457
 1737.000000 1.439417
 1738.000000 1.443557
 1739.000000 1.448398
 1740.000000 1.453200
 1741.000000 1.457182
 1742.000000 1.459778
 1743.000000 1.460649
 1744.000000 1.459899
 1745.000000 1.458028
 1746.000000 1.455816
 1747.000000 1.454105
 1748.000000 1.453652
 1749.000000 1.454971
 1750.000000 1.458279
 1751.000000 1.463555
 1752.000000 1.470264
 1753.000000 1.477851
 1754.000000 1.485706
 1755.000000 1.493009
 1756.000000 1.498964
 1757.000000 1.503042
 1758.000000 1.504880
 1759.000000 1.504429
 1760.000000 1.501873
 1761.000000 1.497619
 1762.000000 1.492186
 1763.000000 1.486146
 1764.000000 1.480022
 1765.000000 1.474415
 1766.000000 1.469555
 1767.000000 1.465316
 1768.000000 1.461211
 1769.000000 1.456719
 1770.000000 1.451199
 1771.000000 1.444056
 1772.000000 1.434942
 1773.000000 1.423816
 1774.000000 1.410958
 1775.000000 1.396877
 1776.000000 1.382356
 1777.000000 1.368516
 1778.000000 1.356212
 1779.000000 1.346051
 1780.000000 1.338635
 1781.000000 1.334291
 1782.000000 1.333032
 1783.000000 1.334518
 1784.000000 1.338200
 1785.000000 1.343390
 1786.000000 1.349407
 1787.000000 1.355684
 1788.000000 1.361902
 1789.000000 1.367947
 1790.000000 1.373991
 1791.000000 1.380358
 1792.000000 1.387372
 1793.000000 1.395351
 1794.000000 1.404730
 1795.000000 1.415697
 1796.000000 1.428089
 1797.000000 1.441500
 1798.000000 1.455679
 1799.000000 1.469926
 1800.000000 1.483274
 1801.000000 1.494781
 1802.000000 1.503767
 1803.000000 1.509661
 1804.000000 1.512291
 1805.000000 1.511685
 1806.000000 1.508124
 1807.000000 1.502026
 1808.000000 1.493951
 1809.000000 1.484430
 1810.000000 1.474050
 1811.000000 1.463197
 1812.000000 1.452256
 1813.000000 1.441422
 1814.000000 1.430701
 1815.000000 1.420013
 1816.000000 1.409053
 1817.000000 1.397673
 1818.000000 1.385633
 1819.000000 1.372984
 1820.000000 1.360001
 1821.000000 1.347015
 1822.000000 1.334455
 1823.000000 1.323006
 1824.000000 1.313361
 1825.000000 1.306341
 1826.000000 1.302796
 1827.000000 1.303279
 1828.000000 1.308020
 1829.000000 1.316945
 1830.000000 1.329537
 1831.000000 1.344922
 1832.000000 1.362354
 1833.000000 1.381144
 1834.000000 1.400507
 1835.000000 1.419769
 1836.000000 1.438615
 1837.000000 1.456810
 1838.000000 1.474403
 1839.000000 1.491150
 1840.000000 1.507042
 1841.000000 1.521820
 1842.000000 1.535092
 1843.000000 1.546254
 1844.000000 1.555001
 1845.000000 1.560715
 1846.000000 1.562946
 1847.000000 1.561389
 1848.000000 1.555956
 1849.000000 1.546912
 1850.000000 1.534797
 1851.000000 1.520334
 1852.000000 1.504339
 1853.000000 1.487633
 1854.000000 1.471002
 1855.000000 1.454951
 1856.000000 1.439834
 1857.000000 1.425629
 1858.000000 1.412032
 1859.000000 1.398924
 1860.000000 1.386014
 1861.000000 1.373116
 1862.000000 1.360320
 1863.000000 1.347834
 1864.000000 1.336150
 1865.000000 1.325964
 1866.000000 1.317988
 1867.000000 1.313069
 1868.000000 1.311848
 1869.000000 1.314809
 1870.000000 1.321961
 1871.000000 1.332856
 1872.000000 1.346732
 1873.000000 1.362704
 1874.000000 1.379615
 1875.000000 1.395961
 1876.000000 1.410824
 1877.000000 1.423451
 1878.000000 1.433051
 1879.000000 1.439014
 1880.000000 1.441153
 1881.000000 1.439556
 1882.000000 1.434546
 1883.000000 1.426597
 1884.000000 1.416395
 1885.000000 1.404558
 1886.000000 1.391872
 1887.000000 1.379061
 1888.000000 1.366757
 1889.000000 1.355346
 1890.000000 1.345493
 1891.000000 1.337544
 1892.000000 1.331622
 1893.000000 1.327813
 1894.000000 1.326322
 1895.000000 1.327351
 1896.000000 1.331086
 1897.000000 1.337644
 1898.000000 1.346866
 1899.000000 1.358407
 1900.000000 1.371971
 1901.000000 1.387250
 1902.000000 1.403746
 1903.000000 1.420884
 1904.000000 1.438033
 1905.000000 1.454341
 1906.000000 1.469349
 1907.000000 1.482571
 1908.000000 1.493774
 1909.000000 1.502934
 1910.000000 1.510250
 1911.000000 1.516129
 1912.000000 1.520916
 1913.000000 1.524819
 1914.000000 1.528011
 1915.000000 1.530361
 1916.000000 1.531521
 1917.000000 1.531054
 1918.000000 1.528598
 1919.000000 1.523965
 1920.000000 1.517271
 1921.000000 1.508883
 1922.000000 1.499314
 1923.000000 1.489250
 1924.000000 1.479235
 1925.000000 1.469794
 1926.000000 1.461057
 1927.000000 1.452990
 1928.000000 1.445435
 1929.000000 1.438036
 1930.000000 1.430511
 1931.000000 1.422640
 1932.000000 1.414348
 1933.000000 1.405586
 1934.000000 1.396637
 1935.000000 1.387823
 1936.000000 1.379477
 1937.000000 1.371831
 1938.000000 1.364916
 1939.000000 1.358714
 1940.000000 1.353107
 1941.000000 1.347897
 1942.000000 1.342992
 1943.000000 1.338420
 1944.000000 1.334339
 1945.000000 1.330982
 1946.000000 1.328686
 1947.000000 1.327802
 1948.000000 1.328629
 1949.000000 1.331336
 1950.000000 1.335905
 1951.000000 1.342203
 1952.000000 1.349889
 1953.000000 1.358339
 1954.000000 1.367021
 1955.000000 1.375461
 1956.000000 1.383129
 1957.000000 1.389750
 1958.000000 1.395189
 1959.000000 1.399531
 1960.000000 1.403004
 1961.000000 1.405963
 1962.000000 1.408753
 1963.000000 1.411752
 1964.000000 1.415299
 1965.000000 1.419568
 1966.000000 1.424703
 1967.000000 1.430751
 1968.000000 1.437714
 1969.000000 1.445382
 1970.000000 1.453333
 1971.000000 1.461132
 1972.000000 1.468211
 1973.000000 1.474281
 1974.000000 1.479144
 1975.000000 1.482849
 1976.000000 1.485715
 1977.000000 1.488140
 1978.000000 1.490562
 1979.000000 1.493373
 1980.000000 1.496823
 1981.000000 1.500976
 1982.000000 1.505700
 1983.000000 1.510678
 1984.000000 1.515313
 1985.000000 1.518952
 1986.000000 1.520943
 1987.000000 1.520833
 1988.000000 1.518479
 1989.000000 1.514066
 1990.000000 1.508099
 1991.000000 1.501169
 1992.000000 1.494043
 1993.000000 1.486971
 1994.000000 1.480015
 1995.000000 1.472868
 1996.000000 1.464933
 1997.000000 1.455583
 1998.000000 1.444508
 1999.000000 1.431893
 2000.000000 1.418350
 2001.000000 1.404702
 2002.000000 1.391863
 2003.000000 1.380858
 2004.000000 1.372678
 2005.000000 1.367982
 2006.000000 1.367035
 2007.000000 1.369794
 2008.000000 1.375889
 2009.000000 1.384657
 2010.000000 1.395228
 2011.000000 1.406748
 2012.000000 1.417980
 2013.000000 1.427979
 2014.000000 1.435905
 2015.000000 1.441443
 2016.000000 1.444563
 2017.000000 1.445572
 2018.000000 1.444962
 2019.000000 1.443299
 2020.000000 1.441188
 2021.000000 1.439118
 2022.000000 1.437457
 2023.000000 1.436423
 2024.000000 1.436109
 2025.000000 1.436478
 2026.000000 1.437387
 2027.000000 1.438591
 2028.000000 1.439817
 2029.000000 1.440770
 2030.000000 1.441182
 2031.000000 1.440884
 2032.000000 1.439821
 2033.000000 1.438075
 2034.000000 1.435893
 2035.000000 1.433614
 2036.000000 1.431632
 2037.000000 1.430355
 2038.000000 1.430099
 2039.000000 1.431000
 2040.000000 1.433027
 2041.000000 1.436030
 2042.000000 1.439767
 2043.000000 1.443879
 2044.000000 1.448104
 2045.000000 1.452173
 2046.000000 1.455884
 2047.000000 1.459117
 2048.000000 1.461754
 2049.000000 1.463789
 2050.000000 1.465264
 2051.000000 1.466260
 2052.000000 1.466860
 2053.000000 1.467060
 2054.000000 1.466793
 2055.000000 1.465942
 2056.000000 1.464420
 2057.000000 1.462292
 2058.000000 1.459782
 2059.000000 1.457216
 2060.000000 1.454981
 2061.000000 1.453475
 2062.000000 1.452937
 2063.000000 1.453382
 2064.000000 1.454534
 2065.000000 1.455798
 2066.000000 1.456364
 2067.000000 1.455376
 2068.000000 1.452159
 2069.000000 1.446402
 2070.000000 1.438252
 2071.000000 1.428301
 2072.000000 1.417718
 2073.000000 1.407526
 2074.000000 1.398459
 2075.000000 1.390788
 2076.000000 1.384549
 2077.000000 1.379449
 2078.000000 1.374955
 2079.000000 1.370514
 2080.000000 1.365581
 2081.000000 1.359802
 2082.000000 1.353087
 2083.000000 1.345653
 2084.000000 1.337980
 2085.000000 1.330740
 2086.000000 1.324721
 2087.000000 1.320650
 2088.000000 1.319050
 2089.000000 1.320162
 2090.000000 1.323874
 2091.000000 1.329939
 2092.000000 1.337861
 2093.000000 1.347115
 2094.000000 1.357134
 2095.000000 1.367527
 2096.000000 1.377847
 2097.000000 1.387432
 2098.000000 1.395851
 2099.000000 1.402707
 2100.000000 1.407648
 2101.000000 1.410513
 2102.000000 1.411274
 2103.000000 1.409973
 2104.000000 1.406720
 2105.000000 1.401717
 2106.000000 1.395219
 2107.000000 1.387314
 2108.000000 1.378209
 2109.000000 1.368096
 2110.000000 1.357317
 2111.000000 1.346154
 2112.000000 1.335048
 2113.000000 1.324672
 2114.000000 1.315687
 2115.000000 1.308821
 2116.000000 1.304431
 2117.000000 1.302771
 2118.000000 1.303860
 2119.000000 1.307554
 2120.000000 1.313560
 2121.000000 1.321599
 2122.000000 1.331478
 2123.000000 1.342752
 2124.000000 1.355088
 2125.000000 1.368246
 2126.000000 1.381813
 2127.000000 1.395631
 2128.000000 1.409516
 2129.000000 1.423209
 2130.000000 1.436751
 2131.000000 1.450040
 2132.000000 1.463026
 2133.000000 1.475832
 2134.000000 1.488563
 2135.000000 1.501061
 2136.000000 1.513208
 2137.000000 1.524688
 2138.000000 1.535080
 2139.000000 1.544038
 2140.000000 1.551400
 2141.000000 1.557190
 2142.000000 1.561555
 2143.000000 1.564659
 2144.000000 1.566696
 2145.000000 1.567758
 2146.000000 1.567789
 2147.000000 1.566568
 2148.000000 1.563713
 2149.000000 1.558828
 2150.000000 1.551535
 2151.000000 1.541671
 2152.000000 1.529256
 2153.000000 1.514671
 2154.000000 1.498190
 2155.000000 1.480445
 2156.000000 1.462241
 2157.000000 1.443932
 2158.000000 1.426398
 2159.000000 1.410290
 2160.000000 1.395954
 2161.000000 1.383682
 2162.000000 1.373616
 2163.000000 1.365718
 2164.000000 1.359983
 2165.000000 1.356197
 2166.000000 1.354083
 2167.000000 1.353311
 2168.000000 1.353593
 2169.000000 1.354716
 2170.000000 1.356583
 2171.000000 1.359271
 2172.000000 1.362918
 2173.000000 1.367801
 2174.000000 1.374156
 2175.000000 1.382200
 2176.000000 1.392052
 2177.000000 1.403731
 2178.000000 1.417029
 2179.000000 1.431603
 2180.000000 1.446576
 2181.000000 1.460950
 2182.000000 1.473796
 2183.000000 1.484118
 2184.000000 1.491247
 2185.000000 1.494925
 2186.000000 1.495159
 2187.000000 1.492413
 2188.000000 1.487520
 2189.000000 1.481451
 2190.000000 1.475114
 2191.000000 1.469082
 2192.000000 1.463905
 2193.000000 1.459707
 2194.000000 1.456334
 2195.000000 1.453426
 2196.000000 1.450543
 2197.000000 1.447224
 2198.000000 1.443205
 2199.000000 1.438362
 2200.000000 1.432817
 2201.000000 1.426996
 2202.000000 1.421445
 2203.000000 1.416788
 2204.000000 1.413453
 2205.000000 1.411672
 2206.000000 1.411345
 2207.000000 1.412048
 2208.000000 1.413140
 2209.000000 1.413989
 2210.000000 1.414191
 2211.000000 1.413734
 2212.000000 1.413047
 2213.000000 1.412911
 2214.000000 1.414312
 2215.000000 1.418242
 2216.000000 1.425385
 2217.000000 1.435899
 2218.000000 1.449543
 2219.000000 1.465538
 2220.000000 1.482710
 2221.000000 1.499376
 2222.000000 1.513883
 2223.000000 1.524901
 2224.000000 1.531830
 2225.000000 1.534628
 2226.000000 1.533881
 2227.000000 1.530713
 2228.000000 1.526348
 2229.000000 1.521894
 2230.000000 1.518100
 2231.000000 1.515263
 2232.000000 1.513321
 2233.000000 1.511833
 2234.000000 1.510196
 2235.000000 1.507788
 2236.000000 1.504154
 2237.000000 1.499153
 2238.000000 1.492986
 2239.000000 1.486123
 2240.000000 1.479159
 2241.000000 1.472831
 2242.000000 1.467497
 2243.000000 1.463282
 2244.000000 1.460107
 2245.000000 1.457616
 2246.000000 1.455376
 2247.000000 1.452959
 2248.000000 1.450099
 2249.000000 1.446765
 2250.000000 1.443290
 2251.000000 1.440211
 2252.000000 1.438154
 2253.000000 1.437751
 2254.000000 1.439432
 2255.000000 1.443356
 2256.000000 1.449329
 2257.000000 1.456824
 2258.000000 1.465054
 2259.000000 1.473176
 2260.000000 1.480294
 2261.000000 1.485832
 2262.000000 1.489448
 2263.000000 1.491100
 2264.000000 1.491019
 2265.000000 1.489650
 2266.000000 1.487475
 2267.000000 1.484946
 2268.000000 1.482377
 2269.000000 1.479883
 2270.000000 1.477368
 2271.000000 1.474636
 2272.000000 1.471401
 2273.000000 1.467402
 2274.000000 1.462433
 2275.000000 1.456426
 2276.000000 1.449543
 2277.000000 1.442026
 2278.000000 1.434374
 2279.000000 1.427172
 2280.000000 1.421165
 2281.000000 1.417168
 2282.000000 1.415864
 2283.000000 1.417615
 2284.000000 1.422566
 2285.000000 1.430486
 2286.000000 1.440928
 2287.000000 1.453153
 2288.000000 1.466230
 2289.000000 1.479097
 2290.000000 1.491078
 2291.000000 1.501286
 2292.000000 1.509197
 2293.000000 1.514728
 2294.000000 1.518068
 2295.000000 1.519695
 2296.000000 1.520272
 2297.000000 1.520547
 2298.000000 1.521196
 2299.000000 1.522694
 2300.000000 1.525225
 2301.000000 1.528622
 2302.000000 1.532438
 2303.000000 1.535845
 2304.000000 1.537919
 2305.000000 1.537735
 2306.000000 1.534647
 2307.000000 1.528410
 2308.000000 1.519452
 2309.000000 1.508534
 2310.000000 1.496909
 2311.000000 1.485729
 2312.000000 1.475989
 2313.000000 1.468428
 2314.000000 1.463186
 2315.000000 1.459975
 2316.000000 1.458145
 2317.000000 1.456717
 2318.000000 1.454668
 2319.000000 1.451136
 2320.000000 1.445705
 2321.000000 1.438523
 2322.000000 1.430191
 2323.000000 1.421602
 2324.000000 1.413847
 2325.000000 1.407660
 2326.000000 1.403430
 2327.000000 1.401219
 2328.000000 1.400709
 2329.000000 1.401254
 2330.000000 1.402018
 2331.000000 1.402135
 2332.000000 1.400858
 2333.000000 1.397728
 2334.000000 1.392692
 2335.000000 1.386224
 2336.000000 1.379306
 2337.000000 1.373066
 2338.000000 1.368623
 2339.000000 1.366838
 2340.000000 1.368135
 2341.000000 1.372461
 2342.000000 1.379323
 2343.000000 1.387821
 2344.000000 1.396853
 2345.000000 1.405046
 2346.000000 1.411073
 2347.000000 1.413820
 2348.000000 1.412670
 2349.000000 1.407494
 2350.000000 1.398699
 2351.000000 1.387105
 2352.000000 1.373801
 2353.000000 1.360016
 2354.000000 1.346772
 2355.000000 1.335081
 2356.000000 1.325592
 2357.000000 1.318674
 2358.000000 1.314239
 2359.000000 1.311892
 2360.000000 1.311046
 2361.000000 1.311007
 2362.000000 1.311152
 2363.000000 1.311071
 2364.000000 1.310645
 2365.000000 1.310036
 2366.000000 1.309603
 2367.000000 1.309763
 2368.000000 1.310900
 2369.000000 1.313236
 2370.000000 1.316794
 2371.000000 1.321370
 2372.000000 1.326533
 2373.000000 1.331666
 2374.000000 1.336013
 2375.000000 1.338871
 2376.000000 1.339756
 2377.000000 1.338444
 2378.000000 1.335096
 2379.000000 1.330235
 2380.000000 1.324586
 2381.000000 1.318938
 2382.000000 1.314078
 2383.000000 1.310598
 2384.000000 1.308779
 2385.000000 1.308647
 2386.000000 1.309995
 2387.000000 1.312452
 2388.000000 1.315633
 2389.000000 1.319217
 2390.000000 1.322927
 2391.000000 1.326665
 2392.000000 1.330463
 2393.000000 1.334583
 2394.000000 1.339243
 2395.000000 1.344606
 2396.000000 1.350759
 2397.000000 1.357584
 2398.000000 1.364958
 2399.000000 1.372488
 2400.000000 1.379757
 2401.000000 1.386298
 2402.000000 1.391645
 2403.000000 1.395502
 2404.000000 1.397675
 2405.000000 1.398117
 2406.000000 1.396954
 2407.000000 1.394452
 2408.000000 1.390959
 2409.000000 1.386901
 2410.000000 1.382784
 2411.000000 1.379116
 2412.000000 1.376393
 2413.000000 1.374939
 2414.000000 1.374939
 2415.000000 1.376399
 2416.000000 1.379174
 2417.000000 1.383047
 2418.000000 1.387707
 2419.000000 1.392828
 2420.000000 1.398074
 2421.000000 1.403325
 2422.000000 1.408585
 2423.000000 1.413963
 2424.000000 1.419714
 2425.000000 1.426092
 2426.000000 1.433245
 2427.000000 1.441375
 2428.000000 1.450486
 2429.000000 1.460295
 2430.000000 1.470564
 2431.000000 1.480750
 2432.000000 1.490481
 2433.000000 1.499047
 2434.000000 1.505757
 2435.000000 1.509794
 2436.000000 1.510468
 2437.000000 1.507328
 2438.000000 1.500164
 2439.000000 1.489138
 2440.000000 1.474759
 2441.000000 1.457732
 2442.000000 1.438945
 2443.000000 1.419042
 2444.000000 1.398771
 2445.000000 1.378848
 2446.000000 1.359722
 2447.000000 1.341967
 2448.000000 1.325902
 2449.000000 1.311763
 2450.000000 1.299865
 2451.000000 1.290733
 2452.000000 1.285100
 2453.000000 1.283523
 2454.000000 1.286526
 2455.000000 1.294391
 2456.000000 1.307068
 2457.000000 1.323957
 2458.000000 1.343897
 2459.000000 1.365758
 2460.000000 1.388484
 2461.000000 1.410786
 2462.000000 1.431617
 2463.000000 1.450325
 2464.000000 1.466717
 2465.000000 1.480621
 2466.000000 1.492140
 2467.000000 1.501606
 2468.000000 1.509511
 2469.000000 1.516269
 2470.000000 1.522034
 2471.000000 1.526733
 2472.000000 1.530147
 2473.000000 1.531913
 2474.000000 1.531570
 2475.000000 1.528664
 2476.000000 1.522846
 2477.000000 1.513937
 2478.000000 1.501982
 2479.000000 1.487448
 2480.000000 1.471100
 2481.000000 1.453466
 2482.000000 1.435494
 2483.000000 1.418039
 2484.000000 1.401656
 2485.000000 1.387066
 2486.000000 1.374986
 2487.000000 1.365801
 2488.000000 1.359738
 2489.000000 1.356690
 2490.000000 1.356354
 2491.000000 1.358191
 2492.000000 1.361534
 2493.000000 1.365691
 2494.000000 1.370054
 2495.000000 1.374194
 2496.000000 1.377950
 2497.000000 1.381379
 2498.000000 1.384686
 2499.000000 1.388146
 2500.000000 1.392022
 2501.000000 1.396492
 2502.000000 1.401606
 2503.000000 1.407277
 2504.000000 1.413319
 2505.000000 1.419429
 2506.000000 1.425105
 2507.000000 1.429840
 2508.000000 1.433261
 2509.000000 1.435115
 2510.000000 1.435423
 2511.000000 1.434440
 2512.000000 1.432618
 2513.000000 1.430501
 2514.000000 1.428630
 2515.000000 1.427358
 2516.000000 1.426773
 2517.000000 1.426666
 2518.000000 1.426564
 2519.000000 1.425838
 2520.000000 1.423849
 2521.000000 1.420106
 2522.000000 1.414430
 2523.000000 1.406980
 2524.000000 1.398189
 2525.000000 1.388774
 2526.000000 1.379560
 2527.000000 1.371433
 2528.000000 1.365094
 2529.000000 1.360839
 2530.000000 1.358719
 2531.000000 1.358538
 2532.000000 1.359849
 2533.000000 1.362074
 2534.000000 1.364626
 2535.000000 1.367102
 2536.000000 1.369323
 2537.000000 1.371375
 2538.000000 1.373559
 2539.000000 1.376271
 2540.000000 1.379851
 2541.000000 1.384473
 2542.000000 1.390148
 2543.000000 1.396519
 2544.000000 1.403211
 2545.000000 1.409647
 2546.000000 1.415204
 2547.000000 1.419320
 2548.000000 1.421567
 2549.000000 1.421741
 2550.000000 1.419796
 2551.000000 1.415970
 2552.000000 1.410635
 2553.000000 1.404288
 2554.000000 1.397375
 2555.000000 1.390294
 2556.000000 1.383352
 2557.000000 1.376812
 2558.000000 1.370607
 2559.000000 1.364651
 2560.000000 1.358701
 2561.000000 1.352420
 2562.000000 1.345538
 2563.000000 1.337864
 2564.000000 1.329736
 2565.000000 1.321697
 2566.000000 1.314350
 2567.000000 1.308474
 2568.000000 1.304728
 2569.000000 1.303744
 2570.000000 1.305895
 2571.000000 1.311267
 2572.000000 1.319648
 2573.000000 1.330635
 2574.000000 1.343570
 2575.000000 1.357555
 2576.000000 1.371885
 2577.000000 1.385653
 2578.000000 1.398150
 2579.000000 1.409009
 2580.000000 1.418137
 2581.000000 1.425693
 2582.000000 1.431977
 2583.000000 1.437474
 2584.000000 1.442781
 2585.000000 1.448344
 2586.000000 1.454365
 2587.000000 1.460703
 2588.000000 1.466996
 2589.000000 1.472728
 2590.000000 1.477171
 2591.000000 1.479717
 2592.000000 1.479981
 2593.000000 1.477873
 2594.000000 1.473616
 2595.000000 1.467656
 2596.000000 1.460666
 2597.000000 1.453312
 2598.000000 1.446224
 2599.000000 1.439986
 2600.000000 1.434941
 2601.000000 1.431144
 2602.000000 1.428360
 2603.000000 1.426128
 2604.000000 1.423939
 2605.000000 1.421296
 2606.000000 1.417812
 2607.000000 1.413373
 2608.000000 1.408028
 2609.000000 1.402166
 2610.000000 1.396166
 2611.000000 1.390547
 2612.000000 1.385727
 2613.000000 1.382237
 2614.000000 1.380380
 2615.000000 1.380317
 2616.000000 1.382009
 2617.000000 1.385266
 2618.000000 1.389844
 2619.000000 1.395393
 2620.000000 1.401619
 2621.000000 1.408330
 2622.000000 1.415474
 2623.000000 1.423041
 2624.000000 1.431111
 2625.000000 1.439866
 2626.000000 1.449312
 2627.000000 1.459329
 2628.000000 1.469645
 2629.000000 1.479649
 2630.000000 1.488685
 2631.000000 1.496150
 2632.000000 1.501451
 2633.000000 1.504033
 2634.000000 1.503645
 2635.000000 1.500226
 2636.000000 1.493999
 2637.000000 1.485465
 2638.000000 1.475204
 2639.000000 1.463746
 2640.000000 1.451782
 2641.000000 1.440200
 2642.000000 1.429213
 2643.000000 1.419210
 2644.000000 1.410423
 2645.000000 1.402830
 2646.000000 1.396174
 2647.000000 1.390086
 2648.000000 1.384308
 2649.000000 1.378741
 2650.000000 1.373434
 2651.000000 1.368759
 2652.000000 1.365273
 2653.000000 1.363642
 2654.000000 1.364436
 2655.000000 1.367995
 2656.000000 1.374315
 2657.000000 1.383168
 2658.000000 1.394108
 2659.000000 1.406845
 2660.000000 1.421050
 2661.000000 1.436434
 2662.000000 1.452825
 2663.000000 1.470211
 2664.000000 1.488071
 2665.000000 1.506245
 2666.000000 1.524070
 2667.000000 1.540667
 2668.000000 1.555193
 2669.000000 1.566659
 2670.000000 1.574413
 2671.000000 1.577985
 2672.000000 1.577380
 2673.000000 1.573019
 2674.000000 1.565641
 2675.000000 1.556193
 2676.000000 1.545765
 2677.000000 1.535260
 2678.000000 1.525120
 2679.000000 1.515787
 2680.000000 1.507405
 2681.000000 1.499730
 2682.000000 1.492417
 2683.000000 1.484938
 2684.000000 1.476752
 2685.000000 1.467463
 2686.000000 1.457106
 2687.000000 1.446049
 2688.000000 1.434830
 2689.000000 1.424044
 2690.000000 1.414636
 2691.000000 1.407508
 2692.000000 1.403309
 2693.000000 1.402390
 2694.000000 1.404882
 2695.000000 1.410589
 2696.000000 1.419079
 2697.000000 1.429683
 2698.000000 1.441337
 2699.000000 1.453199
 2700.000000 1.464309
 2701.000000 1.473896
 2702.000000 1.481505
 2703.000000 1.487046
 2704.000000 1.490702
 2705.000000 1.492961
 2706.000000 1.494313
 2707.000000 1.495244
 2708.000000 1.496118
 2709.000000 1.497129
 2710.000000 1.498262
 2711.000000 1.499289
 2712.000000 1.499808
 2713.000000 1.499288
 2714.000000 1.497206
 2715.000000 1.493142
 2716.000000 1.486824
 2717.000000 1.478361
 2718.000000 1.468033
 2719.000000 1.456393
 2720.000000 1.444273
 2721.000000 1.432513
 2722.000000 1.421805
 2723.000000 1.413123
 2724.000000 1.406882
 2725.000000 1.403051
 2726.000000 1.401453
 2727.000000 1.401792
 2728.000000 1.403832
 2729.000000 1.407511
 2730.000000 1.412861
 2731.000000 1.419934
 2732.000000 1.428606
 2733.000000 1.438421
 2734.000000 1.448793
 2735.000000 1.459092
 2736.000000 1.468652
 2737.000000 1.476887
 2738.000000 1.483348
 2739.000000 1.487748
 2740.000000 1.490121
 2741.000000 1.490599
 2742.000000 1.489510
 2743.000000 1.487237
 2744.000000 1.484244
 2745.000000 1.480883
 2746.000000 1.477351
 2747.000000 1.473798
 2748.000000 1.470214
 2749.000000 1.466483
 2750.000000 1.462376
 2751.000000 1.457600
 2752.000000 1.451766
 2753.000000 1.444665
 2754.000000 1.436109
 2755.000000 1.426283
 2756.000000 1.415320
 2757.000000 1.403718
 2758.000000 1.392050
 2759.000000 1.380910
 2760.000000 1.370778
 2761.000000 1.362163
 2762.000000 1.355642
 2763.000000 1.351647
 2764.000000 1.350318
 2765.000000 1.351743
 2766.000000 1.355910
 2767.000000 1.362799
 2768.000000 1.372269
 2769.000000 1.384140
 2770.000000 1.398169
 2771.000000 1.413910
 2772.000000 1.431125
 2773.000000 1.448953
 2774.000000 1.467062
 2775.000000 1.484755
 2776.000000 1.501637
 2777.000000 1.517061
 2778.000000 1.530302
 2779.000000 1.541109
 2780.000000 1.549005
 2781.000000 1.553690
 2782.000000 1.555171
 2783.000000 1.553747
 2784.000000 1.549929
 2785.000000 1.544404
 2786.000000 1.537825
 2787.000000 1.530742
 2788.000000 1.523401
 2789.000000 1.515813
 2790.000000 1.507967
 2791.000000 1.499633
 2792.000000 1.490519
 2793.000000 1.480257
 2794.000000 1.468608
 2795.000000 1.455644
 2796.000000 1.441384
 2797.000000 1.426010
 2798.000000 1.409864
 2799.000000 1.393645
 2800.000000 1.377865
 2801.000000 1.363299
 2802.000000 1.350594
 2803.000000 1.340484
 2804.000000 1.333465
 2805.000000 1.330030
 2806.000000 1.330293
 2807.000000 1.334023
 2808.000000 1.340644
 2809.000000 1.349446
