#! FIELDS time d
 0.000000 1.255465
 1.000000 1.250999
 2.000000 1.245161
 3.000000 1.238490
 4.000000 1.231593
 5.000000 1.225113
 6.000000 1.219808
 7.000000 1.216275
 8.000000 1.214979
 9.000000 1.216142
 10.000000 1.219721
 11.000000 1.225370
 12.000000 1.232578
 13.000000 1.240571
 14.000000 1.248586
 15.000000 1.255855
 16.000000 1.261726
 17.000000 1.265723
 18.000000 1.267457
 19.000000 1.266770
 20.000000 1.263659
 21.000000 1.258307
 22.000000 1.250979
 23.000000 1.242266
 24.000000 1.232877
 25.000000 1.223614
 26.000000 1.215457
 27.000000 1.209260
 28.000000 1.205744
 29.000000 1.205245
 30.000000 1.207824
 31.000000 1.213226
 32.000000 1.220867
 33.000000 1.229917
 34.000000 1.239832
 35.000000 1.249677
 36.000000 1.258719
 37.000000 1.266278
 38.000000 1.271996
 39.000000 1.275500
 40.000000 1.276602
 41.000000 1.275304
 42.000000 1.271745
 43.000000 1.266187
 44.000000 1.259014
 45.000000 1.250678
 46.000000 1.241880
 47.000000 1.233338
 48.000000 1.225803
 49.000000 1.219921
 50.000000 1.216241
 51.000000 1.215107
 52.000000 1.216588
 53.000000 1.220419
 54.000000 1.226062
 55.000000 1.232703
 56.000000 1.239229
 57.000000 1.244766
 58.000000 1.248560
 59.000000 1.250113
 60.000000 1.249321
 61.000000 1.246327
 62.000000 1.241587
 63.000000 1.235793
 64.000000 1.229807
 65.000000 1.224501
 66.000000 1.220801
 67.000000 1.219473
 68.000000 1.220938
 69.000000 1.225181
 70.000000 1.231845
 71.000000 1.240299
 72.000000 1.249680
 73.000000 1.258925
 74.000000 1.266963
 75.000000 1.272786
 76.000000 1.275631
 77.000000 1.275078
 78.000000 1.271215
 79.000000 1.264599
 80.000000 1.256023
 81.000000 1.246630
 82.000000 1.237487
 83.000000 1.229649
 84.000000 1.223973
 85.000000 1.221010
 86.000000 1.221067
 87.000000 1.224036
 88.000000 1.229533
 89.000000 1.236872
 90.000000 1.245127
 91.000000 1.253416
 92.000000 1.261042
 93.000000 1.267244
 94.000000 1.271581
 95.000000 1.273805
 96.000000 1.273844
 97.000000 1.271816
 98.000000 1.268059
 99.000000 1.263186
 100.000000 1.257883
 101.000000 1.252824
 102.000000 1.248537
 103.000000 1.245329
 104.000000 1.243419
 105.000000 1.242889
 106.000000 1.243607
 107.000000 1.245322
 108.000000 1.247700
 109.000000 1.250315
 110.000000 1.252765
 111.000000 1.254768
 112.000000 1.256145
 113.000000 1.256866
 114.000000 1.257017
 115.000000 1.256784
 116.000000 1.256399
 117.000000 1.256080
 118.000000 1.255986
 119.000000 1.256186
 120.000000 1.256658
 121.000000 1.257284
 122.000000 1.257863
 123.000000 1.258181
 124.000000 1.258051
 125.000000 1.257338
 126.000000 1.255999
 127.000000 1.254084
 128.000000 1.251700
 129.000000 1.249061
 130.000000 1.246433
 131.000000 1.244039
 132.000000 1.242128
 133.000000 1.240840
 134.000000 1.240269
 135.000000 1.240429
 136.000000 1.241254
 137.000000 1.242633
 138.000000 1.244433
 139.000000 1.246487
 140.000000 1.248670
 141.000000 1.250791
 142.000000 1.252721
 143.000000 1.254320
 144.000000 1.255495
 145.000000 1.256181
 146.000000 1.256350
 147.000000 1.256037
 148.000000 1.255318
 149.000000 1.254321
 150.000000 1.253174
 151.000000 1.252018
 152.000000 1.251017
 153.000000 1.250317
 154.000000 1.250047
 155.000000 1.250274
 156.000000 1.251002
 157.000000 1.252178
 158.000000 1.253671
 159.000000 1.255261
 160.000000 1.256701
 161.000000 1.257734
 162.000000 1.258115
 163.000000 1.257679
 164.000000 1.256315
 165.000000 1.254014
 166.000000 1.250880
 167.000000 1.247133
 168.000000 1.243031
 169.000000 1.238878
 170.000000 1.235015
 171.000000 1.231740
 172.000000 1.229246
 173.000000 1.227698
 174.000000 1.227192
 175.000000 1.227776
 176.000000 1.229424
 177.000000 1.232044
 178.000000 1.235520
 179.000000 1.239724
 180.000000 1.244433
 181.000000 1.249505
 182.000000 1.254673
 183.000000 1.259626
 184.000000 1.264126
 185.000000 1.268000
 186.000000 1.271101
 187.000000 1.273198
 188.000000 1.274198
 189.000000 1.274049
 190.000000 1.272777
 191.000000 1.270446
 192.000000 1.267195
 193.000000 1.263247
 194.000000 1.258863
 195.000000 1.254388
 196.000000 1.250145
 197.000000 1.246532
 198.000000 1.243872
 199.000000 1.242403
 200.000000 1.242250
 201.000000 1.243438
 202.000000 1.245855
 203.000000 1.249306
 204.000000 1.253427
 205.000000 1.257952
 206.000000 1.262440
 207.000000 1.266486
 208.000000 1.269698
 209.000000 1.271713
 210.000000 1.272324
 211.000000 1.271425
 212.000000 1.269069
 213.000000 1.265463
 214.000000 1.261040
 215.000000 1.256188
 216.000000 1.251355
 217.000000 1.247011
 218.000000 1.243519
 219.000000 1.241174
 220.000000 1.240149
 221.000000 1.240310
 222.000000 1.241298
 223.000000 1.242769
 224.000000 1.244417
 225.000000 1.246023
 226.000000 1.247449
 227.000000 1.248566
 228.000000 1.249264
 229.000000 1.249441
 230.000000 1.249096
 231.000000 1.248361
 232.000000 1.247517
 233.000000 1.246940
 234.000000 1.247014
 235.000000 1.248045
 236.000000 1.250165
 237.000000 1.253390
 238.000000 1.257526
 239.000000 1.262143
 240.000000 1.266712
 241.000000 1.270647
 242.000000 1.273436
 243.000000 1.274757
 244.000000 1.274434
 245.000000 1.272507
 246.000000 1.269176
 247.000000 1.264685
 248.000000 1.259208
 249.000000 1.252824
 250.000000 1.245800
 251.000000 1.238450
 252.000000 1.231132
 253.000000 1.224203
 254.000000 1.218052
 255.000000 1.213162
 256.000000 1.210113
 257.000000 1.209465
 258.000000 1.211697
 259.000000 1.217023
 260.000000 1.225329
 261.000000 1.235917
 262.000000 1.247783
 263.000000 1.259907
 264.000000 1.271303
 265.000000 1.281180
 266.000000 1.288863
 267.000000 1.293840
 268.000000 1.295648
 269.000000 1.294052
 270.000000 1.289069
 271.000000 1.280951
 272.000000 1.270199
 273.000000 1.257419
 274.000000 1.243526
 275.000000 1.229333
 276.000000 1.215760
 277.000000 1.204165
 278.000000 1.195995
 279.000000 1.192462
 280.000000 1.194195
 281.000000 1.201029
 282.000000 1.212200
 283.000000 1.226486
 284.000000 1.242485
 285.000000 1.258726
 286.000000 1.274129
 287.000000 1.287820
 288.000000 1.299011
 289.000000 1.307115
 290.000000 1.311539
 291.000000 1.311900
 292.000000 1.308046
 293.000000 1.300112
 294.000000 1.288545
 295.000000 1.273971
 296.000000 1.257266
 297.000000 1.239519
 298.000000 1.221867
 299.000000 1.206093
 300.000000 1.193642
 301.000000 1.186031
 302.000000 1.184223
 303.000000 1.188422
 304.000000 1.198138
 305.000000 1.212245
 306.000000 1.229198
 307.000000 1.247294
 308.000000 1.264752
 309.000000 1.279938
 310.000000 1.291857
 311.000000 1.299983
 312.000000 1.303908
 313.000000 1.303726
 314.000000 1.299801
 315.000000 1.292610
 316.000000 1.282843
 317.000000 1.271100
 318.000000 1.258210
 319.000000 1.245132
 320.000000 1.232672
 321.000000 1.221906
 322.000000 1.213859
 323.000000 1.209605
 324.000000 1.209756
 325.000000 1.214476
 326.000000 1.223065
 327.000000 1.234220
 328.000000 1.246305
 329.000000 1.257815
 330.000000 1.267673
 331.000000 1.275248
 332.000000 1.280293
 333.000000 1.282960
 334.000000 1.283416
 335.000000 1.281880
 336.000000 1.278593
 337.000000 1.273830
 338.000000 1.267903
 339.000000 1.261132
 340.000000 1.253833
 341.000000 1.246350
 342.000000 1.239295
 343.000000 1.233291
 344.000000 1.228960
 345.000000 1.226850
 346.000000 1.227246
 347.000000 1.230116
 348.000000 1.235086
 349.000000 1.241449
 350.000000 1.248189
 351.000000 1.254357
 352.000000 1.259151
 353.000000 1.261960
 354.000000 1.262442
 355.000000 1.260581
 356.000000 1.256760
 357.000000 1.251706
 358.000000 1.246340
 359.000000 1.241512
 360.000000 1.237905
 361.000000 1.236034
 362.000000 1.236072
 363.000000 1.237887
 364.000000 1.241139
 365.000000 1.245321
 366.000000 1.249782
 367.000000 1.253910
 368.000000 1.257042
 369.000000 1.258553
 370.000000 1.257923
 371.000000 1.254804
 372.000000 1.249103
 373.000000 1.241035
 374.000000 1.231161
 375.000000 1.220575
 376.000000 1.210857
 377.000000 1.203339
 378.000000 1.199217
 379.000000 1.199426
 380.000000 1.204419
 381.000000 1.213812
 382.000000 1.226860
 383.000000 1.242416
 384.000000 1.259093
 385.000000 1.275618
 386.000000 1.290664
 387.000000 1.303230
 388.000000 1.312425
 389.000000 1.317819
 390.000000 1.319120
 391.000000 1.316279
 392.000000 1.309461
 393.000000 1.299083
 394.000000 1.285723
 395.000000 1.270134
 396.000000 1.253240
 397.000000 1.236402
 398.000000 1.220768
 399.000000 1.207597
 400.000000 1.197871
 401.000000 1.192522
 402.000000 1.191965
 403.000000 1.196086
 404.000000 1.204232
 405.000000 1.215312
 406.000000 1.228212
 407.000000 1.241590
 408.000000 1.254288
 409.000000 1.265170
 410.000000 1.273487
 411.000000 1.278624
 412.000000 1.280336
 413.000000 1.278737
 414.000000 1.274244
 415.000000 1.267379
 416.000000 1.258581
 417.000000 1.248467
 418.000000 1.237366
 419.000000 1.226028
 420.000000 1.215019
 421.000000 1.205058
 422.000000 1.197242
 423.000000 1.192295
 424.000000 1.190898
 425.000000 1.193344
 426.000000 1.199433
 427.000000 1.208672
 428.000000 1.220018
 429.000000 1.232351
 430.000000 1.244439
 431.000000 1.255132
 432.000000 1.263874
 433.000000 1.270314
 434.000000 1.274380
 435.000000 1.276110
 436.000000 1.275679
 437.000000 1.273290
 438.000000 1.269167
 439.000000 1.263567
 440.000000 1.256686
 441.000000 1.248804
 442.000000 1.240359
 443.000000 1.231746
 444.000000 1.223465
 445.000000 1.216103
 446.000000 1.210175
 447.000000 1.206191
 448.000000 1.204568
 449.000000 1.205501
 450.000000 1.208972
 451.000000 1.214744
 452.000000 1.222406
 453.000000 1.231370
 454.000000 1.240916
 455.000000 1.250206
 456.000000 1.258494
 457.000000 1.265014
 458.000000 1.269101
 459.000000 1.270368
 460.000000 1.268526
 461.000000 1.263555
 462.000000 1.255693
 463.000000 1.245485
 464.000000 1.233735
 465.000000 1.221448
 466.000000 1.209899
 467.000000 1.200386
 468.000000 1.194080
 469.000000 1.191698
 470.000000 1.193516
 471.000000 1.199249
 472.000000 1.208075
 473.000000 1.218955
 474.000000 1.230729
 475.000000 1.242353
 476.000000 1.252985
 477.000000 1.261891
 478.000000 1.268652
 479.000000 1.273175
 480.000000 1.275508
 481.000000 1.275780
 482.000000 1.274177
 483.000000 1.270918
 484.000000 1.266289
 485.000000 1.260637
 486.000000 1.254345
 487.000000 1.247798
 488.000000 1.241476
 489.000000 1.235806
 490.000000 1.231201
 491.000000 1.227961
 492.000000 1.226304
 493.000000 1.226330
 494.000000 1.228022
 495.000000 1.231239
 496.000000 1.235721
 497.000000 1.241111
 498.000000 1.246981
 499.000000 1.252895
 500.000000 1.258430
 501.000000 1.263176
 502.000000 1.266727
 503.000000 1.268925
 504.000000 1.269632
 505.000000 1.268775
 506.000000 1.266328
 507.000000 1.262306
 508.000000 1.256755
 509.000000 1.249890
 510.000000 1.242051
 511.000000 1.233632
 512.000000 1.225360
 513.000000 1.217936
 514.000000 1.212100
 515.000000 1.208535
 516.000000 1.207681
 517.000000 1.209771
 518.000000 1.214669
 519.000000 1.221957
 520.000000 1.231013
 521.000000 1.241148
 522.000000 1.251580
 523.000000 1.261482
 524.000000 1.270309
 525.000000 1.277483
 526.000000 1.282529
 527.000000 1.285153
 528.000000 1.285204
 529.000000 1.282695
 530.000000 1.277729
 531.000000 1.270694
 532.000000 1.262022
 533.000000 1.252109
 534.000000 1.241793
 535.000000 1.232074
 536.000000 1.223837
 537.000000 1.217950
 538.000000 1.215049
 539.000000 1.215394
 540.000000 1.218909
 541.000000 1.225096
 542.000000 1.233214
 543.000000 1.242365
 544.000000 1.251360
 545.000000 1.259236
 546.000000 1.265079
 547.000000 1.268318
 548.000000 1.268640
 549.000000 1.266004
 550.000000 1.260619
 551.000000 1.252956
 552.000000 1.243602
 553.000000 1.233441
 554.000000 1.223548
 555.000000 1.214818
 556.000000 1.208342
 557.000000 1.204840
 558.000000 1.204676
 559.000000 1.207796
 560.000000 1.213752
 561.000000 1.221806
 562.000000 1.231093
 563.000000 1.240754
 564.000000 1.249734
 565.000000 1.257141
 566.000000 1.262437
 567.000000 1.265194
 568.000000 1.265239
 569.000000 1.262567
 570.000000 1.257402
 571.000000 1.250140
 572.000000 1.241370
 573.000000 1.231968
 574.000000 1.222782
 575.000000 1.214859
 576.000000 1.209094
 577.000000 1.206279
 578.000000 1.206825
 579.000000 1.210817
 580.000000 1.217872
 581.000000 1.227313
 582.000000 1.238239
 583.000000 1.249782
 584.000000 1.261146
 585.000000 1.271588
 586.000000 1.280425
 587.000000 1.287404
 588.000000 1.292200
 589.000000 1.294694
 590.000000 1.294853
 591.000000 1.292689
 592.000000 1.288321
 593.000000 1.282009
 594.000000 1.274072
 595.000000 1.264917
 596.000000 1.255065
 597.000000 1.245165
 598.000000 1.236007
 599.000000 1.228164
 600.000000 1.222202
 601.000000 1.218587
 602.000000 1.217570
 603.000000 1.219165
 604.000000 1.223109
 605.000000 1.228981
 606.000000 1.236338
 607.000000 1.244600
 608.000000 1.253159
 609.000000 1.261513
 610.000000 1.269185
 611.000000 1.275703
 612.000000 1.280714
 613.000000 1.283915
 614.000000 1.285079
 615.000000 1.284098
 616.000000 1.281010
 617.000000 1.276015
 618.000000 1.269472
 619.000000 1.261935
 620.000000 1.254124
 621.000000 1.246900
 622.000000 1.241087
 623.000000 1.237350
 624.000000 1.236061
 625.000000 1.237312
 626.000000 1.240863
 627.000000 1.246191
 628.000000 1.252637
 629.000000 1.259378
 630.000000 1.265775
 631.000000 1.271137
 632.000000 1.275038
 633.000000 1.277202
 634.000000 1.277535
 635.000000 1.276069
 636.000000 1.272931
 637.000000 1.268360
 638.000000 1.262630
 639.000000 1.256110
 640.000000 1.249231
 641.000000 1.242651
 642.000000 1.236951
 643.000000 1.232764
 644.000000 1.230584
 645.000000 1.230667
 646.000000 1.233085
 647.000000 1.237626
 648.000000 1.243852
 649.000000 1.251171
 650.000000 1.258922
 651.000000 1.266435
 652.000000 1.273058
 653.000000 1.278234
 654.000000 1.281553
 655.000000 1.282781
 656.000000 1.281835
 657.000000 1.278734
 658.000000 1.273599
 659.000000 1.266764
 660.000000 1.258617
 661.000000 1.249626
 662.000000 1.240502
 663.000000 1.231920
 664.000000 1.224886
 665.000000 1.220011
 666.000000 1.217853
 667.000000 1.218610
 668.000000 1.222088
 669.000000 1.227746
 670.000000 1.234862
 671.000000 1.242627
 672.000000 1.250338
 673.000000 1.257221
 674.000000 1.262729
 675.000000 1.266666
 676.000000 1.268963
 677.000000 1.269686
 678.000000 1.269041
 679.000000 1.267322
 680.000000 1.264870
 681.000000 1.262028
 682.000000 1.259120
 683.000000 1.256359
 684.000000 1.253910
 685.000000 1.251887
 686.000000 1.250302
 687.000000 1.249082
 688.000000 1.248182
 689.000000 1.247566
 690.000000 1.247234
 691.000000 1.247211
 692.000000 1.247540
 693.000000 1.248270
 694.000000 1.249420
 695.000000 1.250990
 696.000000 1.252898
 697.000000 1.254997
 698.000000 1.257057
 699.000000 1.258786
 700.000000 1.259895
 701.000000 1.260173
 702.000000 1.259516
 703.000000 1.257998
 704.000000 1.255863
 705.000000 1.253495
 706.000000 1.251325
 707.000000 1.249815
 708.000000 1.249372
 709.000000 1.250239
 710.000000 1.252492
 711.000000 1.256011
 712.000000 1.260389
 713.000000 1.265113
 714.000000 1.269574
 715.000000 1.273042
 716.000000 1.274814
 717.000000 1.274401
 718.000000 1.271584
 719.000000 1.266455
 720.000000 1.259531
 721.000000 1.251536
 722.000000 1.243369
 723.000000 1.235944
 724.000000 1.230114
 725.000000 1.226497
 726.000000 1.225498
 727.000000 1.227224
 728.000000 1.231455
 729.000000 1.237740
 730.000000 1.245445
 731.000000 1.253902
 732.000000 1.262517
 733.000000 1.270835
 734.000000 1.278536
 735.000000 1.285231
 736.000000 1.290648
 737.000000 1.294528
 738.000000 1.296623
 739.000000 1.296746
 740.000000 1.294762
 741.000000 1.290559
 742.000000 1.284145
 743.000000 1.275660
 744.000000 1.265331
 745.000000 1.253705
 746.000000 1.241421
 747.000000 1.229517
 748.000000 1.219280
 749.000000 1.211996
 750.000000 1.208641
 751.000000 1.209862
 752.000000 1.215742
 753.000000 1.225722
 754.000000 1.238674
 755.000000 1.253413
 756.000000 1.268511
 757.000000 1.282579
 758.000000 1.294575
 759.000000 1.303336
 760.000000 1.308245
 761.000000 1.308888
 762.000000 1.305218
 763.000000 1.297566
 764.000000 1.286519
 765.000000 1.272941
 766.000000 1.258039
 767.000000 1.243184
 768.000000 1.229656
 769.000000 1.218868
 770.000000 1.211878
 771.000000 1.209325
 772.000000 1.211381
 773.000000 1.217590
 774.000000 1.227050
 775.000000 1.238572
 776.000000 1.250752
 777.000000 1.262565
 778.000000 1.273163
 779.000000 1.282092
 780.000000 1.288814
 781.000000 1.293012
 782.000000 1.294508
 783.000000 1.293211
 784.000000 1.289200
 785.000000 1.282658
 786.000000 1.273968
 787.000000 1.263762
 788.000000 1.252614
 789.000000 1.241321
 790.000000 1.230717
 791.000000 1.221762
 792.000000 1.215439
 793.000000 1.212466
 794.000000 1.213179
 795.000000 1.217521
 796.000000 1.224957
 797.000000 1.234899
 798.000000 1.246383
 799.000000 1.258428
 800.000000 1.270021
 801.000000 1.280658
 802.000000 1.289677
 803.000000 1.296465
 804.000000 1.300483
 805.000000 1.301363
 806.000000 1.298906
 807.000000 1.293173
 808.000000 1.284562
 809.000000 1.273803
 810.000000 1.261707
 811.000000 1.249417
 812.000000 1.237994
 813.000000 1.228660
 814.000000 1.222478
 815.000000 1.219992
 816.000000 1.221414
 817.000000 1.226421
 818.000000 1.234298
 819.000000 1.244066
 820.000000 1.254986
 821.000000 1.266162
 822.000000 1.277120
 823.000000 1.287558
 824.000000 1.297114
 825.000000 1.305394
 826.000000 1.312144
 827.000000 1.316891
 828.000000 1.319333
 829.000000 1.319182
 830.000000 1.316194
 831.000000 1.310236
 832.000000 1.301322
 833.000000 1.289550
 834.000000 1.275569
 835.000000 1.260221
 836.000000 1.244703
 837.000000 1.230568
 838.000000 1.219620
 839.000000 1.213096
 840.000000 1.211746
 841.000000 1.215731
 842.000000 1.224445
 843.000000 1.236738
 844.000000 1.251284
 845.000000 1.266579
 846.000000 1.281174
 847.000000 1.293789
 848.000000 1.303688
 849.000000 1.310349
 850.000000 1.313799
 851.000000 1.314157
 852.000000 1.311709
 853.000000 1.306881
 854.000000 1.300139
 855.000000 1.291960
 856.000000 1.282769
 857.000000 1.273036
 858.000000 1.263295
 859.000000 1.253939
 860.000000 1.245398
 861.000000 1.237979
 862.000000 1.231735
 863.000000 1.226769
 864.000000 1.223114
 865.000000 1.220874
 866.000000 1.220233
 867.000000 1.221356
 868.000000 1.224338
 869.000000 1.229114
 870.000000 1.235399
 871.000000 1.242642
 872.000000 1.250256
 873.000000 1.257672
 874.000000 1.264230
 875.000000 1.269470
 876.000000 1.273035
 877.000000 1.274834
 878.000000 1.274835
 879.000000 1.273087
 880.000000 1.269693
 881.000000 1.264804
 882.000000 1.258647
 883.000000 1.251550
 884.000000 1.244030
 885.000000 1.236569
 886.000000 1.229825
 887.000000 1.224603
 888.000000 1.221571
 889.000000 1.221180
 890.000000 1.223607
 891.000000 1.228727
 892.000000 1.236195
 893.000000 1.245350
 894.000000 1.255383
 895.000000 1.265448
 896.000000 1.274756
 897.000000 1.282666
 898.000000 1.288754
 899.000000 1.292728
 900.000000 1.294426
 901.000000 1.293820
 902.000000 1.290978
 903.000000 1.286068
 904.000000 1.279333
 905.000000 1.271075
 906.000000 1.261913
 907.000000 1.252334
 908.000000 1.243104
 909.000000 1.235055
 910.000000 1.229010
 911.000000 1.225630
 912.000000 1.225285
 913.000000 1.228074
 914.000000 1.233734
 915.000000 1.241651
 916.000000 1.250912
 917.000000 1.260677
 918.000000 1.270061
 919.000000 1.278325
 920.000000 1.284870
 921.000000 1.289172
 922.000000 1.290807
 923.000000 1.289537
 924.000000 1.285349
 925.000000 1.278449
 926.000000 1.269264
 927.000000 1.258475
 928.000000 1.246777
 929.000000 1.235171
 930.000000 1.224718
 931.000000 1.216267
 932.000000 1.210668
 933.000000 1.208413
 934.000000 1.209690
 935.000000 1.214406
 936.000000 1.222111
 937.000000 1.232282
 938.000000 1.244289
 939.000000 1.257509
 940.000000 1.271150
 941.000000 1.284485
 942.000000 1.296886
 943.000000 1.307703
 944.000000 1.316180
 945.000000 1.321677
 946.000000 1.323674
 947.000000 1.321798
 948.000000 1.316010
 949.000000 1.306654
 950.000000 1.294156
 951.000000 1.279471
 952.000000 1.263619
 953.000000 1.248029
 954.000000 1.233756
 955.000000 1.221844
 956.000000 1.213340
 957.000000 1.208848
 958.000000 1.208504
 959.000000 1.211897
 960.000000 1.218253
 961.000000 1.226706
 962.000000 1.236345
 963.000000 1.246528
 964.000000 1.256648
 965.000000 1.266010
 966.000000 1.274187
 967.000000 1.280579
 968.000000 1.284722
 969.000000 1.286184
 970.000000 1.284722
 971.000000 1.280257
 972.000000 1.272920
 973.000000 1.263070
 974.000000 1.251335
 975.000000 1.238488
 976.000000 1.225528
 977.000000 1.213841
 978.000000 1.204678
 979.000000 1.199186
 980.000000 1.198163
 981.000000 1.201875
 982.000000 1.209956
 983.000000 1.221552
 984.000000 1.235524
 985.000000 1.250276
 986.000000 1.264450
 987.000000 1.276754
 988.000000 1.286207
 989.000000 1.292179
 990.000000 1.294364
 991.000000 1.292692
 992.000000 1.287340
 993.000000 1.278840
 994.000000 1.267831
 995.000000 1.255372
 996.000000 1.242640
 997.000000 1.230775
 998.000000 1.221079
 999.000000 1.214528
 1000.000000 1.211708
 1001.000000 1.212871
 1002.000000 1.217739
 1003.000000 1.225586
 1004.000000 1.235314
 1005.000000 1.245817
 1006.000000 1.255778
 1007.000000 1.264133
 1008.000000 1.270178
 1009.000000 1.273597
 1010.000000 1.274362
 1011.000000 1.272694
 1012.000000 1.268968
 1013.000000 1.263572
 1014.000000 1.257048
 1015.000000 1.249968
 1016.000000 1.242953
 1017.000000 1.236289
 1018.000000 1.230146
 1019.000000 1.224701
 1020.000000 1.220117
 1021.000000 1.216549
 1022.000000 1.214263
 1023.000000 1.213580
 1024.000000 1.214738
 1025.000000 1.217808
 1026.000000 1.222617
 1027.000000 1.228795
 1028.000000 1.235752
 1029.000000 1.242852
 1030.000000 1.249366
 1031.000000 1.254749
 1032.000000 1.258585
 1033.000000 1.260761
 1034.000000 1.261339
 1035.000000 1.260520
 1036.000000 1.258619
 1037.000000 1.256015
 1038.000000 1.252948
 1039.000000 1.249515
 1040.000000 1.245737
 1041.000000 1.241814
 1042.000000 1.238170
 1043.000000 1.235501
 1044.000000 1.234540
 1045.000000 1.235905
 1046.000000 1.239921
 1047.000000 1.246526
 1048.000000 1.255294
 1049.000000 1.265481
 1050.000000 1.276086
 1051.000000 1.286164
 1052.000000 1.294523
 1053.000000 1.300206
 1054.000000 1.302250
 1055.000000 1.300062
 1056.000000 1.293489
 1057.000000 1.282947
 1058.000000 1.268988
 1059.000000 1.252863
 1060.000000 1.236022
 1061.000000 1.220111
 1062.000000 1.206831
 1063.000000 1.197592
 1064.000000 1.193356
 1065.000000 1.194537
 1066.000000 1.200790
 1067.000000 1.211184
 1068.000000 1.224144
 1069.000000 1.237934
 1070.000000 1.250885
 1071.000000 1.261723
 1072.000000 1.269472
 1073.000000 1.273714
 1074.000000 1.274446
 1075.000000 1.271931
 1076.000000 1.266637
 1077.000000 1.259202
 1078.000000 1.250303
 1079.000000 1.240822
 1080.000000 1.231562
 1081.000000 1.223599
 1082.000000 1.217621
 1083.000000 1.214153
 1084.000000 1.213410
 1085.000000 1.215284
 1086.000000 1.219349
 1087.000000 1.224973
 1088.000000 1.231474
 1089.000000 1.238345
 1090.000000 1.245165
 1091.000000 1.251633
 1092.000000 1.257553
 1093.000000 1.262774
 1094.000000 1.267100
 1095.000000 1.270369
 1096.000000 1.272371
 1097.000000 1.272998
 1098.000000 1.272163
 1099.000000 1.269766
 1100.000000 1.265736
 1101.000000 1.260085
 1102.000000 1.252941
 1103.000000 1.244604
 1104.000000 1.235871
 1105.000000 1.227859
 1106.000000 1.221580
 1107.000000 1.217789
 1108.000000 1.216838
 1109.000000 1.218704
 1110.000000 1.223046
 1111.000000 1.229256
 1112.000000 1.236750
 1113.000000 1.244775
 1114.000000 1.252503
 1115.000000 1.259123
 1116.000000 1.263915
 1117.000000 1.266367
 1118.000000 1.266215
 1119.000000 1.263578
 1120.000000 1.258804
 1121.000000 1.252436
 1122.000000 1.245090
 1123.000000 1.237308
 1124.000000 1.229812
 1125.000000 1.223340
 1126.000000 1.218528
 1127.000000 1.216012
 1128.000000 1.216193
 1129.000000 1.219075
 1130.000000 1.224272
 1131.000000 1.231169
 1132.000000 1.239026
 1133.000000 1.247129
 1134.000000 1.255001
 1135.000000 1.262160
 1136.000000 1.268284
 1137.000000 1.273281
 1138.000000 1.276873
 1139.000000 1.278778
 1140.000000 1.278845
 1141.000000 1.277052
 1142.000000 1.273487
 1143.000000 1.268401
 1144.000000 1.262067
 1145.000000 1.254816
 1146.000000 1.247099
 1147.000000 1.239326
 1148.000000 1.231943
 1149.000000 1.225580
 1150.000000 1.221046
 1151.000000 1.219008
 1152.000000 1.219938
 1153.000000 1.223922
 1154.000000 1.230656
 1155.000000 1.239486
 1156.000000 1.249526
 1157.000000 1.259674
 1158.000000 1.269188
 1159.000000 1.277166
 1160.000000 1.282863
 1161.000000 1.285649
 1162.000000 1.285166
 1163.000000 1.281253
 1164.000000 1.274071
 1165.000000 1.264085
 1166.000000 1.251975
 1167.000000 1.238674
 1168.000000 1.225325
 1169.000000 1.213330
 1170.000000 1.203807
 1171.000000 1.197870
 1172.000000 1.196210
 1173.000000 1.199111
 1174.000000 1.206385
 1175.000000 1.217305
 1176.000000 1.231045
 1177.000000 1.246167
 1178.000000 1.261326
 1179.000000 1.275187
 1180.000000 1.286851
 1181.000000 1.295460
 1182.000000 1.300334
 1183.000000 1.301029
 1184.000000 1.297292
 1185.000000 1.289217
 1186.000000 1.277291
 1187.000000 1.262355
 1188.000000 1.245694
 1189.000000 1.228617
 1190.000000 1.212730
 1191.000000 1.199811
 1192.000000 1.191325
 1193.000000 1.188313
 1194.000000 1.191044
 1195.000000 1.198996
 1196.000000 1.210985
 1197.000000 1.225393
 1198.000000 1.240511
 1199.000000 1.254699
 1200.000000 1.266897
 1201.000000 1.276450
 1202.000000 1.283034
 1203.000000 1.286468
 1204.000000 1.286875
 1205.000000 1.284442
 1206.000000 1.279466
 1207.000000 1.272231
 1208.000000 1.263174
 1209.000000 1.252839
 1210.000000 1.241896
 1211.000000 1.230908
 1212.000000 1.220685
 1213.000000 1.211842
 1214.000000 1.205108
 1215.000000 1.201151
 1216.000000 1.200514
 1217.000000 1.203535
 1218.000000 1.210277
 1219.000000 1.220442
 1220.000000 1.233211
 1221.000000 1.247607
 1222.000000 1.262675
 1223.000000 1.277120
 1224.000000 1.290173
 1225.000000 1.301065
 1226.000000 1.309112
 1227.000000 1.313772
 1228.000000 1.314620
 1229.000000 1.311327
 1230.000000 1.303805
 1231.000000 1.292208
 1232.000000 1.277008
 1233.000000 1.259209
 1234.000000 1.240519
 1235.000000 1.222983
 1236.000000 1.208334
 1237.000000 1.198614
 1238.000000 1.195099
 1239.000000 1.198293
 1240.000000 1.207707
 1241.000000 1.222022
 1242.000000 1.239434
 1243.000000 1.257961
 1244.000000 1.275575
 1245.000000 1.290869
 1246.000000 1.302865
 1247.000000 1.310810
 1248.000000 1.314383
 1249.000000 1.313561
 1250.000000 1.308530
 1251.000000 1.299563
 1252.000000 1.287219
 1253.000000 1.272321
 1254.000000 1.255733
 1255.000000 1.238729
 1256.000000 1.222482
 1257.000000 1.208590
 1258.000000 1.198394
 1259.000000 1.192677
 1260.000000 1.191980
 1261.000000 1.196165
 1262.000000 1.204575
 1263.000000 1.216029
 1264.000000 1.229281
 1265.000000 1.243109
 1266.000000 1.256147
 1267.000000 1.267529
 1268.000000 1.276438
 1269.000000 1.282411
 1270.000000 1.285297
 1271.000000 1.285169
 1272.000000 1.282228
 1273.000000 1.276801
 1274.000000 1.269227
 1275.000000 1.259921
 1276.000000 1.249571
 1277.000000 1.238958
 1278.000000 1.228919
 1279.000000 1.220501
 1280.000000 1.214429
 1281.000000 1.211260
 1282.000000 1.211102
 1283.000000 1.213695
 1284.000000 1.218602
 1285.000000 1.225192
 1286.000000 1.232806
 1287.000000 1.240862
 1288.000000 1.248999
 1289.000000 1.256810
 1290.000000 1.263740
 1291.000000 1.269262
 1292.000000 1.272968
 1293.000000 1.274635
 1294.000000 1.274267
 1295.000000 1.272047
 1296.000000 1.268330
 1297.000000 1.263488
 1298.000000 1.257838
 1299.000000 1.251708
 1300.000000 1.245443
 1301.000000 1.239402
 1302.000000 1.233857
 1303.000000 1.229134
 1304.000000 1.225463
 1305.000000 1.222976
 1306.000000 1.221704
 1307.000000 1.221600
 1308.000000 1.222556
 1309.000000 1.224493
 1310.000000 1.227305
 1311.000000 1.230872
 1312.000000 1.235098
 1313.000000 1.239770
 1314.000000 1.244517
 1315.000000 1.248962
 1316.000000 1.252770
 1317.000000 1.255589
 1318.000000 1.257197
 1319.000000 1.257409
 1320.000000 1.256172
 1321.000000 1.253589
 1322.000000 1.249893
 1323.000000 1.245496
 1324.000000 1.240935
 1325.000000 1.236849
 1326.000000 1.233801
 1327.000000 1.232360
 1328.000000 1.233050
 1329.000000 1.236276
 1330.000000 1.242276
 1331.000000 1.251100
 1332.000000 1.262574
 1333.000000 1.276038
 1334.000000 1.290780
 1335.000000 1.305973
 1336.000000 1.320594
 1337.000000 1.333557
 1338.000000 1.343873
 1339.000000 1.350576
 1340.000000 1.352869
 1341.000000 1.350295
 1342.000000 1.342792
 1343.000000 1.330640
 1344.000000 1.314680
 1345.000000 1.296078
 1346.000000 1.276415
 1347.000000 1.257445
 1348.000000 1.240617
 1349.000000 1.227344
 1350.000000 1.218756
 1351.000000 1.215459
 1352.000000 1.217439
 1353.000000 1.224091
 1354.000000 1.234233
 1355.000000 1.246483
 1356.000000 1.259173
 1357.000000 1.271153
 1358.000000 1.281639
 1359.000000 1.290075
 1360.000000 1.296243
 1361.000000 1.300010
 1362.000000 1.301460
 1363.000000 1.300754
 1364.000000 1.298148
 1365.000000 1.294030
 1366.000000 1.288835
 1367.000000 1.282896
 1368.000000 1.276531
 1369.000000 1.269957
 1370.000000 1.263469
 1371.000000 1.257292
 1372.000000 1.251648
 1373.000000 1.246828
 1374.000000 1.243279
 1375.000000 1.241490
 1376.000000 1.241955
 1377.000000 1.245077
 1378.000000 1.251126
 1379.000000 1.260181
 1380.000000 1.271939
 1381.000000 1.285923
 1382.000000 1.301455
 1383.000000 1.317640
 1384.000000 1.333245
 1385.000000 1.347318
 1386.000000 1.359206
 1387.000000 1.368335
 1388.000000 1.374400
 1389.000000 1.377383
 1390.000000 1.377476
 1391.000000 1.374872
 1392.000000 1.369719
 1393.000000 1.362192
 1394.000000 1.352479
 1395.000000 1.340700
 1396.000000 1.327043
 1397.000000 1.311995
 1398.000000 1.296074
 1399.000000 1.280130
 1400.000000 1.265160
 1401.000000 1.252502
 1402.000000 1.243311
 1403.000000 1.238355
 1404.000000 1.238084
 1405.000000 1.242563
 1406.000000 1.251455
 1407.000000 1.263987
 1408.000000 1.279195
 1409.000000 1.295870
 1410.000000 1.312987
 1411.000000 1.329608
 1412.000000 1.344731
 1413.000000 1.357788
 1414.000000 1.368325
 1415.000000 1.376027
 1416.000000 1.380894
 1417.000000 1.383077
 1418.000000 1.382848
 1419.000000 1.380573
 1420.000000 1.376668
 1421.000000 1.371503
 1422.000000 1.365385
 1423.000000 1.358619
 1424.000000 1.351572
 1425.000000 1.344576
 1426.000000 1.337866
 1427.000000 1.331651
 1428.000000 1.326138
 1429.000000 1.321343
 1430.000000 1.317250
 1431.000000 1.313725
 1432.000000 1.310507
 1433.000000 1.307278
 1434.000000 1.303719
 1435.000000 1.299600
 1436.000000 1.294761
 1437.000000 1.289225
 1438.000000 1.283282
 1439.000000 1.277498
 1440.000000 1.272534
 1441.000000 1.269083
 1442.000000 1.267817
 1443.000000 1.269249
 1444.000000 1.273654
 1445.000000 1.280878
 1446.000000 1.290408
 1447.000000 1.301354
 1448.000000 1.312589
 1449.000000 1.322966
 1450.000000 1.331370
 1451.000000 1.336675
 1452.000000 1.337998
 1453.000000 1.334788
 1454.000000 1.326905
 1455.000000 1.314631
 1456.000000 1.298599
 1457.000000 1.279995
 1458.000000 1.260244
 1459.000000 1.241074
 1460.000000 1.224630
 1461.000000 1.212520
 1462.000000 1.206012
 1463.000000 1.205762
 1464.000000 1.211642
 1465.000000 1.222586
 1466.000000 1.237037
 1467.000000 1.252962
 1468.000000 1.268736
 1469.000000 1.283128
 1470.000000 1.295206
 1471.000000 1.304779
 1472.000000 1.311894
 1473.000000 1.316835
 1474.000000 1.320056
 1475.000000 1.321977
 1476.000000 1.322948
 1477.000000 1.323108
 1478.000000 1.322401
 1479.000000 1.320544
 1480.000000 1.317080
 1481.000000 1.311463
 1482.000000 1.303395
 1483.000000 1.292887
 1484.000000 1.280621
 1485.000000 1.267637
 1486.000000 1.255576
 1487.000000 1.246188
 1488.000000 1.240874
 1489.000000 1.240625
 1490.000000 1.245677
 1491.000000 1.255457
 1492.000000 1.268715
 1493.000000 1.283868
 1494.000000 1.299180
 1495.000000 1.312777
 1496.000000 1.323225
 1497.000000 1.329706
 1498.000000 1.332016
 1499.000000 1.330437
 1500.000000 1.325611
 1501.000000 1.318250
 1502.000000 1.309161
 1503.000000 1.299104
 1504.000000 1.288538
 1505.000000 1.277817
 1506.000000 1.267160
 1507.000000 1.256869
 1508.000000 1.247059
 1509.000000 1.237925
 1510.000000 1.229926
 1511.000000 1.223636
 1512.000000 1.219844
 1513.000000 1.219435
 1514.000000 1.223113
 1515.000000 1.231227
 1516.000000 1.243436
 1517.000000 1.259081
 1518.000000 1.276922
 1519.000000 1.296073
 1520.000000 1.315367
 1521.000000 1.333546
 1522.000000 1.349602
 1523.000000 1.362579
 1524.000000 1.371913
 1525.000000 1.377180
 1526.000000 1.378387
 1527.000000 1.375925
 1528.000000 1.370444
 1529.000000 1.362640
 1530.000000 1.353495
 1531.000000 1.343732
 1532.000000 1.333928
 1533.000000 1.324355
 1534.000000 1.315306
 1535.000000 1.306796
 1536.000000 1.298653
 1537.000000 1.290594
 1538.000000 1.282429
 1539.000000 1.274164
 1540.000000 1.266021
 1541.000000 1.258474
 1542.000000 1.252099
 1543.000000 1.247458
 1544.000000 1.245165
 1545.000000 1.245783
 1546.000000 1.249631
 1547.000000 1.256605
 1548.000000 1.266266
 1549.000000 1.277990
 1550.000000 1.290733
 1551.000000 1.303576
 1552.000000 1.315363
 1553.000000 1.325065
 1554.000000 1.331628
 1555.000000 1.334346
 1556.000000 1.332715
 1557.000000 1.326569
 1558.000000 1.316134
 1559.000000 1.302018
 1560.000000 1.285174
 1561.000000 1.266904
 1562.000000 1.248407
 1563.000000 1.231488
 1564.000000 1.217625
 1565.000000 1.208314
 1566.000000 1.204480
 1567.000000 1.206467
 1568.000000 1.213901
 1569.000000 1.225622
 1570.000000 1.240273
 1571.000000 1.256557
 1572.000000 1.273320
 1573.000000 1.289525
 1574.000000 1.304645
 1575.000000 1.318239
 1576.000000 1.330219
 1577.000000 1.340358
 1578.000000 1.348404
 1579.000000 1.354293
 1580.000000 1.357847
 1581.000000 1.359005
 1582.000000 1.357682
 1583.000000 1.353818
 1584.000000 1.347409
 1585.000000 1.338582
 1586.000000 1.327492
 1587.000000 1.314503
 1588.000000 1.300123
 1589.000000 1.284754
 1590.000000 1.269029
 1591.000000 1.253741
 1592.000000 1.239980
 1593.000000 1.228833
 1594.000000 1.221297
 1595.000000 1.218188
 1596.000000 1.220023
 1597.000000 1.226801
 1598.000000 1.237972
 1599.000000 1.252611
 1600.000000 1.269494
 1601.000000 1.287347
 1602.000000 1.304747
 1603.000000 1.320440
 1604.000000 1.333160
 1605.000000 1.342048
 1606.000000 1.346467
 1607.000000 1.346110
 1608.000000 1.341091
 1609.000000 1.331864
 1610.000000 1.319068
 1611.000000 1.303707
 1612.000000 1.287192
 1613.000000 1.271018
 1614.000000 1.256523
 1615.000000 1.245169
 1616.000000 1.237790
 1617.000000 1.234909
 1618.000000 1.236580
 1619.000000 1.242348
 1620.000000 1.251497
 1621.000000 1.263104
 1622.000000 1.276293
 1623.000000 1.290264
 1624.000000 1.304695
 1625.000000 1.319129
 1626.000000 1.333481
 1627.000000 1.347510
 1628.000000 1.361057
 1629.000000 1.373656
 1630.000000 1.384869
 1631.000000 1.394000
 1632.000000 1.400294
 1633.000000 1.402913
 1634.000000 1.401181
 1635.000000 1.394727
 1636.000000 1.383737
 1637.000000 1.368937
 1638.000000 1.351471
 1639.000000 1.332836
 1640.000000 1.314424
 1641.000000 1.297473
 1642.000000 1.283248
 1643.000000 1.272582
 1644.000000 1.265737
 1645.000000 1.262504
 1646.000000 1.262314
 1647.000000 1.264340
 1648.000000 1.267695
 1649.000000 1.271670
 1650.000000 1.275878
 1651.000000 1.280299
 1652.000000 1.285254
 1653.000000 1.291147
 1654.000000 1.298450
 1655.000000 1.307448
 1656.000000 1.318209
 1657.000000 1.330590
 1658.000000 1.344221
 1659.000000 1.358443
 1660.000000 1.372549
 1661.000000 1.385644
 1662.000000 1.396737
 1663.000000 1.405142
 1664.000000 1.410326
 1665.000000 1.411982
 1666.000000 1.410098
 1667.000000 1.404928
 1668.000000 1.396917
 1669.000000 1.386740
 1670.000000 1.375059
 1671.000000 1.362542
 1672.000000 1.349843
 1673.000000 1.337654
 1674.000000 1.326394
 1675.000000 1.316377
 1676.000000 1.307623
 1677.000000 1.299935
 1678.000000 1.293098
 1679.000000 1.286787
 1680.000000 1.280717
 1681.000000 1.274763
 1682.000000 1.268961
 1683.000000 1.263688
 1684.000000 1.259458
 1685.000000 1.256860
 1686.000000 1.256491
 1687.000000 1.258712
 1688.000000 1.263547
 1689.000000 1.270701
 1690.000000 1.279422
 1691.000000 1.288858
 1692.000000 1.297899
 1693.000000 1.305447
 1694.000000 1.310557
 1695.000000 1.312382
 1696.000000 1.310352
 1697.000000 1.304334
 1698.000000 1.294701
 1699.000000 1.282257
 1700.000000 1.268103
 1701.000000 1.253760
 1702.000000 1.240907
 1703.000000 1.231153
 1704.000000 1.225869
 1705.000000 1.225795
 1706.000000 1.231010
 1707.000000 1.240790
 1708.000000 1.253840
 1709.000000 1.268523
 1710.000000 1.283207
 1711.000000 1.296336
 1712.000000 1.307070
 1713.000000 1.314951
 1714.000000 1.320219
 1715.000000 1.323480
 1716.000000 1.325556
 1717.000000 1.327339
 1718.000000 1.329612
 1719.000000 1.332901
 1720.000000 1.337351
 1721.000000 1.342769
 1722.000000 1.348610
 1723.000000 1.354022
 1724.000000 1.358038
 1725.000000 1.359743
 1726.000000 1.358535
 1727.000000 1.354281
 1728.000000 1.347346
 1729.000000 1.338481
 1730.000000 1.328850
 1731.000000 1.320047
 1732.000000 1.313409
 1733.000000 1.310007
 1734.000000 1.310350
 1735.000000 1.314314
 1736.000000 1.321252
 1737.000000 1.329974
 1738.000000 1.339168
 1739.000000 1.347520
 1740.000000 1.353930
 1741.000000 1.357873
 1742.000000 1.359523
 1743.000000 1.359574
 1744.000000 1.359179
 1745.000000 1.359669
 1746.000000 1.362258
 1747.000000 1.367784
 1748.000000 1.376577
 1749.000000 1.388331
 1750.000000 1.402118
 1751.000000 1.416869
 1752.000000 1.430442
 1753.000000 1.441233
 1754.000000 1.448111
 1755.000000 1.450355
 1756.000000 1.448044
 1757.000000 1.441912
 1758.000000 1.433180
 1759.000000 1.423133
 1760.000000 1.412786
 1761.000000 1.403070
 1762.000000 1.394554
 1763.000000 1.387401
 1764.000000 1.381383
 1765.000000 1.376163
 1766.000000 1.371049
 1767.000000 1.365207
 1768.000000 1.357745
 1769.000000 1.348298
 1770.000000 1.336817
 1771.000000 1.323706
 1772.000000 1.309988
 1773.000000 1.297084
 1774.000000 1.286565
 1775.000000 1.279804
 1776.000000 1.277848
 1777.000000 1.281210
 1778.000000 1.289731
 1779.000000 1.302768
 1780.000000 1.319100
 1781.000000 1.337019
 1782.000000 1.354815
 1783.000000 1.371179
 1784.000000 1.385125
 1785.000000 1.396268
 1786.000000 1.404834
 1787.000000 1.411443
 1788.000000 1.416967
 1789.000000 1.422243
 1790.000000 1.427987
 1791.000000 1.434601
 1792.000000 1.442026
 1793.000000 1.449774
 1794.000000 1.457128
 1795.000000 1.462869
 1796.000000 1.465515
 1797.000000 1.463882
 1798.000000 1.457346
 1799.000000 1.446221
 1800.000000 1.431685
 1801.000000 1.415462
 1802.000000 1.399295
 1803.000000 1.384867
 1804.000000 1.373197
 1805.000000 1.365039
 1806.000000 1.360470
 1807.000000 1.359110
 1808.000000 1.360181
 1809.000000 1.362629
 1810.000000 1.365316
 1811.000000 1.367298
 1812.000000 1.367994
 1813.000000 1.367310
 1814.000000 1.365625
 1815.000000 1.363646
 1816.000000 1.362234
 1817.000000 1.362306
 1818.000000 1.364626
 1819.000000 1.369625
 1820.000000 1.377295
 1821.000000 1.387310
 1822.000000 1.399098
 1823.000000 1.411731
 1824.000000 1.424168
 1825.000000 1.435179
 1826.000000 1.443398
 1827.000000 1.447841
 1828.000000 1.448070
 1829.000000 1.444255
 1830.000000 1.437232
 1831.000000 1.428396
 1832.000000 1.419287
 1833.000000 1.411448
 1834.000000 1.406295
 1835.000000 1.404789
 1836.000000 1.407285
 1837.000000 1.413422
 1838.000000 1.422160
 1839.000000 1.431656
 1840.000000 1.439902
 1841.000000 1.445053
 1842.000000 1.446084
 1843.000000 1.443041
 1844.000000 1.436899
 1845.000000 1.429403
 1846.000000 1.422400
 1847.000000 1.417483
 1848.000000 1.415579
 1849.000000 1.417041
 1850.000000 1.421591
 1851.000000 1.428401
 1852.000000 1.436228
 1853.000000 1.443549
 1854.000000 1.448764
 1855.000000 1.450519
 1856.000000 1.447939
 1857.000000 1.440786
 1858.000000 1.429435
 1859.000000 1.414980
 1860.000000 1.398713
 1861.000000 1.382034
 1862.000000 1.366402
 1863.000000 1.352931
 1864.000000 1.342516
 1865.000000 1.335732
 1866.000000 1.332690
 1867.000000 1.333165
 1868.000000 1.336519
 1869.000000 1.341760
 1870.000000 1.347760
 1871.000000 1.353513
 1872.000000 1.358434
 1873.000000 1.362504
 1874.000000 1.366157
 1875.000000 1.370145
 1876.000000 1.375472
 1877.000000 1.383105
 1878.000000 1.393651
 1879.000000 1.407171
 1880.000000 1.423405
 1881.000000 1.441435
 1882.000000 1.459874
 1883.000000 1.477175
 1884.000000 1.491540
 1885.000000 1.501811
 1886.000000 1.507406
 1887.000000 1.508674
 1888.000000 1.506652
 1889.000000 1.502737
 1890.000000 1.498411
 1891.000000 1.494745
 1892.000000 1.492206
 1893.000000 1.490633
 1894.000000 1.489315
 1895.000000 1.487040
 1896.000000 1.482349
 1897.000000 1.473782
 1898.000000 1.460461
 1899.000000 1.442280
 1900.000000 1.419746
 1901.000000 1.393989
 1902.000000 1.366782
 1903.000000 1.340056
 1904.000000 1.315674
 1905.000000 1.295602
 1906.000000 1.281094
 1907.000000 1.273160
 1908.000000 1.272211
 1909.000000 1.278047
 1910.000000 1.289838
 1911.000000 1.306461
 1912.000000 1.326258
 1913.000000 1.347356
 1914.000000 1.368892
 1915.000000 1.389947
 1916.000000 1.409724
 1917.000000 1.427525
 1918.000000 1.443244
 1919.000000 1.456957
 1920.000000 1.468681
 1921.000000 1.478702
 1922.000000 1.487364
 1923.000000 1.494916
 1924.000000 1.501614
 1925.000000 1.507438
 1926.000000 1.512268
 1927.000000 1.515731
 1928.000000 1.517275
 1929.000000 1.516221
 1930.000000 1.511886
 1931.000000 1.503688
 1932.000000 1.491353
 1933.000000 1.474739
 1934.000000 1.454397
 1935.000000 1.431226
 1936.000000 1.406579
 1937.000000 1.382073
 1938.000000 1.359150
 1939.000000 1.339270
 1940.000000 1.323473
 1941.000000 1.312198
 1942.000000 1.305569
 1943.000000 1.303243
 1944.000000 1.304442
 1945.000000 1.308133
 1946.000000 1.313289
 1947.000000 1.319103
 1948.000000 1.325099
 1949.000000 1.331033
 1950.000000 1.336984
 1951.000000 1.343293
 1952.000000 1.350318
 1953.000000 1.358267
 1954.000000 1.367432
 1955.000000 1.377999
 1956.000000 1.389778
 1957.000000 1.402415
 1958.000000 1.415286
 1959.000000 1.427745
 1960.000000 1.439271
 1961.000000 1.449588
 1962.000000 1.458433
 1963.000000 1.465835
 1964.000000 1.472002
 1965.000000 1.477113
 1966.000000 1.481558
 1967.000000 1.485756
 1968.000000 1.490044
 1969.000000 1.494460
 1970.000000 1.498683
 1971.000000 1.502193
 1972.000000 1.504309
 1973.000000 1.504420
 1974.000000 1.502008
 1975.000000 1.496812
 1976.000000 1.488891
 1977.000000 1.478714
 1978.000000 1.467003
 1979.000000 1.454689
 1980.000000 1.442687
 1981.000000 1.431551
 1982.000000 1.421387
 1983.000000 1.411983
 1984.000000 1.403116
 1985.000000 1.394340
 1986.000000 1.385232
 1987.000000 1.375406
 1988.000000 1.364617
 1989.000000 1.352885
 1990.000000 1.340662
 1991.000000 1.328594
 1992.000000 1.317876
 1993.000000 1.309187
 1994.000000 1.303223
 1995.000000 1.300349
 1996.000000 1.300576
 1997.000000 1.303659
 1998.000000 1.309177
 1999.000000 1.316566
 2000.000000 1.325311
 2001.000000 1.335080
 2002.000000 1.345769
 2003.000000 1.357389
 2004.000000 1.369996
 2005.000000 1.383704
 2006.000000 1.398670
 2007.000000 1.414590
 2008.000000 1.430706
 2009.000000 1.446051
 2010.000000 1.459846
 2011.000000 1.471809
 2012.000000 1.481379
 2013.000000 1.488314
 2014.000000 1.492543
 2015.000000 1.494460
 2016.000000 1.494688
 2017.000000 1.493907
 2018.000000 1.492657
 2019.000000 1.491216
 2020.000000 1.489649
 2021.000000 1.487790
 2022.000000 1.485356
 2023.000000 1.482010
 2024.000000 1.477501
 2025.000000 1.471763
 2026.000000 1.464934
 2027.000000 1.457510
 2028.000000 1.449956
 2029.000000 1.442865
 2030.000000 1.436727
 2031.000000 1.431638
 2032.000000 1.427417
 2033.000000 1.423691
 2034.000000 1.419901
 2035.000000 1.415370
 2036.000000 1.409431
 2037.000000 1.401705
 2038.000000 1.392200
 2039.000000 1.381370
 2040.000000 1.370027
 2041.000000 1.359129
 2042.000000 1.349778
 2043.000000 1.343060
 2044.000000 1.339528
 2045.000000 1.339402
 2046.000000 1.342459
 2047.000000 1.348125
 2048.000000 1.355520
 2049.000000 1.363859
 2050.000000 1.372488
 2051.000000 1.381031
 2052.000000 1.389357
 2053.000000 1.397161
 2054.000000 1.404511
 2055.000000 1.411393
 2056.000000 1.417862
 2057.000000 1.423938
 2058.000000 1.429555
 2059.000000 1.434617
 2060.000000 1.438963
 2061.000000 1.442312
 2062.000000 1.444394
 2063.000000 1.444921
 2064.000000 1.443588
 2065.000000 1.440156
 2066.000000 1.434575
 2067.000000 1.427127
 2068.000000 1.418566
 2069.000000 1.409832
 2070.000000 1.401838
 2071.000000 1.395206
 2072.000000 1.390481
 2073.000000 1.387705
 2074.000000 1.386577
 2075.000000 1.386483
 2076.000000 1.386657
 2077.000000 1.386335
 2078.000000 1.384906
 2079.000000 1.382092
 2080.000000 1.378033
 2081.000000 1.373408
 2082.000000 1.369371
 2083.000000 1.367267
 2084.000000 1.368361
 2085.000000 1.373582
 2086.000000 1.383400
 2087.000000 1.397661
 2088.000000 1.415456
 2089.000000 1.435215
 2090.000000 1.455185
 2091.000000 1.473966
 2092.000000 1.489718
 2093.000000 1.501201
 2094.000000 1.507804
 2095.000000 1.509793
 2096.000000 1.507974
 2097.000000 1.503583
 2098.000000 1.497978
 2099.000000 1.492462
 2100.000000 1.488136
 2101.000000 1.485663
 2102.000000 1.485274
 2103.000000 1.486789
 2104.000000 1.489637
 2105.000000 1.492855
 2106.000000 1.495228
 2107.000000 1.495584
 2108.000000 1.492863
 2109.000000 1.486405
 2110.000000 1.476108
 2111.000000 1.462278
 2112.000000 1.445725
 2113.000000 1.427765
 2114.000000 1.409758
 2115.000000 1.393270
 2116.000000 1.379129
 2117.000000 1.368076
 2118.000000 1.360389
 2119.000000 1.355934
 2120.000000 1.354317
 2121.000000 1.354800
 2122.000000 1.356476
 2123.000000 1.358393
 2124.000000 1.359789
 2125.000000 1.360200
 2126.000000 1.359508
 2127.000000 1.357954
 2128.000000 1.356050
 2129.000000 1.354464
 2130.000000 1.353857
 2131.000000 1.354858
 2132.000000 1.357896
 2133.000000 1.363162
 2134.000000 1.370532
 2135.000000 1.379488
 2136.000000 1.389343
 2137.000000 1.399150
 2138.000000 1.407805
 2139.000000 1.414302
 2140.000000 1.417948
 2141.000000 1.418458
 2142.000000 1.415950
 2143.000000 1.410921
 2144.000000 1.404040
 2145.000000 1.396108
 2146.000000 1.387942
 2147.000000 1.380116
 2148.000000 1.373031
 2149.000000 1.366970
 2150.000000 1.361917
 2151.000000 1.357749
 2152.000000 1.354259
 2153.000000 1.351273
 2154.000000 1.348565
 2155.000000 1.346030
 2156.000000 1.343691
 2157.000000 1.341652
 2158.000000 1.340204
 2159.000000 1.339691
 2160.000000 1.340437
 2161.000000 1.342714
 2162.000000 1.346711
 2163.000000 1.352558
 2164.000000 1.360232
 2165.000000 1.369647
 2166.000000 1.380463
 2167.000000 1.392235
 2168.000000 1.404244
 2169.000000 1.415758
 2170.000000 1.426008
 2171.000000 1.434576
 2172.000000 1.440889
 2173.000000 1.444750
 2174.000000 1.446102
 2175.000000 1.445138
 2176.000000 1.442205
 2177.000000 1.437705
 2178.000000 1.432031
 2179.000000 1.425452
 2180.000000 1.418240
 2181.000000 1.410500
 2182.000000 1.402161
 2183.000000 1.393178
 2184.000000 1.383418
 2185.000000 1.372736
 2186.000000 1.361406
 2187.000000 1.349668
 2188.000000 1.338154
 2189.000000 1.327455
 2190.000000 1.318104
 2191.000000 1.310331
 2192.000000 1.304607
 2193.000000 1.301112
 2194.000000 1.299901
 2195.000000 1.300966
 2196.000000 1.304150
 2197.000000 1.309133
 2198.000000 1.315310
 2199.000000 1.322071
 2200.000000 1.328825
 2201.000000 1.335059
 2202.000000 1.340604
 2203.000000 1.345470
 2204.000000 1.349917
 2205.000000 1.354259
 2206.000000 1.358878
 2207.000000 1.363993
 2208.000000 1.369856
 2209.000000 1.376608
 2210.000000 1.384129
 2211.000000 1.391984
 2212.000000 1.399732
 2213.000000 1.406824
 2214.000000 1.412529
 2215.000000 1.416066
 2216.000000 1.416809
 2217.000000 1.414335
 2218.000000 1.408545
 2219.000000 1.399694
 2220.000000 1.388331
 2221.000000 1.375447
 2222.000000 1.362200
 2223.000000 1.349782
 2224.000000 1.339101
 2225.000000 1.331028
 2226.000000 1.326224
 2227.000000 1.324935
 2228.000000 1.326980
 2229.000000 1.331865
 2230.000000 1.338840
 2231.000000 1.347120
 2232.000000 1.355825
 2233.000000 1.364472
 2234.000000 1.372757
 2235.000000 1.380667
 2236.000000 1.388328
 2237.000000 1.395946
 2238.000000 1.403678
 2239.000000 1.411593
 2240.000000 1.419607
 2241.000000 1.427225
 2242.000000 1.433974
 2243.000000 1.439269
 2244.000000 1.442496
 2245.000000 1.443254
 2246.000000 1.441361
 2247.000000 1.436930
 2248.000000 1.430241
 2249.000000 1.421570
 2250.000000 1.411354
 2251.000000 1.399929
 2252.000000 1.387533
 2253.000000 1.374546
 2254.000000 1.361194
 2255.000000 1.347920
 2256.000000 1.335239
 2257.000000 1.323677
 2258.000000 1.313784
 2259.000000 1.305989
 2260.000000 1.300740
 2261.000000 1.298282
 2262.000000 1.298792
 2263.000000 1.302310
 2264.000000 1.308718
 2265.000000 1.317655
 2266.000000 1.328742
 2267.000000 1.341330
 2268.000000 1.354651
 2269.000000 1.367999
 2270.000000 1.380861
 2271.000000 1.392614
 2272.000000 1.402871
 2273.000000 1.411298
 2274.000000 1.417854
 2275.000000 1.422584
 2276.000000 1.425557
 2277.000000 1.426939
 2278.000000 1.426834
 2279.000000 1.425323
 2280.000000 1.422477
 2281.000000 1.418447
 2282.000000 1.413462
 2283.000000 1.407691
 2284.000000 1.401368
 2285.000000 1.394786
 2286.000000 1.388180
 2287.000000 1.381794
 2288.000000 1.375857
 2289.000000 1.370588
 2290.000000 1.366008
 2291.000000 1.362236
 2292.000000 1.359309
 2293.000000 1.357185
 2294.000000 1.355819
 2295.000000 1.355161
 2296.000000 1.355166
 2297.000000 1.355805
 2298.000000 1.357059
 2299.000000 1.358858
 2300.000000 1.361088
 2301.000000 1.363557
 2302.000000 1.366048
 2303.000000 1.368214
 2304.000000 1.369719
 2305.000000 1.370233
 2306.000000 1.369540
 2307.000000 1.367568
 2308.000000 1.364442
 2309.000000 1.360394
 2310.000000 1.355850
 2311.000000 1.351264
 2312.000000 1.347130
 2313.000000 1.343963
 2314.000000 1.342151
 2315.000000 1.342022
 2316.000000 1.343804
 2317.000000 1.347568
 2318.000000 1.353103
 2319.000000 1.360097
 2320.000000 1.368039
 2321.000000 1.376254
 2322.000000 1.384079
 2323.000000 1.390912
 2324.000000 1.396175
 2325.000000 1.399613
 2326.000000 1.401188
 2327.000000 1.401014
 2328.000000 1.399360
 2329.000000 1.396633
 2330.000000 1.393343
 2331.000000 1.390001
 2332.000000 1.387133
 2333.000000 1.385099
 2334.000000 1.384041
 2335.000000 1.383867
 2336.000000 1.384198
 2337.000000 1.384404
 2338.000000 1.383679
 2339.000000 1.381205
 2340.000000 1.376315
 2341.000000 1.368749
 2342.000000 1.358584
 2343.000000 1.346364
 2344.000000 1.332934
 2345.000000 1.319652
 2346.000000 1.307983
 2347.000000 1.299247
 2348.000000 1.294218
 2349.000000 1.293216
 2350.000000 1.296010
 2351.000000 1.301914
 2352.000000 1.309888
 2353.000000 1.318648
 2354.000000 1.326960
 2355.000000 1.333598
 2356.000000 1.337626
 2357.000000 1.338446
 2358.000000 1.335841
 2359.000000 1.329972
 2360.000000 1.321346
 2361.000000 1.310688
 2362.000000 1.298905
 2363.000000 1.286979
 2364.000000 1.276009
 2365.000000 1.266773
 2366.000000 1.259849
 2367.000000 1.255371
 2368.000000 1.253286
 2369.000000 1.253303
 2370.000000 1.255059
 2371.000000 1.258212
 2372.000000 1.262528
 2373.000000 1.267880
 2374.000000 1.274152
 2375.000000 1.281229
 2376.000000 1.288971
 2377.000000 1.297090
 2378.000000 1.305160
 2379.000000 1.312695
 2380.000000 1.319237
 2381.000000 1.324320
 2382.000000 1.327399
 2383.000000 1.327997
 2384.000000 1.325790
 2385.000000 1.320682
 2386.000000 1.312805
 2387.000000 1.302758
 2388.000000 1.291300
 2389.000000 1.279419
 2390.000000 1.268496
 2391.000000 1.259731
 2392.000000 1.254048
 2393.000000 1.251695
 2394.000000 1.252515
 2395.000000 1.255853
 2396.000000 1.260715
 2397.000000 1.265966
 2398.000000 1.270716
 2399.000000 1.274273
 2400.000000 1.276365
 2401.000000 1.277141
 2402.000000 1.277050
 2403.000000 1.276737
 2404.000000 1.276875
 2405.000000 1.278022
 2406.000000 1.280464
 2407.000000 1.284246
 2408.000000 1.289209
 2409.000000 1.294992
 2410.000000 1.301035
 2411.000000 1.306656
 2412.000000 1.311041
 2413.000000 1.313466
 2414.000000 1.313261
 2415.000000 1.309999
 2416.000000 1.303586
 2417.000000 1.294297
 2418.000000 1.282916
 2419.000000 1.270641
 2420.000000 1.259043
 2421.000000 1.249528
 2422.000000 1.243426
 2423.000000 1.241802
 2424.000000 1.245101
 2425.000000 1.253116
 2426.000000 1.264952
 2427.000000 1.279545
 2428.000000 1.295501
 2429.000000 1.311138
 2430.000000 1.325271
 2431.000000 1.336818
 2432.000000 1.345562
 2433.000000 1.351498
 2434.000000 1.355071
 2435.000000 1.356890
 2436.000000 1.357620
 2437.000000 1.357839
 2438.000000 1.357910
 2439.000000 1.357958
 2440.000000 1.357864
 2441.000000 1.357295
 2442.000000 1.355761
 2443.000000 1.352667
 2444.000000 1.347395
 2445.000000 1.339419
 2446.000000 1.328331
 2447.000000 1.314120
 2448.000000 1.297159
 2449.000000 1.278165
 2450.000000 1.258276
 2451.000000 1.239146
 2452.000000 1.222886
 2453.000000 1.211161
 2454.000000 1.205482
 2455.000000 1.206621
 2456.000000 1.214538
 2457.000000 1.228314
 2458.000000 1.246224
 2459.000000 1.266502
 2460.000000 1.287551
 2461.000000 1.307742
 2462.000000 1.325832
 2463.000000 1.341032
 2464.000000 1.352955
 2465.000000 1.361227
 2466.000000 1.365744
 2467.000000 1.366608
 2468.000000 1.364101
 2469.000000 1.358538
 2470.000000 1.350425
 2471.000000 1.340411
 2472.000000 1.329065
 2473.000000 1.316848
 2474.000000 1.304239
 2475.000000 1.291399
 2476.000000 1.278617
 2477.000000 1.266250
 2478.000000 1.254808
 2479.000000 1.245093
 2480.000000 1.238023
 2481.000000 1.234270
 2482.000000 1.234442
 2483.000000 1.238823
 2484.000000 1.247278
 2485.000000 1.259198
 2486.000000 1.273456
 2487.000000 1.288821
 2488.000000 1.303913
 2489.000000 1.317536
 2490.000000 1.328600
 2491.000000 1.336478
 2492.000000 1.340686
 2493.000000 1.341192
 2494.000000 1.338259
 2495.000000 1.332381
 2496.000000 1.324230
 2497.000000 1.314472
 2498.000000 1.303831
 2499.000000 1.292961
 2500.000000 1.282461
 2501.000000 1.272882
 2502.000000 1.264635
 2503.000000 1.257993
 2504.000000 1.253035
 2505.000000 1.249757
 2506.000000 1.248125
 2507.000000 1.247992
 2508.000000 1.249123
 2509.000000 1.251229
 2510.000000 1.254041
 2511.000000 1.257339
 2512.000000 1.261053
 2513.000000 1.265189
 2514.000000 1.269792
 2515.000000 1.274983
 2516.000000 1.280886
 2517.000000 1.287543
 2518.000000 1.294734
 2519.000000 1.302301
 2520.000000 1.309814
 2521.000000 1.316824
 2522.000000 1.322785
 2523.000000 1.327172
 2524.000000 1.329618
 2525.000000 1.329858
 2526.000000 1.327818
 2527.000000 1.323690
 2528.000000 1.317885
 2529.000000 1.310881
 2530.000000 1.303317
 2531.000000 1.296009
 2532.000000 1.289610
 2533.000000 1.284723
 2534.000000 1.281833
 2535.000000 1.281086
 2536.000000 1.282389
 2537.000000 1.285393
 2538.000000 1.289576
 2539.000000 1.294260
 2540.000000 1.298717
 2541.000000 1.302270
 2542.000000 1.304438
 2543.000000 1.304870
 2544.000000 1.303511
 2545.000000 1.300545
 2546.000000 1.296360
 2547.000000 1.291507
 2548.000000 1.286586
 2549.000000 1.282077
 2550.000000 1.278434
 2551.000000 1.276063
 2552.000000 1.275085
 2553.000000 1.275440
 2554.000000 1.276886
 2555.000000 1.279055
 2556.000000 1.281511
 2557.000000 1.283810
 2558.000000 1.285689
 2559.000000 1.287045
 2560.000000 1.288041
 2561.000000 1.289069
 2562.000000 1.290668
 2563.000000 1.293442
 2564.000000 1.297826
 2565.000000 1.304013
 2566.000000 1.311959
 2567.000000 1.321152
 2568.000000 1.330930
 2569.000000 1.340172
 2570.000000 1.347641
 2571.000000 1.352328
 2572.000000 1.353524
 2573.000000 1.350915
 2574.000000 1.344724
 2575.000000 1.335703
 2576.000000 1.324832
 2577.000000 1.313433
 2578.000000 1.302749
 2579.000000 1.293722
 2580.000000 1.286957
 2581.000000 1.282684
 2582.000000 1.280787
 2583.000000 1.280741
 2584.000000 1.281780
 2585.000000 1.283062
 2586.000000 1.283821
 2587.000000 1.283550
 2588.000000 1.282114
 2589.000000 1.279761
 2590.000000 1.277061
 2591.000000 1.274674
 2592.000000 1.273183
 2593.000000 1.272953
 2594.000000 1.274090
 2595.000000 1.276441
 2596.000000 1.279576
 2597.000000 1.282907
 2598.000000 1.285739
 2599.000000 1.287384
 2600.000000 1.287363
 2601.000000 1.285545
 2602.000000 1.282167
 2603.000000 1.277772
 2604.000000 1.273153
 2605.000000 1.269117
 2606.000000 1.266297
 2607.000000 1.265184
 2608.000000 1.265962
 2609.000000 1.268533
 2610.000000 1.272632
 2611.000000 1.277839
 2612.000000 1.283789
 2613.000000 1.289919
 2614.000000 1.295866
 2615.000000 1.301290
 2616.000000 1.305998
 2617.000000 1.309909
 2618.000000 1.313070
 2619.000000 1.315472
 2620.000000 1.317105
 2621.000000 1.317950
 2622.000000 1.317964
 2623.000000 1.317080
 2624.000000 1.315224
 2625.000000 1.312292
 2626.000000 1.308210
 2627.000000 1.302932
 2628.000000 1.296459
 2629.000000 1.288973
 2630.000000 1.280723
 2631.000000 1.271993
 2632.000000 1.263220
 2633.000000 1.255106
 2634.000000 1.248257
 2635.000000 1.243275
 2636.000000 1.240745
 2637.000000 1.241060
 2638.000000 1.244288
 2639.000000 1.250222
 2640.000000 1.258329
 2641.000000 1.267696
 2642.000000 1.277712
 2643.000000 1.287475
 2644.000000 1.296107
 2645.000000 1.302923
 2646.000000 1.307505
 2647.000000 1.309652
 2648.000000 1.309321
 2649.000000 1.306694
 2650.000000 1.302131
 2651.000000 1.296194
 2652.000000 1.289488
 2653.000000 1.282688
 2654.000000 1.276400
 2655.000000 1.271059
 2656.000000 1.266960
 2657.000000 1.264189
 2658.000000 1.262707
 2659.000000 1.262344
 2660.000000 1.262863
 2661.000000 1.263989
 2662.000000 1.265482
 2663.000000 1.267211
 2664.000000 1.269134
 2665.000000 1.271367
 2666.000000 1.274049
 2667.000000 1.277295
 2668.000000 1.281150
 2669.000000 1.285512
 2670.000000 1.290216
 2671.000000 1.294965
 2672.000000 1.299451
 2673.000000 1.303330
 2674.000000 1.306332
 2675.000000 1.308199
 2676.000000 1.308703
 2677.000000 1.307654
 2678.000000 1.304879
 2679.000000 1.300310
 2680.000000 1.294051
 2681.000000 1.286332
 2682.000000 1.277724
 2683.000000 1.268853
 2684.000000 1.260382
 2685.000000 1.252988
 2686.000000 1.247411
 2687.000000 1.244129
 2688.000000 1.243290
 2689.000000 1.244790
 2690.000000 1.248360
 2691.000000 1.253528
 2692.000000 1.259748
 2693.000000 1.266490
 2694.000000 1.273248
 2695.000000 1.279415
 2696.000000 1.284543
 2697.000000 1.288279
 2698.000000 1.290324
 2699.000000 1.290609
 2700.000000 1.289247
 2701.000000 1.286554
 2702.000000 1.283049
 2703.000000 1.279354
 2704.000000 1.276160
 2705.000000 1.274050
 2706.000000 1.273579
 2707.000000 1.275100
 2708.000000 1.278673
 2709.000000 1.284091
 2710.000000 1.290886
 2711.000000 1.298356
 2712.000000 1.305717
 2713.000000 1.311975
 2714.000000 1.316405
 2715.000000 1.318443
 2716.000000 1.317868
