#! FIELDS time d
 0.000000 2.645500
 1.000000 2.643678
 2.000000 2.643329
 3.000000 2.644023
 4.000000 2.645293
 5.000000 2.646760
 6.000000 2.648185
 7.000000 2.649560
 8.000000 2.651091
 9.000000 2.653181
 10.000000 2.656289
 11.000000 2.660825
 12.000000 2.667161
 13.000000 2.675446
 14.000000 2.685764
 15.000000 2.698011
 16.000000 2.711979
 17.000000 2.727404
 18.000000 2.743823
 19.000000 2.761122
 20.000000 2.778699
 21.000000 2.796204
 22.000000 2.813809
 23.000000 2.831306
 24.000000 2.848673
 25.000000 2.866034
 26.000000 2.883368
 27.000000 2.900872
 28.000000 2.918634
 29.000000 2.937010
 30.000000 2.955930
 31.000000 2.975763
 32.000000 2.996362
 33.000000 3.017097
 34.000000 3.036370
 35.000000 3.051255
 36.000000 3.059809
 37.000000 3.061089
 38.000000 3.055445
 39.000000 3.044361
 40.000000 3.030178
 41.000000 3.015236
 42.000000 3.001697
 43.000000 2.990847
 44.000000 2.982420
 45.000000 2.975373
 46.000000 2.968687
 47.000000 2.961362
 48.000000 2.952695
 49.000000 2.942285
 50.000000 2.930181
 51.000000 2.916835
 52.000000 2.903148
 53.000000 2.890220
 54.000000 2.879123
 55.000000 2.870734
 56.000000 2.865942
 57.000000 2.865124
 58.000000 2.868276
 59.000000 2.874876
 60.000000 2.884102
 61.000000 2.895025
 62.000000 2.906364
 63.000000 2.916935
 64.000000 2.925818
 65.000000 2.932431
 66.000000 2.936471
 67.000000 2.938090
 68.000000 2.937921
 69.000000 2.936985
 70.000000 2.936487
 71.000000 2.937617
 72.000000 2.941345
 73.000000 2.948215
 74.000000 2.958192
 75.000000 2.970733
 76.000000 2.984845
 77.000000 2.999322
 78.000000 3.012514
 79.000000 3.022123
 80.000000 3.026476
 81.000000 3.024812
 82.000000 3.017604
 83.000000 3.006405
 84.000000 2.993563
 85.000000 2.980980
 86.000000 2.970038
 87.000000 2.961554
 88.000000 2.955732
 89.000000 2.952086
 90.000000 2.949555
 91.000000 2.946754
 92.000000 2.942323
 93.000000 2.935361
 94.000000 2.925424
 95.000000 2.912678
 96.000000 2.897795
 97.000000 2.882027
 98.000000 2.866751
 99.000000 2.853668
 100.000000 2.843992
 101.000000 2.838514
 102.000000 2.837528
 103.000000 2.840740
 104.000000 2.847341
 105.000000 2.856110
 106.000000 2.865917
 107.000000 2.875739
 108.000000 2.884752
 109.000000 2.892279
 110.000000 2.898030
 111.000000 2.902139
 112.000000 2.904938
 113.000000 2.906973
 114.000000 2.908934
 115.000000 2.911702
 116.000000 2.916243
 117.000000 2.923379
 118.000000 2.933513
 119.000000 2.946462
 120.000000 2.961471
 121.000000 2.977438
 122.000000 2.993287
 123.000000 3.008404
 124.000000 3.021337
 125.000000 3.030213
 126.000000 3.033604
 127.000000 3.031049
 128.000000 3.023009
 129.000000 3.010936
 130.000000 2.997205
 131.000000 2.983952
 132.000000 2.972510
 133.000000 2.963617
 134.000000 2.957860
 135.000000 2.955296
 136.000000 2.955324
 137.000000 2.956801
 138.000000 2.958213
 139.000000 2.957954
 140.000000 2.954661
 141.000000 2.947511
 142.000000 2.936252
 143.000000 2.921488
 144.000000 2.904449
 145.000000 2.887050
 146.000000 2.871736
 147.000000 2.860521
 148.000000 2.854990
 149.000000 2.855968
 150.000000 2.863167
 151.000000 2.875421
 152.000000 2.890741
 153.000000 2.906867
 154.000000 2.921455
 155.000000 2.932892
 156.000000 2.940338
 157.000000 2.943608
 158.000000 2.943214
 159.000000 2.940216
 160.000000 2.936097
 161.000000 2.932408
 162.000000 2.930460
 163.000000 2.931010
 164.000000 2.934373
 165.000000 2.940330
 166.000000 2.948241
 167.000000 2.957154
 168.000000 2.966140
 169.000000 2.974353
 170.000000 2.981105
 171.000000 2.986046
 172.000000 2.989184
 173.000000 2.990712
 174.000000 2.990976
 175.000000 2.990407
 176.000000 2.989530
 177.000000 2.988965
 178.000000 2.989412
 179.000000 2.991603
 180.000000 2.996186
 181.000000 3.003711
 182.000000 3.013830
 183.000000 3.025068
 184.000000 3.035751
 185.000000 3.044256
 186.000000 3.049157
 187.000000 3.049251
 188.000000 3.044135
 189.000000 3.034205
 190.000000 3.020700
 191.000000 3.005094
 192.000000 2.989255
 193.000000 2.974135
 194.000000 2.959938
 195.000000 2.947016
 196.000000 2.935547
 197.000000 2.925798
 198.000000 2.917785
 199.000000 2.911299
 200.000000 2.905866
 201.000000 2.900910
 202.000000 2.895652
 203.000000 2.889219
 204.000000 2.881032
 205.000000 2.870489
 206.000000 2.857715
 207.000000 2.843233
 208.000000 2.828096
 209.000000 2.813780
 210.000000 2.801471
 211.000000 2.792327
 212.000000 2.786933
 213.000000 2.785435
 214.000000 2.787440
 215.000000 2.792087
 216.000000 2.798236
 217.000000 2.804629
 218.000000 2.810152
 219.000000 2.813863
 220.000000 2.815136
 221.000000 2.813863
 222.000000 2.810404
 223.000000 2.805425
 224.000000 2.799967
 225.000000 2.795150
 226.000000 2.791878
 227.000000 2.790744
 228.000000 2.791924
 229.000000 2.795220
 230.000000 2.800187
 231.000000 2.806087
 232.000000 2.812107
 233.000000 2.817503
 234.000000 2.821728
 235.000000 2.824533
 236.000000 2.825908
 237.000000 2.826191
 238.000000 2.825867
 239.000000 2.825488
 240.000000 2.825598
 241.000000 2.826637
 242.000000 2.828890
 243.000000 2.832457
 244.000000 2.837169
 245.000000 2.842639
 246.000000 2.848315
 247.000000 2.853583
 248.000000 2.857931
 249.000000 2.861035
 250.000000 2.862649
 251.000000 2.862657
 252.000000 2.861074
 253.000000 2.858026
 254.000000 2.853814
 255.000000 2.848930
 256.000000 2.843996
 257.000000 2.839556
 258.000000 2.836006
 259.000000 2.833689
 260.000000 2.832665
 261.000000 2.832786
 262.000000 2.833664
 263.000000 2.834716
 264.000000 2.835219
 265.000000 2.834429
 266.000000 2.831721
 267.000000 2.826701
 268.000000 2.819342
 269.000000 2.809848
 270.000000 2.798764
 271.000000 2.786885
 272.000000 2.775183
 273.000000 2.764614
 274.000000 2.756134
 275.000000 2.750233
 276.000000 2.746865
 277.000000 2.745620
 278.000000 2.745677
 279.000000 2.745998
 280.000000 2.745571
 281.000000 2.743574
 282.000000 2.739427
 283.000000 2.732891
 284.000000 2.724084
 285.000000 2.713546
 286.000000 2.701998
 287.000000 2.690383
 288.000000 2.679806
 289.000000 2.671153
 290.000000 2.665072
 291.000000 2.661765
 292.000000 2.661102
 293.000000 2.662675
 294.000000 2.665869
 295.000000 2.669997
 296.000000 2.674384
 297.000000 2.678483
 298.000000 2.681990
 299.000000 2.684716
 300.000000 2.686723
 301.000000 2.688090
 302.000000 2.688890
 303.000000 2.689178
 304.000000 2.689041
 305.000000 2.688646
 306.000000 2.688242
 307.000000 2.688089
 308.000000 2.688381
 309.000000 2.689175
 310.000000 2.690401
 311.000000 2.691896
 312.000000 2.693401
 313.000000 2.694654
 314.000000 2.695364
 315.000000 2.695152
 316.000000 2.693597
 317.000000 2.690278
 318.000000 2.684977
 319.000000 2.677769
 320.000000 2.668916
 321.000000 2.659024
 322.000000 2.648664
 323.000000 2.638651
 324.000000 2.629463
 325.000000 2.621649
 326.000000 2.615693
 327.000000 2.611598
 328.000000 2.608971
 329.000000 2.607053
 330.000000 2.604906
 331.000000 2.601666
 332.000000 2.596698
 333.000000 2.589642
 334.000000 2.580591
 335.000000 2.569913
 336.000000 2.558453
 337.000000 2.547206
 338.000000 2.537222
 339.000000 2.529395
 340.000000 2.524241
 341.000000 2.521944
 342.000000 2.522460
 343.000000 2.525520
 344.000000 2.530708
 345.000000 2.537578
 346.000000 2.545737
 347.000000 2.554801
 348.000000 2.564659
 349.000000 2.575232
 350.000000 2.586315
 351.000000 2.597861
 352.000000 2.609807
 353.000000 2.621984
 354.000000 2.634089
 355.000000 2.645727
 356.000000 2.656783
 357.000000 2.667185
 358.000000 2.676942
 359.000000 2.686275
 360.000000 2.695551
 361.000000 2.705066
 362.000000 2.715480
 363.000000 2.727406
 364.000000 2.741373
 365.000000 2.757663
 366.000000 2.775897
 367.000000 2.795626
 368.000000 2.815939
 369.000000 2.835900
 370.000000 2.854723
 371.000000 2.871484
 372.000000 2.885860
 373.000000 2.897938
 374.000000 2.908146
 375.000000 2.916948
 376.000000 2.924757
 377.000000 2.932188
 378.000000 2.939647
 379.000000 2.947168
 380.000000 2.954400
 381.000000 2.960789
 382.000000 2.965915
 383.000000 2.969441
 384.000000 2.971179
 385.000000 2.971150
 386.000000 2.969601
 387.000000 2.967006
 388.000000 2.964033
 389.000000 2.961382
 390.000000 2.959735
 391.000000 2.959555
 392.000000 2.961031
 393.000000 2.964060
 394.000000 2.968338
 395.000000 2.973419
 396.000000 2.978798
 397.000000 2.983874
 398.000000 2.988225
 399.000000 2.991564
 400.000000 2.993859
 401.000000 2.995266
 402.000000 2.996199
 403.000000 2.997192
 404.000000 2.998838
 405.000000 3.001666
 406.000000 3.005962
 407.000000 3.011589
 408.000000 3.018251
 409.000000 3.025421
 410.000000 3.032502
 411.000000 3.038637
 412.000000 3.042896
 413.000000 3.044472
 414.000000 3.042856
 415.000000 3.038056
 416.000000 3.030550
 417.000000 3.021290
 418.000000 3.011135
 419.000000 3.001223
 420.000000 2.992225
 421.000000 2.984034
 422.000000 2.976616
 423.000000 2.969776
 424.000000 2.963523
 425.000000 2.957873
 426.000000 2.953017
 427.000000 2.948932
 428.000000 2.945742
 429.000000 2.943472
 430.000000 2.942007
 431.000000 2.941043
 432.000000 2.940100
 433.000000 2.938673
 434.000000 2.936308
 435.000000 2.932694
 436.000000 2.927617
 437.000000 2.921149
 438.000000 2.913539
 439.000000 2.905312
 440.000000 2.897040
 441.000000 2.889495
 442.000000 2.883362
 443.000000 2.879027
 444.000000 2.876634
 445.000000 2.876004
 446.000000 2.876652
 447.000000 2.877862
 448.000000 2.878762
 449.000000 2.878442
 450.000000 2.876050
 451.000000 2.870869
 452.000000 2.862385
 453.000000 2.850603
 454.000000 2.836322
 455.000000 2.820895
 456.000000 2.805638
 457.000000 2.791857
 458.000000 2.780654
 459.000000 2.772506
 460.000000 2.767907
 461.000000 2.767066
 462.000000 2.769793
 463.000000 2.775644
 464.000000 2.784035
 465.000000 2.794336
 466.000000 2.805868
 467.000000 2.818025
 468.000000 2.830245
 469.000000 2.842168
 470.000000 2.853360
 471.000000 2.863628
 472.000000 2.872901
 473.000000 2.881350
 474.000000 2.889258
 475.000000 2.896959
 476.000000 2.904783
 477.000000 2.912911
 478.000000 2.921473
 479.000000 2.930585
 480.000000 2.940153
 481.000000 2.949934
 482.000000 2.959797
 483.000000 2.969676
 484.000000 2.979678
 485.000000 2.990214
 486.000000 3.001989
 487.000000 3.015505
 488.000000 3.029956
 489.000000 3.044276
 490.000000 3.057151
 491.000000 3.067278
 492.000000 3.073435
 493.000000 3.074775
 494.000000 3.070974
 495.000000 3.062424
 496.000000 3.050175
 497.000000 3.035719
 498.000000 3.020716
 499.000000 3.006687
 500.000000 2.994848
 501.000000 2.985522
 502.000000 2.978366
 503.000000 2.972862
 504.000000 2.968796
 505.000000 2.966199
 506.000000 2.965173
 507.000000 2.965858
 508.000000 2.968379
 509.000000 2.972810
 510.000000 2.979232
 511.000000 2.987834
 512.000000 2.998660
 513.000000 3.011686
 514.000000 3.025684
 515.000000 3.038851
 516.000000 3.049696
 517.000000 3.056918
 518.000000 3.059866
 519.000000 3.058779
 520.000000 3.054580
 521.000000 3.048427
 522.000000 3.041422
 523.000000 3.034566
 524.000000 3.028541
 525.000000 3.023880
 526.000000 3.020834
 527.000000 3.019323
 528.000000 3.019022
 529.000000 3.019451
 530.000000 3.020111
 531.000000 3.020523
 532.000000 3.020275
 533.000000 3.018978
 534.000000 3.016345
 535.000000 3.012341
 536.000000 3.007273
 537.000000 3.001872
 538.000000 2.997102
 539.000000 2.993549
 540.000000 2.991610
 541.000000 2.991741
 542.000000 2.994379
 543.000000 2.999957
 544.000000 3.008657
 545.000000 3.019838
 546.000000 3.032143
 547.000000 3.044068
 548.000000 3.054064
 549.000000 3.060832
 550.000000 3.063575
 551.000000 3.062271
 552.000000 3.057614
 553.000000 3.050771
 554.000000 3.043031
 555.000000 3.035316
 556.000000 3.028413
 557.000000 3.022580
 558.000000 3.017631
 559.000000 3.013093
 560.000000 3.008470
 561.000000 3.003501
 562.000000 2.998246
 563.000000 2.992915
 564.000000 2.987860
 565.000000 2.983728
 566.000000 2.981299
 567.000000 2.981478
 568.000000 2.985058
 569.000000 2.992647
 570.000000 3.004335
 571.000000 3.019144
 572.000000 3.034623
 573.000000 3.047836
 574.000000 3.056402
 575.000000 3.058570
 576.000000 3.053969
 577.000000 3.043600
 578.000000 3.029497
 579.000000 3.014226
 580.000000 3.000766
 581.000000 2.991564
 582.000000 2.987533
 583.000000 2.988614
 584.000000 2.994104
 585.000000 3.002763
 586.000000 3.012551
 587.000000 3.020988
 588.000000 3.025783
 589.000000 3.025684
 590.000000 3.020550
 591.000000 3.011477
 592.000000 3.000520
 593.000000 2.990269
 594.000000 2.982364
 595.000000 2.977968
 596.000000 2.977749
 597.000000 2.981764
 598.000000 2.989476
 599.000000 3.000071
 600.000000 3.012304
 601.000000 3.023980
 602.000000 3.033169
 603.000000 3.038712
 604.000000 3.040385
 605.000000 3.038950
 606.000000 3.035961
 607.000000 3.033348
 608.000000 3.032877
 609.000000 3.035695
 610.000000 3.042098
 611.000000 3.051388
 612.000000 3.062033
 613.000000 3.071802
 614.000000 3.078324
 615.000000 3.079793
 616.000000 3.075665
 617.000000 3.066673
 618.000000 3.054526
 619.000000 3.041368
 620.000000 3.029053
 621.000000 3.018798
 622.000000 3.011107
 623.000000 3.006010
 624.000000 3.003165
 625.000000 3.002030
 626.000000 3.001986
 627.000000 3.002431
 628.000000 3.002927
 629.000000 3.003268
 630.000000 3.003517
 631.000000 3.003896
 632.000000 3.004635
 633.000000 3.005830
 634.000000 3.007439
 635.000000 3.009424
 636.000000 3.011778
 637.000000 3.014546
 638.000000 3.017847
 639.000000 3.021796
 640.000000 3.026473
 641.000000 3.031798
 642.000000 3.037789
 643.000000 3.044337
 644.000000 3.051178
 645.000000 3.057863
 646.000000 3.063449
 647.000000 3.066870
 648.000000 3.067332
 649.000000 3.064647
 650.000000 3.059253
 651.000000 3.052022
 652.000000 3.043952
 653.000000 3.035916
 654.000000 3.028514
 655.000000 3.022056
 656.000000 3.016682
 657.000000 3.012342
 658.000000 3.008741
 659.000000 3.005527
 660.000000 3.002304
 661.000000 2.998837
 662.000000 2.995029
 663.000000 2.990708
 664.000000 2.986031
 665.000000 2.981163
 666.000000 2.976508
 667.000000 2.972478
 668.000000 2.969547
 669.000000 2.967979
 670.000000 2.967721
 671.000000 2.968333
 672.000000 2.969079
 673.000000 2.969035
 674.000000 2.967295
 675.000000 2.963030
 676.000000 2.955609
 677.000000 2.944668
 678.000000 2.930068
 679.000000 2.911925
 680.000000 2.890674
 681.000000 2.867064
 682.000000 2.842196
 683.000000 2.817238
 684.000000 2.793735
 685.000000 2.773127
 686.000000 2.755919
 687.000000 2.741459
 688.000000 2.728882
 689.000000 2.716907
 690.000000 2.704288
 691.000000 2.689663
 692.000000 2.672034
 693.000000 2.650891
 694.000000 2.626619
 695.000000 2.600246
 696.000000 2.573888
 697.000000 2.549555
 698.000000 2.528849
 699.000000 2.512754
 700.000000 2.501522
 701.000000 2.494660
 702.000000 2.491320
 703.000000 2.490375
 704.000000 2.490704
 705.000000 2.491415
 706.000000 2.492023
 707.000000 2.492424
 708.000000 2.492806
 709.000000 2.493584
 710.000000 2.495397
 711.000000 2.499121
 712.000000 2.505637
 713.000000 2.515769
 714.000000 2.530035
 715.000000 2.548267
 716.000000 2.569523
 717.000000 2.592604
 718.000000 2.616336
 719.000000 2.639503
 720.000000 2.660966
 721.000000 2.680531
 722.000000 2.698825
 723.000000 2.716686
 724.000000 2.734800
 725.000000 2.753768
 726.000000 2.773723
 727.000000 2.794233
 728.000000 2.814792
 729.000000 2.834644
 730.000000 2.852932
 731.000000 2.869073
 732.000000 2.882826
 733.000000 2.894186
 734.000000 2.903199
 735.000000 2.909707
 736.000000 2.913648
 737.000000 2.914915
 738.000000 2.913405
 739.000000 2.909027
 740.000000 2.901745
 741.000000 2.891504
 742.000000 2.878469
 743.000000 2.863071
 744.000000 2.845975
 745.000000 2.828326
 746.000000 2.811014
 747.000000 2.794749
 748.000000 2.779868
 749.000000 2.766395
 750.000000 2.754008
 751.000000 2.742653
 752.000000 2.732228
 753.000000 2.722755
 754.000000 2.714532
 755.000000 2.707943
 756.000000 2.703676
 757.000000 2.702503
 758.000000 2.705128
 759.000000 2.712148
 760.000000 2.723846
 761.000000 2.739895
 762.000000 2.759776
 763.000000 2.782436
 764.000000 2.806423
 765.000000 2.829983
 766.000000 2.851430
 767.000000 2.869858
 768.000000 2.885502
 769.000000 2.899129
 770.000000 2.912054
 771.000000 2.925524
 772.000000 2.939949
 773.000000 2.955235
 774.000000 2.970901
 775.000000 2.986316
 776.000000 3.000996
 777.000000 3.014872
 778.000000 3.027032
 779.000000 3.036955
 780.000000 3.044202
 781.000000 3.048827
 782.000000 3.051397
 783.000000 3.052790
 784.000000 3.053859
 785.000000 3.054997
 786.000000 3.055994
 787.000000 3.056284
 788.000000 3.055276
 789.000000 3.052511
 790.000000 3.047739
 791.000000 3.040994
 792.000000 3.032663
 793.000000 3.023288
 794.000000 3.013611
 795.000000 3.004659
 796.000000 2.997506
 797.000000 2.992362
 798.000000 2.988869
 799.000000 2.986431
 800.000000 2.984477
 801.000000 2.982458
 802.000000 2.979955
 803.000000 2.976644
 804.000000 2.972331
 805.000000 2.966967
 806.000000 2.960612
 807.000000 2.953557
 808.000000 2.946284
 809.000000 2.939246
 810.000000 2.932516
 811.000000 2.925935
 812.000000 2.919063
 813.000000 2.911553
 814.000000 2.903114
 815.000000 2.893311
 816.000000 2.881901
 817.000000 2.868714
 818.000000 2.853786
 819.000000 2.837621
 820.000000 2.820708
 821.000000 2.804214
 822.000000 2.788843
 823.000000 2.774958
 824.000000 2.762799
 825.000000 2.752477
 826.000000 2.743851
 827.000000 2.737075
 828.000000 2.732156
 829.000000 2.729224
 830.000000 2.728427
 831.000000 2.729845
 832.000000 2.733481
 833.000000 2.739405
 834.000000 2.747517
 835.000000 2.757557
 836.000000 2.768971
 837.000000 2.780926
 838.000000 2.792315
 839.000000 2.802437
 840.000000 2.810893
 841.000000 2.817519
 842.000000 2.822612
 843.000000 2.826768
 844.000000 2.830642
 845.000000 2.834763
 846.000000 2.839405
 847.000000 2.844468
 848.000000 2.849540
 849.000000 2.853807
 850.000000 2.856437
 851.000000 2.856555
 852.000000 2.853526
 853.000000 2.847144
 854.000000 2.837652
 855.000000 2.825752
 856.000000 2.812424
 857.000000 2.798909
 858.000000 2.786586
 859.000000 2.776554
 860.000000 2.769645
 861.000000 2.766024
 862.000000 2.765127
 863.000000 2.765910
 864.000000 2.767164
 865.000000 2.767782
 866.000000 2.766943
 867.000000 2.764254
 868.000000 2.759870
 869.000000 2.754492
 870.000000 2.749275
 871.000000 2.745688
 872.000000 2.745128
 873.000000 2.748680
 874.000000 2.756804
 875.000000 2.769125
 876.000000 2.784158
 877.000000 2.800240
 878.000000 2.815593
 879.000000 2.828812
 880.000000 2.838479
 881.000000 2.843435
 882.000000 2.843279
 883.000000 2.838188
 884.000000 2.829001
 885.000000 2.816892
 886.000000 2.803255
 887.000000 2.789606
 888.000000 2.777071
 889.000000 2.766314
 890.000000 2.757817
 891.000000 2.751642
 892.000000 2.747439
 893.000000 2.744804
 894.000000 2.743255
 895.000000 2.742374
 896.000000 2.741878
 897.000000 2.741684
 898.000000 2.741881
 899.000000 2.742623
 900.000000 2.744017
 901.000000 2.746167
 902.000000 2.749250
 903.000000 2.753579
 904.000000 2.759503
 905.000000 2.767288
 906.000000 2.776771
 907.000000 2.787801
 908.000000 2.799948
 909.000000 2.812838
 910.000000 2.826239
 911.000000 2.840101
 912.000000 2.854493
 913.000000 2.869141
 914.000000 2.883804
 915.000000 2.898365
 916.000000 2.912795
 917.000000 2.927432
 918.000000 2.942436
 919.000000 2.957874
 920.000000 2.973608
 921.000000 2.989565
 922.000000 3.006028
 923.000000 3.022945
 924.000000 3.039062
 925.000000 3.052721
 926.000000 3.062100
 927.000000 3.065645
 928.000000 3.063027
 929.000000 3.055294
 930.000000 3.044627
 931.000000 3.033448
 932.000000 3.024101
 933.000000 3.018203
 934.000000 3.016751
 935.000000 3.020146
 936.000000 3.028067
 937.000000 3.039507
 938.000000 3.052534
 939.000000 3.064367
 940.000000 3.071689
 941.000000 3.071954
 942.000000 3.064351
 943.000000 3.049852
 944.000000 3.030879
 945.000000 3.009722
 946.000000 2.988204
 947.000000 2.967063
 948.000000 2.946483
 949.000000 2.927244
 950.000000 2.909662
 951.000000 2.894156
 952.000000 2.880466
 953.000000 2.868149
 954.000000 2.856208
 955.000000 2.843680
 956.000000 2.829998
 957.000000 2.814927
 958.000000 2.798778
 959.000000 2.782383
 960.000000 2.767275
 961.000000 2.754891
 962.000000 2.746371
 963.000000 2.742288
 964.000000 2.742956
 965.000000 2.748299
 966.000000 2.757882
 967.000000 2.770751
 968.000000 2.785723
 969.000000 2.801386
 970.000000 2.816420
 971.000000 2.829821
 972.000000 2.840929
 973.000000 2.849567
 974.000000 2.856022
 975.000000 2.861062
 976.000000 2.865593
 977.000000 2.870397
 978.000000 2.876112
 979.000000 2.883073
 980.000000 2.891314
 981.000000 2.900583
 982.000000 2.910280
 983.000000 2.919610
 984.000000 2.927691
 985.000000 2.933415
 986.000000 2.935922
 987.000000 2.934584
 988.000000 2.929175
 989.000000 2.919751
 990.000000 2.906660
 991.000000 2.890579
 992.000000 2.872530
 993.000000 2.854042
 994.000000 2.836047
 995.000000 2.819538
 996.000000 2.804992
 997.000000 2.792468
 998.000000 2.782083
 999.000000 2.773728
 1000.000000 2.767123
 1001.000000 2.762135
 1002.000000 2.758336
 1003.000000 2.755177
 1004.000000 2.752344
 1005.000000 2.749647
 1006.000000 2.747143
 1007.000000 2.745026
 1008.000000 2.743600
 1009.000000 2.743246
 1010.000000 2.744385
 1011.000000 2.747402
 1012.000000 2.752497
 1013.000000 2.759691
 1014.000000 2.768589
 1015.000000 2.778580
 1016.000000 2.788789
 1017.000000 2.798581
 1018.000000 2.807440
 1019.000000 2.814896
 1020.000000 2.820748
 1021.000000 2.825212
 1022.000000 2.828747
 1023.000000 2.831971
 1024.000000 2.835565
 1025.000000 2.840065
 1026.000000 2.845655
 1027.000000 2.852135
 1028.000000 2.858865
 1029.000000 2.865023
 1030.000000 2.869696
 1031.000000 2.872210
 1032.000000 2.872200
 1033.000000 2.869721
 1034.000000 2.865308
 1035.000000 2.859858
 1036.000000 2.854396
 1037.000000 2.849965
 1038.000000 2.847173
 1039.000000 2.846017
 1040.000000 2.845932
 1041.000000 2.846005
 1042.000000 2.845258
 1043.000000 2.842920
 1044.000000 2.838626
 1045.000000 2.832492
 1046.000000 2.824990
 1047.000000 2.817015
 1048.000000 2.809723
 1049.000000 2.804387
 1050.000000 2.802156
 1051.000000 2.803712
 1052.000000 2.809155
 1053.000000 2.818091
 1054.000000 2.829443
 1055.000000 2.842012
 1056.000000 2.854399
 1057.000000 2.865310
 1058.000000 2.874219
 1059.000000 2.880805
 1060.000000 2.885352
 1061.000000 2.888605
 1062.000000 2.891594
 1063.000000 2.895363
 1064.000000 2.900661
 1065.000000 2.907664
 1066.000000 2.916168
 1067.000000 2.925562
 1068.000000 2.934930
 1069.000000 2.943380
 1070.000000 2.950179
 1071.000000 2.954902
 1072.000000 2.957354
 1073.000000 2.957663
 1074.000000 2.956203
 1075.000000 2.953475
 1076.000000 2.950028
 1077.000000 2.946288
 1078.000000 2.942421
 1079.000000 2.938432
 1080.000000 2.934115
 1081.000000 2.929310
 1082.000000 2.923628
 1083.000000 2.916701
 1084.000000 2.908276
 1085.000000 2.898267
 1086.000000 2.886763
 1087.000000 2.874151
 1088.000000 2.861018
 1089.000000 2.847823
 1090.000000 2.834996
 1091.000000 2.822756
 1092.000000 2.811069
 1093.000000 2.799764
 1094.000000 2.788773
 1095.000000 2.778037
 1096.000000 2.767852
 1097.000000 2.758360
 1098.000000 2.749732
 1099.000000 2.742137
 1100.000000 2.735846
 1101.000000 2.731061
 1102.000000 2.727850
 1103.000000 2.726083
 1104.000000 2.725512
 1105.000000 2.725714
 1106.000000 2.726157
 1107.000000 2.726324
 1108.000000 2.725809
 1109.000000 2.724368
 1110.000000 2.721968
 1111.000000 2.718840
 1112.000000 2.715328
 1113.000000 2.711934
 1114.000000 2.709171
 1115.000000 2.707402
 1116.000000 2.706715
 1117.000000 2.706846
 1118.000000 2.707230
 1119.000000 2.707123
 1120.000000 2.705772
 1121.000000 2.702566
 1122.000000 2.697081
 1123.000000 2.689013
 1124.000000 2.678396
 1125.000000 2.665467
 1126.000000 2.650585
 1127.000000 2.634601
 1128.000000 2.618567
 1129.000000 2.603482
 1130.000000 2.589645
 1131.000000 2.576428
 1132.000000 2.562791
 1133.000000 2.547634
 1134.000000 2.529912
 1135.000000 2.509305
 1136.000000 2.485882
 1137.000000 2.459480
 1138.000000 2.431225
 1139.000000 2.403063
 1140.000000 2.376823
 1141.000000 2.354267
 1142.000000 2.336332
 1143.000000 2.323414
 1144.000000 2.315088
 1145.000000 2.310489
 1146.000000 2.308533
 1147.000000 2.307981
 1148.000000 2.307697
 1149.000000 2.306868
 1150.000000 2.305162
 1151.000000 2.302765
 1152.000000 2.300352
 1153.000000 2.298840
 1154.000000 2.299093
 1155.000000 2.301767
 1156.000000 2.307276
 1157.000000 2.315731
 1158.000000 2.327241
 1159.000000 2.341344
 1160.000000 2.357368
 1161.000000 2.374336
 1162.000000 2.391841
 1163.000000 2.409736
 1164.000000 2.427698
 1165.000000 2.445615
 1166.000000 2.463591
 1167.000000 2.481785
 1168.000000 2.500457
 1169.000000 2.519792
 1170.000000 2.540410
 1171.000000 2.562360
 1172.000000 2.585577
 1173.000000 2.609099
 1174.000000 2.631429
 1175.000000 2.651248
 1176.000000 2.668137
 1177.000000 2.681617
 1178.000000 2.691654
 1179.000000 2.698261
 1180.000000 2.701721
 1181.000000 2.702412
 1182.000000 2.700897
 1183.000000 2.697842
 1184.000000 2.693883
 1185.000000 2.689624
 1186.000000 2.685485
 1187.000000 2.681609
 1188.000000 2.677878
 1189.000000 2.673809
 1190.000000 2.668648
 1191.000000 2.661427
 1192.000000 2.651083
 1193.000000 2.636855
 1194.000000 2.618346
 1195.000000 2.595973
 1196.000000 2.571136
 1197.000000 2.545513
 1198.000000 2.520558
 1199.000000 2.497462
 1200.000000 2.476693
 1201.000000 2.458395
 1202.000000 2.442281
 1203.000000 2.428332
 1204.000000 2.416362
 1205.000000 2.406276
 1206.000000 2.398006
 1207.000000 2.391371
 1208.000000 2.386276
 1209.000000 2.382655
 1210.000000 2.380427
 1211.000000 2.379469
 1212.000000 2.379694
 1213.000000 2.381029
 1214.000000 2.383412
 1215.000000 2.386837
 1216.000000 2.391278
 1217.000000 2.396651
 1218.000000 2.402768
 1219.000000 2.409364
 1220.000000 2.416026
 1221.000000 2.422421
 1222.000000 2.428354
 1223.000000 2.433562
 1224.000000 2.438041
 1225.000000 2.441831
 1226.000000 2.445047
 1227.000000 2.447872
 1228.000000 2.450506
 1229.000000 2.453083
 1230.000000 2.455614
 1231.000000 2.458059
 1232.000000 2.460412
 1233.000000 2.462709
 1234.000000 2.465013
 1235.000000 2.467410
 1236.000000 2.470025
 1237.000000 2.472888
 1238.000000 2.476068
 1239.000000 2.479653
 1240.000000 2.483777
 1241.000000 2.488670
 1242.000000 2.494709
 1243.000000 2.502305
 1244.000000 2.511804
 1245.000000 2.523640
 1246.000000 2.538107
 1247.000000 2.554954
 1248.000000 2.573401
 1249.000000 2.592304
 1250.000000 2.609974
 1251.000000 2.625323
 1252.000000 2.637497
 1253.000000 2.646283
 1254.000000 2.652045
 1255.000000 2.655237
 1256.000000 2.656327
 1257.000000 2.655603
 1258.000000 2.653248
 1259.000000 2.649305
 1260.000000 2.643818
 1261.000000 2.636758
 1262.000000 2.628016
 1263.000000 2.617668
 1264.000000 2.605768
 1265.000000 2.592489
 1266.000000 2.578385
 1267.000000 2.563770
 1268.000000 2.549132
 1269.000000 2.534822
 1270.000000 2.520984
 1271.000000 2.507724
 1272.000000 2.495156
 1273.000000 2.483332
 1274.000000 2.472216
 1275.000000 2.461867
 1276.000000 2.452590
 1277.000000 2.444680
 1278.000000 2.438391
 1279.000000 2.433971
 1280.000000 2.431284
 1281.000000 2.429936
 1282.000000 2.429266
 1283.000000 2.428598
 1284.000000 2.427378
 1285.000000 2.425269
 1286.000000 2.422176
 1287.000000 2.418226
 1288.000000 2.413628
 1289.000000 2.408728
 1290.000000 2.403991
 1291.000000 2.399840
 1292.000000 2.396533
 1293.000000 2.394070
 1294.000000 2.392165
 1295.000000 2.390324
 1296.000000 2.388007
 1297.000000 2.384694
 1298.000000 2.379959
 1299.000000 2.373578
 1300.000000 2.365533
 1301.000000 2.356042
 1302.000000 2.345350
 1303.000000 2.333945
 1304.000000 2.322387
 1305.000000 2.311214
 1306.000000 2.300899
 1307.000000 2.291740
 1308.000000 2.283480
 1309.000000 2.275671
 1310.000000 2.267846
 1311.000000 2.259459
 1312.000000 2.249806
 1313.000000 2.238432
 1314.000000 2.225276
 1315.000000 2.210420
 1316.000000 2.194064
 1317.000000 2.176816
 1318.000000 2.159148
 1319.000000 2.142008
 1320.000000 2.126537
 1321.000000 2.113262
 1322.000000 2.102087
 1323.000000 2.092902
 1324.000000 2.085453
 1325.000000 2.079413
 1326.000000 2.074254
 1327.000000 2.069505
 1328.000000 2.064793
 1329.000000 2.059937
 1330.000000 2.054852
 1331.000000 2.049634
 1332.000000 2.044573
 1333.000000 2.040234
 1334.000000 2.037191
 1335.000000 2.036013
 1336.000000 2.037182
 1337.000000 2.040956
 1338.000000 2.047321
 1339.000000 2.055951
 1340.000000 2.066242
 1341.000000 2.077531
 1342.000000 2.088993
 1343.000000 2.100143
 1344.000000 2.110582
 1345.000000 2.120190
 1346.000000 2.129072
 1347.000000 2.137560
 1348.000000 2.146330
 1349.000000 2.156133
 1350.000000 2.167712
 1351.000000 2.181608
 1352.000000 2.198070
 1353.000000 2.216808
 1354.000000 2.236920
 1355.000000 2.257411
 1356.000000 2.276684
 1357.000000 2.293677
 1358.000000 2.307627
 1359.000000 2.318029
 1360.000000 2.324961
 1361.000000 2.328841
 1362.000000 2.330591
 1363.000000 2.331242
 1364.000000 2.331813
 1365.000000 2.333089
 1366.000000 2.335470
 1367.000000 2.338906
 1368.000000 2.342868
 1369.000000 2.346558
 1370.000000 2.349071
 1371.000000 2.349724
 1372.000000 2.348191
 1373.000000 2.344516
 1374.000000 2.339072
 1375.000000 2.332451
 1376.000000 2.325293
 1377.000000 2.318186
 1378.000000 2.311667
 1379.000000 2.306017
 1380.000000 2.301316
 1381.000000 2.297227
 1382.000000 2.293064
 1383.000000 2.287955
 1384.000000 2.281130
 1385.000000 2.272052
 1386.000000 2.260544
 1387.000000 2.247070
 1388.000000 2.232660
 1389.000000 2.218598
 1390.000000 2.205984
 1391.000000 2.196151
 1392.000000 2.189742
 1393.000000 2.187189
 1394.000000 2.188381
 1395.000000 2.192688
 1396.000000 2.199142
 1397.000000 2.206552
 1398.000000 2.213839
 1399.000000 2.220063
 1400.000000 2.224642
 1401.000000 2.227391
 1402.000000 2.228706
 1403.000000 2.229370
 1404.000000 2.230344
 1405.000000 2.232577
 1406.000000 2.236849
 1407.000000 2.243531
 1408.000000 2.252528
 1409.000000 2.263190
 1410.000000 2.274604
 1411.000000 2.285680
 1412.000000 2.295220
 1413.000000 2.302419
 1414.000000 2.306754
 1415.000000 2.308040
 1416.000000 2.306493
 1417.000000 2.302579
 1418.000000 2.297086
 1419.000000 2.290922
 1420.000000 2.284958
 1421.000000 2.279759
 1422.000000 2.275586
 1423.000000 2.272375
 1424.000000 2.269771
 1425.000000 2.267152
 1426.000000 2.263749
 1427.000000 2.258835
 1428.000000 2.251905
 1429.000000 2.242662
 1430.000000 2.231212
 1431.000000 2.217969
 1432.000000 2.203495
 1433.000000 2.188554
 1434.000000 2.174043
 1435.000000 2.160918
 1436.000000 2.149714
 1437.000000 2.140683
 1438.000000 2.133775
 1439.000000 2.128614
 1440.000000 2.124427
 1441.000000 2.120274
 1442.000000 2.115200
 1443.000000 2.108390
 1444.000000 2.099126
 1445.000000 2.087169
 1446.000000 2.072603
 1447.000000 2.056090
 1448.000000 2.038866
 1449.000000 2.022383
 1450.000000 2.007951
 1451.000000 1.996599
 1452.000000 1.988688
 1453.000000 1.983766
 1454.000000 1.980896
 1455.000000 1.978882
 1456.000000 1.976432
 1457.000000 1.972451
 1458.000000 1.966199
 1459.000000 1.957459
 1460.000000 1.946688
 1461.000000 1.934605
 1462.000000 1.922261
 1463.000000 1.910671
 1464.000000 1.900824
 1465.000000 1.893405
 1466.000000 1.888475
 1467.000000 1.885744
 1468.000000 1.884476
 1469.000000 1.883723
 1470.000000 1.882508
 1471.000000 1.879988
 1472.000000 1.875637
 1473.000000 1.869360
 1474.000000 1.861482
 1475.000000 1.852737
 1476.000000 1.844019
 1477.000000 1.836428
 1478.000000 1.830704
 1479.000000 1.827306
 1480.000000 1.826349
 1481.000000 1.827461
 1482.000000 1.830038
 1483.000000 1.833371
 1484.000000 1.836708
 1485.000000 1.839454
 1486.000000 1.841167
 1487.000000 1.841728
 1488.000000 1.841390
 1489.000000 1.840696
 1490.000000 1.840355
 1491.000000 1.841135
 1492.000000 1.843738
 1493.000000 1.848737
 1494.000000 1.856444
 1495.000000 1.866729
 1496.000000 1.879097
 1497.000000 1.892773
 1498.000000 1.906915
 1499.000000 1.920634
 1500.000000 1.933432
 1501.000000 1.945361
 1502.000000 1.956563
 1503.000000 1.967333
 1504.000000 1.978242
 1505.000000 1.989723
 1506.000000 2.001877
 1507.000000 2.014147
 1508.000000 2.025903
 1509.000000 2.036440
 1510.000000 2.044783
 1511.000000 2.050022
 1512.000000 2.051461
 1513.000000 2.048823
 1514.000000 2.042350
 1515.000000 2.032755
 1516.000000 2.021342
 1517.000000 2.009313
 1518.000000 1.997900
 1519.000000 1.987639
 1520.000000 1.978812
 1521.000000 1.971341
 1522.000000 1.964645
 1523.000000 1.958033
 1524.000000 1.950789
 1525.000000 1.942497
 1526.000000 1.933055
 1527.000000 1.922719
 1528.000000 1.912004
 1529.000000 1.901458
 1530.000000 1.892075
 1531.000000 1.884491
 1532.000000 1.879129
 1533.000000 1.876094
 1534.000000 1.875348
 1535.000000 1.876605
 1536.000000 1.879483
 1537.000000 1.883631
 1538.000000 1.888796
 1539.000000 1.894860
 1540.000000 1.901847
 1541.000000 1.909819
 1542.000000 1.918884
 1543.000000 1.929239
 1544.000000 1.940994
 1545.000000 1.954183
 1546.000000 1.969005
 1547.000000 1.985320
 1548.000000 2.002917
 1549.000000 2.021531
 1550.000000 2.040167
 1551.000000 2.057954
 1552.000000 2.073861
 1553.000000 2.087429
 1554.000000 2.098540
 1555.000000 2.107673
 1556.000000 2.115402
 1557.000000 2.122208
 1558.000000 2.128525
 1559.000000 2.134614
 1560.000000 2.140583
 1561.000000 2.146408
 1562.000000 2.152173
 1563.000000 2.157816
 1564.000000 2.163405
 1565.000000 2.168986
 1566.000000 2.174680
 1567.000000 2.180554
 1568.000000 2.186680
 1569.000000 2.192926
 1570.000000 2.199182
 1571.000000 2.205351
 1572.000000 2.211330
 1573.000000 2.217045
 1574.000000 2.222633
 1575.000000 2.228316
 1576.000000 2.234484
 1577.000000 2.241420
 1578.000000 2.249216
 1579.000000 2.257818
 1580.000000 2.266749
 1581.000000 2.275481
 1582.000000 2.283223
 1583.000000 2.289339
 1584.000000 2.293370
 1585.000000 2.295080
 1586.000000 2.294507
 1587.000000 2.291906
 1588.000000 2.287669
 1589.000000 2.282219
 1590.000000 2.275999
 1591.000000 2.269404
 1592.000000 2.262781
 1593.000000 2.256285
 1594.000000 2.249872
 1595.000000 2.243347
 1596.000000 2.236442
 1597.000000 2.228964
 1598.000000 2.220857
 1599.000000 2.212159
 1600.000000 2.203135
 1601.000000 2.194151
 1602.000000 2.185577
 1603.000000 2.177719
 1604.000000 2.170876
 1605.000000 2.165087
 1606.000000 2.160182
 1607.000000 2.155827
 1608.000000 2.151548
 1609.000000 2.146761
 1610.000000 2.140852
 1611.000000 2.133330
 1612.000000 2.123898
 1613.000000 2.112372
 1614.000000 2.098719
 1615.000000 2.083423
 1616.000000 2.067065
 1617.000000 2.050762
 1618.000000 2.035720
 1619.000000 2.022589
 1620.000000 2.011331
 1621.000000 2.001414
 1622.000000 1.992032
 1623.000000 1.982449
 1624.000000 1.971951
 1625.000000 1.960369
 1626.000000 1.947680
 1627.000000 1.934356
 1628.000000 1.921036
 1629.000000 1.908768
 1630.000000 1.898413
 1631.000000 1.890656
 1632.000000 1.885678
 1633.000000 1.883248
 1634.000000 1.882786
 1635.000000 1.883565
 1636.000000 1.884822
 1637.000000 1.885899
 1638.000000 1.886331
 1639.000000 1.885908
 1640.000000 1.884672
 1641.000000 1.882942
 1642.000000 1.881246
 1643.000000 1.880220
 1644.000000 1.880489
 1645.000000 1.882574
 1646.000000 1.886804
 1647.000000 1.893248
 1648.000000 1.901666
 1649.000000 1.911522
 1650.000000 1.922059
 1651.000000 1.932429
 1652.000000 1.941961
 1653.000000 1.950096
 1654.000000 1.956726
 1655.000000 1.962009
 1656.000000 1.966398
 1657.000000 1.970542
 1658.000000 1.975188
 1659.000000 1.981054
 1660.000000 1.988800
 1661.000000 1.998804
 1662.000000 2.010989
 1663.000000 2.024932
 1664.000000 2.039631
 1665.000000 2.053630
 1666.000000 2.065510
 1667.000000 2.074229
 1668.000000 2.079394
 1669.000000 2.081123
 1670.000000 2.080041
 1671.000000 2.077013
 1672.000000 2.073042
 1673.000000 2.069117
 1674.000000 2.065929
 1675.000000 2.063777
 1676.000000 2.062471
 1677.000000 2.061424
 1678.000000 2.059839
 1679.000000 2.056912
 1680.000000 2.052064
 1681.000000 2.045072
 1682.000000 2.036000
 1683.000000 2.025362
 1684.000000 2.013809
 1685.000000 2.002022
 1686.000000 1.990876
 1687.000000 1.980974
 1688.000000 1.972699
 1689.000000 1.965963
 1690.000000 1.960486
 1691.000000 1.955618
 1692.000000 1.950668
 1693.000000 1.944986
 1694.000000 1.938071
 1695.000000 1.929717
 1696.000000 1.920231
 1697.000000 1.910199
 1698.000000 1.900308
 1699.000000 1.891335
 1700.000000 1.883976
 1701.000000 1.878888
 1702.000000 1.876459
 1703.000000 1.876694
 1704.000000 1.879222
 1705.000000 1.883409
 1706.000000 1.888400
 1707.000000 1.893250
 1708.000000 1.897104
 1709.000000 1.899287
 1710.000000 1.899376
 1711.000000 1.897275
 1712.000000 1.893189
 1713.000000 1.887682
 1714.000000 1.881472
 1715.000000 1.875352
 1716.000000 1.870090
 1717.000000 1.866175
 1718.000000 1.863825
 1719.000000 1.862994
 1720.000000 1.863333
 1721.000000 1.864246
 1722.000000 1.865020
 1723.000000 1.864939
 1724.000000 1.863403
 1725.000000 1.860011
 1726.000000 1.854620
 1727.000000 1.847405
 1728.000000 1.838699
 1729.000000 1.828876
 1730.000000 1.818472
 1731.000000 1.808287
 1732.000000 1.798761
 1733.000000 1.790075
 1734.000000 1.781915
 1735.000000 1.773516
 1736.000000 1.763911
 1737.000000 1.752343
 1738.000000 1.738176
 1739.000000 1.721276
 1740.000000 1.702155
 1741.000000 1.681650
 1742.000000 1.660511
 1743.000000 1.640133
 1744.000000 1.621527
 1745.000000 1.605436
 1746.000000 1.592220
 1747.000000 1.581409
 1748.000000 1.572197
 1749.000000 1.563621
 1750.000000 1.554832
 1751.000000 1.545011
 1752.000000 1.534234
 1753.000000 1.522629
 1754.000000 1.510573
 1755.000000 1.498964
 1756.000000 1.488912
 1757.000000 1.481335
 1758.000000 1.477086
 1759.000000 1.476592
 1760.000000 1.479917
 1761.000000 1.486788
 1762.000000 1.496866
 1763.000000 1.509792
 1764.000000 1.525261
 1765.000000 1.542418
 1766.000000 1.560574
 1767.000000 1.579189
 1768.000000 1.598220
 1769.000000 1.617166
 1770.000000 1.636015
 1771.000000 1.655010
 1772.000000 1.674184
 1773.000000 1.693437
 1774.000000 1.712511
 1775.000000 1.731085
 1776.000000 1.748600
 1777.000000 1.764175
 1778.000000 1.777345
 1779.000000 1.787978
 1780.000000 1.796007
 1781.000000 1.801589
 1782.000000 1.805071
 1783.000000 1.806941
 1784.000000 1.807628
 1785.000000 1.807464
 1786.000000 1.806634
 1787.000000 1.805155
 1788.000000 1.802895
 1789.000000 1.799628
 1790.000000 1.795058
 1791.000000 1.788925
 1792.000000 1.781134
 1793.000000 1.771760
 1794.000000 1.760883
 1795.000000 1.748948
 1796.000000 1.736707
 1797.000000 1.724927
 1798.000000 1.713937
 1799.000000 1.704104
 1800.000000 1.695702
 1801.000000 1.688738
 1802.000000 1.682851
 1803.000000 1.677602
 1804.000000 1.672401
 1805.000000 1.666765
 1806.000000 1.660247
 1807.000000 1.652602
 1808.000000 1.643910
 1809.000000 1.634426
 1810.000000 1.624686
 1811.000000 1.615198
 1812.000000 1.606567
 1813.000000 1.599267
 1814.000000 1.593559
 1815.000000 1.589560
 1816.000000 1.587155
 1817.000000 1.586149
 1818.000000 1.586258
 1819.000000 1.587194
 1820.000000 1.588713
 1821.000000 1.590680
 1822.000000 1.593078
 1823.000000 1.595953
 1824.000000 1.599406
 1825.000000 1.603517
 1826.000000 1.608218
 1827.000000 1.613338
 1828.000000 1.618595
 1829.000000 1.623603
 1830.000000 1.627795
 1831.000000 1.630561
 1832.000000 1.631467
 1833.000000 1.630254
 1834.000000 1.626927
 1835.000000 1.621780
 1836.000000 1.615274
 1837.000000 1.608034
 1838.000000 1.600642
 1839.000000 1.593730
 1840.000000 1.587615
 1841.000000 1.582375
 1842.000000 1.577705
 1843.000000 1.573140
 1844.000000 1.568047
 1845.000000 1.562058
 1846.000000 1.555028
 1847.000000 1.547149
 1848.000000 1.538687
 1849.000000 1.530238
 1850.000000 1.522473
 1851.000000 1.516020
 1852.000000 1.511413
 1853.000000 1.509045
 1854.000000 1.509097
 1855.000000 1.511474
 1856.000000 1.515793
 1857.000000 1.521506
 1858.000000 1.528003
 1859.000000 1.534544
 1860.000000 1.540553
 1861.000000 1.545609
 1862.000000 1.549464
 1863.000000 1.552154
 1864.000000 1.553923
 1865.000000 1.555178
 1866.000000 1.556421
 1867.000000 1.558109
 1868.000000 1.560579
 1869.000000 1.563883
 1870.000000 1.567793
 1871.000000 1.571819
 1872.000000 1.575316
 1873.000000 1.577610
 1874.000000 1.578030
 1875.000000 1.576114
 1876.000000 1.571687
 1877.000000 1.564867
 1878.000000 1.556199
 1879.000000 1.546577
 1880.000000 1.536843
 1881.000000 1.527778
 1882.000000 1.519747
 1883.000000 1.512744
 1884.000000 1.506605
 1885.000000 1.500840
 1886.000000 1.494909
 1887.000000 1.488284
 1888.000000 1.480596
 1889.000000 1.471642
 1890.000000 1.461787
 1891.000000 1.451591
 1892.000000 1.441687
 1893.000000 1.432789
 1894.000000 1.425648
 1895.000000 1.420676
 1896.000000 1.418083
 1897.000000 1.417872
 1898.000000 1.419872
 1899.000000 1.423779
 1900.000000 1.429300
 1901.000000 1.436241
 1902.000000 1.444480
 1903.000000 1.454011
 1904.000000 1.464887
 1905.000000 1.476989
 1906.000000 1.490334
 1907.000000 1.504663
 1908.000000 1.519658
 1909.000000 1.534923
 1910.000000 1.550052
 1911.000000 1.564805
 1912.000000 1.578708
 1913.000000 1.591222
 1914.000000 1.602470
 1915.000000 1.612450
 1916.000000 1.621150
 1917.000000 1.628568
 1918.000000 1.634932
 1919.000000 1.640521
 1920.000000 1.645543
 1921.000000 1.650264
 1922.000000 1.654974
 1923.000000 1.659806
 1924.000000 1.664782
 1925.000000 1.669714
 1926.000000 1.674422
 1927.000000 1.678688
 1928.000000 1.682340
 1929.000000 1.685356
 1930.000000 1.687813
 1931.000000 1.689899
 1932.000000 1.691861
 1933.000000 1.693986
 1934.000000 1.696475
 1935.000000 1.699456
 1936.000000 1.702950
 1937.000000 1.706858
 1938.000000 1.710994
 1939.000000 1.715035
 1940.000000 1.718590
 1941.000000 1.721257
 1942.000000 1.722579
 1943.000000 1.722134
 1944.000000 1.719600
 1945.000000 1.714819
 1946.000000 1.707844
 1947.000000 1.698900
 1948.000000 1.688328
 1949.000000 1.676632
 1950.000000 1.664144
 1951.000000 1.650870
 1952.000000 1.636807
 1953.000000 1.622169
 1954.000000 1.606832
 1955.000000 1.590591
 1956.000000 1.573506
 1957.000000 1.555574
 1958.000000 1.537045
 1959.000000 1.518179
 1960.000000 1.499190
 1961.000000 1.480080
 1962.000000 1.460853
 1963.000000 1.441421
 1964.000000 1.422070
 1965.000000 1.404002
 1966.000000 1.388261
 1967.000000 1.375792
 1968.000000 1.367218
 1969.000000 1.362951
 1970.000000 1.363080
 1971.000000 1.367362
 1972.000000 1.375261
 1973.000000 1.386137
 1974.000000 1.398951
 1975.000000 1.412515
 1976.000000 1.425801
 1977.000000 1.437804
 1978.000000 1.447808
 1979.000000 1.455379
 1980.000000 1.460288
 1981.000000 1.462466
 1982.000000 1.461997
 1983.000000 1.458978
 1984.000000 1.453650
 1985.000000 1.446357
 1986.000000 1.437638
 1987.000000 1.428131
 1988.000000 1.418522
 1989.000000 1.409534
 1990.000000 1.401936
 1991.000000 1.396348
 1992.000000 1.393426
 1993.000000 1.393448
 1994.000000 1.396543
 1995.000000 1.402639
 1996.000000 1.411514
 1997.000000 1.422793
 1998.000000 1.435836
 1999.000000 1.449800
 2000.000000 1.463912
 2001.000000 1.477802
 2002.000000 1.491650
 2003.000000 1.505765
 2004.000000 1.520378
 2005.000000 1.535668
 2006.000000 1.551804
 2007.000000 1.568597
 2008.000000 1.585646
 2009.000000 1.602530
 2010.000000 1.618910
 2011.000000 1.634739
 2012.000000 1.649499
 2013.000000 1.662933
 2014.000000 1.674558
 2015.000000 1.684123
 2016.000000 1.691264
 2017.000000 1.695754
 2018.000000 1.697471
 2019.000000 1.696499
 2020.000000 1.693122
 2021.000000 1.687784
 2022.000000 1.681021
 2023.000000 1.673302
 2024.000000 1.665043
 2025.000000 1.656560
 2026.000000 1.647988
 2027.000000 1.639516
 2028.000000 1.631058
 2029.000000 1.622623
 2030.000000 1.614298
 2031.000000 1.606054
 2032.000000 1.597929
 2033.000000 1.590148
 2034.000000 1.583063
 2035.000000 1.577018
 2036.000000 1.572280
 2037.000000 1.568997
 2038.000000 1.567096
 2039.000000 1.566229
 2040.000000 1.565934
 2041.000000 1.565742
 2042.000000 1.565285
 2043.000000 1.564359
 2044.000000 1.562937
 2045.000000 1.561184
 2046.000000 1.559409
 2047.000000 1.557980
 2048.000000 1.557253
 2049.000000 1.557407
 2050.000000 1.558395
 2051.000000 1.559945
 2052.000000 1.561592
 2053.000000 1.562689
 2054.000000 1.562606
 2055.000000 1.560798
 2056.000000 1.556895
 2057.000000 1.550835
 2058.000000 1.542906
 2059.000000 1.533629
 2060.000000 1.523696
 2061.000000 1.513974
 2062.000000 1.505106
 2063.000000 1.497464
 2064.000000 1.491064
 2065.000000 1.485797
 2066.000000 1.481205
 2067.000000 1.476652
 2068.000000 1.471573
 2069.000000 1.465524
 2070.000000 1.458340
 2071.000000 1.450191
 2072.000000 1.441883
 2073.000000 1.434366
 2074.000000 1.428587
 2075.000000 1.425125
 2076.000000 1.424134
 2077.000000 1.425228
 2078.000000 1.427656
 2079.000000 1.430500
 2080.000000 1.432934
 2081.000000 1.434359
 2082.000000 1.434483
 2083.000000 1.433296
 2084.000000 1.430984
 2085.000000 1.427854
 2086.000000 1.424248
 2087.000000 1.420434
 2088.000000 1.416562
 2089.000000 1.412629
 2090.000000 1.408433
 2091.000000 1.403594
 2092.000000 1.397875
 2093.000000 1.391154
 2094.000000 1.383583
 2095.000000 1.375499
 2096.000000 1.367607
 2097.000000 1.361037
 2098.000000 1.356883
 2099.000000 1.356131
 2100.000000 1.359433
 2101.000000 1.366930
 2102.000000 1.378209
 2103.000000 1.392185
 2104.000000 1.407704
 2105.000000 1.423301
 2106.000000 1.437678
 2107.000000 1.450443
 2108.000000 1.461417
 2109.000000 1.470870
 2110.000000 1.479213
 2111.000000 1.487103
 2112.000000 1.495178
 2113.000000 1.503892
 2114.000000 1.513564
 2115.000000 1.524105
 2116.000000 1.535476
 2117.000000 1.547265
 2118.000000 1.558976
 2119.000000 1.570094
 2120.000000 1.579895
 2121.000000 1.587910
 2122.000000 1.594068
 2123.000000 1.598338
 2124.000000 1.600961
 2125.000000 1.602354
 2126.000000 1.602958
 2127.000000 1.603168
 2128.000000 1.603210
 2129.000000 1.603084
 2130.000000 1.602569
 2131.000000 1.601283
 2132.000000 1.598805
 2133.000000 1.594744
 2134.000000 1.588849
 2135.000000 1.581103
 2136.000000 1.571575
 2137.000000 1.560553
 2138.000000 1.548516
 2139.000000 1.536022
 2140.000000 1.523541
 2141.000000 1.511367
 2142.000000 1.499579
 2143.000000 1.488158
 2144.000000 1.476754
 2145.000000 1.464996
 2146.000000 1.452610
 2147.000000 1.439311
 2148.000000 1.425125
 2149.000000 1.410697
 2150.000000 1.396868
 2151.000000 1.384792
 2152.000000 1.375538
 2153.000000 1.370005
 2154.000000 1.368499
 2155.000000 1.370911
 2156.000000 1.376669
 2157.000000 1.384917
 2158.000000 1.394315
 2159.000000 1.403542
 2160.000000 1.411580
 2161.000000 1.417744
 2162.000000 1.421839
 2163.000000 1.423975
 2164.000000 1.424350
 2165.000000 1.423258
 2166.000000 1.421004
 2167.000000 1.417829
 2168.000000 1.413953
 2169.000000 1.409540
 2170.000000 1.404753
 2171.000000 1.399690
 2172.000000 1.394676
 2173.000000 1.390023
 2174.000000 1.386181
 2175.000000 1.383561
 2176.000000 1.382496
 2177.000000 1.383157
 2178.000000 1.385495
 2179.000000 1.389244
 2180.000000 1.393861
 2181.000000 1.398662
 2182.000000 1.402967
 2183.000000 1.406131
 2184.000000 1.407721
 2185.000000 1.407578
 2186.000000 1.405800
 2187.000000 1.402712
 2188.000000 1.398879
 2189.000000 1.394948
 2190.000000 1.391533
 2191.000000 1.389031
 2192.000000 1.387744
 2193.000000 1.387681
 2194.000000 1.388669
 2195.000000 1.390394
 2196.000000 1.392483
 2197.000000 1.394668
 2198.000000 1.396832
 2199.000000 1.399099
 2200.000000 1.401720
 2201.000000 1.404931
 2202.000000 1.408948
 2203.000000 1.413808
 2204.000000 1.419479
 2205.000000 1.425782
 2206.000000 1.432464
 2207.000000 1.439061
 2208.000000 1.445305
 2209.000000 1.450988
 2210.000000 1.455973
 2211.000000 1.460206
 2212.000000 1.463877
 2213.000000 1.467266
 2214.000000 1.470634
 2215.000000 1.474226
 2216.000000 1.478220
 2217.000000 1.482648
 2218.000000 1.487513
 2219.000000 1.492715
 2220.000000 1.498088
 2221.000000 1.503356
 2222.000000 1.508275
 2223.000000 1.512675
 2224.000000 1.516554
 2225.000000 1.519962
 2226.000000 1.523009
 2227.000000 1.525859
 2228.000000 1.528741
 2229.000000 1.531806
 2230.000000 1.535119
 2231.000000 1.538654
 2232.000000 1.542205
 2233.000000 1.545574
 2234.000000 1.548514
 2235.000000 1.550857
 2236.000000 1.552529
 2237.000000 1.553569
 2238.000000 1.554085
 2239.000000 1.554233
 2240.000000 1.554182
 2241.000000 1.554109
 2242.000000 1.554152
 2243.000000 1.554389
 2244.000000 1.554781
 2245.000000 1.555165
 2246.000000 1.555258
 2247.000000 1.554746
 2248.000000 1.553345
 2249.000000 1.550837
 2250.000000 1.547142
 2251.000000 1.542256
 2252.000000 1.536266
 2253.000000 1.529444
 2254.000000 1.522080
 2255.000000 1.514656
 2256.000000 1.507689
 2257.000000 1.501615
 2258.000000 1.496782
 2259.000000 1.493356
 2260.000000 1.491389
 2261.000000 1.490720
 2262.000000 1.491054
 2263.000000 1.491963
 2264.000000 1.492912
 2265.000000 1.493363
 2266.000000 1.492883
 2267.000000 1.491204
 2268.000000 1.488226
 2269.000000 1.483974
 2270.000000 1.478511
 2271.000000 1.472008
 2272.000000 1.464634
 2273.000000 1.456644
 2274.000000 1.448240
 2275.000000 1.439632
 2276.000000 1.431050
 2277.000000 1.422467
 2278.000000 1.413873
 2279.000000 1.405131
 2280.000000 1.396196
 2281.000000 1.387178
 2282.000000 1.378135
 2283.000000 1.369014
 2284.000000 1.360051
 2285.000000 1.351713
 2286.000000 1.344565
 2287.000000 1.339292
 2288.000000 1.336519
 2289.000000 1.336658
 2290.000000 1.339769
 2291.000000 1.345557
 2292.000000 1.353417
 2293.000000 1.362676
 2294.000000 1.372575
 2295.000000 1.382449
 2296.000000 1.391827
 2297.000000 1.400695
 2298.000000 1.409095
 2299.000000 1.417058
 2300.000000 1.424827
 2301.000000 1.432652
 2302.000000 1.440885
 2303.000000 1.449572
 2304.000000 1.458759
 2305.000000 1.468189
 2306.000000 1.477570
 2307.000000 1.486654
 2308.000000 1.494975
 2309.000000 1.502375
 2310.000000 1.508804
 2311.000000 1.514494
 2312.000000 1.519780
 2313.000000 1.524937
 2314.000000 1.530224
 2315.000000 1.535717
 2316.000000 1.541283
 2317.000000 1.546711
 2318.000000 1.551601
 2319.000000 1.555683
 2320.000000 1.558741
 2321.000000 1.560677
 2322.000000 1.561605
 2323.000000 1.561775
 2324.000000 1.561535
 2325.000000 1.561268
 2326.000000 1.561303
 2327.000000 1.561875
 2328.000000 1.563086
 2329.000000 1.564912
 2330.000000 1.567204
 2331.000000 1.569759
 2332.000000 1.572295
 2333.000000 1.574586
 2334.000000 1.576501
 2335.000000 1.578020
 2336.000000 1.579293
 2337.000000 1.580691
 2338.000000 1.582753
 2339.000000 1.586131
 2340.000000 1.591536
 2341.000000 1.599526
 2342.000000 1.610569
 2343.000000 1.624751
 2344.000000 1.641772
 2345.000000 1.660596
 2346.000000 1.680029
 2347.000000 1.699067
 2348.000000 1.717270
 2349.000000 1.734249
 2350.000000 1.749652
 2351.000000 1.763138
 2352.000000 1.774443
 2353.000000 1.783408
 2354.000000 1.790200
 2355.000000 1.795004
 2356.000000 1.798062
 2357.000000 1.799523
 2358.000000 1.799387
 2359.000000 1.797478
 2360.000000 1.793495
 2361.000000 1.787075
 2362.000000 1.777830
 2363.000000 1.765536
 2364.000000 1.750533
 2365.000000 1.733448
 2366.000000 1.715419
 2367.000000 1.697453
 2368.000000 1.680654
 2369.000000 1.665926
 2370.000000 1.653962
 2371.000000 1.645093
 2372.000000 1.639296
 2373.000000 1.636109
 2374.000000 1.634801
 2375.000000 1.634510
 2376.000000 1.634444
 2377.000000 1.634030
 2378.000000 1.633031
 2379.000000 1.631591
 2380.000000 1.630164
 2381.000000 1.629374
 2382.000000 1.629839
 2383.000000 1.631929
 2384.000000 1.635669
 2385.000000 1.640646
 2386.000000 1.646169
 2387.000000 1.651242
 2388.000000 1.654972
 2389.000000 1.656643
 2390.000000 1.655828
 2391.000000 1.652560
 2392.000000 1.647364
 2393.000000 1.640987
 2394.000000 1.634539
 2395.000000 1.629190
 2396.000000 1.625948
 2397.000000 1.625563
 2398.000000 1.628426
 2399.000000 1.634548
 2400.000000 1.643634
 2401.000000 1.655055
 2402.000000 1.668149
 2403.000000 1.682424
 2404.000000 1.697408
 2405.000000 1.712688
 2406.000000 1.727539
 2407.000000 1.741599
 2408.000000 1.754596
 2409.000000 1.766272
 2410.000000 1.776325
 2411.000000 1.784514
 2412.000000 1.790615
 2413.000000 1.794568
 2414.000000 1.796254
 2415.000000 1.795552
 2416.000000 1.792261
 2417.000000 1.786127
 2418.000000 1.776969
 2419.000000 1.764770
 2420.000000 1.749959
 2421.000000 1.733006
 2422.000000 1.714777
 2423.000000 1.696351
 2424.000000 1.678499
 2425.000000 1.661877
 2426.000000 1.647142
 2427.000000 1.634548
 2428.000000 1.624389
 2429.000000 1.616971
 2430.000000 1.612167
 2431.000000 1.609806
 2432.000000 1.609526
 2433.000000 1.611019
 2434.000000 1.614035
 2435.000000 1.618336
 2436.000000 1.623742
 2437.000000 1.630187
 2438.000000 1.637601
 2439.000000 1.645844
 2440.000000 1.654764
 2441.000000 1.664310
 2442.000000 1.674595
 2443.000000 1.685919
 2444.000000 1.698417
 2445.000000 1.711943
 2446.000000 1.726084
 2447.000000 1.739853
 2448.000000 1.752138
 2449.000000 1.761943
 2450.000000 1.768567
 2451.000000 1.771584
 2452.000000 1.770906
 2453.000000 1.766837
 2454.000000 1.759982
 2455.000000 1.751117
 2456.000000 1.741121
 2457.000000 1.731031
 2458.000000 1.721784
 2459.000000 1.713901
 2460.000000 1.707535
 2461.000000 1.702730
 2462.000000 1.699375
 2463.000000 1.697335
 2464.000000 1.696569
 2465.000000 1.697233
 2466.000000 1.699616
 2467.000000 1.704085
 2468.000000 1.710999
 2469.000000 1.720583
 2470.000000 1.732563
 2471.000000 1.746112
 2472.000000 1.760143
 2473.000000 1.773502
 2474.000000 1.784995
 2475.000000 1.793917
 2476.000000 1.799734
 2477.000000 1.802145
 2478.000000 1.801028
 2479.000000 1.796484
 2480.000000 1.788826
 2481.000000 1.778348
 2482.000000 1.765536
 2483.000000 1.751029
 2484.000000 1.735563
 2485.000000 1.720311
 2486.000000 1.706502
 2487.000000 1.694791
 2488.000000 1.685403
 2489.000000 1.678076
 2490.000000 1.672405
 2491.000000 1.667880
 2492.000000 1.664195
 2493.000000 1.661176
 2494.000000 1.658854
 2495.000000 1.657449
 2496.000000 1.657310
 2497.000000 1.658908
 2498.000000 1.662689
 2499.000000 1.669052
 2500.000000 1.678132
 2501.000000 1.689774
 2502.000000 1.703429
 2503.000000 1.718170
 2504.000000 1.732882
 2505.000000 1.746346
 2506.000000 1.757269
 2507.000000 1.764806
 2508.000000 1.768668
 2509.000000 1.768885
 2510.000000 1.765863
 2511.000000 1.760225
 2512.000000 1.752640
 2513.000000 1.743786
 2514.000000 1.734382
 2515.000000 1.724887
 2516.000000 1.715497
 2517.000000 1.706224
 2518.000000 1.697159
 2519.000000 1.688071
 2520.000000 1.678941
 2521.000000 1.669737
 2522.000000 1.660536
 2523.000000 1.651598
 2524.000000 1.643298
 2525.000000 1.636222
 2526.000000 1.630958
 2527.000000 1.627957
 2528.000000 1.627327
 2529.000000 1.628795
 2530.000000 1.631802
 2531.000000 1.635562
 2532.000000 1.639313
 2533.000000 1.642404
 2534.000000 1.644427
 2535.000000 1.645420
 2536.000000 1.645802
 2537.000000 1.646320
 2538.000000 1.647916
 2539.000000 1.651545
 2540.000000 1.657993
 2541.000000 1.667746
 2542.000000 1.681052
 2543.000000 1.697391
 2544.000000 1.715969
 2545.000000 1.734888
 2546.000000 1.751605
 2547.000000 1.763768
 2548.000000 1.769884
 2549.000000 1.769407
 2550.000000 1.762435
 2551.000000 1.750062
 2552.000000 1.733955
 2553.000000 1.716415
 2554.000000 1.699527
 2555.000000 1.684788
 2556.000000 1.672934
 2557.000000 1.664266
 2558.000000 1.658407
 2559.000000 1.654813
 2560.000000 1.652623
 2561.000000 1.650818
 2562.000000 1.648346
 2563.000000 1.644218
 2564.000000 1.637770
 2565.000000 1.628671
 2566.000000 1.616886
 2567.000000 1.603041
 2568.000000 1.587933
 2569.000000 1.572905
 2570.000000 1.559309
 2571.000000 1.548054
 2572.000000 1.539655
 2573.000000 1.534167
 2574.000000 1.531160
 2575.000000 1.529786
 2576.000000 1.528893
 2577.000000 1.527319
 2578.000000 1.524087
 2579.000000 1.518568
 2580.000000 1.510555
 2581.000000 1.500377
 2582.000000 1.488917
 2583.000000 1.477307
 2584.000000 1.466446
 2585.000000 1.457059
 2586.000000 1.449522
 2587.000000 1.443858
 2588.000000 1.439697
 2589.000000 1.436382
 2590.000000 1.433211
 2591.000000 1.429444
 2592.000000 1.424496
 2593.000000 1.417985
 2594.000000 1.409943
 2595.000000 1.400663
 2596.000000 1.390840
 2597.000000 1.381343
 2598.000000 1.373255
 2599.000000 1.367796
 2600.000000 1.365911
 2601.000000 1.367998
 2602.000000 1.373860
 2603.000000 1.382887
 2604.000000 1.394142
 2605.000000 1.406785
 2606.000000 1.420340
 2607.000000 1.434293
 2608.000000 1.448541
 2609.000000 1.462684
 2610.000000 1.476696
 2611.000000 1.490429
 2612.000000 1.504064
 2613.000000 1.517432
 2614.000000 1.530811
 2615.000000 1.544414
 2616.000000 1.558518
 2617.000000 1.573275
 2618.000000 1.588745
 2619.000000 1.604302
 2620.000000 1.619010
 2621.000000 1.631831
 2622.000000 1.641936
 2623.000000 1.648763
 2624.000000 1.652256
 2625.000000 1.652834
 2626.000000 1.651280
 2627.000000 1.648668
 2628.000000 1.646186
 2629.000000 1.644985
 2630.000000 1.645936
 2631.000000 1.649565
 2632.000000 1.656049
 2633.000000 1.665176
 2634.000000 1.676636
 2635.000000 1.690027
 2636.000000 1.704527
 2637.000000 1.718865
 2638.000000 1.731757
 2639.000000 1.742279
 2640.000000 1.749905
 2641.000000 1.754701
 2642.000000 1.757693
 2643.000000 1.760076
 2644.000000 1.763001
 2645.000000 1.767351
 2646.000000 1.773565
 2647.000000 1.781681
 2648.000000 1.791276
 2649.000000 1.801639
 2650.000000 1.812106
 2651.000000 1.821935
 2652.000000 1.830589
 2653.000000 1.837666
 2654.000000 1.843004
 2655.000000 1.846702
 2656.000000 1.849069
 2657.000000 1.850631
 2658.000000 1.852074
 2659.000000 1.854203
 2660.000000 1.857804
 2661.000000 1.863484
 2662.000000 1.871562
 2663.000000 1.882031
 2664.000000 1.894202
 2665.000000 1.907289
 2666.000000 1.919980
 2667.000000 1.930838
 2668.000000 1.938746
 2669.000000 1.942979
 2670.000000 1.943564
 2671.000000 1.941126
 2672.000000 1.936836
 2673.000000 1.932187
 2674.000000 1.928607
 2675.000000 1.927227
 2676.000000 1.928599
 2677.000000 1.932619
 2678.000000 1.938678
 2679.000000 1.945665
 2680.000000 1.952312
 2681.000000 1.957602
 2682.000000 1.960887
 2683.000000 1.961976
 2684.000000 1.961053
 2685.000000 1.958619
 2686.000000 1.955436
 2687.000000 1.952376
 2688.000000 1.950225
 2689.000000 1.949549
 2690.000000 1.950666
 2691.000000 1.953496
 2692.000000 1.957614
 2693.000000 1.962362
 2694.000000 1.966971
 2695.000000 1.970585
 2696.000000 1.972579
 2697.000000 1.972582
 2698.000000 1.970518
 2699.000000 1.966542
 2700.000000 1.961062
 2701.000000 1.954624
 2702.000000 1.947841
 2703.000000 1.941285
 2704.000000 1.935487
 2705.000000 1.930702
 2706.000000 1.927156
 2707.000000 1.924830
 2708.000000 1.923518
 2709.000000 1.922841
 2710.000000 1.922349
 2711.000000 1.921609
 2712.000000 1.920280
 2713.000000 1.918210
 2714.000000 1.915410
 2715.000000 1.912077
 2716.000000 1.908449
 2717.000000 1.904807
 2718.000000 1.901253
 2719.000000 1.897757
 2720.000000 1.894199
 2721.000000 1.890366
 2722.000000 1.885927
 2723.000000 1.880743
 2724.000000 1.874625
 2725.000000 1.867304
 2726.000000 1.858598
 2727.000000 1.848283
 2728.000000 1.836468
 2729.000000 1.823052
 2730.000000 1.808306
 2731.000000 1.792564
 2732.000000 1.776327
 2733.000000 1.760402
 2734.000000 1.745563
 2735.000000 1.732519
 2736.000000 1.721857
 2737.000000 1.713818
 2738.000000 1.708303
 2739.000000 1.705042
 2740.000000 1.703659
 2741.000000 1.703961
 2742.000000 1.705877
 2743.000000 1.709493
 2744.000000 1.714831
 2745.000000 1.721910
 2746.000000 1.730674
 2747.000000 1.740697
 2748.000000 1.751454
 2749.000000 1.762317
 2750.000000 1.772786
 2751.000000 1.782438
 2752.000000 1.791088
 2753.000000 1.798341
 2754.000000 1.803932
 2755.000000 1.807529
 2756.000000 1.809032
 2757.000000 1.808384
