#! FIELDS time d
 0.000000 2.645500
 1.000000 2.655515
 2.000000 2.667436
 3.000000 2.680996
 4.000000 2.695848
 5.000000 2.711605
 6.000000 2.727551
 7.000000 2.743187
 8.000000 2.758009
 9.000000 2.771967
 10.000000 2.785034
 11.000000 2.797316
 12.000000 2.809280
 13.000000 2.821301
 14.000000 2.833862
 15.000000 2.847294
 16.000000 2.861808
 17.000000 2.877478
 18.000000 2.894011
 19.000000 2.911255
 20.000000 2.928402
 21.000000 2.944799
 22.000000 2.960291
 23.000000 2.974454
 24.000000 2.987145
 25.000000 2.998501
 26.000000 3.008585
 27.000000 3.016883
 28.000000 3.022856
 29.000000 3.026465
 30.000000 3.027810
 31.000000 3.027205
 32.000000 3.025071
 33.000000 3.022035
 34.000000 3.018622
 35.000000 3.015292
 36.000000 3.012209
 37.000000 3.009375
 38.000000 3.006631
 39.000000 3.003865
 40.000000 3.001020
 41.000000 2.998066
 42.000000 2.994891
 43.000000 2.991346
 44.000000 2.987440
 45.000000 2.983305
 46.000000 2.979264
 47.000000 2.975706
 48.000000 2.973072
 49.000000 2.971782
 50.000000 2.972204
 51.000000 2.974586
 52.000000 2.979030
 53.000000 2.985492
 54.000000 2.993880
 55.000000 3.004165
 56.000000 3.015492
 57.000000 3.026407
 58.000000 3.035293
 59.000000 3.040760
 60.000000 3.042200
 61.000000 3.039713
 62.000000 3.034102
 63.000000 3.026623
 64.000000 3.018634
 65.000000 3.011231
 66.000000 3.005224
 67.000000 3.000941
 68.000000 2.998189
 69.000000 2.996249
 70.000000 2.994286
 71.000000 2.991642
 72.000000 2.987940
 73.000000 2.983140
 74.000000 2.977528
 75.000000 2.971653
 76.000000 2.966263
 77.000000 2.962198
 78.000000 2.960255
 79.000000 2.960882
 80.000000 2.964132
 81.000000 2.969610
 82.000000 2.976695
 83.000000 2.984500
 84.000000 2.992072
 85.000000 2.998606
 86.000000 3.003342
 87.000000 3.005622
 88.000000 3.005187
 89.000000 3.002470
 90.000000 2.998498
 91.000000 2.994369
 92.000000 2.991013
 93.000000 2.989503
 94.000000 2.990648
 95.000000 2.994846
 96.000000 3.002076
 97.000000 3.011451
 98.000000 3.020983
 99.000000 3.028223
 100.000000 3.031253
 101.000000 3.029065
 102.000000 3.021905
 103.000000 3.011014
 104.000000 2.998539
 105.000000 2.986652
 106.000000 2.975981
 107.000000 2.966839
 108.000000 2.959404
 109.000000 2.953725
 110.000000 2.949516
 111.000000 2.946136
 112.000000 2.942801
 113.000000 2.938638
 114.000000 2.932885
 115.000000 2.924983
 116.000000 2.914674
 117.000000 2.902006
 118.000000 2.887444
 119.000000 2.871842
 120.000000 2.856271
 121.000000 2.841746
 122.000000 2.828954
 123.000000 2.818017
 124.000000 2.808826
 125.000000 2.801000
 126.000000 2.794098
 127.000000 2.787516
 128.000000 2.780552
 129.000000 2.772706
 130.000000 2.763724
 131.000000 2.753504
 132.000000 2.742501
 133.000000 2.731176
 134.000000 2.720397
 135.000000 2.711081
 136.000000 2.704054
 137.000000 2.699929
 138.000000 2.698999
 139.000000 2.701263
 140.000000 2.706378
 141.000000 2.713548
 142.000000 2.721867
 143.000000 2.730245
 144.000000 2.737803
 145.000000 2.743925
 146.000000 2.748292
 147.000000 2.751044
 148.000000 2.752546
 149.000000 2.753430
 150.000000 2.754713
 151.000000 2.757538
 152.000000 2.762773
 153.000000 2.770854
 154.000000 2.781604
 155.000000 2.794484
 156.000000 2.808655
 157.000000 2.823266
 158.000000 2.837632
 159.000000 2.851142
 160.000000 2.863412
 161.000000 2.874133
 162.000000 2.883394
 163.000000 2.891962
 164.000000 2.900543
 165.000000 2.909879
 166.000000 2.920520
 167.000000 2.932673
 168.000000 2.946327
 169.000000 2.961206
 170.000000 2.976906
 171.000000 2.993200
 172.000000 3.010202
 173.000000 3.026710
 174.000000 3.040655
 175.000000 3.050155
 176.000000 3.054251
 177.000000 3.053171
 178.000000 3.048163
 179.000000 3.041107
 180.000000 3.034071
 181.000000 3.028475
 182.000000 3.025074
 183.000000 3.023724
 184.000000 3.023541
 185.000000 3.023264
 186.000000 3.021628
 187.000000 3.017754
 188.000000 3.011337
 189.000000 3.002883
 190.000000 2.993615
 191.000000 2.984264
 192.000000 2.975457
 193.000000 2.968024
 194.000000 2.962721
 195.000000 2.960152
 196.000000 2.960625
 197.000000 2.964076
 198.000000 2.970189
 199.000000 2.978503
 200.000000 2.988555
 201.000000 2.999819
 202.000000 3.011807
 203.000000 3.023297
 204.000000 3.032717
 205.000000 3.039294
 206.000000 3.042589
 207.000000 3.042890
 208.000000 3.041054
 209.000000 3.038219
 210.000000 3.035382
 211.000000 3.033155
 212.000000 3.031492
 213.000000 3.029749
 214.000000 3.026940
 215.000000 3.022020
 216.000000 3.014345
 217.000000 3.003882
 218.000000 2.991079
 219.000000 2.975950
 220.000000 2.958581
 221.000000 2.939262
 222.000000 2.919266
 223.000000 2.900064
 224.000000 2.883473
 225.000000 2.870610
 226.000000 2.861540
 227.000000 2.855691
 228.000000 2.852007
 229.000000 2.849346
 230.000000 2.846506
 231.000000 2.842516
 232.000000 2.836658
 233.000000 2.828527
 234.000000 2.817941
 235.000000 2.805107
 236.000000 2.791007
 237.000000 2.776431
 238.000000 2.762486
 239.000000 2.750376
 240.000000 2.740779
 241.000000 2.733858
 242.000000 2.729200
 243.000000 2.726074
 244.000000 2.723784
 245.000000 2.721694
 246.000000 2.719303
 247.000000 2.716275
 248.000000 2.712466
 249.000000 2.707931
 250.000000 2.703079
 251.000000 2.698526
 252.000000 2.694988
 253.000000 2.693139
 254.000000 2.693425
 255.000000 2.695892
 256.000000 2.700091
 257.000000 2.705239
 258.000000 2.710405
 259.000000 2.714467
 260.000000 2.716522
 261.000000 2.715882
 262.000000 2.712251
 263.000000 2.705762
 264.000000 2.696993
 265.000000 2.686937
 266.000000 2.676923
 267.000000 2.668314
 268.000000 2.662416
 269.000000 2.660008
 270.000000 2.661277
 271.000000 2.665759
 272.000000 2.672405
 273.000000 2.679870
 274.000000 2.686664
 275.000000 2.691659
 276.000000 2.694226
 277.000000 2.694178
 278.000000 2.691910
 279.000000 2.688336
 280.000000 2.684644
 281.000000 2.682096
 282.000000 2.681606
 283.000000 2.683626
 284.000000 2.688069
 285.000000 2.694394
 286.000000 2.701910
 287.000000 2.709832
 288.000000 2.717378
 289.000000 2.724044
 290.000000 2.729569
 291.000000 2.734088
 292.000000 2.738061
 293.000000 2.742261
 294.000000 2.747684
 295.000000 2.755410
 296.000000 2.766276
 297.000000 2.780508
 298.000000 2.797460
 299.000000 2.815121
 300.000000 2.832010
 301.000000 2.847291
 302.000000 2.860324
 303.000000 2.870564
 304.000000 2.877650
 305.000000 2.881365
 306.000000 2.881949
 307.000000 2.880101
 308.000000 2.876956
 309.000000 2.873912
 310.000000 2.872342
 311.000000 2.873430
 312.000000 2.877986
 313.000000 2.886298
 314.000000 2.898115
 315.000000 2.912562
 316.000000 2.928017
 317.000000 2.942901
 318.000000 2.955689
 319.000000 2.965362
 320.000000 2.971782
 321.000000 2.975240
 322.000000 2.976553
 323.000000 2.976802
 324.000000 2.977237
 325.000000 2.979140
 326.000000 2.983714
 327.000000 2.992003
 328.000000 3.004777
 329.000000 3.021691
 330.000000 3.040315
 331.000000 3.056930
 332.000000 3.067699
 333.000000 3.070385
 334.000000 3.064638
 335.000000 3.052236
 336.000000 3.036632
 337.000000 3.021671
 338.000000 3.010473
 339.000000 3.004857
 340.000000 3.005358
 341.000000 3.011479
 342.000000 3.021584
 343.000000 3.033317
 344.000000 3.043928
 345.000000 3.050768
 346.000000 3.051855
 347.000000 3.046511
 348.000000 3.035930
 349.000000 3.022784
 350.000000 3.010424
 351.000000 3.001551
 352.000000 2.997897
 353.000000 3.000121
 354.000000 3.008133
 355.000000 3.020630
 356.000000 3.035267
 357.000000 3.048761
 358.000000 3.057677
 359.000000 3.059733
 360.000000 3.054385
 361.000000 3.043181
 362.000000 3.028847
 363.000000 3.014642
 364.000000 3.003348
 365.000000 2.996731
 366.000000 2.995332
 367.000000 2.998771
 368.000000 3.006267
 369.000000 3.016003
 370.000000 3.025442
 371.000000 3.031891
 372.000000 3.033504
 373.000000 3.029653
 374.000000 3.021118
 375.000000 3.009967
 376.000000 2.999005
 377.000000 2.990097
 378.000000 2.983729
 379.000000 2.980048
 380.000000 2.979083
 381.000000 2.980545
 382.000000 2.983913
 383.000000 2.988456
 384.000000 2.993344
 385.000000 2.997844
 386.000000 3.001369
 387.000000 3.003501
 388.000000 3.003983
 389.000000 3.002912
 390.000000 3.000586
 391.000000 2.997444
 392.000000 2.993908
 393.000000 2.990466
 394.000000 2.987620
 395.000000 2.985699
 396.000000 2.984737
 397.000000 2.984463
 398.000000 2.984360
 399.000000 2.983849
 400.000000 2.982431
 401.000000 2.979727
 402.000000 2.975296
 403.000000 2.968646
 404.000000 2.959094
 405.000000 2.946213
 406.000000 2.929977
 407.000000 2.911508
 408.000000 2.892541
 409.000000 2.875002
 410.000000 2.859853
 411.000000 2.847472
 412.000000 2.837556
 413.000000 2.829212
 414.000000 2.821341
 415.000000 2.812614
 416.000000 2.801641
 417.000000 2.787745
 418.000000 2.770694
 419.000000 2.751430
 420.000000 2.730710
 421.000000 2.709316
 422.000000 2.688601
 423.000000 2.669159
 424.000000 2.651859
 425.000000 2.637297
 426.000000 2.626097
 427.000000 2.617810
 428.000000 2.611781
 429.000000 2.606921
 430.000000 2.602040
 431.000000 2.596129
 432.000000 2.588377
 433.000000 2.578436
 434.000000 2.566359
 435.000000 2.552722
 436.000000 2.538163
 437.000000 2.523789
 438.000000 2.510558
 439.000000 2.499332
 440.000000 2.490361
 441.000000 2.483641
 442.000000 2.478705
 443.000000 2.474754
 444.000000 2.470926
 445.000000 2.466402
 446.000000 2.460438
 447.000000 2.452519
 448.000000 2.442481
 449.000000 2.430432
 450.000000 2.416931
 451.000000 2.402740
 452.000000 2.388679
 453.000000 2.375554
 454.000000 2.364007
 455.000000 2.354418
 456.000000 2.346686
 457.000000 2.340451
 458.000000 2.335107
 459.000000 2.329741
 460.000000 2.323579
 461.000000 2.316031
 462.000000 2.306651
 463.000000 2.295340
 464.000000 2.282278
 465.000000 2.267863
 466.000000 2.252791
 467.000000 2.237854
 468.000000 2.223889
 469.000000 2.211457
 470.000000 2.201088
 471.000000 2.192912
 472.000000 2.186770
 473.000000 2.182194
 474.000000 2.178556
 475.000000 2.175197
 476.000000 2.171507
 477.000000 2.167055
 478.000000 2.161582
 479.000000 2.154939
 480.000000 2.147207
 481.000000 2.138680
 482.000000 2.129727
 483.000000 2.120883
 484.000000 2.112708
 485.000000 2.105572
 486.000000 2.099557
 487.000000 2.094416
 488.000000 2.089702
 489.000000 2.084785
 490.000000 2.079041
 491.000000 2.071941
 492.000000 2.063161
 493.000000 2.052704
 494.000000 2.041146
 495.000000 2.029203
 496.000000 2.017814
 497.000000 2.007840
 498.000000 1.999969
 499.000000 1.994585
 500.000000 1.991731
 501.000000 1.991177
 502.000000 1.992440
 503.000000 1.994891
 504.000000 1.997851
 505.000000 2.000666
 506.000000 2.002877
 507.000000 2.004265
 508.000000 2.004868
 509.000000 2.004931
 510.000000 2.004864
 511.000000 2.005163
 512.000000 2.006305
 513.000000 2.008648
 514.000000 2.012350
 515.000000 2.017296
 516.000000 2.023218
 517.000000 2.029587
 518.000000 2.035691
 519.000000 2.040894
 520.000000 2.044776
 521.000000 2.047207
 522.000000 2.048409
 523.000000 2.048850
 524.000000 2.049200
 525.000000 2.050203
 526.000000 2.052521
 527.000000 2.056583
 528.000000 2.062444
 529.000000 2.069860
 530.000000 2.078375
 531.000000 2.086947
 532.000000 2.094660
 533.000000 2.100960
 534.000000 2.105460
 535.000000 2.108168
 536.000000 2.109505
 537.000000 2.110133
 538.000000 2.110853
 539.000000 2.112456
 540.000000 2.115572
 541.000000 2.120494
 542.000000 2.127227
 543.000000 2.135440
 544.000000 2.144367
 545.000000 2.153332
 546.000000 2.161633
 547.000000 2.168827
 548.000000 2.174621
 549.000000 2.178907
 550.000000 2.181785
 551.000000 2.183611
 552.000000 2.184959
 553.000000 2.186460
 554.000000 2.188711
 555.000000 2.192227
 556.000000 2.197238
 557.000000 2.203739
 558.000000 2.211479
 559.000000 2.219960
 560.000000 2.228484
 561.000000 2.236327
 562.000000 2.243025
 563.000000 2.248326
 564.000000 2.252081
 565.000000 2.254448
 566.000000 2.255916
 567.000000 2.257129
 568.000000 2.258841
 569.000000 2.261863
 570.000000 2.266872
 571.000000 2.274316
 572.000000 2.284296
 573.000000 2.296449
 574.000000 2.310371
 575.000000 2.325347
 576.000000 2.340821
 577.000000 2.356190
 578.000000 2.371181
 579.000000 2.385617
 580.000000 2.399190
 581.000000 2.411712
 582.000000 2.423035
 583.000000 2.433202
 584.000000 2.442351
 585.000000 2.450624
 586.000000 2.458142
 587.000000 2.465259
 588.000000 2.472143
 589.000000 2.479003
 590.000000 2.486003
 591.000000 2.493103
 592.000000 2.500347
 593.000000 2.507723
 594.000000 2.515314
 595.000000 2.523243
 596.000000 2.531664
 597.000000 2.540703
 598.000000 2.550386
 599.000000 2.560878
 600.000000 2.572218
 601.000000 2.584401
 602.000000 2.597426
 603.000000 2.611215
 604.000000 2.625326
 605.000000 2.639140
 606.000000 2.652161
 607.000000 2.663816
 608.000000 2.673811
 609.000000 2.682273
 610.000000 2.689564
 611.000000 2.696119
 612.000000 2.702425
 613.000000 2.708894
 614.000000 2.715897
 615.000000 2.723731
 616.000000 2.732780
 617.000000 2.743263
 618.000000 2.755368
 619.000000 2.769075
 620.000000 2.784124
 621.000000 2.799942
 622.000000 2.815920
 623.000000 2.831570
 624.000000 2.846711
 625.000000 2.861351
 626.000000 2.875161
 627.000000 2.887903
 628.000000 2.899471
 629.000000 2.909478
 630.000000 2.917811
 631.000000 2.924192
 632.000000 2.928536
 633.000000 2.930757
 634.000000 2.930841
 635.000000 2.928830
 636.000000 2.924787
 637.000000 2.918753
 638.000000 2.910682
 639.000000 2.900653
 640.000000 2.888926
 641.000000 2.876112
 642.000000 2.862353
 643.000000 2.847829
 644.000000 2.832741
 645.000000 2.817174
 646.000000 2.801725
 647.000000 2.787080
 648.000000 2.773759
 649.000000 2.761832
 650.000000 2.750904
 651.000000 2.740301
 652.000000 2.729371
 653.000000 2.717637
 654.000000 2.704861
 655.000000 2.691007
 656.000000 2.676415
 657.000000 2.661707
 658.000000 2.647650
 659.000000 2.635412
 660.000000 2.625707
 661.000000 2.618693
 662.000000 2.614139
 663.000000 2.611321
 664.000000 2.609481
 665.000000 2.607808
 666.000000 2.605733
 667.000000 2.602950
 668.000000 2.599509
 669.000000 2.595687
 670.000000 2.591881
 671.000000 2.588539
 672.000000 2.586030
 673.000000 2.584644
 674.000000 2.584416
 675.000000 2.585151
 676.000000 2.586507
 677.000000 2.588043
 678.000000 2.589297
 679.000000 2.589867
 680.000000 2.589507
 681.000000 2.588207
 682.000000 2.586158
 683.000000 2.583688
 684.000000 2.581263
 685.000000 2.579444
 686.000000 2.578760
 687.000000 2.579655
 688.000000 2.582516
 689.000000 2.587612
 690.000000 2.594956
 691.000000 2.604427
 692.000000 2.615602
 693.000000 2.627852
 694.000000 2.640402
 695.000000 2.652717
 696.000000 2.664329
 697.000000 2.675176
 698.000000 2.685511
 699.000000 2.695829
 700.000000 2.706829
 701.000000 2.719314
 702.000000 2.733822
 703.000000 2.750562
 704.000000 2.769216
 705.000000 2.788884
 706.000000 2.808360
 707.000000 2.826195
 708.000000 2.841342
 709.000000 2.853951
 710.000000 2.864685
 711.000000 2.874457
 712.000000 2.884159
 713.000000 2.894804
 714.000000 2.907160
 715.000000 2.921175
 716.000000 2.935960
 717.000000 2.950498
 718.000000 2.964207
 719.000000 2.976918
 720.000000 2.988553
 721.000000 2.999189
 722.000000 3.008887
 723.000000 3.017031
 724.000000 3.023090
 725.000000 3.027094
 726.000000 3.029628
 727.000000 3.031732
 728.000000 3.034528
 729.000000 3.038684
 730.000000 3.044169
 731.000000 3.050370
 732.000000 3.056305
 733.000000 3.060860
 734.000000 3.063036
 735.000000 3.062079
 736.000000 3.057679
 737.000000 3.050038
 738.000000 3.040123
 739.000000 3.029344
 740.000000 3.019060
 741.000000 3.010000
 742.000000 3.002412
 743.000000 2.996218
 744.000000 2.990827
 745.000000 2.985641
 746.000000 2.980267
 747.000000 2.974569
 748.000000 2.968564
 749.000000 2.962325
 750.000000 2.955835
 751.000000 2.949247
 752.000000 2.942660
 753.000000 2.936129
 754.000000 2.929693
 755.000000 2.923273
 756.000000 2.916906
 757.000000 2.910679
 758.000000 2.904612
 759.000000 2.898872
 760.000000 2.893450
 761.000000 2.888338
 762.000000 2.883335
 763.000000 2.878146
 764.000000 2.872338
 765.000000 2.865384
 766.000000 2.856785
 767.000000 2.846158
 768.000000 2.833252
 769.000000 2.818322
 770.000000 2.801928
 771.000000 2.784977
 772.000000 2.768868
 773.000000 2.754509
 774.000000 2.742279
 775.000000 2.732218
 776.000000 2.724208
 777.000000 2.717898
 778.000000 2.713045
 779.000000 2.709433
 780.000000 2.707074
 781.000000 2.706032
 782.000000 2.706377
 783.000000 2.708110
 784.000000 2.711106
 785.000000 2.715172
 786.000000 2.719998
 787.000000 2.725194
 788.000000 2.730564
 789.000000 2.736015
 790.000000 2.741502
 791.000000 2.746870
 792.000000 2.752071
 793.000000 2.757360
 794.000000 2.763112
 795.000000 2.769613
 796.000000 2.776999
 797.000000 2.785505
 798.000000 2.794962
 799.000000 2.805006
 800.000000 2.815035
 801.000000 2.824790
 802.000000 2.833991
 803.000000 2.842449
 804.000000 2.850041
 805.000000 2.856745
 806.000000 2.862555
 807.000000 2.867288
 808.000000 2.870588
 809.000000 2.872110
 810.000000 2.871696
 811.000000 2.869374
 812.000000 2.865299
 813.000000 2.859754
 814.000000 2.853051
 815.000000 2.845317
 816.000000 2.836704
 817.000000 2.827279
 818.000000 2.817072
 819.000000 2.806175
 820.000000 2.794412
 821.000000 2.782030
 822.000000 2.769196
 823.000000 2.756197
 824.000000 2.743515
 825.000000 2.731612
 826.000000 2.720600
 827.000000 2.710768
 828.000000 2.701995
 829.000000 2.694097
 830.000000 2.686705
 831.000000 2.679418
 832.000000 2.671878
 833.000000 2.663700
 834.000000 2.654914
 835.000000 2.645664
 836.000000 2.636256
 837.000000 2.627144
 838.000000 2.618935
 839.000000 2.611982
 840.000000 2.606551
 841.000000 2.602886
 842.000000 2.601028
 843.000000 2.600859
 844.000000 2.602215
 845.000000 2.604915
 846.000000 2.608843
 847.000000 2.613937
 848.000000 2.620259
 849.000000 2.627792
 850.000000 2.636711
 851.000000 2.646989
 852.000000 2.658619
 853.000000 2.671322
 854.000000 2.684740
 855.000000 2.698549
 856.000000 2.712573
 857.000000 2.726642
 858.000000 2.740500
 859.000000 2.753933
 860.000000 2.766400
 861.000000 2.777252
 862.000000 2.786111
 863.000000 2.792630
 864.000000 2.796794
 865.000000 2.798796
 866.000000 2.798991
 867.000000 2.797864
 868.000000 2.795903
 869.000000 2.793512
 870.000000 2.790931
 871.000000 2.788186
 872.000000 2.784955
 873.000000 2.780655
 874.000000 2.774733
 875.000000 2.766773
 876.000000 2.756713
 877.000000 2.744446
 878.000000 2.730284
 879.000000 2.714636
 880.000000 2.698068
 881.000000 2.681235
 882.000000 2.664563
 883.000000 2.648687
 884.000000 2.634480
 885.000000 2.622196
 886.000000 2.611845
 887.000000 2.603224
 888.000000 2.595841
 889.000000 2.589090
 890.000000 2.582501
 891.000000 2.575600
 892.000000 2.567888
 893.000000 2.559137
 894.000000 2.549308
 895.000000 2.538543
 896.000000 2.527126
 897.000000 2.515386
 898.000000 2.503546
 899.000000 2.491757
 900.000000 2.480060
 901.000000 2.468182
 902.000000 2.455815
 903.000000 2.442540
 904.000000 2.427998
 905.000000 2.411957
 906.000000 2.394863
 907.000000 2.376926
 908.000000 2.358860
 909.000000 2.341468
 910.000000 2.325605
 911.000000 2.311982
 912.000000 2.300970
 913.000000 2.292870
 914.000000 2.287604
 915.000000 2.284796
 916.000000 2.283897
 917.000000 2.284297
 918.000000 2.285481
 919.000000 2.287133
 920.000000 2.289142
 921.000000 2.291603
 922.000000 2.294786
 923.000000 2.299045
 924.000000 2.304657
 925.000000 2.311752
 926.000000 2.320329
 927.000000 2.330208
 928.000000 2.341239
 929.000000 2.352965
 930.000000 2.364795
 931.000000 2.376290
 932.000000 2.386875
 933.000000 2.396246
 934.000000 2.404369
 935.000000 2.411680
 936.000000 2.418622
 937.000000 2.425674
 938.000000 2.433099
 939.000000 2.440962
 940.000000 2.449059
 941.000000 2.457088
 942.000000 2.464703
 943.000000 2.471507
 944.000000 2.477052
 945.000000 2.481034
 946.000000 2.483265
 947.000000 2.483629
 948.000000 2.482146
 949.000000 2.478952
 950.000000 2.474190
 951.000000 2.468147
 952.000000 2.461074
 953.000000 2.453316
 954.000000 2.444971
 955.000000 2.436089
 956.000000 2.426824
 957.000000 2.417279
 958.000000 2.407584
 959.000000 2.397860
 960.000000 2.388380
 961.000000 2.379297
 962.000000 2.370741
 963.000000 2.362717
 964.000000 2.355350
 965.000000 2.348862
 966.000000 2.343236
 967.000000 2.338502
 968.000000 2.334568
 969.000000 2.331366
 970.000000 2.328863
 971.000000 2.327105
 972.000000 2.326232
 973.000000 2.326469
 974.000000 2.328100
 975.000000 2.331400
 976.000000 2.336533
 977.000000 2.343310
 978.000000 2.351378
 979.000000 2.360220
 980.000000 2.369319
 981.000000 2.378269
 982.000000 2.386770
 983.000000 2.394757
 984.000000 2.402436
 985.000000 2.410028
 986.000000 2.418020
 987.000000 2.426910
 988.000000 2.437060
 989.000000 2.448577
 990.000000 2.461282
 991.000000 2.474760
 992.000000 2.488499
 993.000000 2.501733
 994.000000 2.514113
 995.000000 2.525088
 996.000000 2.534335
 997.000000 2.541816
 998.000000 2.547573
 999.000000 2.551928
 1000.000000 2.555374
 1001.000000 2.558257
 1002.000000 2.560884
 1003.000000 2.563440
 1004.000000 2.565918
 1005.000000 2.568310
 1006.000000 2.570547
 1007.000000 2.572567
 1008.000000 2.574321
 1009.000000 2.575789
 1010.000000 2.576972
 1011.000000 2.577938
 1012.000000 2.578876
 1013.000000 2.580152
 1014.000000 2.582236
 1015.000000 2.585597
 1016.000000 2.590526
 1017.000000 2.597226
 1018.000000 2.605742
 1019.000000 2.615857
 1020.000000 2.627152
 1021.000000 2.639157
 1022.000000 2.651327
 1023.000000 2.662992
 1024.000000 2.673454
 1025.000000 2.681698
 1026.000000 2.687321
 1027.000000 2.691540
 1028.000000 2.695642
 1029.000000 2.700327
 1030.000000 2.705791
 1031.000000 2.712040
 1032.000000 2.718878
 1033.000000 2.726147
 1034.000000 2.733468
 1035.000000 2.740281
 1036.000000 2.746103
 1037.000000 2.750754
 1038.000000 2.754559
 1039.000000 2.758049
 1040.000000 2.761850
 1041.000000 2.766553
 1042.000000 2.772619
 1043.000000 2.780051
 1044.000000 2.788388
 1045.000000 2.796783
 1046.000000 2.804441
 1047.000000 2.810650
 1048.000000 2.814929
 1049.000000 2.816980
 1050.000000 2.816610
 1051.000000 2.813879
 1052.000000 2.809241
 1053.000000 2.803369
 1054.000000 2.797285
 1055.000000 2.791918
 1056.000000 2.787982
 1057.000000 2.785692
 1058.000000 2.784669
 1059.000000 2.784279
 1060.000000 2.783784
 1061.000000 2.782514
 1062.000000 2.780012
 1063.000000 2.776130
 1064.000000 2.771079
 1065.000000 2.765442
 1066.000000 2.759898
 1067.000000 2.755275
 1068.000000 2.752404
 1069.000000 2.751826
 1070.000000 2.753637
 1071.000000 2.757514
 1072.000000 2.762828
 1073.000000 2.768835
 1074.000000 2.774805
 1075.000000 2.780113
 1076.000000 2.784255
 1077.000000 2.787093
 1078.000000 2.788875
 1079.000000 2.790143
 1080.000000 2.791664
 1081.000000 2.794151
 1082.000000 2.798100
 1083.000000 2.803518
 1084.000000 2.809882
 1085.000000 2.816336
 1086.000000 2.821927
 1087.000000 2.825717
 1088.000000 2.826986
 1089.000000 2.825392
 1090.000000 2.820943
 1091.000000 2.813977
 1092.000000 2.805343
 1093.000000 2.796239
 1094.000000 2.787985
 1095.000000 2.781544
 1096.000000 2.777438
 1097.000000 2.775422
 1098.000000 2.774787
 1099.000000 2.774628
 1100.000000 2.774043
 1101.000000 2.772301
 1102.000000 2.768952
 1103.000000 2.763875
 1104.000000 2.757421
 1105.000000 2.750383
 1106.000000 2.743746
 1107.000000 2.738485
 1108.000000 2.735266
 1109.000000 2.734273
 1110.000000 2.735184
 1111.000000 2.737327
 1112.000000 2.739929
 1113.000000 2.742172
 1114.000000 2.743372
 1115.000000 2.743151
 1116.000000 2.741507
 1117.000000 2.738825
 1118.000000 2.735832
 1119.000000 2.733480
 1120.000000 2.732665
 1121.000000 2.733981
 1122.000000 2.737580
 1123.000000 2.743307
 1124.000000 2.750668
 1125.000000 2.759027
 1126.000000 2.767791
 1127.000000 2.776289
 1128.000000 2.783950
 1129.000000 2.790316
 1130.000000 2.795262
 1131.000000 2.799126
 1132.000000 2.802539
 1133.000000 2.806267
 1134.000000 2.811005
 1135.000000 2.817021
 1136.000000 2.824183
 1137.000000 2.832286
 1138.000000 2.840655
 1139.000000 2.848222
 1140.000000 2.854037
 1141.000000 2.857414
 1142.000000 2.858052
 1143.000000 2.856010
 1144.000000 2.851660
 1145.000000 2.845705
 1146.000000 2.839158
 1147.000000 2.832988
 1148.000000 2.827856
 1149.000000 2.824004
 1150.000000 2.821306
 1151.000000 2.819349
 1152.000000 2.817672
 1153.000000 2.815674
 1154.000000 2.812691
 1155.000000 2.808285
 1156.000000 2.802427
 1157.000000 2.795624
 1158.000000 2.788630
 1159.000000 2.782735
 1160.000000 2.779227
 1161.000000 2.778981
 1162.000000 2.782128
 1163.000000 2.788361
 1164.000000 2.797099
 1165.000000 2.807727
 1166.000000 2.819694
 1167.000000 2.832458
 1168.000000 2.845590
 1169.000000 2.858799
 1170.000000 2.872457
 1171.000000 2.887030
 1172.000000 2.903382
 1173.000000 2.921915
 1174.000000 2.942260
 1175.000000 2.963662
 1176.000000 2.986407
 1177.000000 3.011170
 1178.000000 3.037641
 1179.000000 3.062363
 1180.000000 3.081303
 1181.000000 3.090991
 1182.000000 3.090102
 1183.000000 3.079885
 1184.000000 3.063699
 1185.000000 3.046477
 1186.000000 3.032683
 1187.000000 3.024630
 1188.000000 3.022180
 1189.000000 3.023427
 1190.000000 3.025839
 1191.000000 3.026948
 1192.000000 3.024897
 1193.000000 3.018904
 1194.000000 3.009410
 1195.000000 2.997840
 1196.000000 2.985801
 1197.000000 2.974200
 1198.000000 2.964223
 1199.000000 2.957270
 1200.000000 2.954123
 1201.000000 2.954661
 1202.000000 2.957987
 1203.000000 2.962765
 1204.000000 2.967569
 1205.000000 2.970985
 1206.000000 2.971786
 1207.000000 2.969101
 1208.000000 2.962412
 1209.000000 2.951559
 1210.000000 2.937096
 1211.000000 2.920354
 1212.000000 2.903771
 1213.000000 2.889404
 1214.000000 2.878666
 1215.000000 2.872065
 1216.000000 2.869412
 1217.000000 2.869961
 1218.000000 2.872511
 1219.000000 2.875638
 1220.000000 2.877936
 1221.000000 2.878267
 1222.000000 2.876016
 1223.000000 2.871299
 1224.000000 2.864864
 1225.000000 2.857761
 1226.000000 2.850911
 1227.000000 2.845034
 1228.000000 2.840771
 1229.000000 2.838628
 1230.000000 2.838697
 1231.000000 2.840509
 1232.000000 2.843270
 1233.000000 2.846133
 1234.000000 2.848311
 1235.000000 2.849348
 1236.000000 2.849393
 1237.000000 2.849028
 1238.000000 2.848751
 1239.000000 2.848564
 1240.000000 2.848235
 1241.000000 2.847816
 1242.000000 2.847754
 1243.000000 2.848642
 1244.000000 2.850947
 1245.000000 2.854902
 1246.000000 2.860354
 1247.000000 2.866692
 1248.000000 2.873265
 1249.000000 2.879783
 1250.000000 2.886155
 1251.000000 2.892362
 1252.000000 2.897826
 1253.000000 2.901689
 1254.000000 2.903402
 1255.000000 2.902961
 1256.000000 2.900884
 1257.000000 2.898078
 1258.000000 2.895684
 1259.000000 2.894717
 1260.000000 2.895712
 1261.000000 2.898693
 1262.000000 2.903717
 1263.000000 2.910607
 1264.000000 2.918556
 1265.000000 2.925974
 1266.000000 2.930822
 1267.000000 2.931637
 1268.000000 2.927703
 1269.000000 2.919287
 1270.000000 2.907485
 1271.000000 2.894232
 1272.000000 2.881903
 1273.000000 2.872614
 1274.000000 2.867863
 1275.000000 2.868629
 1276.000000 2.875173
 1277.000000 2.886763
 1278.000000 2.901629
 1279.000000 2.916890
 1280.000000 2.929881
 1281.000000 2.938442
 1282.000000 2.941711
 1283.000000 2.939683
 1284.000000 2.932981
 1285.000000 2.923102
 1286.000000 2.912265
 1287.000000 2.902815
 1288.000000 2.896361
 1289.000000 2.893826
 1290.000000 2.895305
 1291.000000 2.899866
 1292.000000 2.905752
 1293.000000 2.910879
 1294.000000 2.913357
 1295.000000 2.911738
 1296.000000 2.905298
 1297.000000 2.894160
 1298.000000 2.879220
 1299.000000 2.862205
 1300.000000 2.845090
 1301.000000 2.829371
 1302.000000 2.816338
 1303.000000 2.807350
 1304.000000 2.803019
 1305.000000 2.803140
 1306.000000 2.806751
 1307.000000 2.812432
 1308.000000 2.818741
 1309.000000 2.824347
 1310.000000 2.828140
 1311.000000 2.829541
 1312.000000 2.828676
 1313.000000 2.826271
 1314.000000 2.823620
 1315.000000 2.822243
 1316.000000 2.823460
 1317.000000 2.828077
 1318.000000 2.836203
 1319.000000 2.847164
 1320.000000 2.859696
 1321.000000 2.872677
 1322.000000 2.885327
 1323.000000 2.896750
 1324.000000 2.906211
 1325.000000 2.913303
 1326.000000 2.918319
 1327.000000 2.921891
 1328.000000 2.924621
 1329.000000 2.926966
 1330.000000 2.929940
 1331.000000 2.934713
 1332.000000 2.941680
 1333.000000 2.950336
 1334.000000 2.959911
 1335.000000 2.969625
 1336.000000 2.978831
 1337.000000 2.987188
 1338.000000 2.994742
 1339.000000 3.001840
 1340.000000 3.008826
 1341.000000 3.015774
 1342.000000 3.022687
 1343.000000 3.029633
 1344.000000 3.036484
 1345.000000 3.043039
 1346.000000 3.049033
 1347.000000 3.054168
 1348.000000 3.058206
 1349.000000 3.060851
 1350.000000 3.061748
 1351.000000 3.060586
 1352.000000 3.057282
 1353.000000 3.052165
 1354.000000 3.045907
 1355.000000 3.039113
 1356.000000 3.032317
 1357.000000 3.025674
 1358.000000 3.019254
 1359.000000 3.013247
 1360.000000 3.007900
 1361.000000 3.003595
 1362.000000 3.000629
 1363.000000 2.999416
 1364.000000 3.000378
 1365.000000 3.004102
 1366.000000 3.011095
 1367.000000 3.021648
 1368.000000 3.035151
 1369.000000 3.049812
 1370.000000 3.063073
 1371.000000 3.073144
 1372.000000 3.078820
 1373.000000 3.079439
 1374.000000 3.075204
 1375.000000 3.067384
 1376.000000 3.057822
 1377.000000 3.048349
 1378.000000 3.040367
 1379.000000 3.034426
 1380.000000 3.030419
 1381.000000 3.027635
 1382.000000 3.025165
 1383.000000 3.022332
 1384.000000 3.019044
 1385.000000 3.015851
 1386.000000 3.013797
 1387.000000 3.014173
 1388.000000 3.018084
 1389.000000 3.026128
 1390.000000 3.038238
 1391.000000 3.053006
 1392.000000 3.068331
 1393.000000 3.081120
 1394.000000 3.088503
 1395.000000 3.088787
 1396.000000 3.081754
 1397.000000 3.068872
 1398.000000 3.052786
 1399.000000 3.036735
 1400.000000 3.023347
 1401.000000 3.014133
 1402.000000 3.009023
 1403.000000 3.007112
 1404.000000 3.007395
 1405.000000 3.009015
 1406.000000 3.011302
 1407.000000 3.013755
 1408.000000 3.016175
 1409.000000 3.018666
 1410.000000 3.021690
 1411.000000 3.025913
 1412.000000 3.031945
 1413.000000 3.040159
 1414.000000 3.050281
 1415.000000 3.061187
 1416.000000 3.071153
 1417.000000 3.078206
 1418.000000 3.080646
 1419.000000 3.077752
 1420.000000 3.070061
 1421.000000 3.059092
 1422.000000 3.046822
 1423.000000 3.035206
 1424.000000 3.025741
 1425.000000 3.019069
 1426.000000 3.015065
 1427.000000 3.013178
 1428.000000 3.012708
 1429.000000 3.012928
 1430.000000 3.013274
 1431.000000 3.013438
 1432.000000 3.013445
 1433.000000 3.013664
 1434.000000 3.014791
 1435.000000 3.017783
 1436.000000 3.023353
 1437.000000 3.031474
 1438.000000 3.041651
 1439.000000 3.052793
 1440.000000 3.063411
 1441.000000 3.071913
 1442.000000 3.076988
 1443.000000 3.077967
 1444.000000 3.074966
 1445.000000 3.068737
 1446.000000 3.060441
 1447.000000 3.051644
 1448.000000 3.043797
 1449.000000 3.037613
 1450.000000 3.033081
 1451.000000 3.029744
 1452.000000 3.026851
 1453.000000 3.023526
 1454.000000 3.019097
 1455.000000 3.013274
 1456.000000 3.006212
 1457.000000 2.998681
 1458.000000 2.991610
 1459.000000 2.985544
 1460.000000 2.981001
 1461.000000 2.977778
 1462.000000 2.974911
 1463.000000 2.972723
 1464.000000 2.972635
 1465.000000 2.974919
 1466.000000 2.979217
 1467.000000 2.985083
 1468.000000 2.992302
 1469.000000 3.000863
 1470.000000 3.010630
 1471.000000 3.021006
 1472.000000 3.031232
 1473.000000 3.040645
 1474.000000 3.048879
 1475.000000 3.055831
 1476.000000 3.061658
 1477.000000 3.066252
 1478.000000 3.069211
 1479.000000 3.069789
 1480.000000 3.067442
 1481.000000 3.062252
 1482.000000 3.054821
 1483.000000 3.046022
 1484.000000 3.037062
 1485.000000 3.028983
 1486.000000 3.022788
 1487.000000 3.019247
 1488.000000 3.018905
 1489.000000 3.022171
 1490.000000 3.029177
 1491.000000 3.039561
 1492.000000 3.052309
 1493.000000 3.065766
 1494.000000 3.077693
 1495.000000 3.085545
 1496.000000 3.087487
 1497.000000 3.082975
 1498.000000 3.072801
 1499.000000 3.058876
 1500.000000 3.043378
 1501.000000 3.027624
 1502.000000 3.012039
 1503.000000 2.997912
 1504.000000 2.986877
 1505.000000 2.978610
 1506.000000 2.972166
 1507.000000 2.966850
 1508.000000 2.962117
 1509.000000 2.957678
 1510.000000 2.953506
 1511.000000 2.949610
 1512.000000 2.945973
 1513.000000 2.942523
 1514.000000 2.939108
 1515.000000 2.935570
 1516.000000 2.931854
 1517.000000 2.927801
 1518.000000 2.923306
 1519.000000 2.918128
 1520.000000 2.912123
 1521.000000 2.905315
 1522.000000 2.897853
 1523.000000 2.890125
 1524.000000 2.882450
 1525.000000 2.875070
 1526.000000 2.868049
 1527.000000 2.861421
 1528.000000 2.855269
 1529.000000 2.849663
 1530.000000 2.844897
 1531.000000 2.841097
 1532.000000 2.838283
 1533.000000 2.836281
 1534.000000 2.834797
 1535.000000 2.833431
 1536.000000 2.831783
 1537.000000 2.829424
 1538.000000 2.825882
 1539.000000 2.820750
 1540.000000 2.813871
 1541.000000 2.805500
 1542.000000 2.796206
 1543.000000 2.786654
 1544.000000 2.777574
 1545.000000 2.769576
 1546.000000 2.762879
 1547.000000 2.757583
 1548.000000 2.753596
 1549.000000 2.750556
 1550.000000 2.747868
 1551.000000 2.744645
 1552.000000 2.740105
 1553.000000 2.733712
 1554.000000 2.725405
 1555.000000 2.715366
 1556.000000 2.704112
 1557.000000 2.692526
 1558.000000 2.681541
 1559.000000 2.672068
 1560.000000 2.664730
 1561.000000 2.659681
 1562.000000 2.656347
 1563.000000 2.653759
 1564.000000 2.650664
 1565.000000 2.645940
 1566.000000 2.638871
 1567.000000 2.629356
 1568.000000 2.617767
 1569.000000 2.605072
 1570.000000 2.592052
 1571.000000 2.579119
 1572.000000 2.566423
 1573.000000 2.554224
 1574.000000 2.542819
 1575.000000 2.532556
 1576.000000 2.523268
 1577.000000 2.514568
 1578.000000 2.505934
 1579.000000 2.496745
 1580.000000 2.486730
 1581.000000 2.475699
 1582.000000 2.463953
 1583.000000 2.451918
 1584.000000 2.440211
 1585.000000 2.429548
 1586.000000 2.420379
 1587.000000 2.412901
 1588.000000 2.406937
 1589.000000 2.401974
 1590.000000 2.397666
 1591.000000 2.393785
 1592.000000 2.390079
 1593.000000 2.386198
 1594.000000 2.381818
 1595.000000 2.376765
 1596.000000 2.371068
 1597.000000 2.365035
 1598.000000 2.359229
 1599.000000 2.354322
 1600.000000 2.351080
 1601.000000 2.350149
 1602.000000 2.351983
 1603.000000 2.356763
 1604.000000 2.364348
 1605.000000 2.374262
 1606.000000 2.385791
 1607.000000 2.397892
 1608.000000 2.409483
 1609.000000 2.419744
 1610.000000 2.428034
 1611.000000 2.433603
 1612.000000 2.436191
 1613.000000 2.436847
 1614.000000 2.437265
 1615.000000 2.438754
 1616.000000 2.442039
 1617.000000 2.447208
 1618.000000 2.453732
 1619.000000 2.460668
 1620.000000 2.466941
 1621.000000 2.471580
 1622.000000 2.473952
 1623.000000 2.473786
 1624.000000 2.471311
 1625.000000 2.467477
 1626.000000 2.463786
 1627.000000 2.461752
 1628.000000 2.462271
 1629.000000 2.465427
 1630.000000 2.470582
 1631.000000 2.476527
 1632.000000 2.481888
 1633.000000 2.485394
 1634.000000 2.486136
 1635.000000 2.483642
 1636.000000 2.478003
 1637.000000 2.469832
 1638.000000 2.460168
 1639.000000 2.450384
 1640.000000 2.441858
 1641.000000 2.435738
 1642.000000 2.432787
 1643.000000 2.433211
 1644.000000 2.436733
 1645.000000 2.442678
 1646.000000 2.450093
 1647.000000 2.457910
 1648.000000 2.465089
 1649.000000 2.470778
 1650.000000 2.474456
 1651.000000 2.475988
 1652.000000 2.475682
 1653.000000 2.474229
 1654.000000 2.472554
 1655.000000 2.471677
 1656.000000 2.472500
 1657.000000 2.475637
 1658.000000 2.481309
 1659.000000 2.489225
 1660.000000 2.498697
 1661.000000 2.508630
 1662.000000 2.517706
 1663.000000 2.524873
 1664.000000 2.529373
 1665.000000 2.530866
 1666.000000 2.529499
 1667.000000 2.525827
 1668.000000 2.520674
 1669.000000 2.515035
 1670.000000 2.509769
 1671.000000 2.505506
 1672.000000 2.502525
 1673.000000 2.500741
 1674.000000 2.499684
 1675.000000 2.498693
 1676.000000 2.497101
 1677.000000 2.494404
 1678.000000 2.490408
 1679.000000 2.485165
 1680.000000 2.478972
 1681.000000 2.472316
 1682.000000 2.465642
 1683.000000 2.459460
 1684.000000 2.454132
 1685.000000 2.449911
 1686.000000 2.447028
 1687.000000 2.445498
 1688.000000 2.445119
 1689.000000 2.445470
 1690.000000 2.445996
 1691.000000 2.446125
 1692.000000 2.445365
 1693.000000 2.443385
 1694.000000 2.440043
 1695.000000 2.435338
 1696.000000 2.429533
 1697.000000 2.423026
 1698.000000 2.416236
 1699.000000 2.409567
 1700.000000 2.403271
 1701.000000 2.397489
 1702.000000 2.392121
 1703.000000 2.386808
 1704.000000 2.381058
 1705.000000 2.374240
 1706.000000 2.365849
 1707.000000 2.355591
 1708.000000 2.343353
 1709.000000 2.329331
 1710.000000 2.314019
 1711.000000 2.298363
 1712.000000 2.283094
 1713.000000 2.269080
 1714.000000 2.256682
 1715.000000 2.245934
 1716.000000 2.236608
 1717.000000 2.228124
 1718.000000 2.219816
 1719.000000 2.211177
 1720.000000 2.201965
 1721.000000 2.191996
 1722.000000 2.181258
 1723.000000 2.169938
 1724.000000 2.158386
 1725.000000 2.147158
 1726.000000 2.136759
 1727.000000 2.127567
 1728.000000 2.119512
 1729.000000 2.112146
 1730.000000 2.104907
 1731.000000 2.097369
 1732.000000 2.089049
 1733.000000 2.079697
 1734.000000 2.069216
 1735.000000 2.057630
 1736.000000 2.045098
 1737.000000 2.032045
 1738.000000 2.018780
 1739.000000 2.005725
 1740.000000 1.993454
 1741.000000 1.982415
 1742.000000 1.972700
 1743.000000 1.964428
 1744.000000 1.957350
 1745.000000 1.951076
 1746.000000 1.945217
 1747.000000 1.939363
 1748.000000 1.933306
 1749.000000 1.927070
 1750.000000 1.920932
 1751.000000 1.915205
 1752.000000 1.910652
 1753.000000 1.907848
 1754.000000 1.907218
 1755.000000 1.908979
 1756.000000 1.912945
 1757.000000 1.918614
 1758.000000 1.925128
 1759.000000 1.931567
 1760.000000 1.937173
 1761.000000 1.941335
 1762.000000 1.943860
 1763.000000 1.944957
 1764.000000 1.945169
 1765.000000 1.945294
 1766.000000 1.946271
 1767.000000 1.949027
 1768.000000 1.954411
 1769.000000 1.962802
 1770.000000 1.974277
 1771.000000 1.988571
 1772.000000 2.004949
 1773.000000 2.022414
 1774.000000 2.039991
 1775.000000 2.057058
 1776.000000 2.073213
 1777.000000 2.088052
 1778.000000 2.101676
 1779.000000 2.114520
 1780.000000 2.126961
 1781.000000 2.139347
 1782.000000 2.151996
 1783.000000 2.165153
 1784.000000 2.178710
 1785.000000 2.192312
 1786.000000 2.205471
 1787.000000 2.217615
 1788.000000 2.228289
 1789.000000 2.237078
 1790.000000 2.243838
 1791.000000 2.248626
 1792.000000 2.251691
 1793.000000 2.253506
 1794.000000 2.254749
 1795.000000 2.256082
 1796.000000 2.258051
 1797.000000 2.260970
 1798.000000 2.264958
 1799.000000 2.269794
 1800.000000 2.275001
 1801.000000 2.280029
 1802.000000 2.284477
 1803.000000 2.288024
 1804.000000 2.290574
 1805.000000 2.292162
 1806.000000 2.293037
 1807.000000 2.293603
 1808.000000 2.294363
 1809.000000 2.295856
 1810.000000 2.298538
 1811.000000 2.302708
 1812.000000 2.308308
 1813.000000 2.314944
 1814.000000 2.321921
 1815.000000 2.328350
 1816.000000 2.333454
 1817.000000 2.336594
 1818.000000 2.337534
 1819.000000 2.336455
 1820.000000 2.333982
 1821.000000 2.331035
 1822.000000 2.328640
 1823.000000 2.327743
 1824.000000 2.328957
 1825.000000 2.332488
 1826.000000 2.338000
 1827.000000 2.344793
 1828.000000 2.352011
 1829.000000 2.358798
 1830.000000 2.364290
 1831.000000 2.367851
 1832.000000 2.369313
 1833.000000 2.368881
 1834.000000 2.367100
 1835.000000 2.364738
 1836.000000 2.362538
 1837.000000 2.361068
 1838.000000 2.360560
 1839.000000 2.360905
 1840.000000 2.361682
 1841.000000 2.362275
 1842.000000 2.362036
 1843.000000 2.360413
 1844.000000 2.357012
 1845.000000 2.351767
 1846.000000 2.344882
 1847.000000 2.336867
 1848.000000 2.328233
 1849.000000 2.319722
 1850.000000 2.311999
 1851.000000 2.305467
 1852.000000 2.300178
 1853.000000 2.295813
 1854.000000 2.291747
 1855.000000 2.287142
 1856.000000 2.281167
 1857.000000 2.273098
 1858.000000 2.262436
 1859.000000 2.249205
 1860.000000 2.233631
 1861.000000 2.216201
 1862.000000 2.197732
 1863.000000 2.178973
 1864.000000 2.160664
 1865.000000 2.143333
 1866.000000 2.127035
 1867.000000 2.111721
 1868.000000 2.096851
 1869.000000 2.082195
 1870.000000 2.067395
 1871.000000 2.052213
 1872.000000 2.036488
 1873.000000 2.020180
 1874.000000 2.003730
 1875.000000 1.988155
 1876.000000 1.974073
 1877.000000 1.961950
 1878.000000 1.952166
 1879.000000 1.944823
 1880.000000 1.939554
 1881.000000 1.935765
 1882.000000 1.932648
 1883.000000 1.929338
 1884.000000 1.925104
 1885.000000 1.919300
 1886.000000 1.911540
 1887.000000 1.901659
 1888.000000 1.889733
 1889.000000 1.875993
 1890.000000 1.861412
 1891.000000 1.847000
 1892.000000 1.833535
 1893.000000 1.821514
 1894.000000 1.811209
 1895.000000 1.802374
 1896.000000 1.794564
 1897.000000 1.787214
 1898.000000 1.779928
 1899.000000 1.772472
 1900.000000 1.764718
 1901.000000 1.756733
 1902.000000 1.748788
 1903.000000 1.741220
 1904.000000 1.734352
 1905.000000 1.728476
 1906.000000 1.723610
 1907.000000 1.719661
 1908.000000 1.716372
 1909.000000 1.713384
 1910.000000 1.710291
 1911.000000 1.706677
 1912.000000 1.702277
 1913.000000 1.697022
 1914.000000 1.690818
 1915.000000 1.683852
 1916.000000 1.676526
 1917.000000 1.669407
 1918.000000 1.662941
 1919.000000 1.657528
 1920.000000 1.653546
 1921.000000 1.651129
 1922.000000 1.650186
 1923.000000 1.650496
 1924.000000 1.651743
 1925.000000 1.653577
 1926.000000 1.655740
 1927.000000 1.658131
 1928.000000 1.660867
 1929.000000 1.664354
 1930.000000 1.669149
 1931.000000 1.675897
 1932.000000 1.685167
 1933.000000 1.697500
 1934.000000 1.712900
 1935.000000 1.730953
 1936.000000 1.750692
 1937.000000 1.770815
 1938.000000 1.790180
 1939.000000 1.807720
 1940.000000 1.822838
 1941.000000 1.835515
 1942.000000 1.845918
 1943.000000 1.854426
 1944.000000 1.861555
 1945.000000 1.867868
 1946.000000 1.873691
 1947.000000 1.879051
 1948.000000 1.883641
 1949.000000 1.886795
 1950.000000 1.887767
 1951.000000 1.885848
 1952.000000 1.880479
 1953.000000 1.871451
 1954.000000 1.858849
 1955.000000 1.843117
 1956.000000 1.825258
 1957.000000 1.806255
 1958.000000 1.787082
 1959.000000 1.768447
 1960.000000 1.750791
 1961.000000 1.734141
 1962.000000 1.718323
 1963.000000 1.702791
 1964.000000 1.686948
 1965.000000 1.670621
 1966.000000 1.653449
 1967.000000 1.635218
 1968.000000 1.615772
 1969.000000 1.595461
 1970.000000 1.575079
 1971.000000 1.555316
 1972.000000 1.537155
 1973.000000 1.520921
 1974.000000 1.506979
 1975.000000 1.495330
 1976.000000 1.485548
 1977.000000 1.477266
 1978.000000 1.470243
 1979.000000 1.464496
 1980.000000 1.460288
 1981.000000 1.457966
 1982.000000 1.457822
 1983.000000 1.460130
 1984.000000 1.465032
 1985.000000 1.472563
 1986.000000 1.482555
 1987.000000 1.494706
 1988.000000 1.508661
 1989.000000 1.524010
 1990.000000 1.540172
 1991.000000 1.556651
 1992.000000 1.572363
 1993.000000 1.586860
 1994.000000 1.599494
 1995.000000 1.609875
 1996.000000 1.617930
 1997.000000 1.623800
 1998.000000 1.627683
 1999.000000 1.629839
 2000.000000 1.630515
 2001.000000 1.629911
 2002.000000 1.628041
 2003.000000 1.624753
 2004.000000 1.619774
 2005.000000 1.612766
 2006.000000 1.603307
 2007.000000 1.591153
 2008.000000 1.576312
 2009.000000 1.559187
 2010.000000 1.540569
 2011.000000 1.521112
 2012.000000 1.501973
 2013.000000 1.483792
 2014.000000 1.467299
 2015.000000 1.452736
 2016.000000 1.440496
 2017.000000 1.430885
 2018.000000 1.424245
 2019.000000 1.420749
 2020.000000 1.420534
 2021.000000 1.423479
 2022.000000 1.429345
 2023.000000 1.437881
 2024.000000 1.448777
 2025.000000 1.461676
 2026.000000 1.476308
 2027.000000 1.492160
 2028.000000 1.509103
 2029.000000 1.526733
 2030.000000 1.544365
 2031.000000 1.561476
 2032.000000 1.577420
 2033.000000 1.591415
 2034.000000 1.602915
 2035.000000 1.611689
 2036.000000 1.617670
 2037.000000 1.620770
 2038.000000 1.620878
 2039.000000 1.617975
 2040.000000 1.612007
 2041.000000 1.602857
 2042.000000 1.590366
 2043.000000 1.574697
 2044.000000 1.556064
 2045.000000 1.535369
 2046.000000 1.513740
 2047.000000 1.492116
 2048.000000 1.471582
 2049.000000 1.452559
 2050.000000 1.435373
 2051.000000 1.420154
 2052.000000 1.406927
 2053.000000 1.396296
 2054.000000 1.388570
 2055.000000 1.384323
 2056.000000 1.384065
 2057.000000 1.388095
 2058.000000 1.396377
 2059.000000 1.408584
 2060.000000 1.424124
 2061.000000 1.442000
 2062.000000 1.461242
 2063.000000 1.480912
 2064.000000 1.500269
 2065.000000 1.518188
 2066.000000 1.534052
 2067.000000 1.547634
 2068.000000 1.558709
 2069.000000 1.567364
 2070.000000 1.573830
 2071.000000 1.578503
 2072.000000 1.581549
 2073.000000 1.583075
 2074.000000 1.582946
 2075.000000 1.580820
 2076.000000 1.576243
 2077.000000 1.568776
 2078.000000 1.558157
 2079.000000 1.544655
 2080.000000 1.528857
 2081.000000 1.511725
 2082.000000 1.494207
 2083.000000 1.477299
 2084.000000 1.462034
 2085.000000 1.449336
 2086.000000 1.439969
 2087.000000 1.434295
 2088.000000 1.432209
 2089.000000 1.433226
 2090.000000 1.436632
 2091.000000 1.441864
 2092.000000 1.448415
 2093.000000 1.455940
 2094.000000 1.464160
 2095.000000 1.473024
 2096.000000 1.482510
 2097.000000 1.492444
 2098.000000 1.502824
 2099.000000 1.513558
 2100.000000 1.524345
 2101.000000 1.534867
 2102.000000 1.544694
 2103.000000 1.553122
 2104.000000 1.559580
 2105.000000 1.563368
 2106.000000 1.563870
 2107.000000 1.560730
 2108.000000 1.553849
 2109.000000 1.543459
 2110.000000 1.530138
 2111.000000 1.514412
 2112.000000 1.496894
 2113.000000 1.478400
 2114.000000 1.459704
 2115.000000 1.441905
 2116.000000 1.425512
 2117.000000 1.411185
 2118.000000 1.399315
 2119.000000 1.390095
 2120.000000 1.383847
 2121.000000 1.380752
 2122.000000 1.380863
 2123.000000 1.384244
 2124.000000 1.390940
 2125.000000 1.400962
 2126.000000 1.414031
 2127.000000 1.429843
 2128.000000 1.447874
 2129.000000 1.467335
 2130.000000 1.487674
 2131.000000 1.507985
 2132.000000 1.527388
 2133.000000 1.545286
 2134.000000 1.561149
 2135.000000 1.574356
 2136.000000 1.584741
 2137.000000 1.592376
 2138.000000 1.597496
 2139.000000 1.600492
 2140.000000 1.601798
 2141.000000 1.601792
 2142.000000 1.600686
 2143.000000 1.598468
 2144.000000 1.594859
 2145.000000 1.589438
 2146.000000 1.581800
 2147.000000 1.571597
 2148.000000 1.558801
 2149.000000 1.543994
 2150.000000 1.527847
 2151.000000 1.511216
 2152.000000 1.494897
 2153.000000 1.479870
 2154.000000 1.466759
 2155.000000 1.456289
 2156.000000 1.449009
 2157.000000 1.444935
 2158.000000 1.443960
 2159.000000 1.445706
 2160.000000 1.449628
 2161.000000 1.455128
 2162.000000 1.461710
 2163.000000 1.468958
 2164.000000 1.476423
 2165.000000 1.483909
 2166.000000 1.491386
 2167.000000 1.499008
 2168.000000 1.506788
 2169.000000 1.514569
 2170.000000 1.521940
 2171.000000 1.528531
 2172.000000 1.533729
 2173.000000 1.537166
 2174.000000 1.538619
 2175.000000 1.538163
 2176.000000 1.536122
 2177.000000 1.532992
 2178.000000 1.529354
 2179.000000 1.525699
 2180.000000 1.522389
 2181.000000 1.519478
 2182.000000 1.516758
 2183.000000 1.513936
 2184.000000 1.510690
 2185.000000 1.506757
 2186.000000 1.502123
 2187.000000 1.496850
 2188.000000 1.491247
 2189.000000 1.485651
 2190.000000 1.480392
 2191.000000 1.475691
 2192.000000 1.471994
 2193.000000 1.469621
 2194.000000 1.468784
 2195.000000 1.469542
 2196.000000 1.471750
 2197.000000 1.475076
 2198.000000 1.478957
 2199.000000 1.482795
 2200.000000 1.485983
 2201.000000 1.487976
 2202.000000 1.488548
 2203.000000 1.487832
 2204.000000 1.486289
 2205.000000 1.484573
 2206.000000 1.483335
 2207.000000 1.483134
 2208.000000 1.484323
 2209.000000 1.487070
 2210.000000 1.491340
 2211.000000 1.496909
 2212.000000 1.503600
 2213.000000 1.511300
 2214.000000 1.519863
 2215.000000 1.529176
 2216.000000 1.539112
 2217.000000 1.549345
 2218.000000 1.559663
 2219.000000 1.569776
 2220.000000 1.579389
 2221.000000 1.588164
 2222.000000 1.595903
 2223.000000 1.602495
 2224.000000 1.607932
 2225.000000 1.612066
 2226.000000 1.614635
 2227.000000 1.615354
 2228.000000 1.613986
 2229.000000 1.610358
 2230.000000 1.604406
 2231.000000 1.596128
 2232.000000 1.585816
 2233.000000 1.573767
 2234.000000 1.560636
 2235.000000 1.547203
 2236.000000 1.534231
 2237.000000 1.522179
 2238.000000 1.511162
 2239.000000 1.500924
 2240.000000 1.491039
 2241.000000 1.481338
 2242.000000 1.471409
 2243.000000 1.461050
 2244.000000 1.450414
 2245.000000 1.439747
 2246.000000 1.429691
 2247.000000 1.420945
 2248.000000 1.414161
 2249.000000 1.409773
 2250.000000 1.408098
 2251.000000 1.409103
 2252.000000 1.412442
 2253.000000 1.417532
 2254.000000 1.423755
 2255.000000 1.430475
 2256.000000 1.437187
 2257.000000 1.443582
 2258.000000 1.449521
 2259.000000 1.455066
 2260.000000 1.460323
 2261.000000 1.465527
 2262.000000 1.470856
 2263.000000 1.476372
 2264.000000 1.481975
 2265.000000 1.487404
 2266.000000 1.492423
 2267.000000 1.496791
 2268.000000 1.500416
 2269.000000 1.503409
 2270.000000 1.506043
 2271.000000 1.508643
 2272.000000 1.511622
 2273.000000 1.515406
 2274.000000 1.520420
 2275.000000 1.526966
 2276.000000 1.535069
 2277.000000 1.544569
 2278.000000 1.554870
 2279.000000 1.565189
 2280.000000 1.574544
 2281.000000 1.581995
 2282.000000 1.587029
 2283.000000 1.589594
 2284.000000 1.589738
 2285.000000 1.587701
 2286.000000 1.583821
 2287.000000 1.578517
 2288.000000 1.572227
 2289.000000 1.565350
 2290.000000 1.558007
 2291.000000 1.550387
 2292.000000 1.542528
 2293.000000 1.534330
 2294.000000 1.525782
 2295.000000 1.516949
 2296.000000 1.507933
 2297.000000 1.498639
 2298.000000 1.489126
 2299.000000 1.479660
 2300.000000 1.470379
 2301.000000 1.461420
 2302.000000 1.452710
 2303.000000 1.444360
 2304.000000 1.436336
 2305.000000 1.428813
 2306.000000 1.422001
 2307.000000 1.416095
 2308.000000 1.411434
 2309.000000 1.408162
 2310.000000 1.406376
 2311.000000 1.406084
 2312.000000 1.407276
 2313.000000 1.409933
 2314.000000 1.414092
 2315.000000 1.419784
 2316.000000 1.426964
 2317.000000 1.435621
 2318.000000 1.445521
 2319.000000 1.456559
 2320.000000 1.468472
 2321.000000 1.480880
 2322.000000 1.493652
 2323.000000 1.506690
 2324.000000 1.519611
 2325.000000 1.532239
 2326.000000 1.544400
 2327.000000 1.555788
 2328.000000 1.566182
 2329.000000 1.575548
 2330.000000 1.583963
 2331.000000 1.591708
 2332.000000 1.598936
 2333.000000 1.605784
 2334.000000 1.612278
 2335.000000 1.618228
 2336.000000 1.623291
 2337.000000 1.627137
 2338.000000 1.629433
 2339.000000 1.629940
 2340.000000 1.628589
 2341.000000 1.625484
 2342.000000 1.620845
 2343.000000 1.615039
 2344.000000 1.608453
 2345.000000 1.601547
 2346.000000 1.594667
 2347.000000 1.588006
 2348.000000 1.581520
 2349.000000 1.575091
 2350.000000 1.568558
 2351.000000 1.561802
 2352.000000 1.554814
 2353.000000 1.547760
 2354.000000 1.540899
 2355.000000 1.534744
 2356.000000 1.529891
 2357.000000 1.527018
 2358.000000 1.526702
 2359.000000 1.529364
 2360.000000 1.535168
 2361.000000 1.543954
 2362.000000 1.555278
 2363.000000 1.568358
 2364.000000 1.581976
 2365.000000 1.595107
 2366.000000 1.606914
 2367.000000 1.617157
 2368.000000 1.625901
 2369.000000 1.633622
 2370.000000 1.641029
 2371.000000 1.648938
 2372.000000 1.658081
 2373.000000 1.669013
 2374.000000 1.681867
 2375.000000 1.696398
 2376.000000 1.712031
 2377.000000 1.727818
 2378.000000 1.742702
 2379.000000 1.755870
 2380.000000 1.766960
 2381.000000 1.775944
 2382.000000 1.782895
 2383.000000 1.788104
 2384.000000 1.792054
 2385.000000 1.795241
 2386.000000 1.798158
 2387.000000 1.801097
 2388.000000 1.804208
 2389.000000 1.807418
 2390.000000 1.810354
 2391.000000 1.812506
 2392.000000 1.813306
 2393.000000 1.812295
 2394.000000 1.809164
 2395.000000 1.803844
 2396.000000 1.796502
 2397.000000 1.787576
 2398.000000 1.777438
 2399.000000 1.766699
 2400.000000 1.755861
 2401.000000 1.745296
 2402.000000 1.735105
 2403.000000 1.725104
 2404.000000 1.715063
 2405.000000 1.704757
 2406.000000 1.694308
 2407.000000 1.683767
 2408.000000 1.673256
 2409.000000 1.662974
 2410.000000 1.653206
 2411.000000 1.644218
 2412.000000 1.636340
 2413.000000 1.629742
 2414.000000 1.624612
 2415.000000 1.620952
 2416.000000 1.618695
 2417.000000 1.617638
 2418.000000 1.617609
 2419.000000 1.618504
 2420.000000 1.620248
 2421.000000 1.622757
 2422.000000 1.625839
 2423.000000 1.629204
 2424.000000 1.632551
 2425.000000 1.635575
 2426.000000 1.638003
 2427.000000 1.639709
 2428.000000 1.640662
 2429.000000 1.640932
 2430.000000 1.640732
 2431.000000 1.640351
 2432.000000 1.640055
 2433.000000 1.640010
 2434.000000 1.640230
 2435.000000 1.640583
 2436.000000 1.640855
 2437.000000 1.640822
 2438.000000 1.640293
 2439.000000 1.639153
 2440.000000 1.637367
 2441.000000 1.634947
 2442.000000 1.631894
 2443.000000 1.628167
 2444.000000 1.623753
 2445.000000 1.618691
 2446.000000 1.613006
 2447.000000 1.606790
 2448.000000 1.600077
 2449.000000 1.592816
 2450.000000 1.584899
 2451.000000 1.576249
 2452.000000 1.566947
 2453.000000 1.556970
 2454.000000 1.546489
 2455.000000 1.535635
 2456.000000 1.524629
 2457.000000 1.513968
 2458.000000 1.504265
 2459.000000 1.495919
 2460.000000 1.489079
 2461.000000 1.483832
 2462.000000 1.480051
 2463.000000 1.477410
 2464.000000 1.475420
 2465.000000 1.473533
 2466.000000 1.471174
 2467.000000 1.467821
 2468.000000 1.463096
 2469.000000 1.456825
 2470.000000 1.449190
 2471.000000 1.440683
 2472.000000 1.431905
 2473.000000 1.423521
 2474.000000 1.416264
 2475.000000 1.410556
 2476.000000 1.406599
 2477.000000 1.404226
 2478.000000 1.402943
 2479.000000 1.402054
 2480.000000 1.400868
 2481.000000 1.398873
 2482.000000 1.395919
 2483.000000 1.392225
 2484.000000 1.388273
 2485.000000 1.384748
 2486.000000 1.382384
 2487.000000 1.381728
 2488.000000 1.383068
 2489.000000 1.386326
 2490.000000 1.391084
 2491.000000 1.396723
 2492.000000 1.402460
 2493.000000 1.407708
 2494.000000 1.412170
 2495.000000 1.415868
 2496.000000 1.419074
 2497.000000 1.422166
 2498.000000 1.425540
 2499.000000 1.429561
 2500.000000 1.434449
 2501.000000 1.440222
 2502.000000 1.446681
 2503.000000 1.453457
 2504.000000 1.460139
 2505.000000 1.466314
 2506.000000 1.471517
 2507.000000 1.475395
 2508.000000 1.477766
 2509.000000 1.478534
 2510.000000 1.477774
 2511.000000 1.475693
 2512.000000 1.472585
 2513.000000 1.468784
 2514.000000 1.464616
 2515.000000 1.460226
 2516.000000 1.455565
 2517.000000 1.450448
 2518.000000 1.444761
 2519.000000 1.438312
 2520.000000 1.431147
 2521.000000 1.423328
 2522.000000 1.414965
 2523.000000 1.406238
 2524.000000 1.397356
 2525.000000 1.388687
 2526.000000 1.380650
 2527.000000 1.373738
 2528.000000 1.368338
 2529.000000 1.364576
 2530.000000 1.362494
 2531.000000 1.362085
 2532.000000 1.363231
 2533.000000 1.365691
 2534.000000 1.369057
 2535.000000 1.372885
 2536.000000 1.376726
 2537.000000 1.380263
 2538.000000 1.383359
 2539.000000 1.386041
 2540.000000 1.388480
 2541.000000 1.390940
 2542.000000 1.393745
 2543.000000 1.397149
 2544.000000 1.401460
 2545.000000 1.406861
 2546.000000 1.413403
 2547.000000 1.420958
 2548.000000 1.429270
 2549.000000 1.438195
 2550.000000 1.447541
 2551.000000 1.456945
 2552.000000 1.466408
 2553.000000 1.476017
 2554.000000 1.486106
 2555.000000 1.497107
 2556.000000 1.509551
 2557.000000 1.523824
 2558.000000 1.540378
 2559.000000 1.558731
 2560.000000 1.577846
 2561.000000 1.596708
 2562.000000 1.615009
 2563.000000 1.633098
 2564.000000 1.650747
 2565.000000 1.667737
 2566.000000 1.683825
 2567.000000 1.698340
 2568.000000 1.710946
 2569.000000 1.721375
 2570.000000 1.729753
 2571.000000 1.736591
 2572.000000 1.742429
 2573.000000 1.747684
 2574.000000 1.752574
 2575.000000 1.757095
 2576.000000 1.761198
 2577.000000 1.764682
 2578.000000 1.767345
 2579.000000 1.769076
 2580.000000 1.769864
 2581.000000 1.769808
 2582.000000 1.769113
 2583.000000 1.768084
 2584.000000 1.767042
 2585.000000 1.766296
 2586.000000 1.766081
 2587.000000 1.766517
 2588.000000 1.767597
 2589.000000 1.769188
 2590.000000 1.771007
 2591.000000 1.772687
 2592.000000 1.773793
 2593.000000 1.773926
 2594.000000 1.772763
 2595.000000 1.770153
 2596.000000 1.766250
 2597.000000 1.761346
 2598.000000 1.755823
 2599.000000 1.750099
 2600.000000 1.744548
 2601.000000 1.739426
 2602.000000 1.734716
 2603.000000 1.730165
 2604.000000 1.725424
 2605.000000 1.719984
 2606.000000 1.713250
 2607.000000 1.704925
 2608.000000 1.694967
 2609.000000 1.684013
 2610.000000 1.672697
 2611.000000 1.661775
 2612.000000 1.651609
 2613.000000 1.642689
 2614.000000 1.635057
 2615.000000 1.628696
 2616.000000 1.623433
 2617.000000 1.618999
 2618.000000 1.614973
 2619.000000 1.610955
 2620.000000 1.606475
 2621.000000 1.601035
 2622.000000 1.594119
 2623.000000 1.585330
 2624.000000 1.574411
 2625.000000 1.561266
 2626.000000 1.546326
 2627.000000 1.530269
 2628.000000 1.513803
 2629.000000 1.497726
 2630.000000 1.482392
 2631.000000 1.467687
 2632.000000 1.453373
 2633.000000 1.439487
 2634.000000 1.425998
 2635.000000 1.413086
 2636.000000 1.401277
 2637.000000 1.391239
 2638.000000 1.383429
 2639.000000 1.378039
 2640.000000 1.375121
 2641.000000 1.374460
 2642.000000 1.375479
 2643.000000 1.377463
 2644.000000 1.379729
 2645.000000 1.381854
 2646.000000 1.383830
 2647.000000 1.386020
 2648.000000 1.388976
 2649.000000 1.393263
 2650.000000 1.399370
 2651.000000 1.407520
 2652.000000 1.417746
 2653.000000 1.429725
 2654.000000 1.442897
 2655.000000 1.456634
 2656.000000 1.470210
 2657.000000 1.483114
 2658.000000 1.494901
 2659.000000 1.505436
 2660.000000 1.514583
 2661.000000 1.522239
 2662.000000 1.528455
 2663.000000 1.533464
 2664.000000 1.537437
 2665.000000 1.540659
 2666.000000 1.543249
 2667.000000 1.545147
 2668.000000 1.546148
 2669.000000 1.545937
 2670.000000 1.544274
 2671.000000 1.541108
 2672.000000 1.536616
 2673.000000 1.531201
 2674.000000 1.525347
 2675.000000 1.519631
 2676.000000 1.514683
 2677.000000 1.511044
 2678.000000 1.509063
 2679.000000 1.509017
 2680.000000 1.510955
 2681.000000 1.514747
 2682.000000 1.520125
 2683.000000 1.526863
 2684.000000 1.534803
 2685.000000 1.543805
 2686.000000 1.553523
 2687.000000 1.563584
 2688.000000 1.573764
 2689.000000 1.584105
 2690.000000 1.594594
 2691.000000 1.605327
 2692.000000 1.616560
 2693.000000 1.628637
 2694.000000 1.641838
 2695.000000 1.655982
 2696.000000 1.670777
 2697.000000 1.685543
 2698.000000 1.699051
 2699.000000 1.710546
 2700.000000 1.719572
 2701.000000 1.726224
 2702.000000 1.731065
 2703.000000 1.734906
 2704.000000 1.738590
 2705.000000 1.742925
 2706.000000 1.748380
 2707.000000 1.755181
 2708.000000 1.763212
 2709.000000 1.772201
 2710.000000 1.781687
 2711.000000 1.791010
 2712.000000 1.799469
 2713.000000 1.806250
 2714.000000 1.811030
 2715.000000 1.813826
 2716.000000 1.815103
 2717.000000 1.815574
 2718.000000 1.816028
 2719.000000 1.817106
 2720.000000 1.819184
 2721.000000 1.822377
 2722.000000 1.826608
 2723.000000 1.831378
 2724.000000 1.836017
 2725.000000 1.839805
 2726.000000 1.841994
 2727.000000 1.842040
 2728.000000 1.839679
 2729.000000 1.834955
 2730.000000 1.828244
 2731.000000 1.820085
 2732.000000 1.811083
 2733.000000 1.801846
 2734.000000 1.792703
 2735.000000 1.783673
