#! FIELDS time d
 0.000000 2.645500
 1.000000 2.636312
 2.000000 2.629256
 3.000000 2.624516
 4.000000 2.621929
 5.000000 2.621127
 6.000000 2.621654
 7.000000 2.623024
 8.000000 2.624808
 9.000000 2.626732
 10.000000 2.628644
 11.000000 2.630528
 12.000000 2.632536
 13.000000 2.634926
 14.000000 2.638101
 15.000000 2.642524
 16.000000 2.648684
 17.000000 2.657013
 18.000000 2.667749
 19.000000 2.681146
 20.000000 2.696835
 21.000000 2.714332
 22.000000 2.733368
 23.000000 2.753085
 24.000000 2.772684
 25.000000 2.791481
 26.000000 2.808702
 27.000000 2.823970
 28.000000 2.837094
 29.000000 2.848402
 30.000000 2.858183
 31.000000 2.867154
 32.000000 2.875857
 33.000000 2.884774
 34.000000 2.894735
 35.000000 2.906027
 36.000000 2.918791
 37.000000 2.932759
 38.000000 2.947726
 39.000000 2.963040
 40.000000 2.978069
 41.000000 2.992606
 42.000000 3.006478
 43.000000 3.018921
 44.000000 3.028456
 45.000000 3.034200
 46.000000 3.035881
 47.000000 3.034032
 48.000000 3.029834
 49.000000 3.024693
 50.000000 3.019978
 51.000000 3.016714
 52.000000 3.015439
 53.000000 3.016136
 54.000000 3.018332
 55.000000 3.021304
 56.000000 3.024188
 57.000000 3.026324
 58.000000 3.027299
 59.000000 3.027078
 60.000000 3.025993
 61.000000 3.024584
 62.000000 3.023462
 63.000000 3.023074
 64.000000 3.023576
 65.000000 3.024805
 66.000000 3.026278
 67.000000 3.027284
 68.000000 3.027081
 69.000000 3.025119
 70.000000 3.021175
 71.000000 3.015463
 72.000000 3.008654
 73.000000 3.001800
 74.000000 2.996000
 75.000000 2.991808
 76.000000 2.989422
 77.000000 2.989001
 78.000000 2.990635
 79.000000 2.994333
 80.000000 3.000087
 81.000000 3.007571
 82.000000 3.015859
 83.000000 3.023656
 84.000000 3.029678
 85.000000 3.032972
 86.000000 3.033012
 87.000000 3.029920
 88.000000 3.024236
 89.000000 3.016844
 90.000000 3.008812
 91.000000 3.001030
 92.000000 2.994013
 93.000000 2.987655
 94.000000 2.981431
 95.000000 2.974849
 96.000000 2.967511
 97.000000 2.959286
 98.000000 2.950233
 99.000000 2.940798
 100.000000 2.931380
 101.000000 2.922357
 102.000000 2.914097
 103.000000 2.906660
 104.000000 2.900105
 105.000000 2.894478
 106.000000 2.889538
 107.000000 2.884974
 108.000000 2.880471
 109.000000 2.875831
 110.000000 2.870937
 111.000000 2.865717
 112.000000 2.860210
 113.000000 2.854419
 114.000000 2.848400
 115.000000 2.842232
 116.000000 2.836061
 117.000000 2.830109
 118.000000 2.824728
 119.000000 2.820349
 120.000000 2.817433
 121.000000 2.816375
 122.000000 2.817411
 123.000000 2.820599
 124.000000 2.825827
 125.000000 2.832801
 126.000000 2.840885
 127.000000 2.849272
 128.000000 2.857187
 129.000000 2.863796
 130.000000 2.868466
 131.000000 2.871048
 132.000000 2.871726
 133.000000 2.871092
 134.000000 2.870030
 135.000000 2.869546
 136.000000 2.870569
 137.000000 2.873776
 138.000000 2.879403
 139.000000 2.887105
 140.000000 2.896140
 141.000000 2.905134
 142.000000 2.912856
 143.000000 2.918190
 144.000000 2.920521
 145.000000 2.919719
 146.000000 2.916142
 147.000000 2.910574
 148.000000 2.904105
 149.000000 2.898056
 150.000000 2.893424
 151.000000 2.890827
 152.000000 2.890427
 153.000000 2.891839
 154.000000 2.894264
 155.000000 2.896739
 156.000000 2.898352
 157.000000 2.898376
 158.000000 2.896384
 159.000000 2.892333
 160.000000 2.886572
 161.000000 2.879719
 162.000000 2.872517
 163.000000 2.865462
 164.000000 2.859134
 165.000000 2.853919
 166.000000 2.850030
 167.000000 2.847450
 168.000000 2.845972
 169.000000 2.845274
 170.000000 2.845006
 171.000000 2.844837
 172.000000 2.844514
 173.000000 2.843897
 174.000000 2.842977
 175.000000 2.841870
 176.000000 2.840791
 177.000000 2.839994
 178.000000 2.839731
 179.000000 2.840245
 180.000000 2.841770
 181.000000 2.844555
 182.000000 2.848768
 183.000000 2.854451
 184.000000 2.861607
 185.000000 2.870229
 186.000000 2.880257
 187.000000 2.891191
 188.000000 2.902749
 189.000000 2.914414
 190.000000 2.925471
 191.000000 2.935480
 192.000000 2.944053
 193.000000 2.950983
 194.000000 2.956423
 195.000000 2.960781
 196.000000 2.964736
 197.000000 2.969033
 198.000000 2.974477
 199.000000 2.981840
 200.000000 2.991832
 201.000000 3.004925
 202.000000 3.020794
 203.000000 3.037674
 204.000000 3.052523
 205.000000 3.062659
 206.000000 3.065703
 207.000000 3.060874
 208.000000 3.049246
 209.000000 3.033482
 210.000000 3.016644
 211.000000 3.001759
 212.000000 2.990681
 213.000000 2.983661
 214.000000 2.980378
 215.000000 2.980065
 216.000000 2.981786
 217.000000 2.984523
 218.000000 2.987303
 219.000000 2.989266
 220.000000 2.989756
 221.000000 2.988450
 222.000000 2.985363
 223.000000 2.980777
 224.000000 2.975393
 225.000000 2.970180
 226.000000 2.966141
 227.000000 2.964157
 228.000000 2.964738
 229.000000 2.967965
 230.000000 2.973553
 231.000000 2.980853
 232.000000 2.989171
 233.000000 2.997939
 234.000000 3.006760
 235.000000 3.014726
 236.000000 3.020698
 237.000000 3.024320
 238.000000 3.025720
 239.000000 3.025512
 240.000000 3.024699
 241.000000 3.024385
 242.000000 3.025450
 243.000000 3.028352
 244.000000 3.032994
 245.000000 3.038676
 246.000000 3.044185
 247.000000 3.048027
 248.000000 3.048890
 249.000000 3.045988
 250.000000 3.039312
 251.000000 3.029519
 252.000000 3.017714
 253.000000 3.005094
 254.000000 2.992800
 255.000000 2.981130
 256.000000 2.969901
 257.000000 2.959029
 258.000000 2.948588
 259.000000 2.939154
 260.000000 2.931123
 261.000000 2.924861
 262.000000 2.920362
 263.000000 2.917220
 264.000000 2.914794
 265.000000 2.912300
 266.000000 2.908981
 267.000000 2.904231
 268.000000 2.897804
 269.000000 2.889758
 270.000000 2.880584
 271.000000 2.871080
 272.000000 2.862218
 273.000000 2.854964
 274.000000 2.850263
 275.000000 2.848761
 276.000000 2.850731
 277.000000 2.856093
 278.000000 2.864321
 279.000000 2.874524
 280.000000 2.885680
 281.000000 2.896583
 282.000000 2.906415
 283.000000 2.914430
 284.000000 2.920103
 285.000000 2.923250
 286.000000 2.924148
 287.000000 2.923403
 288.000000 2.921856
 289.000000 2.920390
 290.000000 2.919762
 291.000000 2.920418
 292.000000 2.922424
 293.000000 2.925453
 294.000000 2.928872
 295.000000 2.931913
 296.000000 2.933809
 297.000000 2.933985
 298.000000 2.932159
 299.000000 2.928423
 300.000000 2.923206
 301.000000 2.917283
 302.000000 2.911652
 303.000000 2.907252
 304.000000 2.904857
 305.000000 2.905067
 306.000000 2.908106
 307.000000 2.913753
 308.000000 2.921245
 309.000000 2.929354
 310.000000 2.936772
 311.000000 2.942260
 312.000000 2.944679
 313.000000 2.943466
 314.000000 2.938614
 315.000000 2.930640
 316.000000 2.920683
 317.000000 2.910065
 318.000000 2.900385
 319.000000 2.893141
 320.000000 2.889221
 321.000000 2.889009
 322.000000 2.892205
 323.000000 2.897914
 324.000000 2.905019
 325.000000 2.912134
 326.000000 2.917740
 327.000000 2.920672
 328.000000 2.920215
 329.000000 2.916314
 330.000000 2.909580
 331.000000 2.901215
 332.000000 2.892652
 333.000000 2.885053
 334.000000 2.879391
 335.000000 2.876135
 336.000000 2.875399
 337.000000 2.876850
 338.000000 2.879818
 339.000000 2.883447
 340.000000 2.886828
 341.000000 2.889135
 342.000000 2.889702
 343.000000 2.888183
 344.000000 2.884566
 345.000000 2.879135
 346.000000 2.872439
 347.000000 2.865295
 348.000000 2.858507
 349.000000 2.852935
 350.000000 2.849415
 351.000000 2.848398
 352.000000 2.849910
 353.000000 2.853550
 354.000000 2.858507
 355.000000 2.863727
 356.000000 2.868206
 357.000000 2.871023
 358.000000 2.871473
 359.000000 2.869165
 360.000000 2.863989
 361.000000 2.856234
 362.000000 2.846276
 363.000000 2.834827
 364.000000 2.822838
 365.000000 2.811443
 366.000000 2.801952
 367.000000 2.795165
 368.000000 2.791433
 369.000000 2.790450
 370.000000 2.791279
 371.000000 2.792543
 372.000000 2.792728
 373.000000 2.790464
 374.000000 2.784740
 375.000000 2.775180
 376.000000 2.762346
 377.000000 2.747117
 378.000000 2.730722
 379.000000 2.714644
 380.000000 2.700481
 381.000000 2.689556
 382.000000 2.682475
 383.000000 2.679370
 384.000000 2.679936
 385.000000 2.683488
 386.000000 2.689057
 387.000000 2.695657
 388.000000 2.702385
 389.000000 2.708723
 390.000000 2.714331
 391.000000 2.719157
 392.000000 2.723318
 393.000000 2.727086
 394.000000 2.730883
 395.000000 2.735238
 396.000000 2.740674
 397.000000 2.747477
 398.000000 2.755772
 399.000000 2.765325
 400.000000 2.775738
 401.000000 2.786258
 402.000000 2.796295
 403.000000 2.805005
 404.000000 2.811761
 405.000000 2.815990
 406.000000 2.817324
 407.000000 2.815613
 408.000000 2.811021
 409.000000 2.804061
 410.000000 2.795484
 411.000000 2.786418
 412.000000 2.778125
 413.000000 2.771708
 414.000000 2.768041
 415.000000 2.767397
 416.000000 2.769314
 417.000000 2.772663
 418.000000 2.775937
 419.000000 2.777392
 420.000000 2.775548
 421.000000 2.769295
 422.000000 2.758233
 423.000000 2.742429
 424.000000 2.722806
 425.000000 2.700938
 426.000000 2.679323
 427.000000 2.659479
 428.000000 2.643120
 429.000000 2.631155
 430.000000 2.623869
 431.000000 2.620844
 432.000000 2.620969
 433.000000 2.622871
 434.000000 2.625145
 435.000000 2.626574
 436.000000 2.626372
 437.000000 2.624240
 438.000000 2.620380
 439.000000 2.615419
 440.000000 2.610152
 441.000000 2.605501
 442.000000 2.602279
 443.000000 2.601105
 444.000000 2.602451
 445.000000 2.606534
 446.000000 2.613341
 447.000000 2.622559
 448.000000 2.633572
 449.000000 2.645684
 450.000000 2.658024
 451.000000 2.669802
 452.000000 2.680391
 453.000000 2.689312
 454.000000 2.696328
 455.000000 2.701457
 456.000000 2.705082
 457.000000 2.707796
 458.000000 2.710347
 459.000000 2.713584
 460.000000 2.718145
 461.000000 2.724333
 462.000000 2.732136
 463.000000 2.741140
 464.000000 2.750672
 465.000000 2.759947
 466.000000 2.768061
 467.000000 2.774187
 468.000000 2.777608
 469.000000 2.777886
 470.000000 2.774842
 471.000000 2.768655
 472.000000 2.759947
 473.000000 2.749598
 474.000000 2.738742
 475.000000 2.728552
 476.000000 2.720095
 477.000000 2.714251
 478.000000 2.711392
 479.000000 2.711306
 480.000000 2.713287
 481.000000 2.716275
 482.000000 2.719075
 483.000000 2.720511
 484.000000 2.719629
 485.000000 2.715902
 486.000000 2.709304
 487.000000 2.700303
 488.000000 2.689929
 489.000000 2.679500
 490.000000 2.670487
 491.000000 2.664091
 492.000000 2.661074
 493.000000 2.661556
 494.000000 2.665029
 495.000000 2.670499
 496.000000 2.676682
 497.000000 2.682296
 498.000000 2.686258
 499.000000 2.687856
 500.000000 2.686828
 501.000000 2.683359
 502.000000 2.678200
 503.000000 2.672397
 504.000000 2.667219
 505.000000 2.663858
 506.000000 2.663201
 507.000000 2.665784
 508.000000 2.671688
 509.000000 2.680408
 510.000000 2.691037
 511.000000 2.702592
 512.000000 2.713834
 513.000000 2.723878
 514.000000 2.732093
 515.000000 2.738154
 516.000000 2.742164
 517.000000 2.744436
 518.000000 2.745498
 519.000000 2.746009
 520.000000 2.746645
 521.000000 2.748002
 522.000000 2.750533
 523.000000 2.754473
 524.000000 2.759885
 525.000000 2.766512
 526.000000 2.773865
 527.000000 2.781319
 528.000000 2.788164
 529.000000 2.793846
 530.000000 2.798062
 531.000000 2.800514
 532.000000 2.801227
 533.000000 2.800460
 534.000000 2.798672
 535.000000 2.796471
 536.000000 2.794467
 537.000000 2.793202
 538.000000 2.793035
 539.000000 2.794091
 540.000000 2.796266
 541.000000 2.799193
 542.000000 2.802386
 543.000000 2.805308
 544.000000 2.807357
 545.000000 2.808111
 546.000000 2.807310
 547.000000 2.804942
 548.000000 2.801273
 549.000000 2.796839
 550.000000 2.792390
 551.000000 2.788734
 552.000000 2.786498
 553.000000 2.786056
 554.000000 2.787406
 555.000000 2.790196
 556.000000 2.793733
 557.000000 2.797212
 558.000000 2.799860
 559.000000 2.801111
 560.000000 2.800762
 561.000000 2.799016
 562.000000 2.796402
 563.000000 2.793667
 564.000000 2.791720
 565.000000 2.791379
 566.000000 2.793194
 567.000000 2.797398
 568.000000 2.803855
 569.000000 2.812165
 570.000000 2.821523
 571.000000 2.830995
 572.000000 2.839703
 573.000000 2.846869
 574.000000 2.852228
 575.000000 2.855799
 576.000000 2.857999
 577.000000 2.859465
 578.000000 2.861016
 579.000000 2.863515
 580.000000 2.867717
 581.000000 2.874205
 582.000000 2.883300
 583.000000 2.895129
 584.000000 2.909525
 585.000000 2.925798
 586.000000 2.942587
 587.000000 2.958794
 588.000000 2.973313
 589.000000 2.985978
 590.000000 2.997291
 591.000000 3.007818
 592.000000 3.017648
 593.000000 3.026450
 594.000000 3.034018
 595.000000 3.040121
 596.000000 3.044504
 597.000000 3.046907
 598.000000 3.047133
 599.000000 3.045158
 600.000000 3.041116
 601.000000 3.035242
 602.000000 3.027835
 603.000000 3.019149
 604.000000 3.009531
 605.000000 2.999339
 606.000000 2.988640
 607.000000 2.976947
 608.000000 2.963977
 609.000000 2.949859
 610.000000 2.935306
 611.000000 2.921435
 612.000000 2.909098
 613.000000 2.898737
 614.000000 2.890328
 615.000000 2.883567
 616.000000 2.877852
 617.000000 2.872671
 618.000000 2.867584
 619.000000 2.862369
 620.000000 2.857024
 621.000000 2.851806
 622.000000 2.847141
 623.000000 2.843540
 624.000000 2.841476
 625.000000 2.841362
 626.000000 2.843454
 627.000000 2.847780
 628.000000 2.854201
 629.000000 2.862396
 630.000000 2.872186
 631.000000 2.883243
 632.000000 2.895441
 633.000000 2.908569
 634.000000 2.922251
 635.000000 2.936238
 636.000000 2.949995
 637.000000 2.962988
 638.000000 2.975280
 639.000000 2.987420
 640.000000 3.000465
 641.000000 3.015252
 642.000000 3.031885
 643.000000 3.049593
 644.000000 3.066732
 645.000000 3.081182
 646.000000 3.090403
 647.000000 3.092770
 648.000000 3.088049
 649.000000 3.077451
 650.000000 3.063198
 651.000000 3.047784
 652.000000 3.033184
 653.000000 3.020385
 654.000000 3.009469
 655.000000 2.999934
 656.000000 2.990965
 657.000000 2.981043
 658.000000 2.968747
 659.000000 2.953589
 660.000000 2.935920
 661.000000 2.917006
 662.000000 2.898741
 663.000000 2.882298
 664.000000 2.868792
 665.000000 2.858324
 666.000000 2.851062
 667.000000 2.846869
 668.000000 2.845467
 669.000000 2.846314
 670.000000 2.848768
 671.000000 2.852194
 672.000000 2.856112
 673.000000 2.860079
 674.000000 2.863807
 675.000000 2.867226
 676.000000 2.870331
 677.000000 2.873209
 678.000000 2.876084
 679.000000 2.879280
 680.000000 2.883175
 681.000000 2.888147
 682.000000 2.894525
 683.000000 2.902594
 684.000000 2.912316
 685.000000 2.923141
 686.000000 2.934210
 687.000000 2.944729
 688.000000 2.953767
 689.000000 2.960780
 690.000000 2.965539
 691.000000 2.968232
 692.000000 2.969259
 693.000000 2.969100
 694.000000 2.968250
 695.000000 2.967089
 696.000000 2.965826
 697.000000 2.964442
 698.000000 2.962714
 699.000000 2.960297
 700.000000 2.956810
 701.000000 2.951953
 702.000000 2.945684
 703.000000 2.938294
 704.000000 2.930425
 705.000000 2.922926
 706.000000 2.916628
 707.000000 2.912373
 708.000000 2.910876
 709.000000 2.912415
 710.000000 2.916825
 711.000000 2.923575
 712.000000 2.931748
 713.000000 2.940437
 714.000000 2.948840
 715.000000 2.956262
 716.000000 2.962347
 717.000000 2.967224
 718.000000 2.971412
 719.000000 2.975604
 720.000000 2.980524
 721.000000 2.986990
 722.000000 2.995877
 723.000000 3.008096
 724.000000 3.023526
 725.000000 3.041006
 726.000000 3.058240
 727.000000 3.071807
 728.000000 3.078576
 729.000000 3.076755
 730.000000 3.066776
 731.000000 3.051180
 732.000000 3.033463
 733.000000 3.016648
 734.000000 3.002573
 735.000000 2.992279
 736.000000 2.985179
 737.000000 2.980199
 738.000000 2.976282
 739.000000 2.972374
 740.000000 2.967550
 741.000000 2.961034
 742.000000 2.952436
 743.000000 2.941853
 744.000000 2.929863
 745.000000 2.917622
 746.000000 2.906249
 747.000000 2.896793
 748.000000 2.889979
 749.000000 2.886121
 750.000000 2.885139
 751.000000 2.886682
 752.000000 2.890189
 753.000000 2.894939
 754.000000 2.900106
 755.000000 2.904966
 756.000000 2.908884
 757.000000 2.911483
 758.000000 2.912748
 759.000000 2.912975
 760.000000 2.912827
 761.000000 2.913202
 762.000000 2.915074
 763.000000 2.919283
 764.000000 2.926407
 765.000000 2.936571
 766.000000 2.949206
 767.000000 2.963090
 768.000000 2.977068
 769.000000 2.990379
 770.000000 3.003117
 771.000000 3.015457
 772.000000 3.026657
 773.000000 3.036350
 774.000000 3.044498
 775.000000 3.051224
 776.000000 3.056739
 777.000000 3.061386
 778.000000 3.065265
 779.000000 3.068176
 780.000000 3.069491
 781.000000 3.068467
 782.000000 3.064576
 783.000000 3.057758
 784.000000 3.048480
 785.000000 3.037462
 786.000000 3.025693
 787.000000 3.014248
 788.000000 3.003839
 789.000000 2.995203
 790.000000 2.988445
 791.000000 2.983421
 792.000000 2.980169
 793.000000 2.978749
 794.000000 2.979167
 795.000000 2.981348
 796.000000 2.985079
 797.000000 2.990213
 798.000000 2.996537
 799.000000 3.003962
 800.000000 3.012065
 801.000000 3.020452
 802.000000 3.028836
 803.000000 3.037037
 804.000000 3.044859
 805.000000 3.052057
 806.000000 3.058361
 807.000000 3.063419
 808.000000 3.066849
 809.000000 3.068339
 810.000000 3.067725
 811.000000 3.065011
 812.000000 3.060387
 813.000000 3.054291
 814.000000 3.047304
 815.000000 3.039890
 816.000000 3.032590
 817.000000 3.025798
 818.000000 3.019714
 819.000000 3.014089
 820.000000 3.007601
 821.000000 2.999770
 822.000000 2.991470
 823.000000 2.982388
 824.000000 2.971582
 825.000000 2.958350
 826.000000 2.942412
 827.000000 2.924724
 828.000000 2.906237
 829.000000 2.887668
 830.000000 2.868863
 831.000000 2.849409
 832.000000 2.829202
 833.000000 2.808273
 834.000000 2.787468
 835.000000 2.767161
 836.000000 2.747329
 837.000000 2.727819
 838.000000 2.708811
 839.000000 2.690258
 840.000000 2.672356
 841.000000 2.655680
 842.000000 2.640468
 843.000000 2.626608
 844.000000 2.613784
 845.000000 2.601643
 846.000000 2.589805
 847.000000 2.577925
 848.000000 2.565490
 849.000000 2.552213
 850.000000 2.537534
 851.000000 2.521365
 852.000000 2.503672
 853.000000 2.484887
 854.000000 2.465642
 855.000000 2.446671
 856.000000 2.428686
 857.000000 2.412494
 858.000000 2.398898
 859.000000 2.388347
 860.000000 2.381108
 861.000000 2.377052
 862.000000 2.375681
 863.000000 2.376308
 864.000000 2.378153
 865.000000 2.380426
 866.000000 2.382433
 867.000000 2.383762
 868.000000 2.384292
 869.000000 2.384234
 870.000000 2.384054
 871.000000 2.384319
 872.000000 2.385508
 873.000000 2.387872
 874.000000 2.391313
 875.000000 2.395455
 876.000000 2.399669
 877.000000 2.403390
 878.000000 2.406057
 879.000000 2.407337
 880.000000 2.407202
 881.000000 2.405923
 882.000000 2.404012
 883.000000 2.402118
 884.000000 2.400930
 885.000000 2.400963
 886.000000 2.402521
 887.000000 2.405560
 888.000000 2.409721
 889.000000 2.414428
 890.000000 2.418895
 891.000000 2.422387
 892.000000 2.424415
 893.000000 2.424708
 894.000000 2.423343
 895.000000 2.420690
 896.000000 2.417368
 897.000000 2.414112
 898.000000 2.411626
 899.000000 2.410478
 900.000000 2.410975
 901.000000 2.413103
 902.000000 2.416541
 903.000000 2.420802
 904.000000 2.425372
 905.000000 2.429808
 906.000000 2.433677
 907.000000 2.436877
 908.000000 2.439483
 909.000000 2.441778
 910.000000 2.444198
 911.000000 2.447239
 912.000000 2.451402
 913.000000 2.457032
 914.000000 2.464322
 915.000000 2.473229
 916.000000 2.483389
 917.000000 2.494427
 918.000000 2.505765
 919.000000 2.516881
 920.000000 2.527352
 921.000000 2.536957
 922.000000 2.545768
 923.000000 2.554064
 924.000000 2.562109
 925.000000 2.570058
 926.000000 2.577986
 927.000000 2.585867
 928.000000 2.593804
 929.000000 2.601689
 930.000000 2.609300
 931.000000 2.616485
 932.000000 2.623003
 933.000000 2.628814
 934.000000 2.634008
 935.000000 2.638805
 936.000000 2.643375
 937.000000 2.648006
 938.000000 2.652946
 939.000000 2.658382
 940.000000 2.664323
 941.000000 2.670679
 942.000000 2.677281
 943.000000 2.683872
 944.000000 2.690083
 945.000000 2.695623
 946.000000 2.700275
 947.000000 2.703822
 948.000000 2.706123
 949.000000 2.707150
 950.000000 2.707066
 951.000000 2.706185
 952.000000 2.704910
 953.000000 2.703665
 954.000000 2.702735
 955.000000 2.702250
 956.000000 2.702156
 957.000000 2.702202
 958.000000 2.701989
 959.000000 2.701030
 960.000000 2.698821
 961.000000 2.694872
 962.000000 2.688768
 963.000000 2.680233
 964.000000 2.669363
 965.000000 2.656684
 966.000000 2.642605
 967.000000 2.627889
 968.000000 2.613137
 969.000000 2.598916
 970.000000 2.585511
 971.000000 2.572921
 972.000000 2.561030
 973.000000 2.549634
 974.000000 2.538506
 975.000000 2.527273
 976.000000 2.515606
 977.000000 2.503470
 978.000000 2.490794
 979.000000 2.477715
 980.000000 2.464493
 981.000000 2.451446
 982.000000 2.438988
 983.000000 2.427428
 984.000000 2.416883
 985.000000 2.407583
 986.000000 2.399456
 987.000000 2.392340
 988.000000 2.385910
 989.000000 2.379713
 990.000000 2.373228
 991.000000 2.365964
 992.000000 2.357550
 993.000000 2.347954
 994.000000 2.337164
 995.000000 2.325655
 996.000000 2.314063
 997.000000 2.303029
 998.000000 2.293330
 999.000000 2.285407
 1000.000000 2.279288
 1001.000000 2.274850
 1002.000000 2.271410
 1003.000000 2.267914
 1004.000000 2.263253
 1005.000000 2.256230
 1006.000000 2.245893
 1007.000000 2.231614
 1008.000000 2.213271
 1009.000000 2.191396
 1010.000000 2.167369
 1011.000000 2.142754
 1012.000000 2.119291
 1013.000000 2.098029
 1014.000000 2.079948
 1015.000000 2.065264
 1016.000000 2.053873
 1017.000000 2.044928
 1018.000000 2.037323
 1019.000000 2.030005
 1020.000000 2.022047
 1021.000000 2.012754
 1022.000000 2.001834
 1023.000000 1.989563
 1024.000000 1.976587
 1025.000000 1.963911
 1026.000000 1.952763
 1027.000000 1.944145
 1028.000000 1.938823
 1029.000000 1.937019
 1030.000000 1.938491
 1031.000000 1.942599
 1032.000000 1.948469
 1033.000000 1.955359
 1034.000000 1.962660
 1035.000000 1.970095
 1036.000000 1.977821
 1037.000000 1.986165
 1038.000000 1.995765
 1039.000000 2.007405
 1040.000000 2.021896
 1041.000000 2.039679
 1042.000000 2.061109
 1043.000000 2.085784
 1044.000000 2.112599
 1045.000000 2.139730
 1046.000000 2.165785
 1047.000000 2.189524
 1048.000000 2.210128
 1049.000000 2.227356
 1050.000000 2.241560
 1051.000000 2.253862
 1052.000000 2.265392
 1053.000000 2.277561
 1054.000000 2.291291
 1055.000000 2.307302
 1056.000000 2.325546
 1057.000000 2.345179
 1058.000000 2.365464
 1059.000000 2.384933
 1060.000000 2.402489
 1061.000000 2.417395
 1062.000000 2.429232
 1063.000000 2.437987
 1064.000000 2.443993
 1065.000000 2.447824
 1066.000000 2.450416
 1067.000000 2.452773
 1068.000000 2.455816
 1069.000000 2.460239
 1070.000000 2.466354
 1071.000000 2.474032
 1072.000000 2.482616
 1073.000000 2.491153
 1074.000000 2.498607
 1075.000000 2.504027
 1076.000000 2.506590
 1077.000000 2.505917
 1078.000000 2.502102
 1079.000000 2.495788
 1080.000000 2.487993
 1081.000000 2.480250
 1082.000000 2.473779
 1083.000000 2.469634
 1084.000000 2.468427
 1085.000000 2.470141
 1086.000000 2.474042
 1087.000000 2.478831
 1088.000000 2.482933
 1089.000000 2.484901
 1090.000000 2.483626
 1091.000000 2.478579
 1092.000000 2.469942
 1093.000000 2.458510
 1094.000000 2.445752
 1095.000000 2.433376
 1096.000000 2.423266
 1097.000000 2.416409
 1098.000000 2.412839
 1099.000000 2.411650
 1100.000000 2.411284
 1101.000000 2.409960
 1102.000000 2.406146
 1103.000000 2.398868
 1104.000000 2.387995
 1105.000000 2.374254
 1106.000000 2.358903
 1107.000000 2.343533
 1108.000000 2.329775
 1109.000000 2.318916
 1110.000000 2.311553
 1111.000000 2.307645
 1112.000000 2.306481
 1113.000000 2.306966
 1114.000000 2.307818
 1115.000000 2.307807
 1116.000000 2.305980
 1117.000000 2.301814
 1118.000000 2.295284
 1119.000000 2.286938
 1120.000000 2.277634
 1121.000000 2.268439
 1122.000000 2.260182
 1123.000000 2.253303
 1124.000000 2.247985
 1125.000000 2.243899
 1126.000000 2.240220
 1127.000000 2.235930
 1128.000000 2.229991
 1129.000000 2.221675
 1130.000000 2.210639
 1131.000000 2.196985
 1132.000000 2.181455
 1133.000000 2.165275
 1134.000000 2.149635
 1135.000000 2.135869
 1136.000000 2.124817
 1137.000000 2.116490
 1138.000000 2.110713
 1139.000000 2.106884
 1140.000000 2.104040
 1141.000000 2.101222
 1142.000000 2.097685
 1143.000000 2.093158
 1144.000000 2.087819
 1145.000000 2.082297
 1146.000000 2.077566
 1147.000000 2.074581
 1148.000000 2.074117
 1149.000000 2.076654
 1150.000000 2.082241
 1151.000000 2.090613
 1152.000000 2.101119
 1153.000000 2.112883
 1154.000000 2.125005
 1155.000000 2.136606
 1156.000000 2.147006
 1157.000000 2.155656
 1158.000000 2.162585
 1159.000000 2.167890
 1160.000000 2.171901
 1161.000000 2.175033
 1162.000000 2.177800
 1163.000000 2.180539
 1164.000000 2.183206
 1165.000000 2.185367
 1166.000000 2.186300
 1167.000000 2.185259
 1168.000000 2.181730
 1169.000000 2.175544
 1170.000000 2.166683
 1171.000000 2.155574
 1172.000000 2.142712
 1173.000000 2.128951
 1174.000000 2.115339
 1175.000000 2.102875
 1176.000000 2.092111
 1177.000000 2.083592
 1178.000000 2.077343
 1179.000000 2.073119
 1180.000000 2.070423
 1181.000000 2.068779
 1182.000000 2.067770
 1183.000000 2.067090
 1184.000000 2.066592
 1185.000000 2.066334
 1186.000000 2.066589
 1187.000000 2.067851
 1188.000000 2.070743
 1189.000000 2.075911
 1190.000000 2.083760
 1191.000000 2.094225
 1192.000000 2.106719
 1193.000000 2.120131
 1194.000000 2.133423
 1195.000000 2.145792
 1196.000000 2.156643
 1197.000000 2.165809
 1198.000000 2.173413
 1199.000000 2.179744
 1200.000000 2.185326
 1201.000000 2.190759
 1202.000000 2.196682
 1203.000000 2.203486
 1204.000000 2.211344
 1205.000000 2.220050
 1206.000000 2.229007
 1207.000000 2.237532
 1208.000000 2.244817
 1209.000000 2.250169
 1210.000000 2.253164
 1211.000000 2.253748
 1212.000000 2.252136
 1213.000000 2.248785
 1214.000000 2.244351
 1215.000000 2.239471
 1216.000000 2.234665
 1217.000000 2.230210
 1218.000000 2.226112
 1219.000000 2.222099
 1220.000000 2.217764
 1221.000000 2.212550
 1222.000000 2.205862
 1223.000000 2.197342
 1224.000000 2.186627
 1225.000000 2.173643
 1226.000000 2.158585
 1227.000000 2.141927
 1228.000000 2.124476
 1229.000000 2.107343
 1230.000000 2.091857
 1231.000000 2.078759
 1232.000000 2.067886
 1233.000000 2.058465
 1234.000000 2.049425
 1235.000000 2.039655
 1236.000000 2.028110
 1237.000000 2.014489
 1238.000000 1.998832
 1239.000000 1.981764
 1240.000000 1.964454
 1241.000000 1.948173
 1242.000000 1.933725
 1243.000000 1.921487
 1244.000000 1.911474
 1245.000000 1.903035
 1246.000000 1.895191
 1247.000000 1.887003
 1248.000000 1.877712
 1249.000000 1.866883
 1250.000000 1.854760
 1251.000000 1.841842
 1252.000000 1.829278
 1253.000000 1.818452
 1254.000000 1.810537
 1255.000000 1.806435
 1256.000000 1.806354
 1257.000000 1.809867
 1258.000000 1.815966
 1259.000000 1.823511
 1260.000000 1.831210
 1261.000000 1.838154
 1262.000000 1.843985
 1263.000000 1.848735
 1264.000000 1.852940
 1265.000000 1.857429
 1266.000000 1.863003
 1267.000000 1.870374
 1268.000000 1.879746
 1269.000000 1.890772
 1270.000000 1.902684
 1271.000000 1.914349
 1272.000000 1.924533
 1273.000000 1.932295
 1274.000000 1.937195
 1275.000000 1.939225
 1276.000000 1.938783
 1277.000000 1.936607
 1278.000000 1.933571
 1279.000000 1.930576
 1280.000000 1.928271
 1281.000000 1.927016
 1282.000000 1.926738
 1283.000000 1.927005
 1284.000000 1.927114
 1285.000000 1.926207
 1286.000000 1.923437
 1287.000000 1.918141
 1288.000000 1.909810
 1289.000000 1.898290
 1290.000000 1.884001
 1291.000000 1.867753
 1292.000000 1.850614
 1293.000000 1.833652
 1294.000000 1.817541
 1295.000000 1.802566
 1296.000000 1.788807
 1297.000000 1.775786
 1298.000000 1.762761
 1299.000000 1.749186
 1300.000000 1.734789
 1301.000000 1.719675
 1302.000000 1.704053
 1303.000000 1.688520
 1304.000000 1.673730
 1305.000000 1.660291
 1306.000000 1.648737
 1307.000000 1.639451
 1308.000000 1.632240
 1309.000000 1.626753
 1310.000000 1.622578
 1311.000000 1.619208
 1312.000000 1.616066
 1313.000000 1.612742
 1314.000000 1.609059
 1315.000000 1.605017
 1316.000000 1.600773
 1317.000000 1.596682
 1318.000000 1.593095
 1319.000000 1.590430
 1320.000000 1.588988
 1321.000000 1.588791
 1322.000000 1.589648
 1323.000000 1.591184
 1324.000000 1.592856
 1325.000000 1.594021
 1326.000000 1.594086
 1327.000000 1.592555
 1328.000000 1.589104
 1329.000000 1.583650
 1330.000000 1.576268
 1331.000000 1.567159
 1332.000000 1.556599
 1333.000000 1.545048
 1334.000000 1.532676
 1335.000000 1.519467
 1336.000000 1.505381
 1337.000000 1.490361
 1338.000000 1.474350
 1339.000000 1.457564
 1340.000000 1.440556
 1341.000000 1.424036
 1342.000000 1.409183
 1343.000000 1.396970
 1344.000000 1.388429
 1345.000000 1.384361
 1346.000000 1.385197
 1347.000000 1.390984
 1348.000000 1.401383
 1349.000000 1.415708
 1350.000000 1.433070
 1351.000000 1.452490
 1352.000000 1.473138
 1353.000000 1.494168
 1354.000000 1.514669
 1355.000000 1.534152
 1356.000000 1.552041
 1357.000000 1.568581
 1358.000000 1.584305
 1359.000000 1.599741
 1360.000000 1.615463
 1361.000000 1.631633
 1362.000000 1.648541
 1363.000000 1.665863
 1364.000000 1.683299
 1365.000000 1.699766
 1366.000000 1.714262
 1367.000000 1.726369
 1368.000000 1.735957
 1369.000000 1.743379
 1370.000000 1.749222
 1371.000000 1.754310
 1372.000000 1.759479
 1373.000000 1.765313
 1374.000000 1.771871
 1375.000000 1.778668
 1376.000000 1.784776
 1377.000000 1.789023
 1378.000000 1.790146
 1379.000000 1.787177
 1380.000000 1.779651
 1381.000000 1.767635
 1382.000000 1.751703
 1383.000000 1.732872
 1384.000000 1.712742
 1385.000000 1.692723
 1386.000000 1.673744
 1387.000000 1.656356
 1388.000000 1.640352
 1389.000000 1.624719
 1390.000000 1.607748
 1391.000000 1.588086
 1392.000000 1.564118
 1393.000000 1.535683
 1394.000000 1.504280
 1395.000000 1.472306
 1396.000000 1.442328
 1397.000000 1.416722
 1398.000000 1.396832
 1399.000000 1.383432
 1400.000000 1.376453
 1401.000000 1.375205
 1402.000000 1.378482
 1403.000000 1.385175
 1404.000000 1.394584
 1405.000000 1.406354
 1406.000000 1.420670
 1407.000000 1.437623
 1408.000000 1.457326
 1409.000000 1.479475
 1410.000000 1.503696
 1411.000000 1.529321
 1412.000000 1.555222
 1413.000000 1.580972
 1414.000000 1.606725
 1415.000000 1.633109
 1416.000000 1.660722
 1417.000000 1.689321
 1418.000000 1.717420
 1419.000000 1.743553
 1420.000000 1.766812
 1421.000000 1.787213
 1422.000000 1.805039
 1423.000000 1.820702
 1424.000000 1.834510
 1425.000000 1.846827
 1426.000000 1.858040
 1427.000000 1.868309
 1428.000000 1.877429
 1429.000000 1.885105
 1430.000000 1.890733
 1431.000000 1.893657
 1432.000000 1.893321
 1433.000000 1.889346
 1434.000000 1.881631
 1435.000000 1.870494
 1436.000000 1.856443
 1437.000000 1.840250
 1438.000000 1.822947
 1439.000000 1.805662
 1440.000000 1.789045
 1441.000000 1.773253
 1442.000000 1.758081
 1443.000000 1.743263
 1444.000000 1.728310
 1445.000000 1.713235
 1446.000000 1.698137
 1447.000000 1.683245
 1448.000000 1.668872
 1449.000000 1.655154
 1450.000000 1.642040
 1451.000000 1.629486
 1452.000000 1.617398
 1453.000000 1.605397
 1454.000000 1.593242
 1455.000000 1.580913
 1456.000000 1.568469
 1457.000000 1.556339
 1458.000000 1.545064
 1459.000000 1.535153
 1460.000000 1.527028
 1461.000000 1.520504
 1462.000000 1.515022
 1463.000000 1.509723
 1464.000000 1.503764
 1465.000000 1.496576
 1466.000000 1.487940
 1467.000000 1.478351
 1468.000000 1.468666
 1469.000000 1.460109
 1470.000000 1.454119
 1471.000000 1.451775
 1472.000000 1.453743
 1473.000000 1.460065
 1474.000000 1.470160
 1475.000000 1.482912
 1476.000000 1.496936
 1477.000000 1.510406
 1478.000000 1.521879
 1479.000000 1.530195
 1480.000000 1.534627
 1481.000000 1.535320
 1482.000000 1.532833
 1483.000000 1.528061
 1484.000000 1.522034
 1485.000000 1.515555
 1486.000000 1.509230
 1487.000000 1.503283
 1488.000000 1.497518
 1489.000000 1.491592
 1490.000000 1.485056
 1491.000000 1.477587
 1492.000000 1.469121
 1493.000000 1.459907
 1494.000000 1.450568
 1495.000000 1.442173
 1496.000000 1.435894
 1497.000000 1.432802
 1498.000000 1.433743
 1499.000000 1.439210
 1500.000000 1.449222
 1501.000000 1.463393
 1502.000000 1.480538
 1503.000000 1.498941
 1504.000000 1.517103
 1505.000000 1.533656
 1506.000000 1.547661
 1507.000000 1.558375
 1508.000000 1.565628
 1509.000000 1.569462
 1510.000000 1.570085
 1511.000000 1.567915
 1512.000000 1.563441
 1513.000000 1.557153
 1514.000000 1.549376
 1515.000000 1.540259
 1516.000000 1.530038
 1517.000000 1.518637
 1518.000000 1.506116
 1519.000000 1.492224
 1520.000000 1.477045
 1521.000000 1.460946
 1522.000000 1.444168
 1523.000000 1.427255
 1524.000000 1.410776
 1525.000000 1.395596
 1526.000000 1.382476
 1527.000000 1.372075
 1528.000000 1.364963
 1529.000000 1.361620
 1530.000000 1.362596
 1531.000000 1.368171
 1532.000000 1.378344
 1533.000000 1.392929
 1534.000000 1.411109
 1535.000000 1.431795
 1536.000000 1.453745
 1537.000000 1.475894
 1538.000000 1.497396
 1539.000000 1.517708
 1540.000000 1.536610
 1541.000000 1.554016
 1542.000000 1.570141
 1543.000000 1.585519
 1544.000000 1.600704
 1545.000000 1.616169
 1546.000000 1.632406
 1547.000000 1.649206
 1548.000000 1.665951
 1549.000000 1.681823
 1550.000000 1.695508
 1551.000000 1.706138
 1552.000000 1.713085
 1553.000000 1.716266
 1554.000000 1.716039
 1555.000000 1.713185
 1556.000000 1.708700
 1557.000000 1.703690
 1558.000000 1.699098
 1559.000000 1.695591
 1560.000000 1.693451
 1561.000000 1.692595
 1562.000000 1.692624
 1563.000000 1.693000
 1564.000000 1.693174
 1565.000000 1.692687
 1566.000000 1.691279
 1567.000000 1.688936
 1568.000000 1.685875
 1569.000000 1.682565
 1570.000000 1.679489
 1571.000000 1.677029
 1572.000000 1.675369
 1573.000000 1.674389
 1574.000000 1.673639
 1575.000000 1.672445
 1576.000000 1.670049
 1577.000000 1.665829
 1578.000000 1.659480
 1579.000000 1.651015
 1580.000000 1.640939
 1581.000000 1.629823
 1582.000000 1.618514
 1583.000000 1.607582
 1584.000000 1.597329
 1585.000000 1.587759
 1586.000000 1.578426
 1587.000000 1.568710
 1588.000000 1.557939
 1589.000000 1.545376
 1590.000000 1.530605
 1591.000000 1.513597
 1592.000000 1.494946
 1593.000000 1.475591
 1594.000000 1.456709
 1595.000000 1.439687
 1596.000000 1.425938
 1597.000000 1.416669
 1598.000000 1.412576
 1599.000000 1.413580
 1600.000000 1.419068
 1601.000000 1.428065
 1602.000000 1.439535
 1603.000000 1.452517
 1604.000000 1.466063
 1605.000000 1.479540
 1606.000000 1.492583
 1607.000000 1.504945
 1608.000000 1.516590
 1609.000000 1.527784
 1610.000000 1.538909
 1611.000000 1.550094
 1612.000000 1.561152
 1613.000000 1.571714
 1614.000000 1.581331
 1615.000000 1.589274
 1616.000000 1.594989
 1617.000000 1.597837
 1618.000000 1.597257
 1619.000000 1.592909
 1620.000000 1.584617
 1621.000000 1.572517
 1622.000000 1.557082
 1623.000000 1.539327
 1624.000000 1.520299
 1625.000000 1.501664
 1626.000000 1.484659
 1627.000000 1.470396
 1628.000000 1.459370
 1629.000000 1.451738
 1630.000000 1.447151
 1631.000000 1.445068
 1632.000000 1.444840
 1633.000000 1.445905
 1634.000000 1.447862
 1635.000000 1.450534
 1636.000000 1.453984
 1637.000000 1.458483
 1638.000000 1.464439
 1639.000000 1.472237
 1640.000000 1.482242
 1641.000000 1.494645
 1642.000000 1.509386
 1643.000000 1.526065
 1644.000000 1.543995
 1645.000000 1.562140
 1646.000000 1.579276
 1647.000000 1.594433
 1648.000000 1.607076
 1649.000000 1.617004
 1650.000000 1.624287
 1651.000000 1.629225
 1652.000000 1.632366
 1653.000000 1.634333
 1654.000000 1.635789
 1655.000000 1.637275
 1656.000000 1.639142
 1657.000000 1.641501
 1658.000000 1.644222
 1659.000000 1.646951
 1660.000000 1.649226
 1661.000000 1.650523
 1662.000000 1.650354
 1663.000000 1.648366
 1664.000000 1.644393
 1665.000000 1.638507
 1666.000000 1.631003
 1667.000000 1.622397
 1668.000000 1.613298
 1669.000000 1.604431
 1670.000000 1.596336
 1671.000000 1.589407
 1672.000000 1.583796
 1673.000000 1.579413
 1674.000000 1.575810
 1675.000000 1.572338
 1676.000000 1.568229
 1677.000000 1.562761
 1678.000000 1.555493
 1679.000000 1.546265
 1680.000000 1.535279
 1681.000000 1.523049
 1682.000000 1.510053
 1683.000000 1.497018
 1684.000000 1.484557
 1685.000000 1.473227
 1686.000000 1.463779
 1687.000000 1.456683
 1688.000000 1.452119
 1689.000000 1.449749
 1690.000000 1.448867
 1691.000000 1.448411
 1692.000000 1.447217
 1693.000000 1.444265
 1694.000000 1.438883
 1695.000000 1.430865
 1696.000000 1.420713
 1697.000000 1.409362
 1698.000000 1.397907
 1699.000000 1.387550
 1700.000000 1.379394
 1701.000000 1.374496
 1702.000000 1.373592
 1703.000000 1.376936
 1704.000000 1.384270
 1705.000000 1.395049
 1706.000000 1.408413
 1707.000000 1.423351
 1708.000000 1.438958
 1709.000000 1.454469
 1710.000000 1.469398
 1711.000000 1.483427
 1712.000000 1.496839
 1713.000000 1.509955
 1714.000000 1.523372
 1715.000000 1.537601
 1716.000000 1.552827
 1717.000000 1.569140
 1718.000000 1.586390
 1719.000000 1.604061
 1720.000000 1.621301
 1721.000000 1.637393
 1722.000000 1.651683
 1723.000000 1.663547
 1724.000000 1.672550
 1725.000000 1.678463
 1726.000000 1.681498
 1727.000000 1.682273
 1728.000000 1.681742
 1729.000000 1.680940
 1730.000000 1.680813
 1731.000000 1.682050
 1732.000000 1.684952
 1733.000000 1.689366
 1734.000000 1.694750
 1735.000000 1.700300
 1736.000000 1.705091
 1737.000000 1.708206
 1738.000000 1.709058
 1739.000000 1.707457
 1740.000000 1.703700
 1741.000000 1.698510
 1742.000000 1.692792
 1743.000000 1.687662
 1744.000000 1.684031
 1745.000000 1.682535
 1746.000000 1.683463
 1747.000000 1.686670
 1748.000000 1.691683
 1749.000000 1.697751
 1750.000000 1.703968
 1751.000000 1.709588
 1752.000000 1.713651
 1753.000000 1.715613
 1754.000000 1.715245
 1755.000000 1.712609
 1756.000000 1.708125
 1757.000000 1.702402
 1758.000000 1.696269
 1759.000000 1.690504
 1760.000000 1.685675
 1761.000000 1.682169
 1762.000000 1.679997
 1763.000000 1.678849
 1764.000000 1.678216
 1765.000000 1.677506
 1766.000000 1.676137
 1767.000000 1.673614
 1768.000000 1.669551
 1769.000000 1.663902
 1770.000000 1.656777
 1771.000000 1.648478
 1772.000000 1.639612
 1773.000000 1.631004
 1774.000000 1.623529
 1775.000000 1.617905
 1776.000000 1.614610
 1777.000000 1.613743
 1778.000000 1.614841
 1779.000000 1.616979
 1780.000000 1.618861
 1781.000000 1.619052
 1782.000000 1.616247
 1783.000000 1.609536
 1784.000000 1.598555
 1785.000000 1.583591
 1786.000000 1.565530
 1787.000000 1.545866
 1788.000000 1.526254
 1789.000000 1.508259
 1790.000000 1.492744
 1791.000000 1.480013
 1792.000000 1.469951
 1793.000000 1.461975
 1794.000000 1.454991
 1795.000000 1.447982
 1796.000000 1.440178
 1797.000000 1.431146
 1798.000000 1.420651
 1799.000000 1.409137
 1800.000000 1.397581
 1801.000000 1.387194
 1802.000000 1.379032
 1803.000000 1.374181
 1804.000000 1.373383
 1805.000000 1.377031
 1806.000000 1.385087
 1807.000000 1.397223
 1808.000000 1.412813
 1809.000000 1.431159
 1810.000000 1.451126
 1811.000000 1.471593
 1812.000000 1.491257
 1813.000000 1.509231
 1814.000000 1.525152
 1815.000000 1.538937
 1816.000000 1.551007
 1817.000000 1.561811
 1818.000000 1.572058
 1819.000000 1.582328
 1820.000000 1.593096
 1821.000000 1.604793
 1822.000000 1.617689
 1823.000000 1.631679
 1824.000000 1.646495
 1825.000000 1.661594
 1826.000000 1.676067
 1827.000000 1.689135
 1828.000000 1.700257
 1829.000000 1.709143
 1830.000000 1.715599
 1831.000000 1.719699
 1832.000000 1.721963
 1833.000000 1.723127
 1834.000000 1.724029
 1835.000000 1.725463
 1836.000000 1.728038
 1837.000000 1.732035
 1838.000000 1.737397
 1839.000000 1.743594
 1840.000000 1.749889
 1841.000000 1.755371
 1842.000000 1.759298
 1843.000000 1.761099
 1844.000000 1.760545
 1845.000000 1.757689
 1846.000000 1.752927
 1847.000000 1.746967
 1848.000000 1.740619
 1849.000000 1.734915
 1850.000000 1.730846
 1851.000000 1.729176
 1852.000000 1.730315
 1853.000000 1.734246
 1854.000000 1.740492
 1855.000000 1.748265
 1856.000000 1.756547
 1857.000000 1.764424
 1858.000000 1.771217
 1859.000000 1.776355
 1860.000000 1.779692
 1861.000000 1.781387
 1862.000000 1.781852
 1863.000000 1.781694
 1864.000000 1.781618
 1865.000000 1.782308
 1866.000000 1.784330
 1867.000000 1.788039
 1868.000000 1.793577
 1869.000000 1.800669
 1870.000000 1.808772
 1871.000000 1.817115
 1872.000000 1.824864
 1873.000000 1.831248
 1874.000000 1.835480
 1875.000000 1.836932
 1876.000000 1.835350
 1877.000000 1.830727
 1878.000000 1.823369
 1879.000000 1.813861
 1880.000000 1.802736
 1881.000000 1.790563
 1882.000000 1.777644
 1883.000000 1.764162
 1884.000000 1.750652
 1885.000000 1.737603
 1886.000000 1.725773
 1887.000000 1.715763
 1888.000000 1.707869
 1889.000000 1.701888
 1890.000000 1.697474
 1891.000000 1.693884
 1892.000000 1.690211
 1893.000000 1.685580
 1894.000000 1.679304
 1895.000000 1.670873
 1896.000000 1.660026
 1897.000000 1.646674
 1898.000000 1.631213
 1899.000000 1.614281
 1900.000000 1.596421
 1901.000000 1.578188
 1902.000000 1.560352
 1903.000000 1.543727
 1904.000000 1.528920
 1905.000000 1.516327
 1906.000000 1.505674
 1907.000000 1.496458
 1908.000000 1.487942
 1909.000000 1.479433
 1910.000000 1.470439
 1911.000000 1.460677
 1912.000000 1.450403
 1913.000000 1.440311
 1914.000000 1.430923
 1915.000000 1.423031
 1916.000000 1.417467
 1917.000000 1.414948
 1918.000000 1.415853
 1919.000000 1.420255
 1920.000000 1.427888
 1921.000000 1.438238
 1922.000000 1.450788
 1923.000000 1.464827
 1924.000000 1.479739
 1925.000000 1.494733
 1926.000000 1.509430
 1927.000000 1.523552
 1928.000000 1.536906
 1929.000000 1.549549
 1930.000000 1.561437
 1931.000000 1.572506
 1932.000000 1.582672
 1933.000000 1.592027
 1934.000000 1.600450
 1935.000000 1.607870
 1936.000000 1.614233
 1937.000000 1.619591
 1938.000000 1.624170
 1939.000000 1.628254
 1940.000000 1.632183
 1941.000000 1.636322
 1942.000000 1.640919
 1943.000000 1.646102
 1944.000000 1.651917
 1945.000000 1.658429
 1946.000000 1.665681
 1947.000000 1.673785
 1948.000000 1.682922
 1949.000000 1.693173
 1950.000000 1.704704
 1951.000000 1.717853
 1952.000000 1.732806
 1953.000000 1.749382
 1954.000000 1.767674
 1955.000000 1.787876
 1956.000000 1.809874
 1957.000000 1.833487
 1958.000000 1.857653
 1959.000000 1.880512
 1960.000000 1.900087
 1961.000000 1.915225
 1962.000000 1.925504
 1963.000000 1.931272
 1964.000000 1.933259
 1965.000000 1.932345
 1966.000000 1.929567
 1967.000000 1.925873
 1968.000000 1.921868
 1969.000000 1.917727
 1970.000000 1.913121
 1971.000000 1.907195
 1972.000000 1.898880
 1973.000000 1.886936
 1974.000000 1.870664
 1975.000000 1.850053
 1976.000000 1.825694
 1977.000000 1.798704
 1978.000000 1.769748
 1979.000000 1.739374
 1980.000000 1.708770
 1981.000000 1.679457
 1982.000000 1.652609
 1983.000000 1.628727
 1984.000000 1.607998
 1985.000000 1.589698
 1986.000000 1.572927
 1987.000000 1.556737
 1988.000000 1.540338
 1989.000000 1.523185
 1990.000000 1.505187
 1991.000000 1.486435
 1992.000000 1.467934
 1993.000000 1.450152
 1994.000000 1.434017
 1995.000000 1.420273
 1996.000000 1.409343
 1997.000000 1.401473
 1998.000000 1.396886
 1999.000000 1.395648
 2000.000000 1.397628
 2001.000000 1.402498
 2002.000000 1.409957
 2003.000000 1.419642
 2004.000000 1.431084
 2005.000000 1.443763
 2006.000000 1.457222
 2007.000000 1.470827
 2008.000000 1.484005
 2009.000000 1.496419
 2010.000000 1.508064
 2011.000000 1.519450
 2012.000000 1.530937
 2013.000000 1.543126
 2014.000000 1.556346
 2015.000000 1.571018
 2016.000000 1.587200
 2017.000000 1.604922
 2018.000000 1.623957
 2019.000000 1.643979
 2020.000000 1.663694
 2021.000000 1.681916
 2022.000000 1.697403
 2023.000000 1.709323
 2024.000000 1.717245
 2025.000000 1.721287
 2026.000000 1.722135
 2027.000000 1.720902
 2028.000000 1.718935
 2029.000000 1.717643
 2030.000000 1.718225
 2031.000000 1.721391
 2032.000000 1.727232
 2033.000000 1.735122
 2034.000000 1.743738
 2035.000000 1.751454
 2036.000000 1.756598
 2037.000000 1.757667
 2038.000000 1.753543
 2039.000000 1.743817
 2040.000000 1.728685
 2041.000000 1.708842
 2042.000000 1.685464
 2043.000000 1.660593
 2044.000000 1.636010
 2045.000000 1.613499
 2046.000000 1.594015
 2047.000000 1.577625
 2048.000000 1.564192
 2049.000000 1.552970
 2050.000000 1.543079
 2051.000000 1.533558
 2052.000000 1.523555
 2053.000000 1.512864
 2054.000000 1.501305
 2055.000000 1.489291
 2056.000000 1.477468
 2057.000000 1.466726
 2058.000000 1.458071
 2059.000000 1.452332
 2060.000000 1.450122
 2061.000000 1.451839
 2062.000000 1.457522
 2063.000000 1.466854
 2064.000000 1.479200
 2065.000000 1.493295
 2066.000000 1.507935
 2067.000000 1.522135
 2068.000000 1.534889
 2069.000000 1.545532
 2070.000000 1.553699
 2071.000000 1.559436
 2072.000000 1.562822
 2073.000000 1.564267
 2074.000000 1.564272
 2075.000000 1.563385
 2076.000000 1.562090
 2077.000000 1.560701
 2078.000000 1.559293
 2079.000000 1.557718
 2080.000000 1.555594
 2081.000000 1.552398
 2082.000000 1.547542
 2083.000000 1.540539
 2084.000000 1.531124
 2085.000000 1.519411
 2086.000000 1.506010
 2087.000000 1.492072
 2088.000000 1.479215
 2089.000000 1.469198
 2090.000000 1.463304
 2091.000000 1.462197
 2092.000000 1.466141
 2093.000000 1.474742
 2094.000000 1.486975
 2095.000000 1.501553
 2096.000000 1.516922
 2097.000000 1.531294
 2098.000000 1.543502
 2099.000000 1.552808
 2100.000000 1.558855
 2101.000000 1.561821
 2102.000000 1.562257
 2103.000000 1.560883
 2104.000000 1.558448
 2105.000000 1.555628
 2106.000000 1.552890
 2107.000000 1.550302
 2108.000000 1.547630
 2109.000000 1.544290
 2110.000000 1.539485
 2111.000000 1.532281
 2112.000000 1.521917
 2113.000000 1.508133
 2114.000000 1.491232
 2115.000000 1.472552
 2116.000000 1.453428
 2117.000000 1.435547
 2118.000000 1.420088
 2119.000000 1.407678
 2120.000000 1.398857
 2121.000000 1.393772
 2122.000000 1.392183
 2123.000000 1.393660
 2124.000000 1.397571
 2125.000000 1.403290
 2126.000000 1.410232
 2127.000000 1.418149
 2128.000000 1.427070
 2129.000000 1.437233
 2130.000000 1.449186
 2131.000000 1.463222
 2132.000000 1.479262
 2133.000000 1.497041
 2134.000000 1.516106
 2135.000000 1.535805
 2136.000000 1.555882
 2137.000000 1.575964
 2138.000000 1.595394
 2139.000000 1.613357
 2140.000000 1.628934
 2141.000000 1.641202
 2142.000000 1.649387
 2143.000000 1.652973
 2144.000000 1.651954
 2145.000000 1.646805
 2146.000000 1.638474
 2147.000000 1.628100
 2148.000000 1.616917
 2149.000000 1.606227
 2150.000000 1.596889
 2151.000000 1.589434
 2152.000000 1.583936
 2153.000000 1.580135
 2154.000000 1.577351
 2155.000000 1.574784
 2156.000000 1.571582
 2157.000000 1.566874
 2158.000000 1.560108
 2159.000000 1.550987
 2160.000000 1.539489
 2161.000000 1.525947
 2162.000000 1.510825
 2163.000000 1.494953
 2164.000000 1.479873
 2165.000000 1.467058
 2166.000000 1.457739
 2167.000000 1.452436
 2168.000000 1.451114
 2169.000000 1.453201
 2170.000000 1.457781
 2171.000000 1.463767
 2172.000000 1.469794
 2173.000000 1.474677
 2174.000000 1.477417
 2175.000000 1.477529
 2176.000000 1.475098
 2177.000000 1.470755
 2178.000000 1.465582
 2179.000000 1.460856
 2180.000000 1.457927
 2181.000000 1.457844
 2182.000000 1.461197
 2183.000000 1.468027
 2184.000000 1.477912
 2185.000000 1.490059
 2186.000000 1.503108
 2187.000000 1.515963
 2188.000000 1.527535
 2189.000000 1.537216
 2190.000000 1.544779
 2191.000000 1.550447
 2192.000000 1.554365
 2193.000000 1.556940
 2194.000000 1.558677
 2195.000000 1.560121
 2196.000000 1.561794
 2197.000000 1.564196
 2198.000000 1.567705
 2199.000000 1.572668
 2200.000000 1.579345
 2201.000000 1.587825
 2202.000000 1.598232
 2203.000000 1.610376
 2204.000000 1.623903
 2205.000000 1.637980
 2206.000000 1.651548
 2207.000000 1.663128
 2208.000000 1.671784
 2209.000000 1.676881
 2210.000000 1.678148
 2211.000000 1.675726
 2212.000000 1.670199
 2213.000000 1.662427
 2214.000000 1.653595
 2215.000000 1.644972
 2216.000000 1.637677
 2217.000000 1.632557
 2218.000000 1.629830
 2219.000000 1.629212
 2220.000000 1.630004
 2221.000000 1.631178
 2222.000000 1.631601
 2223.000000 1.630287
 2224.000000 1.626603
 2225.000000 1.620472
 2226.000000 1.612427
 2227.000000 1.603503
 2228.000000 1.594771
 2229.000000 1.587353
 2230.000000 1.582115
 2231.000000 1.579536
 2232.000000 1.579728
 2233.000000 1.582301
 2234.000000 1.586486
 2235.000000 1.591288
 2236.000000 1.595640
 2237.000000 1.598648
 2238.000000 1.599745
 2239.000000 1.598805
 2240.000000 1.596091
 2241.000000 1.592235
 2242.000000 1.587916
 2243.000000 1.583852
 2244.000000 1.580747
 2245.000000 1.579093
 2246.000000 1.579194
 2247.000000 1.581066
 2248.000000 1.584520
 2249.000000 1.589268
 2250.000000 1.594867
 2251.000000 1.600919
 2252.000000 1.607136
 2253.000000 1.613278
 2254.000000 1.619363
 2255.000000 1.625520
 2256.000000 1.632048
 2257.000000 1.639370
 2258.000000 1.647909
 2259.000000 1.658029
 2260.000000 1.669773
 2261.000000 1.683141
 2262.000000 1.697937
 2263.000000 1.713921
 2264.000000 1.730908
 2265.000000 1.748781
 2266.000000 1.767791
 2267.000000 1.787943
 2268.000000 1.808991
 2269.000000 1.830392
 2270.000000 1.851191
 2271.000000 1.869675
 2272.000000 1.884474
 2273.000000 1.894711
 2274.000000 1.900465
 2275.000000 1.902324
 2276.000000 1.901245
 2277.000000 1.898408
 2278.000000 1.895030
 2279.000000 1.892177
 2280.000000 1.890641
 2281.000000 1.890764
 2282.000000 1.892308
 2283.000000 1.894529
 2284.000000 1.896267
 2285.000000 1.896124
 2286.000000 1.892675
 2287.000000 1.884718
 2288.000000 1.871531
 2289.000000 1.853200
 2290.000000 1.830408
 2291.000000 1.805283
 2292.000000 1.779859
 2293.000000 1.755185
 2294.000000 1.731932
 2295.000000 1.710501
 2296.000000 1.691204
 2297.000000 1.673887
 2298.000000 1.658719
 2299.000000 1.646051
 2300.000000 1.635742
 2301.000000 1.627421
 2302.000000 1.620422
 2303.000000 1.614296
 2304.000000 1.608589
 2305.000000 1.603104
 2306.000000 1.597765
 2307.000000 1.592589
 2308.000000 1.587868
 2309.000000 1.583893
 2310.000000 1.581037
 2311.000000 1.579570
 2312.000000 1.579601
 2313.000000 1.581000
 2314.000000 1.583422
 2315.000000 1.586339
 2316.000000 1.589103
 2317.000000 1.591113
 2318.000000 1.591849
 2319.000000 1.591024
 2320.000000 1.588578
 2321.000000 1.584693
 2322.000000 1.579716
 2323.000000 1.574164
 2324.000000 1.568786
 2325.000000 1.564224
 2326.000000 1.560977
 2327.000000 1.559299
 2328.000000 1.559026
 2329.000000 1.559547
 2330.000000 1.559893
 2331.000000 1.558933
 2332.000000 1.555549
 2333.000000 1.548732
 2334.000000 1.537676
 2335.000000 1.522046
 2336.000000 1.502455
 2337.000000 1.480528
 2338.000000 1.459116
 2339.000000 1.441054
 2340.000000 1.427892
 2341.000000 1.420451
 2342.000000 1.418849
 2343.000000 1.423127
 2344.000000 1.433360
 2345.000000 1.449269
 2346.000000 1.469786
 2347.000000 1.492645
 2348.000000 1.515092
 2349.000000 1.534697
 2350.000000 1.550241
 2351.000000 1.561517
 2352.000000 1.568776
 2353.000000 1.572383
 2354.000000 1.572788
 2355.000000 1.570401
 2356.000000 1.565640
 2357.000000 1.559016
 2358.000000 1.550931
 2359.000000 1.541771
 2360.000000 1.531940
 2361.000000 1.521693
 2362.000000 1.511111
 2363.000000 1.500198
 2364.000000 1.489133
 2365.000000 1.478061
 2366.000000 1.467337
 2367.000000 1.457245
 2368.000000 1.448238
 2369.000000 1.440768
 2370.000000 1.435309
 2371.000000 1.432337
 2372.000000 1.432388
 2373.000000 1.435980
 2374.000000 1.443478
 2375.000000 1.454948
 2376.000000 1.469922
 2377.000000 1.487078
 2378.000000 1.504407
 2379.000000 1.519969
 2380.000000 1.532520
 2381.000000 1.541440
 2382.000000 1.546346
 2383.000000 1.547108
 2384.000000 1.543716
 2385.000000 1.536258
 2386.000000 1.524864
 2387.000000 1.510190
 2388.000000 1.493228
 2389.000000 1.475598
 2390.000000 1.459655
 2391.000000 1.447227
 2392.000000 1.439328
 2393.000000 1.435903
 2394.000000 1.436621
 2395.000000 1.440923
 2396.000000 1.448115
 2397.000000 1.457321
 2398.000000 1.467720
 2399.000000 1.478197
 2400.000000 1.487802
 2401.000000 1.495898
 2402.000000 1.502308
 2403.000000 1.507306
 2404.000000 1.511337
 2405.000000 1.514911
 2406.000000 1.518430
 2407.000000 1.522247
 2408.000000 1.526570
 2409.000000 1.531417
 2410.000000 1.536611
 2411.000000 1.541851
 2412.000000 1.546706
 2413.000000 1.550790
 2414.000000 1.553677
 2415.000000 1.555021
 2416.000000 1.554473
 2417.000000 1.551729
 2418.000000 1.546530
 2419.000000 1.538686
 2420.000000 1.528199
 2421.000000 1.515081
 2422.000000 1.499767
 2423.000000 1.483272
 2424.000000 1.466897
 2425.000000 1.452030
 2426.000000 1.439668
 2427.000000 1.429794
 2428.000000 1.421883
 2429.000000 1.415199
 2430.000000 1.408724
 2431.000000 1.401626
 2432.000000 1.393076
 2433.000000 1.382690
 2434.000000 1.370355
 2435.000000 1.356784
 2436.000000 1.343386
 2437.000000 1.331945
 2438.000000 1.324443
 2439.000000 1.322437
 2440.000000 1.326440
 2441.000000 1.335837
 2442.000000 1.349320
 2443.000000 1.365511
 2444.000000 1.383222
 2445.000000 1.401825
 2446.000000 1.421331
 2447.000000 1.441542
 2448.000000 1.461896
 2449.000000 1.481387
 2450.000000 1.498958
 2451.000000 1.513943
 2452.000000 1.526193
 2453.000000 1.536355
 2454.000000 1.545148
 2455.000000 1.553416
 2456.000000 1.561943
 2457.000000 1.571282
 2458.000000 1.581793
 2459.000000 1.593929
 2460.000000 1.608158
 2461.000000 1.624564
 2462.000000 1.642738
 2463.000000 1.661699
 2464.000000 1.680165
 2465.000000 1.696703
 2466.000000 1.710480
 2467.000000 1.721368
 2468.000000 1.729821
 2469.000000 1.736538
 2470.000000 1.742267
 2471.000000 1.747768
 2472.000000 1.753806
 2473.000000 1.761043
 2474.000000 1.769850
 2475.000000 1.780435
 2476.000000 1.792581
 2477.000000 1.805732
 2478.000000 1.818991
 2479.000000 1.831060
 2480.000000 1.840590
 2481.000000 1.846821
 2482.000000 1.849384
 2483.000000 1.848369
 2484.000000 1.844288
 2485.000000 1.837976
 2486.000000 1.830588
 2487.000000 1.823295
 2488.000000 1.817203
 2489.000000 1.813063
 2490.000000 1.811250
 2491.000000 1.811615
 2492.000000 1.813562
 2493.000000 1.816075
 2494.000000 1.817861
 2495.000000 1.817523
 2496.000000 1.813824
 2497.000000 1.805735
 2498.000000 1.792753
 2499.000000 1.774747
 2500.000000 1.752253
 2501.000000 1.726351
 2502.000000 1.698622
 2503.000000 1.671187
 2504.000000 1.646520
 2505.000000 1.626989
 2506.000000 1.614209
 2507.000000 1.608479
 2508.000000 1.609202
 2509.000000 1.615327
 2510.000000 1.625412
 2511.000000 1.637599
 2512.000000 1.649939
 2513.000000 1.660497
 2514.000000 1.667763
 2515.000000 1.671200
 2516.000000 1.671139
 2517.000000 1.668640
 2518.000000 1.665191
 2519.000000 1.662224
 2520.000000 1.660888
 2521.000000 1.661727
 2522.000000 1.664667
 2523.000000 1.669117
 2524.000000 1.674116
 2525.000000 1.678480
 2526.000000 1.681077
 2527.000000 1.681043
 2528.000000 1.677982
 2529.000000 1.671992
 2530.000000 1.663735
 2531.000000 1.654457
 2532.000000 1.645564
 2533.000000 1.638617
 2534.000000 1.635080
 2535.000000 1.635916
 2536.000000 1.641677
 2537.000000 1.652381
 2538.000000 1.667504
 2539.000000 1.685835
 2540.000000 1.705759
 2541.000000 1.725630
 2542.000000 1.744227
 2543.000000 1.760057
 2544.000000 1.772470
 2545.000000 1.780961
 2546.000000 1.785396
 2547.000000 1.786048
 2548.000000 1.783534
 2549.000000 1.778688
 2550.000000 1.772554
 2551.000000 1.766439
 2552.000000 1.761417
 2553.000000 1.758310
 2554.000000 1.757434
 2555.000000 1.758580
 2556.000000 1.760947
 2557.000000 1.763171
 2558.000000 1.763603
 2559.000000 1.760557
 2560.000000 1.752747
 2561.000000 1.739337
 2562.000000 1.719958
 2563.000000 1.694768
 2564.000000 1.666084
 2565.000000 1.637388
 2566.000000 1.611783
 2567.000000 1.591250
 2568.000000 1.575728
 2569.000000 1.564467
 2570.000000 1.556111
 2571.000000 1.548786
 2572.000000 1.540486
 2573.000000 1.529302
 2574.000000 1.513812
 2575.000000 1.493582
 2576.000000 1.469206
 2577.000000 1.443041
 2578.000000 1.417651
 2579.000000 1.394408
 2580.000000 1.373685
 2581.000000 1.355775
 2582.000000 1.341453
 2583.000000 1.331425
 2584.000000 1.325877
 2585.000000 1.324584
 2586.000000 1.326824
 2587.000000 1.331553
 2588.000000 1.337745
 2589.000000 1.344665
 2590.000000 1.351858
 2591.000000 1.359381
 2592.000000 1.367671
 2593.000000 1.377467
 2594.000000 1.389419
 2595.000000 1.404208
 2596.000000 1.422172
 2597.000000 1.443322
 2598.000000 1.466615
 2599.000000 1.489592
 2600.000000 1.509548
 2601.000000 1.524695
 2602.000000 1.534554
 2603.000000 1.539392
 2604.000000 1.539644
 2605.000000 1.535925
 2606.000000 1.528925
 2607.000000 1.519465
 2608.000000 1.508257
 2609.000000 1.496321
 2610.000000 1.484383
 2611.000000 1.473207
 2612.000000 1.463093
 2613.000000 1.454301
 2614.000000 1.446451
 2615.000000 1.439020
 2616.000000 1.431461
 2617.000000 1.423436
 2618.000000 1.414806
 2619.000000 1.405912
 2620.000000 1.397293
 2621.000000 1.389626
 2622.000000 1.383674
 2623.000000 1.380276
 2624.000000 1.380119
 2625.000000 1.383652
 2626.000000 1.391004
 2627.000000 1.401972
 2628.000000 1.416030
 2629.000000 1.432020
 2630.000000 1.448287
 2631.000000 1.462819
 2632.000000 1.473481
 2633.000000 1.478498
 2634.000000 1.477281
 2635.000000 1.470279
 2636.000000 1.459118
 2637.000000 1.446294
 2638.000000 1.434270
 2639.000000 1.424783
 2640.000000 1.418858
 2641.000000 1.416749
 2642.000000 1.417891
 2643.000000 1.421440
 2644.000000 1.426407
 2645.000000 1.431819
 2646.000000 1.436860
 2647.000000 1.440956
 2648.000000 1.443760
 2649.000000 1.445311
 2650.000000 1.446072
 2651.000000 1.446813
 2652.000000 1.448499
 2653.000000 1.452020
 2654.000000 1.457875
 2655.000000 1.465931
 2656.000000 1.475283
 2657.000000 1.484618
 2658.000000 1.492498
 2659.000000 1.497971
 2660.000000 1.500572
 2661.000000 1.500370
 2662.000000 1.497894
 2663.000000 1.493893
 2664.000000 1.489241
 2665.000000 1.484557
 2666.000000 1.480295
 2667.000000 1.476603
 2668.000000 1.473269
 2669.000000 1.469865
 2670.000000 1.465817
 2671.000000 1.460642
 2672.000000 1.454066
 2673.000000 1.446177
 2674.000000 1.437304
 2675.000000 1.427989
 2676.000000 1.418873
 2677.000000 1.410447
 2678.000000 1.402858
 2679.000000 1.396316
 2680.000000 1.390872
 2681.000000 1.386327
 2682.000000 1.382317
 2683.000000 1.378295
 2684.000000 1.373613
 2685.000000 1.367612
 2686.000000 1.359871
 2687.000000 1.350252
 2688.000000 1.338955
 2689.000000 1.326595
 2690.000000 1.314524
 2691.000000 1.304403
 2692.000000 1.297742
 2693.000000 1.295589
 2694.000000 1.298468
 2695.000000 1.306147
 2696.000000 1.317751
 2697.000000 1.331892
 2698.000000 1.346761
 2699.000000 1.361252
 2700.000000 1.374719
 2701.000000 1.387197
 2702.000000 1.399177
 2703.000000 1.411454
 2704.000000 1.424842
 2705.000000 1.440243
 2706.000000 1.457690
 2707.000000 1.476584
 2708.000000 1.495515
 2709.000000 1.513359
 2710.000000 1.529712
 2711.000000 1.544741
 2712.000000 1.559070
 2713.000000 1.573121
 2714.000000 1.587560
 2715.000000 1.602730
 2716.000000 1.618822
 2717.000000 1.635199
 2718.000000 1.650995
 2719.000000 1.665126
 2720.000000 1.676550
 2721.000000 1.684817
 2722.000000 1.690291
 2723.000000 1.693474
 2724.000000 1.695194
 2725.000000 1.696293
 2726.000000 1.697397
 2727.000000 1.698841
 2728.000000 1.700583
 2729.000000 1.702335
 2730.000000 1.703585
 2731.000000 1.703779
 2732.000000 1.702432
 2733.000000 1.699252
 2734.000000 1.694212
 2735.000000 1.687534
 2736.000000 1.679746
 2737.000000 1.671585
 2738.000000 1.663904
 2739.000000 1.657571
 2740.000000 1.653134
 2741.000000 1.650977
 2742.000000 1.651018
 2743.000000 1.652810
 2744.000000 1.655578
 2745.000000 1.658443
 2746.000000 1.660599
 2747.000000 1.661378
 2748.000000 1.660456
 2749.000000 1.657894
 2750.000000 1.654082
 2751.000000 1.649670
 2752.000000 1.645376
 2753.000000 1.642072
 2754.000000 1.640489
 2755.000000 1.641158
 2756.000000 1.644241
 2757.000000 1.649509
 2758.000000 1.656399
 2759.000000 1.664132
 2760.000000 1.671957
 2761.000000 1.679162
 2762.000000 1.685181
 2763.000000 1.689642
 2764.000000 1.692463
 2765.000000 1.693637
 2766.000000 1.693214
 2767.000000 1.691335
 2768.000000 1.688218
 2769.000000 1.684145
 2770.000000 1.679460
 2771.000000 1.674626
 2772.000000 1.670084
 2773.000000 1.666453
 2774.000000 1.664157
 2775.000000 1.663516
 2776.000000 1.664587
 2777.000000 1.667090
 2778.000000 1.670418
 2779.000000 1.673862
 2780.000000 1.676567
 2781.000000 1.677753
 2782.000000 1.676843
 2783.000000 1.673518
 2784.000000 1.667709
 2785.000000 1.659730
 2786.000000 1.650191
 2787.000000 1.640027
 2788.000000 1.630200
 2789.000000 1.621667
 2790.000000 1.615401
 2791.000000 1.611994
 2792.000000 1.611666
 2793.000000 1.614298
 2794.000000 1.619447
 2795.000000 1.626289
 2796.000000 1.633931
 2797.000000 1.641477
 2798.000000 1.648220
