#! FIELDS time d
 0.000000 2.645500
 1.000000 2.643103
 2.000000 2.642828
 3.000000 2.644782
 4.000000 2.648787
 5.000000 2.654421
 6.000000 2.660948
 7.000000 2.667614
 8.000000 2.673696
 9.000000 2.678797
 10.000000 2.682749
 11.000000 2.685699
 12.000000 2.688170
 13.000000 2.690895
 14.000000 2.694762
 15.000000 2.700627
 16.000000 2.709163
 17.000000 2.720692
 18.000000 2.734988
 19.000000 2.751657
 20.000000 2.769520
 21.000000 2.787476
 22.000000 2.804978
 23.000000 2.821244
 24.000000 2.835901
 25.000000 2.848988
 26.000000 2.860721
 27.000000 2.871745
 28.000000 2.882839
 29.000000 2.894991
 30.000000 2.908767
 31.000000 2.924701
 32.000000 2.942580
 33.000000 2.961694
 34.000000 2.981915
 35.000000 3.002249
 36.000000 3.021439
 37.000000 3.036615
 38.000000 3.045778
 39.000000 3.047778
 40.000000 3.042944
 41.000000 3.032836
 42.000000 3.019867
 43.000000 3.006621
 44.000000 2.995413
 45.000000 2.987124
 46.000000 2.981449
 47.000000 2.977599
 48.000000 2.974563
 49.000000 2.971280
 50.000000 2.966864
 51.000000 2.960786
 52.000000 2.953033
 53.000000 2.944092
 54.000000 2.934808
 55.000000 2.926154
 56.000000 2.919277
 57.000000 2.914830
 58.000000 2.913141
 59.000000 2.914143
 60.000000 2.917432
 61.000000 2.922428
 62.000000 2.928258
 63.000000 2.933980
 64.000000 2.938789
 65.000000 2.942203
 66.000000 2.944133
 67.000000 2.945010
 68.000000 2.945705
 69.000000 2.947249
 70.000000 2.950478
 71.000000 2.955800
 72.000000 2.963187
 73.000000 2.972277
 74.000000 2.982533
 75.000000 2.993320
 76.000000 3.003928
 77.000000 3.013090
 78.000000 3.018937
 79.000000 3.020422
 80.000000 3.017473
 81.000000 3.010967
 82.000000 3.002334
 83.000000 2.993174
 84.000000 2.984130
 85.000000 2.975128
 86.000000 2.966201
 87.000000 2.957272
 88.000000 2.948286
 89.000000 2.939292
 90.000000 2.930481
 91.000000 2.922011
 92.000000 2.914058
 93.000000 2.907154
 94.000000 2.901724
 95.000000 2.898007
 96.000000 2.895850
 97.000000 2.894756
 98.000000 2.894102
 99.000000 2.893444
 100.000000 2.892608
 101.000000 2.891667
 102.000000 2.890875
 103.000000 2.890565
 104.000000 2.891126
 105.000000 2.892988
 106.000000 2.896614
 107.000000 2.902383
 108.000000 2.910364
 109.000000 2.919986
 110.000000 2.930338
 111.000000 2.940628
 112.000000 2.950239
 113.000000 2.958971
 114.000000 2.966763
 115.000000 2.973622
 116.000000 2.979693
 117.000000 2.985482
 118.000000 2.991517
 119.000000 2.998070
 120.000000 3.005073
 121.000000 3.011579
 122.000000 3.016094
 123.000000 3.017236
 124.000000 3.013949
 125.000000 3.005848
 126.000000 2.993536
 127.000000 2.977647
 128.000000 2.958376
 129.000000 2.936874
 130.000000 2.915042
 131.000000 2.894460
 132.000000 2.876767
 133.000000 2.862541
 134.000000 2.852004
 135.000000 2.844679
 136.000000 2.839475
 137.000000 2.835001
 138.000000 2.829796
 139.000000 2.822516
 140.000000 2.812250
 141.000000 2.799522
 142.000000 2.785234
 143.000000 2.770559
 144.000000 2.756661
 145.000000 2.744907
 146.000000 2.736773
 147.000000 2.733100
 148.000000 2.734008
 149.000000 2.738678
 150.000000 2.745721
 151.000000 2.753651
 152.000000 2.761121
 153.000000 2.767301
 154.000000 2.771846
 155.000000 2.775101
 156.000000 2.777991
 157.000000 2.781928
 158.000000 2.788621
 159.000000 2.799627
 160.000000 2.815902
 161.000000 2.837428
 162.000000 2.863141
 163.000000 2.891701
 164.000000 2.920226
 165.000000 2.945518
 166.000000 2.964794
 167.000000 2.976684
 168.000000 2.981293
 169.000000 2.979767
 170.000000 2.973929
 171.000000 2.966248
 172.000000 2.959274
 173.000000 2.955170
 174.000000 2.954984
 175.000000 2.958456
 176.000000 2.964200
 177.000000 2.970256
 178.000000 2.974638
 179.000000 2.975614
 180.000000 2.971792
 181.000000 2.962280
 182.000000 2.947130
 183.000000 2.927745
 184.000000 2.906492
 185.000000 2.885976
 186.000000 2.868279
 187.000000 2.855073
 188.000000 2.846381
 189.000000 2.841553
 190.000000 2.839531
 191.000000 2.839052
 192.000000 2.838947
 193.000000 2.838258
 194.000000 2.836242
 195.000000 2.832563
 196.000000 2.827468
 197.000000 2.821986
 198.000000 2.817552
 199.000000 2.815715
 200.000000 2.817771
 201.000000 2.824662
 202.000000 2.836995
 203.000000 2.855198
 204.000000 2.878587
 205.000000 2.906175
 206.000000 2.934945
 207.000000 2.961829
 208.000000 2.984608
 209.000000 3.002498
 210.000000 3.016038
 211.000000 3.025143
 212.000000 3.030391
 213.000000 3.032607
 214.000000 3.032796
 215.000000 3.032130
 216.000000 3.031636
 217.000000 3.031852
 218.000000 3.032565
 219.000000 3.032833
 220.000000 3.031268
 221.000000 3.026522
 222.000000 3.017812
 223.000000 3.004952
 224.000000 2.988777
 225.000000 2.969664
 226.000000 2.947875
 227.000000 2.924765
 228.000000 2.902413
 229.000000 2.883536
 230.000000 2.869665
 231.000000 2.861714
 232.000000 2.859740
 233.000000 2.863087
 234.000000 2.870787
 235.000000 2.881610
 236.000000 2.893921
 237.000000 2.906450
 238.000000 2.917687
 239.000000 2.926100
 240.000000 2.930917
 241.000000 2.932357
 242.000000 2.931539
 243.000000 2.930108
 244.000000 2.929864
 245.000000 2.932373
 246.000000 2.938656
 247.000000 2.948991
 248.000000 2.962877
 249.000000 2.979260
 250.000000 2.996262
 251.000000 3.011883
 252.000000 3.023309
 253.000000 3.028116
 254.000000 3.025300
 255.000000 3.015495
 256.000000 3.000909
 257.000000 2.984319
 258.000000 2.967422
 259.000000 2.952191
 260.000000 2.940106
 261.000000 2.932237
 262.000000 2.928552
 263.000000 2.927802
 264.000000 2.927915
 265.000000 2.926566
 266.000000 2.921826
 267.000000 2.912573
 268.000000 2.898816
 269.000000 2.881455
 270.000000 2.862367
 271.000000 2.843824
 272.000000 2.827880
 273.000000 2.816048
 274.000000 2.809504
 275.000000 2.808776
 276.000000 2.813618
 277.000000 2.823164
 278.000000 2.836039
 279.000000 2.850640
 280.000000 2.865434
 281.000000 2.878805
 282.000000 2.889858
 283.000000 2.898107
 284.000000 2.903666
 285.000000 2.907261
 286.000000 2.910075
 287.000000 2.913286
 288.000000 2.918102
 289.000000 2.925956
 290.000000 2.937491
 291.000000 2.952373
 292.000000 2.969482
 293.000000 2.987458
 294.000000 3.005192
 295.000000 3.021455
 296.000000 3.034253
 297.000000 3.042237
 298.000000 3.044972
 299.000000 3.042807
 300.000000 3.036966
 301.000000 3.029003
 302.000000 3.020424
 303.000000 3.012336
 304.000000 3.005523
 305.000000 3.000603
 306.000000 2.997667
 307.000000 2.995989
 308.000000 2.994400
 309.000000 2.991676
 310.000000 2.986800
 311.000000 2.979235
 312.000000 2.969328
 313.000000 2.957912
 314.000000 2.945938
 315.000000 2.934308
 316.000000 2.923960
 317.000000 2.915689
 318.000000 2.910447
 319.000000 2.909067
 320.000000 2.911894
 321.000000 2.918776
 322.000000 2.929148
 323.000000 2.941950
 324.000000 2.956404
 325.000000 2.971536
 326.000000 2.986063
 327.000000 2.999013
 328.000000 3.009672
 329.000000 3.017085
 330.000000 3.020894
 331.000000 3.021612
 332.000000 3.020391
 333.000000 3.018745
 334.000000 3.018163
 335.000000 3.019756
 336.000000 3.024086
 337.000000 3.031065
 338.000000 3.039841
 339.000000 3.048713
 340.000000 3.055360
 341.000000 3.057425
 342.000000 3.053277
 343.000000 3.042582
 344.000000 3.026321
 345.000000 3.006488
 346.000000 2.985774
 347.000000 2.966290
 348.000000 2.949368
 349.000000 2.936566
 350.000000 2.929259
 351.000000 2.927768
 352.000000 2.931383
 353.000000 2.938590
 354.000000 2.947323
 355.000000 2.955409
 356.000000 2.961130
 357.000000 2.963290
 358.000000 2.961448
 359.000000 2.955993
 360.000000 2.948029
 361.000000 2.939432
 362.000000 2.932148
 363.000000 2.928026
 364.000000 2.928376
 365.000000 2.933589
 366.000000 2.943178
 367.000000 2.956180
 368.000000 2.971119
 369.000000 2.986348
 370.000000 3.000399
 371.000000 3.011744
 372.000000 3.018793
 373.000000 3.020949
 374.000000 3.018892
 375.000000 3.014443
 376.000000 3.010128
 377.000000 3.008081
 378.000000 3.009599
 379.000000 3.014983
 380.000000 3.023541
 381.000000 3.033595
 382.000000 3.043188
 383.000000 3.050222
 384.000000 3.052932
 385.000000 3.050369
 386.000000 3.042696
 387.000000 3.031123
 388.000000 3.017553
 389.000000 3.003702
 390.000000 2.991129
 391.000000 2.980074
 392.000000 2.970390
 393.000000 2.962131
 394.000000 2.955394
 395.000000 2.950202
 396.000000 2.946454
 397.000000 2.943906
 398.000000 2.942099
 399.000000 2.940703
 400.000000 2.939649
 401.000000 2.938964
 402.000000 2.938441
 403.000000 2.937651
 404.000000 2.936202
 405.000000 2.934039
 406.000000 2.931478
 407.000000 2.929183
 408.000000 2.927961
 409.000000 2.928593
 410.000000 2.931598
 411.000000 2.937273
 412.000000 2.945854
 413.000000 2.957498
 414.000000 2.971679
 415.000000 2.987341
 416.000000 3.003350
 417.000000 3.017748
 418.000000 3.028309
 419.000000 3.033477
 420.000000 3.033246
 421.000000 3.028772
 422.000000 3.022198
 423.000000 3.015803
 424.000000 3.011693
 425.000000 3.011384
 426.000000 3.015538
 427.000000 3.023466
 428.000000 3.032919
 429.000000 3.041018
 430.000000 3.044969
 431.000000 3.042935
 432.000000 3.034494
 433.000000 3.020634
 434.000000 3.003526
 435.000000 2.986238
 436.000000 2.970408
 437.000000 2.957374
 438.000000 2.948052
 439.000000 2.942993
 440.000000 2.941945
 441.000000 2.944174
 442.000000 2.948514
 443.000000 2.953745
 444.000000 2.958699
 445.000000 2.962377
 446.000000 2.964132
 447.000000 2.963725
 448.000000 2.961391
 449.000000 2.957808
 450.000000 2.954030
 451.000000 2.951265
 452.000000 2.950634
 453.000000 2.952996
 454.000000 2.958823
 455.000000 2.968228
 456.000000 2.981104
 457.000000 2.997024
 458.000000 3.015035
 459.000000 3.033079
 460.000000 3.048142
 461.000000 3.057783
 462.000000 3.061034
 463.000000 3.058350
 464.000000 3.051365
 465.000000 3.042261
 466.000000 3.033134
 467.000000 3.025554
 468.000000 3.020497
 469.000000 3.018246
 470.000000 3.018501
 471.000000 3.020395
 472.000000 3.022733
 473.000000 3.024356
 474.000000 3.024425
 475.000000 3.022628
 476.000000 3.019282
 477.000000 3.015242
 478.000000 3.011456
 479.000000 3.008567
 480.000000 3.006917
 481.000000 3.006702
 482.000000 3.008072
 483.000000 3.011119
 484.000000 3.015732
 485.000000 3.021497
 486.000000 3.027758
 487.000000 3.033777
 488.000000 3.038846
 489.000000 3.042602
 490.000000 3.045037
 491.000000 3.046432
 492.000000 3.046986
 493.000000 3.046609
 494.000000 3.045077
 495.000000 3.042363
 496.000000 3.038825
 497.000000 3.035096
 498.000000 3.031862
 499.000000 3.029634
 500.000000 3.028579
 501.000000 3.028522
 502.000000 3.029106
 503.000000 3.030016
 504.000000 3.030978
 505.000000 3.031611
 506.000000 3.031377
 507.000000 3.029725
 508.000000 3.026374
 509.000000 3.021564
 510.000000 3.016000
 511.000000 3.010633
 512.000000 3.006680
 513.000000 3.005199
 514.000000 3.006999
 515.000000 3.012452
 516.000000 3.021543
 517.000000 3.033667
 518.000000 3.047413
 519.000000 3.060760
 520.000000 3.071160
 521.000000 3.075749
 522.000000 3.073080
 523.000000 3.064287
 524.000000 3.050926
 525.000000 3.034906
 526.000000 3.018402
 527.000000 3.003566
 528.000000 2.992313
 529.000000 2.985080
 530.000000 2.981454
 531.000000 2.980982
 532.000000 2.982808
 533.000000 2.985891
 534.000000 2.989015
 535.000000 2.990898
 536.000000 2.990580
 537.000000 2.988075
 538.000000 2.983844
 539.000000 2.978227
 540.000000 2.971778
 541.000000 2.965487
 542.000000 2.960470
 543.000000 2.957837
 544.000000 2.958570
 545.000000 2.963036
 546.000000 2.970902
 547.000000 2.981352
 548.000000 2.993289
 549.000000 3.005512
 550.000000 3.016138
 551.000000 3.022946
 552.000000 3.024721
 553.000000 3.021368
 554.000000 3.014036
 555.000000 3.004739
 556.000000 2.996289
 557.000000 2.990744
 558.000000 2.989047
 559.000000 2.991485
 560.000000 2.997857
 561.000000 3.007664
 562.000000 3.019628
 563.000000 3.031956
 564.000000 3.042443
 565.000000 3.049062
 566.000000 3.050548
 567.000000 3.046560
 568.000000 3.037987
 569.000000 3.026546
 570.000000 3.014520
 571.000000 3.003921
 572.000000 2.996037
 573.000000 2.991117
 574.000000 2.988616
 575.000000 2.988060
 576.000000 2.988881
 577.000000 2.990369
 578.000000 2.991839
 579.000000 2.992825
 580.000000 2.993204
 581.000000 2.993320
 582.000000 2.993949
 583.000000 2.995970
 584.000000 2.999935
 585.000000 3.005856
 586.000000 3.013036
 587.000000 3.020919
 588.000000 3.028930
 589.000000 3.036638
 590.000000 3.043628
 591.000000 3.049313
 592.000000 3.053259
 593.000000 3.055211
 594.000000 3.055352
 595.000000 3.054121
 596.000000 3.051748
 597.000000 3.047928
 598.000000 3.042113
 599.000000 3.033949
 600.000000 3.023674
 601.000000 3.011983
 602.000000 2.999869
 603.000000 2.988216
 604.000000 2.976996
 605.000000 2.966008
 606.000000 2.955246
 607.000000 2.945235
 608.000000 2.936621
 609.000000 2.929732
 610.000000 2.924359
 611.000000 2.919738
 612.000000 2.914781
 613.000000 2.908496
 614.000000 2.900151
 615.000000 2.889442
 616.000000 2.876353
 617.000000 2.861493
 618.000000 2.845713
 619.000000 2.829995
 620.000000 2.815165
 621.000000 2.801818
 622.000000 2.790018
 623.000000 2.779290
 624.000000 2.768829
 625.000000 2.757909
 626.000000 2.746410
 627.000000 2.734456
 628.000000 2.722254
 629.000000 2.710396
 630.000000 2.699301
 631.000000 2.689701
 632.000000 2.682144
 633.000000 2.677062
 634.000000 2.674427
 635.000000 2.673525
 636.000000 2.673242
 637.000000 2.672456
 638.000000 2.670354
 639.000000 2.666570
 640.000000 2.661194
 641.000000 2.654863
 642.000000 2.648309
 643.000000 2.642466
 644.000000 2.638262
 645.000000 2.636421
 646.000000 2.637358
 647.000000 2.640725
 648.000000 2.645629
 649.000000 2.651302
 650.000000 2.657279
 651.000000 2.663232
 652.000000 2.668948
 653.000000 2.674403
 654.000000 2.679794
 655.000000 2.685490
 656.000000 2.691840
 657.000000 2.699101
 658.000000 2.707480
 659.000000 2.716882
 660.000000 2.726962
 661.000000 2.736953
 662.000000 2.745771
 663.000000 2.752735
 664.000000 2.757324
 665.000000 2.759616
 666.000000 2.759854
 667.000000 2.758500
 668.000000 2.756203
 669.000000 2.753642
 670.000000 2.751404
 671.000000 2.749904
 672.000000 2.749264
 673.000000 2.749217
 674.000000 2.749086
 675.000000 2.748011
 676.000000 2.745239
 677.000000 2.740342
 678.000000 2.733294
 679.000000 2.724483
 680.000000 2.714624
 681.000000 2.704510
 682.000000 2.694773
 683.000000 2.685779
 684.000000 2.677959
 685.000000 2.671765
 686.000000 2.667338
 687.000000 2.664329
 688.000000 2.662181
 689.000000 2.660235
 690.000000 2.657931
 691.000000 2.654763
 692.000000 2.650428
 693.000000 2.644947
 694.000000 2.638789
 695.000000 2.632691
 696.000000 2.627721
 697.000000 2.625016
 698.000000 2.625619
 699.000000 2.630028
 700.000000 2.637910
 701.000000 2.648178
 702.000000 2.659325
 703.000000 2.669981
 704.000000 2.679111
 705.000000 2.686187
 706.000000 2.691205
 707.000000 2.694615
 708.000000 2.697271
 709.000000 2.700484
 710.000000 2.705778
 711.000000 2.714581
 712.000000 2.727513
 713.000000 2.744420
 714.000000 2.764322
 715.000000 2.785421
 716.000000 2.805807
 717.000000 2.824362
 718.000000 2.840718
 719.000000 2.854680
 720.000000 2.866031
 721.000000 2.874996
 722.000000 2.882302
 723.000000 2.888867
 724.000000 2.895449
 725.000000 2.902438
 726.000000 2.909719
 727.000000 2.916845
 728.000000 2.923359
 729.000000 2.928763
 730.000000 2.932561
 731.000000 2.934393
 732.000000 2.934081
 733.000000 2.931647
 734.000000 2.927281
 735.000000 2.921385
 736.000000 2.914382
 737.000000 2.906583
 738.000000 2.898128
 739.000000 2.888907
 740.000000 2.878799
 741.000000 2.867625
 742.000000 2.855324
 743.000000 2.841803
 744.000000 2.826815
 745.000000 2.810283
 746.000000 2.792054
 747.000000 2.772559
 748.000000 2.752871
 749.000000 2.734294
 750.000000 2.717473
 751.000000 2.702778
 752.000000 2.689909
 753.000000 2.678242
 754.000000 2.667145
 755.000000 2.655871
 756.000000 2.643987
 757.000000 2.631411
 758.000000 2.618254
 759.000000 2.605299
 760.000000 2.593271
 761.000000 2.583097
 762.000000 2.575272
 763.000000 2.569874
 764.000000 2.566482
 765.000000 2.564325
 766.000000 2.562495
 767.000000 2.560090
 768.000000 2.556345
 769.000000 2.550808
 770.000000 2.543369
 771.000000 2.534303
 772.000000 2.524435
 773.000000 2.514720
 774.000000 2.506119
 775.000000 2.499455
 776.000000 2.495146
 777.000000 2.492932
 778.000000 2.492169
 779.000000 2.492006
 780.000000 2.491565
 781.000000 2.490070
 782.000000 2.486984
 783.000000 2.482056
 784.000000 2.475298
 785.000000 2.466922
 786.000000 2.457528
 787.000000 2.447975
 788.000000 2.438800
 789.000000 2.430368
 790.000000 2.422703
 791.000000 2.415657
 792.000000 2.408991
 793.000000 2.402304
 794.000000 2.395148
 795.000000 2.387148
 796.000000 2.378014
 797.000000 2.367237
 798.000000 2.354708
 799.000000 2.340416
 800.000000 2.324551
 801.000000 2.306805
 802.000000 2.287136
 803.000000 2.265836
 804.000000 2.243643
 805.000000 2.221423
 806.000000 2.199744
 807.000000 2.179066
 808.000000 2.159731
 809.000000 2.141868
 810.000000 2.125162
 811.000000 2.109419
 812.000000 2.094150
 813.000000 2.079088
 814.000000 2.064096
 815.000000 2.048909
 816.000000 2.033761
 817.000000 2.018939
 818.000000 2.004762
 819.000000 1.991676
 820.000000 1.979773
 821.000000 1.969439
 822.000000 1.960698
 823.000000 1.953439
 824.000000 1.947545
 825.000000 1.942861
 826.000000 1.939142
 827.000000 1.936313
 828.000000 1.934280
 829.000000 1.933021
 830.000000 1.932540
 831.000000 1.932868
 832.000000 1.934060
 833.000000 1.936183
 834.000000 1.939264
 835.000000 1.943343
 836.000000 1.948434
 837.000000 1.954497
 838.000000 1.961340
 839.000000 1.968871
 840.000000 1.976993
 841.000000 1.985534
 842.000000 1.994507
 843.000000 2.004063
 844.000000 2.014408
 845.000000 2.025617
 846.000000 2.037616
 847.000000 2.050111
 848.000000 2.062859
 849.000000 2.075361
 850.000000 2.087503
 851.000000 2.098960
 852.000000 2.109663
 853.000000 2.119627
 854.000000 2.129125
 855.000000 2.138624
 856.000000 2.148645
 857.000000 2.159528
 858.000000 2.171313
 859.000000 2.183897
 860.000000 2.196771
 861.000000 2.209229
 862.000000 2.220750
 863.000000 2.230598
 864.000000 2.238272
 865.000000 2.243437
 866.000000 2.246056
 867.000000 2.246560
 868.000000 2.245622
 869.000000 2.243984
 870.000000 2.242250
 871.000000 2.240781
 872.000000 2.239578
 873.000000 2.238318
 874.000000 2.236489
 875.000000 2.233493
 876.000000 2.228830
 877.000000 2.222056
 878.000000 2.213073
 879.000000 2.202023
 880.000000 2.189309
 881.000000 2.175418
 882.000000 2.160533
 883.000000 2.144878
 884.000000 2.128964
 885.000000 2.113025
 886.000000 2.097422
 887.000000 2.082627
 888.000000 2.068810
 889.000000 2.055827
 890.000000 2.043602
 891.000000 2.031882
 892.000000 2.020181
 893.000000 2.008239
 894.000000 1.995782
 895.000000 1.982566
 896.000000 1.968413
 897.000000 1.953249
 898.000000 1.937127
 899.000000 1.920426
 900.000000 1.903887
 901.000000 1.888242
 902.000000 1.874328
 903.000000 1.862651
 904.000000 1.853383
 905.000000 1.846369
 906.000000 1.841429
 907.000000 1.838013
 908.000000 1.835542
 909.000000 1.833393
 910.000000 1.830984
 911.000000 1.827858
 912.000000 1.823711
 913.000000 1.818503
 914.000000 1.812411
 915.000000 1.805845
 916.000000 1.799426
 917.000000 1.793748
 918.000000 1.789429
 919.000000 1.786900
 920.000000 1.786244
 921.000000 1.787191
 922.000000 1.789123
 923.000000 1.791262
 924.000000 1.792801
 925.000000 1.793043
 926.000000 1.791526
 927.000000 1.788075
 928.000000 1.782788
 929.000000 1.776137
 930.000000 1.768890
 931.000000 1.761906
 932.000000 1.756167
 933.000000 1.752332
 934.000000 1.750717
 935.000000 1.751274
 936.000000 1.753591
 937.000000 1.757009
 938.000000 1.760710
 939.000000 1.763847
 940.000000 1.765587
 941.000000 1.765276
 942.000000 1.762546
 943.000000 1.757362
 944.000000 1.750163
 945.000000 1.741664
 946.000000 1.732774
 947.000000 1.724543
 948.000000 1.717906
 949.000000 1.713502
 950.000000 1.711404
 951.000000 1.711322
 952.000000 1.712536
 953.000000 1.714031
 954.000000 1.714769
 955.000000 1.713876
 956.000000 1.710825
 957.000000 1.705506
 958.000000 1.698156
 959.000000 1.689270
 960.000000 1.679601
 961.000000 1.669825
 962.000000 1.660550
 963.000000 1.652158
 964.000000 1.645050
 965.000000 1.639565
 966.000000 1.635614
 967.000000 1.632929
 968.000000 1.630929
 969.000000 1.628862
 970.000000 1.625879
 971.000000 1.621159
 972.000000 1.614089
 973.000000 1.604401
 974.000000 1.592265
 975.000000 1.578129
 976.000000 1.562692
 977.000000 1.547100
 978.000000 1.532249
 979.000000 1.518961
 980.000000 1.507905
 981.000000 1.499566
 982.000000 1.494262
 983.000000 1.491993
 984.000000 1.492397
 985.000000 1.494843
 986.000000 1.498569
 987.000000 1.502774
 988.000000 1.506748
 989.000000 1.509980
 990.000000 1.512185
 991.000000 1.513305
 992.000000 1.513581
 993.000000 1.513595
 994.000000 1.514207
 995.000000 1.516308
 996.000000 1.520554
 997.000000 1.527253
 998.000000 1.536183
 999.000000 1.546818
 1000.000000 1.558499
 1001.000000 1.569974
 1002.000000 1.580426
 1003.000000 1.589439
 1004.000000 1.596509
 1005.000000 1.601477
 1006.000000 1.604311
 1007.000000 1.605318
 1008.000000 1.605079
 1009.000000 1.604357
 1010.000000 1.603980
 1011.000000 1.604685
 1012.000000 1.606956
 1013.000000 1.610942
 1014.000000 1.616318
 1015.000000 1.622375
 1016.000000 1.628021
 1017.000000 1.632173
 1018.000000 1.633858
 1019.000000 1.632376
 1020.000000 1.627525
 1021.000000 1.619593
 1022.000000 1.609209
 1023.000000 1.597418
 1024.000000 1.585332
 1025.000000 1.574003
 1026.000000 1.564306
 1027.000000 1.556630
 1028.000000 1.550964
 1029.000000 1.546782
 1030.000000 1.543341
 1031.000000 1.539792
 1032.000000 1.535397
 1033.000000 1.529448
 1034.000000 1.521487
 1035.000000 1.511347
 1036.000000 1.499182
 1037.000000 1.485890
 1038.000000 1.472637
 1039.000000 1.460706
 1040.000000 1.451232
 1041.000000 1.445176
 1042.000000 1.442847
 1043.000000 1.444178
 1044.000000 1.448651
 1045.000000 1.455351
 1046.000000 1.463129
 1047.000000 1.470598
 1048.000000 1.476358
 1049.000000 1.479244
 1050.000000 1.478557
 1051.000000 1.474197
 1052.000000 1.466691
 1053.000000 1.456820
 1054.000000 1.445827
 1055.000000 1.434852
 1056.000000 1.425126
 1057.000000 1.417729
 1058.000000 1.413101
 1059.000000 1.411418
 1060.000000 1.412346
 1061.000000 1.415113
 1062.000000 1.418642
 1063.000000 1.421796
 1064.000000 1.423594
 1065.000000 1.423331
 1066.000000 1.420762
 1067.000000 1.416168
 1068.000000 1.410565
 1069.000000 1.405520
 1070.000000 1.402867
 1071.000000 1.404254
 1072.000000 1.410866
 1073.000000 1.423166
 1074.000000 1.441003
 1075.000000 1.463743
 1076.000000 1.489890
 1077.000000 1.517374
 1078.000000 1.544127
 1079.000000 1.568213
 1080.000000 1.588843
 1081.000000 1.605288
 1082.000000 1.618239
 1083.000000 1.628642
 1084.000000 1.637702
 1085.000000 1.646787
 1086.000000 1.657302
 1087.000000 1.670280
 1088.000000 1.686127
 1089.000000 1.704639
 1090.000000 1.724621
 1091.000000 1.744189
 1092.000000 1.761332
 1093.000000 1.774432
 1094.000000 1.782295
 1095.000000 1.784407
 1096.000000 1.780880
 1097.000000 1.772443
 1098.000000 1.760327
 1099.000000 1.746122
 1100.000000 1.731703
 1101.000000 1.718661
 1102.000000 1.707737
 1103.000000 1.698586
 1104.000000 1.690341
 1105.000000 1.681839
 1106.000000 1.671910
 1107.000000 1.659765
 1108.000000 1.645193
 1109.000000 1.628541
 1110.000000 1.610526
 1111.000000 1.592257
 1112.000000 1.574325
 1113.000000 1.557416
 1114.000000 1.542168
 1115.000000 1.528959
 1116.000000 1.517858
 1117.000000 1.508633
 1118.000000 1.500948
 1119.000000 1.494436
 1120.000000 1.488741
 1121.000000 1.483591
 1122.000000 1.478720
 1123.000000 1.473928
 1124.000000 1.469257
 1125.000000 1.464871
 1126.000000 1.460944
 1127.000000 1.457699
 1128.000000 1.455246
 1129.000000 1.453551
 1130.000000 1.452445
 1131.000000 1.451706
 1132.000000 1.451140
 1133.000000 1.450559
 1134.000000 1.449741
 1135.000000 1.448445
 1136.000000 1.446405
 1137.000000 1.443309
 1138.000000 1.438970
 1139.000000 1.433381
 1140.000000 1.426677
 1141.000000 1.419247
 1142.000000 1.411646
 1143.000000 1.404763
 1144.000000 1.399536
 1145.000000 1.396800
 1146.000000 1.397063
 1147.000000 1.400305
 1148.000000 1.406079
 1149.000000 1.413604
 1150.000000 1.421894
 1151.000000 1.430199
 1152.000000 1.437903
 1153.000000 1.444644
 1154.000000 1.450332
 1155.000000 1.455097
 1156.000000 1.459319
 1157.000000 1.463520
 1158.000000 1.468431
 1159.000000 1.474584
 1160.000000 1.482314
 1161.000000 1.491550
 1162.000000 1.502113
 1163.000000 1.513538
 1164.000000 1.524788
 1165.000000 1.534638
 1166.000000 1.541980
 1167.000000 1.546064
 1168.000000 1.546717
 1169.000000 1.544415
 1170.000000 1.540078
 1171.000000 1.534943
 1172.000000 1.530150
 1173.000000 1.526687
 1174.000000 1.525200
 1175.000000 1.525869
 1176.000000 1.528520
 1177.000000 1.532614
 1178.000000 1.537481
 1179.000000 1.542435
 1180.000000 1.547049
 1181.000000 1.551095
 1182.000000 1.554574
 1183.000000 1.557690
 1184.000000 1.560809
 1185.000000 1.564364
 1186.000000 1.568830
 1187.000000 1.574634
 1188.000000 1.581981
 1189.000000 1.590902
 1190.000000 1.601020
 1191.000000 1.611515
 1192.000000 1.621376
 1193.000000 1.629549
 1194.000000 1.635350
 1195.000000 1.638449
 1196.000000 1.638732
 1197.000000 1.636404
 1198.000000 1.631924
 1199.000000 1.626011
 1200.000000 1.619423
 1201.000000 1.612858
 1202.000000 1.606722
 1203.000000 1.601206
 1204.000000 1.596108
 1205.000000 1.591026
 1206.000000 1.585463
 1207.000000 1.578769
 1208.000000 1.570336
 1209.000000 1.559664
 1210.000000 1.546575
 1211.000000 1.531132
 1212.000000 1.514143
 1213.000000 1.496416
 1214.000000 1.478954
 1215.000000 1.462413
 1216.000000 1.447185
 1217.000000 1.433482
 1218.000000 1.421525
 1219.000000 1.411493
 1220.000000 1.403645
 1221.000000 1.397983
 1222.000000 1.394217
 1223.000000 1.392074
 1224.000000 1.391216
 1225.000000 1.391436
 1226.000000 1.392650
 1227.000000 1.394852
 1228.000000 1.398063
 1229.000000 1.402306
 1230.000000 1.407568
 1231.000000 1.413930
 1232.000000 1.421539
 1233.000000 1.430392
 1234.000000 1.440171
 1235.000000 1.450391
 1236.000000 1.460738
 1237.000000 1.470615
 1238.000000 1.479646
 1239.000000 1.487477
 1240.000000 1.493800
 1241.000000 1.498482
 1242.000000 1.501702
 1243.000000 1.503961
 1244.000000 1.505980
 1245.000000 1.508570
 1246.000000 1.512386
 1247.000000 1.517757
 1248.000000 1.524694
 1249.000000 1.532996
 1250.000000 1.542133
 1251.000000 1.551665
 1252.000000 1.560969
 1253.000000 1.569453
 1254.000000 1.576741
 1255.000000 1.582539
 1256.000000 1.586849
 1257.000000 1.589738
 1258.000000 1.591431
 1259.000000 1.592243
 1260.000000 1.592459
 1261.000000 1.592359
 1262.000000 1.592193
 1263.000000 1.592171
 1264.000000 1.592430
 1265.000000 1.592995
 1266.000000 1.593720
 1267.000000 1.594333
 1268.000000 1.594516
 1269.000000 1.594020
 1270.000000 1.592663
 1271.000000 1.590297
 1272.000000 1.586799
 1273.000000 1.582105
 1274.000000 1.576208
 1275.000000 1.569234
 1276.000000 1.561585
 1277.000000 1.553762
 1278.000000 1.546267
 1279.000000 1.539687
 1280.000000 1.534360
 1281.000000 1.530556
 1282.000000 1.528188
 1283.000000 1.526875
 1284.000000 1.525956
 1285.000000 1.524611
 1286.000000 1.522032
 1287.000000 1.517596
 1288.000000 1.510846
 1289.000000 1.501597
 1290.000000 1.489996
 1291.000000 1.476269
 1292.000000 1.460645
 1293.000000 1.443450
 1294.000000 1.425203
 1295.000000 1.406944
 1296.000000 1.390313
 1297.000000 1.376512
 1298.000000 1.366114
 1299.000000 1.359237
 1300.000000 1.355625
 1301.000000 1.354737
 1302.000000 1.355958
 1303.000000 1.358757
 1304.000000 1.362757
 1305.000000 1.367864
 1306.000000 1.374280
 1307.000000 1.382398
 1308.000000 1.392751
 1309.000000 1.405502
 1310.000000 1.420010
 1311.000000 1.435140
 1312.000000 1.449924
 1313.000000 1.463298
 1314.000000 1.474259
 1315.000000 1.482183
 1316.000000 1.486765
 1317.000000 1.487794
 1318.000000 1.485394
 1319.000000 1.479969
 1320.000000 1.472219
 1321.000000 1.462730
 1322.000000 1.451764
 1323.000000 1.439677
 1324.000000 1.426946
 1325.000000 1.414302
 1326.000000 1.402305
 1327.000000 1.391509
 1328.000000 1.382295
 1329.000000 1.374854
 1330.000000 1.369010
 1331.000000 1.364551
 1332.000000 1.361443
 1333.000000 1.359941
 1334.000000 1.360391
 1335.000000 1.363157
 1336.000000 1.368484
 1337.000000 1.376349
 1338.000000 1.386402
 1339.000000 1.397886
 1340.000000 1.409704
 1341.000000 1.420774
 1342.000000 1.430026
 1343.000000 1.436970
 1344.000000 1.441443
 1345.000000 1.443485
 1346.000000 1.443104
 1347.000000 1.440102
 1348.000000 1.434129
 1349.000000 1.424901
 1350.000000 1.412450
 1351.000000 1.397408
 1352.000000 1.380999
 1353.000000 1.364992
 1354.000000 1.351410
 1355.000000 1.341932
 1356.000000 1.338060
 1357.000000 1.340621
 1358.000000 1.349828
 1359.000000 1.364992
 1360.000000 1.384400
 1361.000000 1.405337
 1362.000000 1.425491
 1363.000000 1.442850
 1364.000000 1.456822
 1365.000000 1.467201
 1366.000000 1.474387
 1367.000000 1.479235
 1368.000000 1.482726
 1369.000000 1.486011
 1370.000000 1.490252
 1371.000000 1.496528
 1372.000000 1.505638
 1373.000000 1.517928
 1374.000000 1.533049
 1375.000000 1.550028
 1376.000000 1.567492
 1377.000000 1.584031
 1378.000000 1.598319
 1379.000000 1.609633
 1380.000000 1.617587
 1381.000000 1.622565
 1382.000000 1.625586
 1383.000000 1.628075
 1384.000000 1.631578
 1385.000000 1.637501
 1386.000000 1.646866
 1387.000000 1.659985
 1388.000000 1.676377
 1389.000000 1.694992
 1390.000000 1.714641
 1391.000000 1.733346
 1392.000000 1.749820
 1393.000000 1.762761
 1394.000000 1.771497
 1395.000000 1.776057
 1396.000000 1.776961
 1397.000000 1.775097
 1398.000000 1.771573
 1399.000000 1.767575
 1400.000000 1.764142
 1401.000000 1.761967
 1402.000000 1.761103
 1403.000000 1.760979
 1404.000000 1.760595
 1405.000000 1.758696
 1406.000000 1.754002
 1407.000000 1.745482
 1408.000000 1.732522
 1409.000000 1.715204
 1410.000000 1.694157
 1411.000000 1.670638
 1412.000000 1.646521
 1413.000000 1.623239
 1414.000000 1.601984
 1415.000000 1.583535
 1416.000000 1.567940
 1417.000000 1.554881
 1418.000000 1.543967
 1419.000000 1.534616
 1420.000000 1.526210
 1421.000000 1.518097
 1422.000000 1.509770
 1423.000000 1.500905
 1424.000000 1.491449
 1425.000000 1.481467
 1426.000000 1.471023
 1427.000000 1.460280
 1428.000000 1.449556
 1429.000000 1.439067
 1430.000000 1.429252
 1431.000000 1.420595
 1432.000000 1.413497
 1433.000000 1.408234
 1434.000000 1.404832
 1435.000000 1.402996
 1436.000000 1.402117
 1437.000000 1.401487
 1438.000000 1.400479
 1439.000000 1.398709
 1440.000000 1.396082
 1441.000000 1.392748
 1442.000000 1.389064
 1443.000000 1.385597
 1444.000000 1.383055
 1445.000000 1.382372
 1446.000000 1.384475
 1447.000000 1.390005
 1448.000000 1.399203
 1449.000000 1.411842
 1450.000000 1.427258
 1451.000000 1.444308
 1452.000000 1.461748
 1453.000000 1.479036
 1454.000000 1.495928
 1455.000000 1.512312
 1456.000000 1.528355
 1457.000000 1.544132
 1458.000000 1.559857
 1459.000000 1.575804
 1460.000000 1.592095
 1461.000000 1.609344
 1462.000000 1.628044
 1463.000000 1.648534
 1464.000000 1.670409
 1465.000000 1.692541
 1466.000000 1.713781
 1467.000000 1.732483
 1468.000000 1.747663
 1469.000000 1.758825
 1470.000000 1.765766
 1471.000000 1.768801
 1472.000000 1.768430
 1473.000000 1.765371
 1474.000000 1.760436
 1475.000000 1.754364
 1476.000000 1.747605
 1477.000000 1.740451
 1478.000000 1.732695
 1479.000000 1.723879
 1480.000000 1.713460
 1481.000000 1.700644
 1482.000000 1.684978
 1483.000000 1.666218
 1484.000000 1.644947
 1485.000000 1.621896
 1486.000000 1.598361
 1487.000000 1.575555
 1488.000000 1.554365
 1489.000000 1.536029
 1490.000000 1.521324
 1491.000000 1.510569
 1492.000000 1.503599
 1493.000000 1.500047
 1494.000000 1.499540
 1495.000000 1.501813
 1496.000000 1.506604
 1497.000000 1.513612
 1498.000000 1.522511
 1499.000000 1.532816
 1500.000000 1.544048
 1501.000000 1.555873
 1502.000000 1.567775
 1503.000000 1.579253
 1504.000000 1.590179
 1505.000000 1.600560
 1506.000000 1.610522
 1507.000000 1.620056
 1508.000000 1.629241
 1509.000000 1.637945
 1510.000000 1.645716
 1511.000000 1.652067
 1512.000000 1.656450
 1513.000000 1.658321
 1514.000000 1.657320
 1515.000000 1.653348
 1516.000000 1.646709
 1517.000000 1.637940
 1518.000000 1.627946
 1519.000000 1.617483
 1520.000000 1.607494
 1521.000000 1.598922
 1522.000000 1.592345
 1523.000000 1.588155
 1524.000000 1.586457
 1525.000000 1.587192
 1526.000000 1.590101
 1527.000000 1.594834
 1528.000000 1.601059
 1529.000000 1.608617
 1530.000000 1.617170
 1531.000000 1.626645
 1532.000000 1.637048
 1533.000000 1.648547
 1534.000000 1.661009
 1535.000000 1.674245
 1536.000000 1.687973
 1537.000000 1.701886
 1538.000000 1.715567
 1539.000000 1.728600
 1540.000000 1.740700
 1541.000000 1.751668
 1542.000000 1.761487
 1543.000000 1.770351
 1544.000000 1.778429
 1545.000000 1.785955
 1546.000000 1.793377
 1547.000000 1.801027
 1548.000000 1.809221
 1549.000000 1.818304
 1550.000000 1.828324
 1551.000000 1.839393
 1552.000000 1.851333
 1553.000000 1.863936
 1554.000000 1.876705
 1555.000000 1.889306
 1556.000000 1.901343
 1557.000000 1.912337
 1558.000000 1.921991
 1559.000000 1.930094
 1560.000000 1.936566
 1561.000000 1.941428
 1562.000000 1.944942
 1563.000000 1.947295
 1564.000000 1.948685
 1565.000000 1.949205
 1566.000000 1.948846
 1567.000000 1.947460
 1568.000000 1.944761
 1569.000000 1.940437
 1570.000000 1.934123
 1571.000000 1.925523
 1572.000000 1.914524
 1573.000000 1.901440
 1574.000000 1.886719
 1575.000000 1.871317
 1576.000000 1.856178
 1577.000000 1.842458
 1578.000000 1.831092
 1579.000000 1.822294
 1580.000000 1.815995
 1581.000000 1.811612
 1582.000000 1.808498
 1583.000000 1.806016
 1584.000000 1.803760
 1585.000000 1.801652
 1586.000000 1.799874
 1587.000000 1.798831
 1588.000000 1.799075
 1589.000000 1.801198
 1590.000000 1.805787
 1591.000000 1.813283
 1592.000000 1.823749
 1593.000000 1.836802
 1594.000000 1.851608
 1595.000000 1.866914
 1596.000000 1.881316
 1597.000000 1.893505
 1598.000000 1.902593
 1599.000000 1.908372
 1600.000000 1.911040
 1601.000000 1.911143
 1602.000000 1.909357
 1603.000000 1.906345
 1604.000000 1.902624
 1605.000000 1.898438
 1606.000000 1.893729
 1607.000000 1.888239
 1608.000000 1.881578
 1609.000000 1.873289
 1610.000000 1.863002
 1611.000000 1.850786
 1612.000000 1.837263
 1613.000000 1.823314
 1614.000000 1.809747
 1615.000000 1.797454
 1616.000000 1.786789
 1617.000000 1.778046
 1618.000000 1.771393
 1619.000000 1.766776
 1620.000000 1.764000
 1621.000000 1.762746
 1622.000000 1.762659
 1623.000000 1.763430
 1624.000000 1.764819
 1625.000000 1.766620
 1626.000000 1.768674
 1627.000000 1.770820
 1628.000000 1.772966
 1629.000000 1.775065
 1630.000000 1.777220
 1631.000000 1.779634
 1632.000000 1.782633
 1633.000000 1.786625
 1634.000000 1.792042
 1635.000000 1.799264
 1636.000000 1.808543
 1637.000000 1.819860
 1638.000000 1.832791
 1639.000000 1.846398
 1640.000000 1.859533
 1641.000000 1.871099
 1642.000000 1.880265
 1643.000000 1.886631
 1644.000000 1.890191
 1645.000000 1.891238
 1646.000000 1.890280
 1647.000000 1.888003
 1648.000000 1.885183
 1649.000000 1.882556
 1650.000000 1.880681
 1651.000000 1.879810
 1652.000000 1.879802
 1653.000000 1.880130
 1654.000000 1.879976
 1655.000000 1.878380
 1656.000000 1.874435
 1657.000000 1.867463
 1658.000000 1.857167
 1659.000000 1.843853
 1660.000000 1.828296
 1661.000000 1.811825
 1662.000000 1.796058
 1663.000000 1.782177
 1664.000000 1.771003
 1665.000000 1.762904
 1666.000000 1.757719
 1667.000000 1.754856
 1668.000000 1.753452
 1669.000000 1.752581
 1670.000000 1.751400
 1671.000000 1.749273
 1672.000000 1.745869
 1673.000000 1.741244
 1674.000000 1.735830
 1675.000000 1.730453
 1676.000000 1.726048
 1677.000000 1.723438
 1678.000000 1.723200
 1679.000000 1.725483
 1680.000000 1.729987
 1681.000000 1.736063
 1682.000000 1.742967
 1683.000000 1.749852
 1684.000000 1.756061
 1685.000000 1.761189
 1686.000000 1.765019
 1687.000000 1.767714
 1688.000000 1.769740
 1689.000000 1.771797
 1690.000000 1.774595
 1691.000000 1.778841
 1692.000000 1.785020
 1693.000000 1.793386
 1694.000000 1.803928
 1695.000000 1.816256
 1696.000000 1.829339
 1697.000000 1.841935
 1698.000000 1.852965
 1699.000000 1.861511
 1700.000000 1.866971
 1701.000000 1.868935
 1702.000000 1.867276
 1703.000000 1.862173
 1704.000000 1.854102
 1705.000000 1.843635
 1706.000000 1.831557
 1707.000000 1.818683
 1708.000000 1.805562
 1709.000000 1.792426
 1710.000000 1.779137
 1711.000000 1.765427
 1712.000000 1.750633
 1713.000000 1.734296
 1714.000000 1.715923
 1715.000000 1.695360
 1716.000000 1.673214
 1717.000000 1.650483
 1718.000000 1.628444
 1719.000000 1.608347
 1720.000000 1.591042
 1721.000000 1.576597
 1722.000000 1.564733
 1723.000000 1.555055
 1724.000000 1.547042
 1725.000000 1.540223
 1726.000000 1.534180
 1727.000000 1.528681
 1728.000000 1.523590
 1729.000000 1.518910
 1730.000000 1.514905
 1731.000000 1.512114
 1732.000000 1.511075
 1733.000000 1.512288
 1734.000000 1.516039
 1735.000000 1.522281
 1736.000000 1.530617
 1737.000000 1.540231
 1738.000000 1.550323
 1739.000000 1.560122
 1740.000000 1.568962
 1741.000000 1.576529
 1742.000000 1.583009
 1743.000000 1.588763
 1744.000000 1.594507
 1745.000000 1.601064
 1746.000000 1.609157
 1747.000000 1.619356
 1748.000000 1.631795
 1749.000000 1.646059
 1750.000000 1.661181
 1751.000000 1.676274
 1752.000000 1.689664
 1753.000000 1.700575
 1754.000000 1.708897
 1755.000000 1.714826
 1756.000000 1.718961
 1757.000000 1.722211
 1758.000000 1.725464
 1759.000000 1.729449
 1760.000000 1.734594
 1761.000000 1.740847
 1762.000000 1.747915
 1763.000000 1.755359
 1764.000000 1.762786
 1765.000000 1.769674
 1766.000000 1.775789
 1767.000000 1.781178
 1768.000000 1.786209
 1769.000000 1.791216
 1770.000000 1.796691
 1771.000000 1.803147
 1772.000000 1.810913
 1773.000000 1.820070
 1774.000000 1.830429
 1775.000000 1.841671
 1776.000000 1.853359
 1777.000000 1.864899
 1778.000000 1.875965
 1779.000000 1.886431
 1780.000000 1.896109
 1781.000000 1.904864
 1782.000000 1.912670
 1783.000000 1.919623
 1784.000000 1.925749
 1785.000000 1.931055
 1786.000000 1.935523
 1787.000000 1.939119
 1788.000000 1.941887
 1789.000000 1.943933
 1790.000000 1.945418
 1791.000000 1.946437
 1792.000000 1.946970
 1793.000000 1.946922
 1794.000000 1.946164
 1795.000000 1.944543
 1796.000000 1.941946
 1797.000000 1.938317
 1798.000000 1.933526
 1799.000000 1.927554
 1800.000000 1.920469
 1801.000000 1.912368
 1802.000000 1.903165
 1803.000000 1.892724
 1804.000000 1.880628
 1805.000000 1.866663
 1806.000000 1.850608
 1807.000000 1.832585
 1808.000000 1.813260
 1809.000000 1.793309
 1810.000000 1.773395
 1811.000000 1.753431
 1812.000000 1.733058
 1813.000000 1.711667
 1814.000000 1.688995
 1815.000000 1.665791
 1816.000000 1.643343
 1817.000000 1.623267
 1818.000000 1.606076
 1819.000000 1.591669
 1820.000000 1.579526
 1821.000000 1.568905
 1822.000000 1.559126
 1823.000000 1.549751
 1824.000000 1.540404
 1825.000000 1.530926
 1826.000000 1.521567
 1827.000000 1.512794
 1828.000000 1.505185
 1829.000000 1.499317
 1830.000000 1.495776
 1831.000000 1.494980
 1832.000000 1.497034
 1833.000000 1.501816
 1834.000000 1.508895
 1835.000000 1.517561
 1836.000000 1.526999
 1837.000000 1.536317
 1838.000000 1.544937
 1839.000000 1.552549
 1840.000000 1.559401
 1841.000000 1.565971
 1842.000000 1.572967
 1843.000000 1.581103
 1844.000000 1.591344
 1845.000000 1.604370
 1846.000000 1.620716
 1847.000000 1.640260
 1848.000000 1.662322
 1849.000000 1.684872
 1850.000000 1.705837
 1851.000000 1.724100
 1852.000000 1.739517
 1853.000000 1.752450
 1854.000000 1.763405
 1855.000000 1.772984
 1856.000000 1.781657
 1857.000000 1.789878
 1858.000000 1.798013
 1859.000000 1.806090
 1860.000000 1.814057
 1861.000000 1.821701
 1862.000000 1.828646
 1863.000000 1.834568
 1864.000000 1.839236
 1865.000000 1.842594
 1866.000000 1.844789
 1867.000000 1.846002
 1868.000000 1.846444
 1869.000000 1.846254
 1870.000000 1.845511
 1871.000000 1.844217
 1872.000000 1.842313
 1873.000000 1.839692
 1874.000000 1.836262
 1875.000000 1.832078
 1876.000000 1.827273
 1877.000000 1.822234
 1878.000000 1.817625
 1879.000000 1.814156
 1880.000000 1.812304
 1881.000000 1.812327
 1882.000000 1.814270
 1883.000000 1.818016
 1884.000000 1.823272
 1885.000000 1.829712
 1886.000000 1.836873
 1887.000000 1.844297
 1888.000000 1.851644
 1889.000000 1.858880
 1890.000000 1.865912
 1891.000000 1.872801
 1892.000000 1.879620
 1893.000000 1.886336
 1894.000000 1.892766
 1895.000000 1.898787
 1896.000000 1.904259
 1897.000000 1.909086
 1898.000000 1.913128
 1899.000000 1.916292
 1900.000000 1.918598
 1901.000000 1.920133
 1902.000000 1.921022
 1903.000000 1.921412
 1904.000000 1.921436
 1905.000000 1.921187
 1906.000000 1.920711
 1907.000000 1.920000
 1908.000000 1.918977
 1909.000000 1.917489
 1910.000000 1.915301
 1911.000000 1.912075
 1912.000000 1.907463
 1913.000000 1.901149
 1914.000000 1.892628
 1915.000000 1.881644
 1916.000000 1.868306
 1917.000000 1.853210
 1918.000000 1.837015
 1919.000000 1.820545
 1920.000000 1.804760
 1921.000000 1.790105
 1922.000000 1.776385
 1923.000000 1.763218
 1924.000000 1.749932
 1925.000000 1.735974
 1926.000000 1.720647
 1927.000000 1.703590
 1928.000000 1.685098
 1929.000000 1.665930
 1930.000000 1.647599
 1931.000000 1.631552
 1932.000000 1.618605
 1933.000000 1.608677
 1934.000000 1.601505
 1935.000000 1.596570
 1936.000000 1.593324
 1937.000000 1.591242
 1938.000000 1.589888
 1939.000000 1.589036
 1940.000000 1.588719
 1941.000000 1.589213
 1942.000000 1.590955
 1943.000000 1.594420
 1944.000000 1.600063
 1945.000000 1.608299
 1946.000000 1.619358
 1947.000000 1.633167
 1948.000000 1.649116
 1949.000000 1.665706
 1950.000000 1.681215
 1951.000000 1.694373
 1952.000000 1.704387
 1953.000000 1.710849
 1954.000000 1.714045
 1955.000000 1.714489
 1956.000000 1.712747
 1957.000000 1.709419
 1958.000000 1.705027
 1959.000000 1.699946
 1960.000000 1.694341
 1961.000000 1.688141
 1962.000000 1.681139
 1963.000000 1.672990
 1964.000000 1.663493
 1965.000000 1.653013
 1966.000000 1.642131
 1967.000000 1.631635
 1968.000000 1.622194
 1969.000000 1.614393
 1970.000000 1.608605
 1971.000000 1.604848
 1972.000000 1.602989
 1973.000000 1.602669
 1974.000000 1.603414
 1975.000000 1.604638
 1976.000000 1.605788
 1977.000000 1.606467
 1978.000000 1.606491
 1979.000000 1.605838
 1980.000000 1.604565
 1981.000000 1.602762
 1982.000000 1.600571
 1983.000000 1.598166
 1984.000000 1.595811
 1985.000000 1.593768
 1986.000000 1.592300
 1987.000000 1.591592
 1988.000000 1.591712
 1989.000000 1.592638
 1990.000000 1.594293
 1991.000000 1.596600
 1992.000000 1.599381
 1993.000000 1.602519
 1994.000000 1.605828
 1995.000000 1.609172
 1996.000000 1.612526
 1997.000000 1.615969
 1998.000000 1.619624
 1999.000000 1.623618
 2000.000000 1.628068
 2001.000000 1.633116
 2002.000000 1.639002
 2003.000000 1.645917
 2004.000000 1.653842
 2005.000000 1.662499
 2006.000000 1.671441
 2007.000000 1.679981
 2008.000000 1.687421
 2009.000000 1.693189
 2010.000000 1.696889
 2011.000000 1.698381
 2012.000000 1.697577
 2013.000000 1.694545
 2014.000000 1.689550
 2015.000000 1.682911
 2016.000000 1.675148
 2017.000000 1.666789
 2018.000000 1.658356
 2019.000000 1.650151
 2020.000000 1.642529
 2021.000000 1.635478
 2022.000000 1.628826
 2023.000000 1.622215
 2024.000000 1.615248
 2025.000000 1.607520
 2026.000000 1.598624
 2027.000000 1.588480
 2028.000000 1.577041
 2029.000000 1.564753
 2030.000000 1.552432
 2031.000000 1.540745
 2032.000000 1.530241
 2033.000000 1.521334
 2034.000000 1.514084
 2035.000000 1.508133
 2036.000000 1.502823
 2037.000000 1.497409
 2038.000000 1.491152
 2039.000000 1.483482
 2040.000000 1.474148
 2041.000000 1.463161
 2042.000000 1.450754
 2043.000000 1.437540
 2044.000000 1.424048
 2045.000000 1.411104
 2046.000000 1.399487
 2047.000000 1.389688
 2048.000000 1.382053
 2049.000000 1.376377
 2050.000000 1.372205
 2051.000000 1.368994
 2052.000000 1.366366
 2053.000000 1.364343
 2054.000000 1.363109
 2055.000000 1.362989
 2056.000000 1.364326
 2057.000000 1.367389
 2058.000000 1.372274
 2059.000000 1.378891
 2060.000000 1.386907
 2061.000000 1.395648
 2062.000000 1.404300
 2063.000000 1.411983
 2064.000000 1.417995
 2065.000000 1.421791
 2066.000000 1.423303
 2067.000000 1.422769
 2068.000000 1.420556
 2069.000000 1.417126
 2070.000000 1.412969
 2071.000000 1.408539
 2072.000000 1.404337
 2073.000000 1.400642
 2074.000000 1.397533
 2075.000000 1.394851
 2076.000000 1.392361
 2077.000000 1.389867
 2078.000000 1.387379
 2079.000000 1.385192
 2080.000000 1.383726
 2081.000000 1.383400
 2082.000000 1.384534
 2083.000000 1.387314
 2084.000000 1.391791
 2085.000000 1.397860
 2086.000000 1.405260
 2087.000000 1.413556
 2088.000000 1.422161
 2089.000000 1.430544
 2090.000000 1.438572
 2091.000000 1.446591
 2092.000000 1.454816
 2093.000000 1.463431
 2094.000000 1.472428
 2095.000000 1.481788
 2096.000000 1.491267
 2097.000000 1.500260
 2098.000000 1.508235
 2099.000000 1.514642
 2100.000000 1.519009
 2101.000000 1.521261
 2102.000000 1.521752
 2103.000000 1.521123
 2104.000000 1.520099
 2105.000000 1.519301
 2106.000000 1.519128
 2107.000000 1.519724
 2108.000000 1.521019
 2109.000000 1.522768
 2110.000000 1.524580
 2111.000000 1.525994
 2112.000000 1.526503
 2113.000000 1.525631
 2114.000000 1.523076
 2115.000000 1.518901
 2116.000000 1.513370
 2117.000000 1.507003
 2118.000000 1.500301
 2119.000000 1.493644
 2120.000000 1.487375
 2121.000000 1.481566
 2122.000000 1.475957
 2123.000000 1.470209
 2124.000000 1.463707
 2125.000000 1.455710
 2126.000000 1.445766
 2127.000000 1.433780
 2128.000000 1.420326
 2129.000000 1.406538
 2130.000000 1.393446
 2131.000000 1.382202
 2132.000000 1.373683
 2133.000000 1.368318
 2134.000000 1.366141
 2135.000000 1.366857
 2136.000000 1.369846
 2137.000000 1.374342
 2138.000000 1.379625
 2139.000000 1.385204
 2140.000000 1.390913
 2141.000000 1.396811
 2142.000000 1.403039
 2143.000000 1.409650
 2144.000000 1.416709
 2145.000000 1.424125
 2146.000000 1.431612
 2147.000000 1.438825
 2148.000000 1.445258
 2149.000000 1.450203
 2150.000000 1.453054
 2151.000000 1.453385
 2152.000000 1.451172
 2153.000000 1.446841
 2154.000000 1.441085
 2155.000000 1.434861
 2156.000000 1.429232
 2157.000000 1.425031
 2158.000000 1.422976
 2159.000000 1.423316
 2160.000000 1.425765
 2161.000000 1.429575
 2162.000000 1.433780
 2163.000000 1.437472
 2164.000000 1.440019
 2165.000000 1.441292
 2166.000000 1.441508
 2167.000000 1.441069
 2168.000000 1.440468
 2169.000000 1.440219
 2170.000000 1.440771
 2171.000000 1.442427
 2172.000000 1.445256
 2173.000000 1.449125
 2174.000000 1.453619
 2175.000000 1.458167
 2176.000000 1.462126
 2177.000000 1.464940
 2178.000000 1.466160
 2179.000000 1.465437
 2180.000000 1.462521
 2181.000000 1.457352
 2182.000000 1.450065
 2183.000000 1.441087
 2184.000000 1.430930
 2185.000000 1.420133
 2186.000000 1.409523
 2187.000000 1.399590
 2188.000000 1.390844
 2189.000000 1.383581
 2190.000000 1.378043
 2191.000000 1.374282
 2192.000000 1.372379
 2193.000000 1.372113
 2194.000000 1.373087
 2195.000000 1.374846
 2196.000000 1.376941
 2197.000000 1.379037
 2198.000000 1.380887
 2199.000000 1.382447
 2200.000000 1.383910
 2201.000000 1.385728
 2202.000000 1.388522
 2203.000000 1.392693
 2204.000000 1.398246
 2205.000000 1.404684
 2206.000000 1.411241
 2207.000000 1.416889
 2208.000000 1.420864
 2209.000000 1.422614
 2210.000000 1.421809
 2211.000000 1.418380
 2212.000000 1.412548
 2213.000000 1.404741
 2214.000000 1.395669
 2215.000000 1.386144
 2216.000000 1.376985
 2217.000000 1.368957
 2218.000000 1.362307
 2219.000000 1.356957
 2220.000000 1.352577
 2221.000000 1.348683
 2222.000000 1.344710
 2223.000000 1.340182
 2224.000000 1.334794
 2225.000000 1.328713
 2226.000000 1.322757
 2227.000000 1.318375
 2228.000000 1.317173
 2229.000000 1.320483
 2230.000000 1.328831
 2231.000000 1.341926
 2232.000000 1.358539
 2233.000000 1.377494
 2234.000000 1.397565
 2235.000000 1.417723
 2236.000000 1.436825
 2237.000000 1.453913
 2238.000000 1.468588
 2239.000000 1.481204
 2240.000000 1.492552
 2241.000000 1.503273
 2242.000000 1.514350
 2243.000000 1.526551
 2244.000000 1.540148
 2245.000000 1.555159
 2246.000000 1.571017
 2247.000000 1.587148
 2248.000000 1.603219
 2249.000000 1.619186
 2250.000000 1.634513
 2251.000000 1.648538
 2252.000000 1.660548
 2253.000000 1.669743
 2254.000000 1.675771
 2255.000000 1.678514
 2256.000000 1.678188
 2257.000000 1.675253
 2258.000000 1.670263
 2259.000000 1.663741
 2260.000000 1.656176
 2261.000000 1.647769
 2262.000000 1.638610
 2263.000000 1.628730
 2264.000000 1.618187
 2265.000000 1.607057
 2266.000000 1.595161
 2267.000000 1.582388
 2268.000000 1.568705
 2269.000000 1.554276
 2270.000000 1.539479
 2271.000000 1.525134
 2272.000000 1.511928
 2273.000000 1.500415
 2274.000000 1.490679
 2275.000000 1.482723
 2276.000000 1.476644
 2277.000000 1.472460
 2278.000000 1.470211
 2279.000000 1.469737
 2280.000000 1.470696
 2281.000000 1.472580
 2282.000000 1.474843
 2283.000000 1.477067
 2284.000000 1.478933
 2285.000000 1.480253
 2286.000000 1.480987
 2287.000000 1.481260
 2288.000000 1.481420
 2289.000000 1.482054
 2290.000000 1.483902
 2291.000000 1.487647
 2292.000000 1.493778
 2293.000000 1.502587
 2294.000000 1.513972
 2295.000000 1.527327
 2296.000000 1.541503
 2297.000000 1.555343
 2298.000000 1.567542
 2299.000000 1.577015
 2300.000000 1.583556
 2301.000000 1.587570
 2302.000000 1.589947
 2303.000000 1.591607
 2304.000000 1.593411
 2305.000000 1.595968
 2306.000000 1.599631
 2307.000000 1.604529
 2308.000000 1.610441
 2309.000000 1.617068
 2310.000000 1.623847
 2311.000000 1.630202
 2312.000000 1.635572
 2313.000000 1.639568
 2314.000000 1.642273
 2315.000000 1.644145
 2316.000000 1.645862
 2317.000000 1.648197
 2318.000000 1.651776
 2319.000000 1.657022
 2320.000000 1.663959
 2321.000000 1.672186
 2322.000000 1.681111
 2323.000000 1.689936
 2324.000000 1.697631
 2325.000000 1.703485
 2326.000000 1.707090
 2327.000000 1.708256
 2328.000000 1.706945
 2329.000000 1.703190
 2330.000000 1.697091
 2331.000000 1.688779
 2332.000000 1.678634
 2333.000000 1.667046
 2334.000000 1.654435
 2335.000000 1.641380
 2336.000000 1.628520
 2337.000000 1.616237
 2338.000000 1.604900
 2339.000000 1.594729
 2340.000000 1.585596
 2341.000000 1.577361
 2342.000000 1.569626
 2343.000000 1.562048
 2344.000000 1.554348
 2345.000000 1.546551
 2346.000000 1.538885
 2347.000000 1.531766
 2348.000000 1.525637
 2349.000000 1.521054
 2350.000000 1.518643
 2351.000000 1.519148
 2352.000000 1.523361
 2353.000000 1.531808
 2354.000000 1.544440
 2355.000000 1.560212
 2356.000000 1.577443
 2357.000000 1.594139
 2358.000000 1.608996
 2359.000000 1.621123
 2360.000000 1.629868
 2361.000000 1.635083
 2362.000000 1.637095
 2363.000000 1.636684
 2364.000000 1.634912
 2365.000000 1.632830
 2366.000000 1.631224
 2367.000000 1.630418
 2368.000000 1.630293
 2369.000000 1.630317
 2370.000000 1.629680
 2371.000000 1.627462
 2372.000000 1.622790
 2373.000000 1.614979
 2374.000000 1.603694
 2375.000000 1.588942
 2376.000000 1.571188
 2377.000000 1.551845
 2378.000000 1.533252
 2379.000000 1.517649
 2380.000000 1.506192
 2381.000000 1.498956
 2382.000000 1.495497
 2383.000000 1.495015
 2384.000000 1.496634
 2385.000000 1.499518
 2386.000000 1.502984
 2387.000000 1.506461
 2388.000000 1.509734
 2389.000000 1.512984
 2390.000000 1.516719
 2391.000000 1.521719
 2392.000000 1.528737
 2393.000000 1.538478
 2394.000000 1.550925
 2395.000000 1.565326
 2396.000000 1.580435
 2397.000000 1.594767
 2398.000000 1.607350
 2399.000000 1.617155
 2400.000000 1.623517
 2401.000000 1.626204
 2402.000000 1.625384
 2403.000000 1.621530
 2404.000000 1.615247
 2405.000000 1.607186
 2406.000000 1.598165
 2407.000000 1.588710
 2408.000000 1.579171
 2409.000000 1.569823
 2410.000000 1.560950
 2411.000000 1.552731
 2412.000000 1.545303
 2413.000000 1.538607
 2414.000000 1.532637
 2415.000000 1.527334
 2416.000000 1.522778
 2417.000000 1.519068
 2418.000000 1.516442
 2419.000000 1.515194
 2420.000000 1.515634
 2421.000000 1.517998
 2422.000000 1.522339
 2423.000000 1.528405
 2424.000000 1.535631
 2425.000000 1.543175
 2426.000000 1.550115
 2427.000000 1.555853
 2428.000000 1.559957
 2429.000000 1.562102
 2430.000000 1.562213
 2431.000000 1.560315
 2432.000000 1.556505
 2433.000000 1.551001
 2434.000000 1.544024
 2435.000000 1.535988
 2436.000000 1.527315
 2437.000000 1.518279
 2438.000000 1.509197
 2439.000000 1.500449
 2440.000000 1.492295
 2441.000000 1.484719
 2442.000000 1.477422
 2443.000000 1.469805
 2444.000000 1.461198
 2445.000000 1.450893
 2446.000000 1.438176
 2447.000000 1.422759
 2448.000000 1.404809
 2449.000000 1.384838
 2450.000000 1.363650
 2451.000000 1.342633
 2452.000000 1.324170
 2453.000000 1.310658
 2454.000000 1.304312
 2455.000000 1.306137
 2456.000000 1.315770
 2457.000000 1.331455
 2458.000000 1.350349
 2459.000000 1.369803
 2460.000000 1.387910
 2461.000000 1.403150
 2462.000000 1.414596
 2463.000000 1.421944
 2464.000000 1.425474
 2465.000000 1.425733
 2466.000000 1.423486
 2467.000000 1.419495
 2468.000000 1.414383
 2469.000000 1.408533
 2470.000000 1.402144
 2471.000000 1.395144
 2472.000000 1.387106
 2473.000000 1.377416
 2474.000000 1.365699
 2475.000000 1.351857
 2476.000000 1.336714
 2477.000000 1.321933
 2478.000000 1.309701
 2479.000000 1.302224
 2480.000000 1.301019
 2481.000000 1.306509
 2482.000000 1.318182
 2483.000000 1.334830
 2484.000000 1.354897
 2485.000000 1.376548
 2486.000000 1.398108
 2487.000000 1.418579
 2488.000000 1.437209
 2489.000000 1.453956
 2490.000000 1.469381
 2491.000000 1.484849
 2492.000000 1.501736
 2493.000000 1.521298
 2494.000000 1.543684
 2495.000000 1.567499
 2496.000000 1.590765
 2497.000000 1.612432
 2498.000000 1.632470
 2499.000000 1.651171
 2500.000000 1.668713
 2501.000000 1.685013
 2502.000000 1.700007
 2503.000000 1.713781
 2504.000000 1.726710
 2505.000000 1.739257
 2506.000000 1.751643
 2507.000000 1.764012
 2508.000000 1.776532
 2509.000000 1.789011
 2510.000000 1.801275
 2511.000000 1.812975
 2512.000000 1.823966
 2513.000000 1.834086
 2514.000000 1.843140
 2515.000000 1.851098
 2516.000000 1.858013
 2517.000000 1.863983
 2518.000000 1.868981
 2519.000000 1.873141
 2520.000000 1.876421
 2521.000000 1.878715
 2522.000000 1.879789
 2523.000000 1.879286
 2524.000000 1.876804
 2525.000000 1.871976
 2526.000000 1.864558
 2527.000000 1.854596
 2528.000000 1.842391
 2529.000000 1.828238
 2530.000000 1.812660
 2531.000000 1.796410
 2532.000000 1.779832
 2533.000000 1.763251
 2534.000000 1.747066
 2535.000000 1.731178
 2536.000000 1.715485
 2537.000000 1.699790
 2538.000000 1.683879
 2539.000000 1.667729
 2540.000000 1.651374
 2541.000000 1.634691
 2542.000000 1.617080
 2543.000000 1.598206
 2544.000000 1.577386
 2545.000000 1.555004
 2546.000000 1.532645
 2547.000000 1.512082
 2548.000000 1.493878
 2549.000000 1.476909
 2550.000000 1.459641
 2551.000000 1.441188
 2552.000000 1.421009
 2553.000000 1.399601
 2554.000000 1.377782
 2555.000000 1.356592
 2556.000000 1.337312
 2557.000000 1.321747
 2558.000000 1.311176
 2559.000000 1.306605
 2560.000000 1.308094
 2561.000000 1.314996
 2562.000000 1.326350
 2563.000000 1.341238
 2564.000000 1.358136
 2565.000000 1.375586
 2566.000000 1.392581
 2567.000000 1.408128
 2568.000000 1.421730
 2569.000000 1.432806
 2570.000000 1.441025
 2571.000000 1.446359
 2572.000000 1.448789
 2573.000000 1.448167
 2574.000000 1.444274
 2575.000000 1.436959
 2576.000000 1.426219
 2577.000000 1.412635
 2578.000000 1.397219
 2579.000000 1.381172
 2580.000000 1.365723
 2581.000000 1.352068
 2582.000000 1.341354
 2583.000000 1.334274
 2584.000000 1.330904
 2585.000000 1.330927
 2586.000000 1.333635
 2587.000000 1.338189
 2588.000000 1.343984
 2589.000000 1.350772
 2590.000000 1.358384
 2591.000000 1.366774
 2592.000000 1.375896
 2593.000000 1.385765
 2594.000000 1.396167
 2595.000000 1.406855
 2596.000000 1.417364
 2597.000000 1.427252
 2598.000000 1.436100
 2599.000000 1.443528
 2600.000000 1.449382
 2601.000000 1.453693
 2602.000000 1.456583
 2603.000000 1.458095
 2604.000000 1.458086
 2605.000000 1.456286
 2606.000000 1.452321
 2607.000000 1.445814
 2608.000000 1.436326
 2609.000000 1.423836
 2610.000000 1.408410
 2611.000000 1.390783
 2612.000000 1.371827
 2613.000000 1.353412
 2614.000000 1.337105
 2615.000000 1.324535
 2616.000000 1.316764
 2617.000000 1.314245
 2618.000000 1.316776
 2619.000000 1.323661
 2620.000000 1.333806
 2621.000000 1.345841
 2622.000000 1.358346
 2623.000000 1.369951
 2624.000000 1.379784
 2625.000000 1.387625
 2626.000000 1.393531
 2627.000000 1.397743
 2628.000000 1.400479
 2629.000000 1.401778
 2630.000000 1.401586
 2631.000000 1.399769
 2632.000000 1.396181
 2633.000000 1.390805
 2634.000000 1.383703
 2635.000000 1.375073
 2636.000000 1.365508
 2637.000000 1.356020
 2638.000000 1.347755
 2639.000000 1.341800
 2640.000000 1.339196
 2641.000000 1.340668
 2642.000000 1.346513
 2643.000000 1.356519
 2644.000000 1.369989
 2645.000000 1.385869
 2646.000000 1.402861
 2647.000000 1.419659
 2648.000000 1.434956
 2649.000000 1.448006
 2650.000000 1.459026
 2651.000000 1.468625
 2652.000000 1.477711
 2653.000000 1.487197
 2654.000000 1.497996
 2655.000000 1.510970
 2656.000000 1.526507
 2657.000000 1.544307
 2658.000000 1.562975
 2659.000000 1.581013
 2660.000000 1.597321
 2661.000000 1.611739
 2662.000000 1.624871
 2663.000000 1.637708
 2664.000000 1.650819
 2665.000000 1.664851
 2666.000000 1.679829
 2667.000000 1.695391
 2668.000000 1.711043
 2669.000000 1.726123
 2670.000000 1.740246
 2671.000000 1.752962
 2672.000000 1.763996
 2673.000000 1.773083
 2674.000000 1.780138
 2675.000000 1.785164
 2676.000000 1.788276
 2677.000000 1.789705
 2678.000000 1.789778
 2679.000000 1.788834
 2680.000000 1.787253
 2681.000000 1.785381
 2682.000000 1.783505
 2683.000000 1.781790
 2684.000000 1.780252
 2685.000000 1.778734
 2686.000000 1.776945
 2687.000000 1.774498
 2688.000000 1.770982
 2689.000000 1.765977
 2690.000000 1.759169
 2691.000000 1.750304
 2692.000000 1.739146
 2693.000000 1.725564
 2694.000000 1.709648
 2695.000000 1.692154
 2696.000000 1.673893
 2697.000000 1.655736
 2698.000000 1.638645
 2699.000000 1.622727
 2700.000000 1.608049
 2701.000000 1.594613
 2702.000000 1.582451
 2703.000000 1.571635
 2704.000000 1.562420
 2705.000000 1.554910
 2706.000000 1.549368
 2707.000000 1.545861
 2708.000000 1.544321
 2709.000000 1.544521
 2710.000000 1.546138
 2711.000000 1.548796
 2712.000000 1.552132
 2713.000000 1.555704
 2714.000000 1.559113
 2715.000000 1.561877
 2716.000000 1.563533
 2717.000000 1.563645
 2718.000000 1.561939
 2719.000000 1.558365
 2720.000000 1.553159
 2721.000000 1.546767
 2722.000000 1.539639
 2723.000000 1.532553
 2724.000000 1.526134
 2725.000000 1.520890
 2726.000000 1.517424
 2727.000000 1.516279
 2728.000000 1.517922
 2729.000000 1.522622
 2730.000000 1.530334
 2731.000000 1.540626
 2732.000000 1.552587
 2733.000000 1.564872
 2734.000000 1.576278
 2735.000000 1.586022
 2736.000000 1.593855
 2737.000000 1.600089
 2738.000000 1.605462
 2739.000000 1.610871
 2740.000000 1.617242
 2741.000000 1.625157
 2742.000000 1.634912
 2743.000000 1.646611
 2744.000000 1.659677
 2745.000000 1.673393
 2746.000000 1.686989
 2747.000000 1.699375
 2748.000000 1.709807
 2749.000000 1.717870
 2750.000000 1.723566
 2751.000000 1.727193
 2752.000000 1.729205
 2753.000000 1.729985
 2754.000000 1.729870
 2755.000000 1.729092
 2756.000000 1.727733
 2757.000000 1.725739
 2758.000000 1.722916
 2759.000000 1.718978
 2760.000000 1.713542
 2761.000000 1.706248
 2762.000000 1.696939
 2763.000000 1.685763
 2764.000000 1.673031
 2765.000000 1.659447
 2766.000000 1.646166
 2767.000000 1.633915
 2768.000000 1.623282
 2769.000000 1.614410
 2770.000000 1.607156
 2771.000000 1.601134
 2772.000000 1.595656
 2773.000000 1.590112
 2774.000000 1.583752
 2775.000000 1.576172
 2776.000000 1.567239
 2777.000000 1.557439
 2778.000000 1.547691
 2779.000000 1.538752
 2780.000000 1.531568
 2781.000000 1.526887
 2782.000000 1.525153
 2783.000000 1.526575
 2784.000000 1.531189
 2785.000000 1.538730
 2786.000000 1.548633
 2787.000000 1.560030
 2788.000000 1.572167
 2789.000000 1.584507
 2790.000000 1.596575
 2791.000000 1.608311
 2792.000000 1.619748
 2793.000000 1.630987
 2794.000000 1.641944
 2795.000000 1.652250
 2796.000000 1.661633
 2797.000000 1.669783
 2798.000000 1.676400
 2799.000000 1.681163
 2800.000000 1.684049
 2801.000000 1.685274
 2802.000000 1.685357
 2803.000000 1.684888
 2804.000000 1.684387
 2805.000000 1.684227
 2806.000000 1.684577
 2807.000000 1.685419
 2808.000000 1.686597
 2809.000000 1.687924
 2810.000000 1.689210
 2811.000000 1.690295
 2812.000000 1.691103
 2813.000000 1.691626
 2814.000000 1.691935
 2815.000000 1.692064
 2816.000000 1.691887
 2817.000000 1.691058
 2818.000000 1.689042
 2819.000000 1.685233
 2820.000000 1.679049
 2821.000000 1.670010
 2822.000000 1.657948
 2823.000000 1.643034
 2824.000000 1.625563
 2825.000000 1.605799
 2826.000000 1.584085
 2827.000000 1.561427
 2828.000000 1.539240
 2829.000000 1.519940
 2830.000000 1.504343
 2831.000000 1.492372
