#! FIELDS time d
 0.000000 1.395008
 1.000000 1.393596
 2.000000 1.392005
 3.000000 1.390658
 4.000000 1.389991
 5.000000 1.390365
 6.000000 1.391944
 7.000000 1.394634
 8.000000 1.398059
 9.000000 1.401741
 10.000000 1.405123
 11.000000 1.407729
 12.000000 1.409317
 13.000000 1.409838
 14.000000 1.409428
 15.000000 1.408332
 16.000000 1.406811
 17.000000 1.405083
 18.000000 1.403314
 19.000000 1.401577
 20.000000 1.399958
 21.000000 1.398495
 22.000000 1.397148
 23.000000 1.395854
 24.000000 1.394467
 25.000000 1.392790
 26.000000 1.390664
 27.000000 1.388017
 28.000000 1.384983
 29.000000 1.381848
 30.000000 1.379048
 31.000000 1.376944
 32.000000 1.375912
 33.000000 1.376183
 34.000000 1.377779
 35.000000 1.380488
 36.000000 1.383959
 37.000000 1.387733
 38.000000 1.391445
 39.000000 1.394725
 40.000000 1.397338
 41.000000 1.399253
 42.000000 1.400510
 43.000000 1.401266
 44.000000 1.401721
 45.000000 1.402051
 46.000000 1.402399
 47.000000 1.402889
 48.000000 1.403589
 49.000000 1.404481
 50.000000 1.405432
 51.000000 1.406217
 52.000000 1.406584
 53.000000 1.406356
 54.000000 1.405492
 55.000000 1.404089
 56.000000 1.402372
 57.000000 1.400567
 58.000000 1.398910
 59.000000 1.397598
 60.000000 1.396722
 61.000000 1.396297
 62.000000 1.396269
 63.000000 1.396501
 64.000000 1.396796
 65.000000 1.396965
 66.000000 1.396894
 67.000000 1.396622
 68.000000 1.396333
 69.000000 1.396299
 70.000000 1.396768
 71.000000 1.397868
 72.000000 1.399459
 73.000000 1.401155
 74.000000 1.402488
 75.000000 1.403052
 76.000000 1.402637
 77.000000 1.401264
 78.000000 1.399198
 79.000000 1.396816
 80.000000 1.394438
 81.000000 1.392401
 82.000000 1.391015
 83.000000 1.390580
 84.000000 1.391300
 85.000000 1.393239
 86.000000 1.396241
 87.000000 1.400007
 88.000000 1.404133
 89.000000 1.408111
 90.000000 1.411404
 91.000000 1.413601
 92.000000 1.414465
 93.000000 1.413898
 94.000000 1.412022
 95.000000 1.409156
 96.000000 1.405760
 97.000000 1.402409
 98.000000 1.399644
 99.000000 1.397989
 100.000000 1.397757
 101.000000 1.399037
 102.000000 1.401641
 103.000000 1.405183
 104.000000 1.409040
 105.000000 1.412437
 106.000000 1.414759
 107.000000 1.415569
 108.000000 1.414647
 109.000000 1.412095
 110.000000 1.408274
 111.000000 1.403630
 112.000000 1.398641
 113.000000 1.393669
 114.000000 1.389063
 115.000000 1.385128
 116.000000 1.382115
 117.000000 1.380213
 118.000000 1.379518
 119.000000 1.379969
 120.000000 1.381341
 121.000000 1.383334
 122.000000 1.385693
 123.000000 1.388369
 124.000000 1.391466
 125.000000 1.395169
 126.000000 1.399563
 127.000000 1.404619
 128.000000 1.410211
 129.000000 1.415976
 130.000000 1.421413
 131.000000 1.426109
 132.000000 1.429598
 133.000000 1.431631
 134.000000 1.432089
 135.000000 1.431056
 136.000000 1.428837
 137.000000 1.425864
 138.000000 1.422600
 139.000000 1.419487
 140.000000 1.416824
 141.000000 1.414859
 142.000000 1.413581
 143.000000 1.412775
 144.000000 1.412032
 145.000000 1.410861
 146.000000 1.408832
 147.000000 1.405658
 148.000000 1.401291
 149.000000 1.396016
 150.000000 1.390240
 151.000000 1.384575
 152.000000 1.379906
 153.000000 1.377174
 154.000000 1.377260
 155.000000 1.380678
 156.000000 1.387382
 157.000000 1.396842
 158.000000 1.408128
 159.000000 1.419917
 160.000000 1.430972
 161.000000 1.440191
 162.000000 1.446573
 163.000000 1.449680
 164.000000 1.449193
 165.000000 1.445181
 166.000000 1.438056
 167.000000 1.428647
 168.000000 1.417943
 169.000000 1.407100
 170.000000 1.397354
 171.000000 1.389755
 172.000000 1.384956
 173.000000 1.383312
 174.000000 1.384749
 175.000000 1.388778
 176.000000 1.394551
 177.000000 1.401021
 178.000000 1.407180
 179.000000 1.412195
 180.000000 1.415359
 181.000000 1.416345
 182.000000 1.415085
 183.000000 1.411865
 184.000000 1.407221
 185.000000 1.401820
 186.000000 1.396406
 187.000000 1.391916
 188.000000 1.389013
 189.000000 1.388183
 190.000000 1.389611
 191.000000 1.393173
 192.000000 1.398420
 193.000000 1.404608
 194.000000 1.410871
 195.000000 1.416258
 196.000000 1.419970
 197.000000 1.421359
 198.000000 1.420062
 199.000000 1.416000
 200.000000 1.409367
 201.000000 1.400717
 202.000000 1.390894
 203.000000 1.380784
 204.000000 1.371611
 205.000000 1.364199
 206.000000 1.359495
 207.000000 1.358081
 208.000000 1.360117
 209.000000 1.365313
 210.000000 1.373046
 211.000000 1.382322
 212.000000 1.392113
 213.000000 1.401338
 214.000000 1.408883
 215.000000 1.414249
 216.000000 1.417258
 217.000000 1.418025
 218.000000 1.416980
 219.000000 1.414735
 220.000000 1.412062
 221.000000 1.409668
 222.000000 1.408169
 223.000000 1.407967
 224.000000 1.409214
 225.000000 1.411761
 226.000000 1.415158
 227.000000 1.418731
 228.000000 1.421742
 229.000000 1.423422
 230.000000 1.423235
 231.000000 1.420894
 232.000000 1.416416
 233.000000 1.410145
 234.000000 1.402611
 235.000000 1.394537
 236.000000 1.386937
 237.000000 1.380467
 238.000000 1.375767
 239.000000 1.373409
 240.000000 1.373688
 241.000000 1.376600
 242.000000 1.381874
 243.000000 1.389057
 244.000000 1.397444
 245.000000 1.406221
 246.000000 1.414523
 247.000000 1.421530
 248.000000 1.426627
 249.000000 1.429466
 250.000000 1.429865
 251.000000 1.427888
 252.000000 1.423843
 253.000000 1.418217
 254.000000 1.411702
 255.000000 1.405162
 256.000000 1.399526
 257.000000 1.395521
 258.000000 1.393611
 259.000000 1.394042
 260.000000 1.396677
 261.000000 1.401007
 262.000000 1.406269
 263.000000 1.411608
 264.000000 1.416149
 265.000000 1.419160
 266.000000 1.420131
 267.000000 1.418904
 268.000000 1.415696
 269.000000 1.411039
 270.000000 1.405749
 271.000000 1.400764
 272.000000 1.396961
 273.000000 1.394963
 274.000000 1.395050
 275.000000 1.397116
 276.000000 1.400728
 277.000000 1.405217
 278.000000 1.409801
 279.000000 1.413738
 280.000000 1.416480
 281.000000 1.417656
 282.000000 1.417154
 283.000000 1.415092
 284.000000 1.411790
 285.000000 1.407748
 286.000000 1.403494
 287.000000 1.399555
 288.000000 1.396418
 289.000000 1.394411
 290.000000 1.393706
 291.000000 1.394296
 292.000000 1.396019
 293.000000 1.398605
 294.000000 1.401724
 295.000000 1.405049
 296.000000 1.408243
 297.000000 1.410972
 298.000000 1.412935
 299.000000 1.413796
 300.000000 1.413367
 301.000000 1.411603
 302.000000 1.408728
 303.000000 1.405172
 304.000000 1.401531
 305.000000 1.398542
 306.000000 1.396894
 307.000000 1.397100
 308.000000 1.399382
 309.000000 1.403618
 310.000000 1.409447
 311.000000 1.416334
 312.000000 1.423410
 313.000000 1.429872
 314.000000 1.435047
 315.000000 1.438347
 316.000000 1.439328
 317.000000 1.437755
 318.000000 1.433645
 319.000000 1.427282
 320.000000 1.419120
 321.000000 1.409963
 322.000000 1.400762
 323.000000 1.392696
 324.000000 1.386548
 325.000000 1.383010
 326.000000 1.382554
 327.000000 1.385239
 328.000000 1.390799
 329.000000 1.398701
 330.000000 1.408222
 331.000000 1.418441
 332.000000 1.428390
 333.000000 1.437381
 334.000000 1.444708
 335.000000 1.449941
 336.000000 1.452722
 337.000000 1.452944
 338.000000 1.450716
 339.000000 1.446342
 340.000000 1.440286
 341.000000 1.433114
 342.000000 1.425657
 343.000000 1.418694
 344.000000 1.412949
 345.000000 1.409056
 346.000000 1.407436
 347.000000 1.408299
 348.000000 1.411555
 349.000000 1.416818
 350.000000 1.423366
 351.000000 1.430374
 352.000000 1.436970
 353.000000 1.442281
 354.000000 1.445541
 355.000000 1.446181
 356.000000 1.444015
 357.000000 1.439218
 358.000000 1.432364
 359.000000 1.424272
 360.000000 1.415912
 361.000000 1.408497
 362.000000 1.403036
 363.000000 1.400292
 364.000000 1.400669
 365.000000 1.404089
 366.000000 1.410020
 367.000000 1.417665
 368.000000 1.425936
 369.000000 1.433686
 370.000000 1.439886
 371.000000 1.443635
 372.000000 1.444481
 373.000000 1.442318
 374.000000 1.437353
 375.000000 1.430176
 376.000000 1.421826
 377.000000 1.413274
 378.000000 1.405510
 379.000000 1.399505
 380.000000 1.396095
 381.000000 1.395654
 382.000000 1.398081
 383.000000 1.402883
 384.000000 1.409301
 385.000000 1.416545
 386.000000 1.423809
 387.000000 1.430498
 388.000000 1.436155
 389.000000 1.440644
 390.000000 1.443926
 391.000000 1.446095
 392.000000 1.447268
 393.000000 1.447549
 394.000000 1.447001
 395.000000 1.445681
 396.000000 1.443683
 397.000000 1.441218
 398.000000 1.438560
 399.000000 1.436077
 400.000000 1.434124
 401.000000 1.433045
 402.000000 1.433055
 403.000000 1.434190
 404.000000 1.436280
 405.000000 1.438927
 406.000000 1.441583
 407.000000 1.443529
 408.000000 1.444044
 409.000000 1.442481
 410.000000 1.438431
 411.000000 1.431885
 412.000000 1.423330
 413.000000 1.413649
 414.000000 1.404286
 415.000000 1.396761
 416.000000 1.392267
 417.000000 1.391684
 418.000000 1.395222
 419.000000 1.402351
 420.000000 1.412145
 421.000000 1.423375
 422.000000 1.434414
 423.000000 1.444184
 424.000000 1.451739
 425.000000 1.456551
 426.000000 1.458270
 427.000000 1.456960
 428.000000 1.452880
 429.000000 1.446436
 430.000000 1.438287
 431.000000 1.429309
 432.000000 1.420224
 433.000000 1.411845
 434.000000 1.404909
 435.000000 1.400149
 436.000000 1.398054
 437.000000 1.398968
 438.000000 1.402896
 439.000000 1.409471
 440.000000 1.418074
 441.000000 1.427780
 442.000000 1.437438
 443.000000 1.446037
 444.000000 1.452613
 445.000000 1.456364
 446.000000 1.456793
 447.000000 1.453716
 448.000000 1.447358
 449.000000 1.438323
 450.000000 1.427680
 451.000000 1.416759
 452.000000 1.406981
 453.000000 1.399756
 454.000000 1.396218
 455.000000 1.397023
 456.000000 1.402147
 457.000000 1.410914
 458.000000 1.422051
 459.000000 1.434305
 460.000000 1.445980
 461.000000 1.455403
 462.000000 1.461473
 463.000000 1.463539
 464.000000 1.461419
 465.000000 1.455372
 466.000000 1.446013
 467.000000 1.434305
 468.000000 1.421501
 469.000000 1.408903
 470.000000 1.398013
 471.000000 1.390087
 472.000000 1.386054
 473.000000 1.386327
 474.000000 1.390726
 475.000000 1.398655
 476.000000 1.409188
 477.000000 1.421049
 478.000000 1.432925
 479.000000 1.443758
 480.000000 1.452637
 481.000000 1.458889
 482.000000 1.462143
 483.000000 1.462279
 484.000000 1.459460
 485.000000 1.454135
 486.000000 1.446943
 487.000000 1.438635
 488.000000 1.430167
 489.000000 1.422535
 490.000000 1.416764
 491.000000 1.413648
 492.000000 1.413722
 493.000000 1.417128
 494.000000 1.423549
 495.000000 1.432343
 496.000000 1.442528
 497.000000 1.452944
 498.000000 1.462401
 499.000000 1.469853
 500.000000 1.474469
 501.000000 1.475666
 502.000000 1.473231
 503.000000 1.467363
 504.000000 1.458660
 505.000000 1.448183
 506.000000 1.437130
 507.000000 1.426830
 508.000000 1.418500
 509.000000 1.413261
 510.000000 1.411803
 511.000000 1.414290
 512.000000 1.420361
 513.000000 1.429249
 514.000000 1.439880
 515.000000 1.450931
 516.000000 1.461223
 517.000000 1.469540
 518.000000 1.474875
 519.000000 1.476687
 520.000000 1.474919
 521.000000 1.469862
 522.000000 1.462135
 523.000000 1.452621
 524.000000 1.442178
 525.000000 1.431908
 526.000000 1.422959
 527.000000 1.416331
 528.000000 1.412804
 529.000000 1.412716
 530.000000 1.415981
 531.000000 1.422011
 532.000000 1.429891
 533.000000 1.438611
 534.000000 1.446786
 535.000000 1.453069
 536.000000 1.456464
 537.000000 1.456308
 538.000000 1.452420
 539.000000 1.445031
 540.000000 1.434872
 541.000000 1.423300
 542.000000 1.411785
 543.000000 1.401767
 544.000000 1.394776
 545.000000 1.391749
 546.000000 1.393154
 547.000000 1.398820
 548.000000 1.408053
 549.000000 1.419738
 550.000000 1.432465
 551.000000 1.444746
 552.000000 1.455388
 553.000000 1.463308
 554.000000 1.467712
 555.000000 1.468252
 556.000000 1.464819
 557.000000 1.457681
 558.000000 1.447422
 559.000000 1.434970
 560.000000 1.421570
 561.000000 1.408644
 562.000000 1.397572
 563.000000 1.389558
 564.000000 1.385677
 565.000000 1.386432
 566.000000 1.391661
 567.000000 1.400659
 568.000000 1.412299
 569.000000 1.425337
 570.000000 1.438220
 571.000000 1.449475
 572.000000 1.457893
 573.000000 1.462510
 574.000000 1.462945
 575.000000 1.459225
 576.000000 1.451814
 577.000000 1.441598
 578.000000 1.429700
 579.000000 1.417467
 580.000000 1.406539
 581.000000 1.398418
 582.000000 1.394309
 583.000000 1.394836
 584.000000 1.399994
 585.000000 1.409136
 586.000000 1.420970
 587.000000 1.434155
 588.000000 1.446973
 589.000000 1.457958
 590.000000 1.465891
 591.000000 1.469680
 592.000000 1.468817
 593.000000 1.463311
 594.000000 1.453691
 595.000000 1.440952
 596.000000 1.426528
 597.000000 1.412221
 598.000000 1.400083
 599.000000 1.391702
 600.000000 1.388320
 601.000000 1.390591
 602.000000 1.398288
 603.000000 1.410526
 604.000000 1.425729
 605.000000 1.442136
 606.000000 1.458227
 607.000000 1.472421
 608.000000 1.483422
 609.000000 1.490383
 610.000000 1.492783
 611.000000 1.490471
 612.000000 1.483703
 613.000000 1.473183
 614.000000 1.459991
 615.000000 1.445627
 616.000000 1.431544
 617.000000 1.419456
 618.000000 1.410855
 619.000000 1.406938
 620.000000 1.408317
 621.000000 1.414908
 622.000000 1.425908
 623.000000 1.439936
 624.000000 1.455410
 625.000000 1.470796
 626.000000 1.484306
 627.000000 1.494567
 628.000000 1.500789
 629.000000 1.502430
 630.000000 1.499522
 631.000000 1.492494
 632.000000 1.482112
 633.000000 1.469489
 634.000000 1.455996
 635.000000 1.442781
 636.000000 1.431175
 637.000000 1.422469
 638.000000 1.417482
 639.000000 1.416613
 640.000000 1.419818
 641.000000 1.426518
 642.000000 1.435839
 643.000000 1.446528
 644.000000 1.457228
 645.000000 1.466824
 646.000000 1.474127
 647.000000 1.478204
 648.000000 1.478426
 649.000000 1.474563
 650.000000 1.466811
 651.000000 1.455820
 652.000000 1.442679
 653.000000 1.428891
 654.000000 1.416162
 655.000000 1.406127
 656.000000 1.400190
 657.000000 1.399249
 658.000000 1.403471
 659.000000 1.412191
 660.000000 1.424119
 661.000000 1.437591
 662.000000 1.450620
 663.000000 1.461568
 664.000000 1.468777
 665.000000 1.471505
 666.000000 1.469459
 667.000000 1.462944
 668.000000 1.452973
 669.000000 1.440964
 670.000000 1.428487
 671.000000 1.417134
 672.000000 1.408255
 673.000000 1.403099
 674.000000 1.402265
 675.000000 1.405635
 676.000000 1.412465
 677.000000 1.421498
 678.000000 1.431245
 679.000000 1.440203
 680.000000 1.447036
 681.000000 1.450794
 682.000000 1.450935
 683.000000 1.447414
 684.000000 1.440648
 685.000000 1.431625
 686.000000 1.421669
 687.000000 1.412077
 688.000000 1.404322
 689.000000 1.399591
 690.000000 1.398714
 691.000000 1.401978
 692.000000 1.409089
 693.000000 1.419294
 694.000000 1.431396
 695.000000 1.444162
 696.000000 1.456154
 697.000000 1.466126
 698.000000 1.473012
 699.000000 1.476056
 700.000000 1.474866
 701.000000 1.469450
 702.000000 1.460220
 703.000000 1.448023
 704.000000 1.434115
 705.000000 1.420021
 706.000000 1.407262
 707.000000 1.397499
 708.000000 1.392181
 709.000000 1.391971
 710.000000 1.396865
 711.000000 1.406178
 712.000000 1.418412
 713.000000 1.431921
 714.000000 1.445077
 715.000000 1.456204
 716.000000 1.463914
 717.000000 1.467464
 718.000000 1.466703
 719.000000 1.461938
 720.000000 1.453986
 721.000000 1.443921
 722.000000 1.433048
 723.000000 1.422656
 724.000000 1.413914
 725.000000 1.407673
 726.000000 1.404554
 727.000000 1.404804
 728.000000 1.408177
 729.000000 1.414086
 730.000000 1.421689
 731.000000 1.430072
 732.000000 1.438387
 733.000000 1.445941
 734.000000 1.452223
 735.000000 1.456758
 736.000000 1.459310
 737.000000 1.459798
 738.000000 1.458272
 739.000000 1.454871
 740.000000 1.449855
 741.000000 1.443547
 742.000000 1.436470
 743.000000 1.429313
 744.000000 1.422825
 745.000000 1.417859
 746.000000 1.415086
 747.000000 1.414968
 748.000000 1.417592
 749.000000 1.422622
 750.000000 1.429477
 751.000000 1.437179
 752.000000 1.444686
 753.000000 1.451001
 754.000000 1.455275
 755.000000 1.457014
 756.000000 1.456031
 757.000000 1.452508
 758.000000 1.446909
 759.000000 1.440081
 760.000000 1.432912
 761.000000 1.426450
 762.000000 1.421634
 763.000000 1.419187
 764.000000 1.419488
 765.000000 1.422555
 766.000000 1.428025
 767.000000 1.435207
 768.000000 1.443254
 769.000000 1.451122
 770.000000 1.457886
 771.000000 1.462840
 772.000000 1.465379
 773.000000 1.465214
 774.000000 1.462328
 775.000000 1.456946
 776.000000 1.449639
 777.000000 1.441091
 778.000000 1.432198
 779.000000 1.423804
 780.000000 1.416974
 781.000000 1.412507
 782.000000 1.410883
 783.000000 1.412237
 784.000000 1.416266
 785.000000 1.422351
 786.000000 1.429534
 787.000000 1.436595
 788.000000 1.442474
 789.000000 1.446229
 790.000000 1.447271
 791.000000 1.445386
 792.000000 1.440834
 793.000000 1.434241
 794.000000 1.426549
 795.000000 1.418936
 796.000000 1.412642
 797.000000 1.408561
 798.000000 1.407554
 799.000000 1.410052
 800.000000 1.416005
 801.000000 1.425040
 802.000000 1.436221
 803.000000 1.448284
 804.000000 1.459799
 805.000000 1.469425
 806.000000 1.476099
 807.000000 1.479011
 808.000000 1.477737
 809.000000 1.472355
 810.000000 1.463343
 811.000000 1.451677
 812.000000 1.438493
 813.000000 1.425328
 814.000000 1.413836
 815.000000 1.405286
 816.000000 1.400852
 817.000000 1.401109
 818.000000 1.405978
 819.000000 1.414702
 820.000000 1.426210
 821.000000 1.438828
 822.000000 1.451097
 823.000000 1.461747
 824.000000 1.469665
 825.000000 1.474078
 826.000000 1.474707
 827.000000 1.471601
 828.000000 1.465164
 829.000000 1.456138
 830.000000 1.445402
 831.000000 1.434104
 832.000000 1.423561
 833.000000 1.414847
 834.000000 1.409091
 835.000000 1.406959
 836.000000 1.408691
 837.000000 1.414124
 838.000000 1.422529
 839.000000 1.433005
 840.000000 1.444498
 841.000000 1.455755
 842.000000 1.465622
 843.000000 1.473266
 844.000000 1.478120
 845.000000 1.479864
 846.000000 1.478443
 847.000000 1.474132
 848.000000 1.467421
 849.000000 1.459080
 850.000000 1.449784
 851.000000 1.440509
 852.000000 1.432180
 853.000000 1.425749
 854.000000 1.421955
 855.000000 1.421195
 856.000000 1.423509
 857.000000 1.428585
 858.000000 1.435713
 859.000000 1.444015
 860.000000 1.452372
 861.000000 1.459629
 862.000000 1.464863
 863.000000 1.467212
 864.000000 1.466071
 865.000000 1.461158
 866.000000 1.452653
 867.000000 1.441136
 868.000000 1.427793
 869.000000 1.414149
 870.000000 1.401912
 871.000000 1.392945
 872.000000 1.388605
 873.000000 1.389622
 874.000000 1.396017
 875.000000 1.407051
 876.000000 1.421242
 877.000000 1.437131
 878.000000 1.452864
 879.000000 1.466789
 880.000000 1.477546
 881.000000 1.484148
 882.000000 1.486151
 883.000000 1.483505
 884.000000 1.476651
 885.000000 1.466385
 886.000000 1.453850
 887.000000 1.440625
 888.000000 1.428255
 889.000000 1.418061
 890.000000 1.411233
 891.000000 1.408449
 892.000000 1.409728
 893.000000 1.414548
 894.000000 1.421809
 895.000000 1.430071
 896.000000 1.437774
 897.000000 1.443553
 898.000000 1.446503
 899.000000 1.446265
 900.000000 1.443086
 901.000000 1.437666
 902.000000 1.431054
 903.000000 1.424361
 904.000000 1.418570
 905.000000 1.414373
 906.000000 1.412243
 907.000000 1.412190
 908.000000 1.413990
 909.000000 1.417255
 910.000000 1.421496
 911.000000 1.426232
 912.000000 1.431043
 913.000000 1.435445
 914.000000 1.438986
 915.000000 1.441237
 916.000000 1.441826
 917.000000 1.440514
 918.000000 1.437268
 919.000000 1.432247
 920.000000 1.425895
 921.000000 1.418895
 922.000000 1.412229
 923.000000 1.406927
 924.000000 1.403943
 925.000000 1.403981
 926.000000 1.407314
 927.000000 1.413786
 928.000000 1.422920
 929.000000 1.433779
 930.000000 1.445161
 931.000000 1.455903
 932.000000 1.464681
 933.000000 1.470507
 934.000000 1.472704
 935.000000 1.470962
 936.000000 1.465402
 937.000000 1.456512
 938.000000 1.445188
 939.000000 1.432601
 940.000000 1.420302
 941.000000 1.409831
 942.000000 1.402464
 943.000000 1.399127
 944.000000 1.400141
 945.000000 1.405212
 946.000000 1.413552
 947.000000 1.423987
 948.000000 1.435132
 949.000000 1.445522
 950.000000 1.454084
 951.000000 1.459699
 952.000000 1.461635
 953.000000 1.459528
 954.000000 1.453497
 955.000000 1.444109
 956.000000 1.432546
 957.000000 1.420314
 958.000000 1.409098
 959.000000 1.400405
 960.000000 1.395519
 961.000000 1.395104
 962.000000 1.399283
 963.000000 1.407566
 964.000000 1.418839
 965.000000 1.431411
 966.000000 1.443708
 967.000000 1.453973
 968.000000 1.460860
 969.000000 1.463336
 970.000000 1.460923
 971.000000 1.453647
 972.000000 1.442142
 973.000000 1.427660
 974.000000 1.412035
 975.000000 1.397284
 976.000000 1.385473
 977.000000 1.378524
 978.000000 1.377561
 979.000000 1.382844
 980.000000 1.393688
 981.000000 1.408603
 982.000000 1.425467
 983.000000 1.442071
 984.000000 1.456500
 985.000000 1.466953
 986.000000 1.472440
 987.000000 1.472589
 988.000000 1.467799
 989.000000 1.458979
 990.000000 1.447405
 991.000000 1.434599
 992.000000 1.422226
 993.000000 1.412134
 994.000000 1.405556
 995.000000 1.403451
 996.000000 1.406093
 997.000000 1.413154
 998.000000 1.423669
 999.000000 1.436417
 1000.000000 1.450202
 1001.000000 1.463263
 1002.000000 1.474256
 1003.000000 1.482384
 1004.000000 1.486816
 1005.000000 1.487127
 1006.000000 1.483175
 1007.000000 1.475250
 1008.000000 1.464041
 1009.000000 1.450604
 1010.000000 1.436412
 1011.000000 1.423003
 1012.000000 1.411980
 1013.000000 1.404494
 1014.000000 1.401443
 1015.000000 1.403085
 1016.000000 1.409098
 1017.000000 1.418695
 1018.000000 1.430638
 1019.000000 1.443224
 1020.000000 1.454648
 1021.000000 1.463472
 1022.000000 1.468578
 1023.000000 1.469266
 1024.000000 1.465386
 1025.000000 1.457337
 1026.000000 1.446090
 1027.000000 1.432983
 1028.000000 1.419750
 1029.000000 1.408089
 1030.000000 1.399680
 1031.000000 1.395664
 1032.000000 1.396614
 1033.000000 1.402418
 1034.000000 1.412217
 1035.000000 1.424640
 1036.000000 1.438135
 1037.000000 1.450809
 1038.000000 1.461085
 1039.000000 1.467799
 1040.000000 1.470200
 1041.000000 1.467880
 1042.000000 1.460957
 1043.000000 1.450042
 1044.000000 1.436224
 1045.000000 1.421113
 1046.000000 1.406388
 1047.000000 1.393938
 1048.000000 1.385502
 1049.000000 1.382341
 1050.000000 1.384974
 1051.000000 1.393097
 1052.000000 1.405581
 1053.000000 1.421092
 1054.000000 1.437700
 1055.000000 1.453691
 1056.000000 1.467287
 1057.000000 1.476929
 1058.000000 1.481756
 1059.000000 1.481036
 1060.000000 1.474514
 1061.000000 1.462486
 1062.000000 1.445934
 1063.000000 1.426453
 1064.000000 1.406227
 1065.000000 1.388090
 1066.000000 1.374437
 1067.000000 1.367424
 1068.000000 1.368336
 1069.000000 1.377219
 1070.000000 1.392817
 1071.000000 1.412993
 1072.000000 1.434980
 1073.000000 1.456146
 1074.000000 1.474336
 1075.000000 1.487926
 1076.000000 1.495575
 1077.000000 1.496697
 1078.000000 1.491346
 1079.000000 1.480208
 1080.000000 1.464357
 1081.000000 1.445831
 1082.000000 1.426550
 1083.000000 1.408723
 1084.000000 1.394526
 1085.000000 1.385768
 1086.000000 1.383465
 1087.000000 1.387777
 1088.000000 1.397913
 1089.000000 1.412410
 1090.000000 1.429232
 1091.000000 1.446195
 1092.000000 1.461368
 1093.000000 1.473252
 1094.000000 1.480643
 1095.000000 1.482820
 1096.000000 1.479524
 1097.000000 1.470990
 1098.000000 1.457892
 1099.000000 1.441299
 1100.000000 1.422935
 1101.000000 1.404872
 1102.000000 1.389186
 1103.000000 1.377653
 1104.000000 1.372048
 1105.000000 1.373477
 1106.000000 1.381906
 1107.000000 1.396314
 1108.000000 1.414778
 1109.000000 1.434865
 1110.000000 1.454073
 1111.000000 1.469901
 1112.000000 1.480670
 1113.000000 1.485154
 1114.000000 1.482875
 1115.000000 1.474179
 1116.000000 1.460122
 1117.000000 1.442388
 1118.000000 1.423237
 1119.000000 1.405354
 1120.000000 1.391269
 1121.000000 1.383134
 1122.000000 1.382179
 1123.000000 1.388569
 1124.000000 1.401305
 1125.000000 1.418547
 1126.000000 1.438161
 1127.000000 1.457627
 1128.000000 1.474535
 1129.000000 1.486753
 1130.000000 1.492777
 1131.000000 1.491829
 1132.000000 1.483744
 1133.000000 1.469177
 1134.000000 1.449450
 1135.000000 1.426944
 1136.000000 1.404390
 1137.000000 1.383994
 1138.000000 1.368552
 1139.000000 1.360495
 1140.000000 1.361060
 1141.000000 1.370230
 1142.000000 1.386846
 1143.000000 1.408504
 1144.000000 1.432388
 1145.000000 1.455436
 1146.000000 1.474542
 1147.000000 1.487453
 1148.000000 1.492802
 1149.000000 1.490048
 1150.000000 1.479583
 1151.000000 1.462530
 1152.000000 1.440921
 1153.000000 1.417499
 1154.000000 1.395354
 1155.000000 1.377718
 1156.000000 1.367316
 1157.000000 1.365935
 1158.000000 1.373855
 1159.000000 1.389808
 1160.000000 1.411400
 1161.000000 1.435218
 1162.000000 1.458096
 1163.000000 1.477404
 1164.000000 1.490804
 1165.000000 1.496921
 1166.000000 1.495372
 1167.000000 1.486663
 1168.000000 1.472060
 1169.000000 1.453665
 1170.000000 1.433675
 1171.000000 1.414891
 1172.000000 1.399695
 1173.000000 1.390171
 1174.000000 1.387673
 1175.000000 1.392419
 1176.000000 1.403797
 1177.000000 1.420065
 1178.000000 1.439079
 1179.000000 1.458422
 1180.000000 1.476186
 1181.000000 1.490607
 1182.000000 1.500348
 1183.000000 1.504565
 1184.000000 1.502809
 1185.000000 1.495087
 1186.000000 1.481943
 1187.000000 1.464401
 1188.000000 1.444116
 1189.000000 1.422895
 1190.000000 1.403011
 1191.000000 1.387006
 1192.000000 1.376989
 1193.000000 1.374419
 1194.000000 1.379668
 1195.000000 1.392001
 1196.000000 1.409762
 1197.000000 1.430661
 1198.000000 1.452147
 1199.000000 1.471568
 1200.000000 1.486890
 1201.000000 1.496521
 1202.000000 1.499383
 1203.000000 1.494970
 1204.000000 1.483626
 1205.000000 1.466424
 1206.000000 1.445320
 1207.000000 1.422570
 1208.000000 1.401091
 1209.000000 1.383933
 1210.000000 1.373744
 1211.000000 1.372000
 1212.000000 1.378911
 1213.000000 1.393251
 1214.000000 1.412411
 1215.000000 1.433310
 1216.000000 1.452870
 1217.000000 1.468553
 1218.000000 1.478500
 1219.000000 1.481713
 1220.000000 1.478011
 1221.000000 1.468047
 1222.000000 1.453225
 1223.000000 1.435863
 1224.000000 1.418307
 1225.000000 1.403160
 1226.000000 1.392783
 1227.000000 1.388756
 1228.000000 1.391617
 1229.000000 1.400909
 1230.000000 1.415193
 1231.000000 1.432562
 1232.000000 1.451006
 1233.000000 1.468371
 1234.000000 1.482493
 1235.000000 1.491668
 1236.000000 1.495092
 1237.000000 1.492429
 1238.000000 1.484084
 1239.000000 1.471044
 1240.000000 1.454815
 1241.000000 1.437177
 1242.000000 1.420068
 1243.000000 1.405529
 1244.000000 1.395614
 1245.000000 1.391687
 1246.000000 1.394331
 1247.000000 1.403173
 1248.000000 1.416844
 1249.000000 1.433395
 1250.000000 1.450286
 1251.000000 1.465383
 1252.000000 1.476570
 1253.000000 1.482304
 1254.000000 1.481859
 1255.000000 1.475286
 1256.000000 1.463307
 1257.000000 1.447497
 1258.000000 1.429894
 1259.000000 1.412472
 1260.000000 1.397807
 1261.000000 1.388028
 1262.000000 1.384464
 1263.000000 1.387543
 1264.000000 1.396561
 1265.000000 1.409907
 1266.000000 1.425233
 1267.000000 1.440445
 1268.000000 1.453554
 1269.000000 1.463217
 1270.000000 1.468728
 1271.000000 1.469832
 1272.000000 1.466617
 1273.000000 1.459576
 1274.000000 1.449477
 1275.000000 1.437379
 1276.000000 1.424734
 1277.000000 1.412896
 1278.000000 1.402923
 1279.000000 1.395683
 1280.000000 1.391517
 1281.000000 1.390679
 1282.000000 1.393324
 1283.000000 1.399432
 1284.000000 1.408758
 1285.000000 1.420417
 1286.000000 1.433021
 1287.000000 1.444978
 1288.000000 1.454950
 1289.000000 1.461711
 1290.000000 1.464254
 1291.000000 1.462055
 1292.000000 1.455174
 1293.000000 1.444258
 1294.000000 1.430457
 1295.000000 1.415473
 1296.000000 1.401623
 1297.000000 1.391012
 1298.000000 1.385301
 1299.000000 1.385589
 1300.000000 1.392154
 1301.000000 1.404211
 1302.000000 1.420287
 1303.000000 1.438212
 1304.000000 1.455635
 1305.000000 1.470431
 1306.000000 1.480925
 1307.000000 1.486090
 1308.000000 1.485882
 1309.000000 1.480727
 1310.000000 1.471546
 1311.000000 1.459545
 1312.000000 1.445875
 1313.000000 1.432010
 1314.000000 1.419706
 1315.000000 1.410463
 1316.000000 1.405253
 1317.000000 1.404595
 1318.000000 1.408333
 1319.000000 1.415844
 1320.000000 1.426087
 1321.000000 1.438052
 1322.000000 1.450784
 1323.000000 1.463042
 1324.000000 1.473514
 1325.000000 1.480878
 1326.000000 1.484226
 1327.000000 1.482938
 1328.000000 1.476808
 1329.000000 1.466189
 1330.000000 1.451832
 1331.000000 1.434877
 1332.000000 1.416935
 1333.000000 1.400443
 1334.000000 1.387751
 1335.000000 1.380862
 1336.000000 1.381060
 1337.000000 1.388478
 1338.000000 1.402083
 1339.000000 1.419899
 1340.000000 1.439311
 1341.000000 1.457712
 1342.000000 1.472421
 1343.000000 1.481566
 1344.000000 1.483936
 1345.000000 1.479318
 1346.000000 1.468753
 1347.000000 1.454193
 1348.000000 1.437946
 1349.000000 1.422478
 1350.000000 1.410035
 1351.000000 1.402314
 1352.000000 1.400251
 1353.000000 1.403986
 1354.000000 1.412736
 1355.000000 1.425021
 1356.000000 1.438588
 1357.000000 1.451394
 1358.000000 1.461710
 1359.000000 1.468204
 1360.000000 1.470228
 1361.000000 1.467683
 1362.000000 1.461089
 1363.000000 1.451529
 1364.000000 1.440228
 1365.000000 1.428924
 1366.000000 1.419298
 1367.000000 1.412566
 1368.000000 1.409541
 1369.000000 1.410437
 1370.000000 1.414889
 1371.000000 1.422178
 1372.000000 1.431439
 1373.000000 1.441764
 1374.000000 1.452126
 1375.000000 1.461580
 1376.000000 1.469330
 1377.000000 1.474811
 1378.000000 1.477532
 1379.000000 1.477191
 1380.000000 1.473592
 1381.000000 1.466682
 1382.000000 1.456633
 1383.000000 1.444016
 1384.000000 1.430139
 1385.000000 1.416701
 1386.000000 1.405605
 1387.000000 1.398816
 1388.000000 1.397685
 1389.000000 1.402574
 1390.000000 1.412948
 1391.000000 1.427301
 1392.000000 1.444007
 1393.000000 1.460857
 1394.000000 1.475607
 1395.000000 1.486472
 1396.000000 1.492148
 1397.000000 1.491904
 1398.000000 1.485720
 1399.000000 1.474242
 1400.000000 1.458682
 1401.000000 1.440984
 1402.000000 1.423239
 1403.000000 1.407359
 1404.000000 1.395090
 1405.000000 1.387967
 1406.000000 1.386687
 1407.000000 1.391267
 1408.000000 1.400801
 1409.000000 1.413661
 1410.000000 1.428049
 1411.000000 1.442221
 1412.000000 1.454494
 1413.000000 1.463735
 1414.000000 1.469115
 1415.000000 1.470159
 1416.000000 1.466851
 1417.000000 1.459493
 1418.000000 1.448921
 1419.000000 1.436311
 1420.000000 1.423020
 1421.000000 1.410216
 1422.000000 1.398994
 1423.000000 1.390444
 1424.000000 1.385674
 1425.000000 1.385491
 1426.000000 1.390186
 1427.000000 1.399346
 1428.000000 1.411830
 1429.000000 1.426169
 1430.000000 1.440533
 1431.000000 1.453141
 1432.000000 1.462531
 1433.000000 1.467572
 1434.000000 1.467529
 1435.000000 1.462224
 1436.000000 1.452095
 1437.000000 1.438317
 1438.000000 1.422900
 1439.000000 1.408438
 1440.000000 1.397269
 1441.000000 1.391192
 1442.000000 1.391373
 1443.000000 1.397901
 1444.000000 1.409883
 1445.000000 1.425350
 1446.000000 1.441926
 1447.000000 1.457171
 1448.000000 1.468935
 1449.000000 1.475828
 1450.000000 1.477264
 1451.000000 1.473370
 1452.000000 1.464993
 1453.000000 1.453228
 1454.000000 1.439547
 1455.000000 1.425679
 1456.000000 1.413273
 1457.000000 1.403937
 1458.000000 1.398839
 1459.000000 1.398451
 1460.000000 1.402476
 1461.000000 1.410005
 1462.000000 1.419842
 1463.000000 1.430880
 1464.000000 1.441920
 1465.000000 1.451731
 1466.000000 1.459340
 1467.000000 1.463746
 1468.000000 1.464312
 1469.000000 1.460833
 1470.000000 1.453690
 1471.000000 1.443719
 1472.000000 1.432223
 1473.000000 1.420628
 1474.000000 1.410176
 1475.000000 1.402097
 1476.000000 1.397526
 1477.000000 1.397561
 1478.000000 1.402646
 1479.000000 1.412363
 1480.000000 1.425435
 1481.000000 1.440334
 1482.000000 1.454937
 1483.000000 1.467460
 1484.000000 1.476204
 1485.000000 1.480112
 1486.000000 1.478524
 1487.000000 1.471454
 1488.000000 1.459662
 1489.000000 1.444907
 1490.000000 1.429514
 1491.000000 1.416060
 1492.000000 1.406786
 1493.000000 1.403308
 1494.000000 1.406431
 1495.000000 1.416024
 1496.000000 1.430969
 1497.000000 1.449425
 1498.000000 1.469239
 1499.000000 1.487967
 1500.000000 1.503514
 1501.000000 1.514469
 1502.000000 1.519804
 1503.000000 1.519175
 1504.000000 1.512848
 1505.000000 1.501528
 1506.000000 1.486256
 1507.000000 1.468555
 1508.000000 1.449957
 1509.000000 1.432224
 1510.000000 1.417287
 1511.000000 1.406462
 1512.000000 1.400469
 1513.000000 1.399462
 1514.000000 1.403051
 1515.000000 1.410526
 1516.000000 1.420743
 1517.000000 1.432502
 1518.000000 1.444301
 1519.000000 1.455045
 1520.000000 1.463685
 1521.000000 1.469406
 1522.000000 1.471795
 1523.000000 1.470693
 1524.000000 1.466163
 1525.000000 1.458471
 1526.000000 1.448170
 1527.000000 1.436214
 1528.000000 1.423965
 1529.000000 1.412934
 1530.000000 1.405039
 1531.000000 1.401502
 1532.000000 1.402833
 1533.000000 1.408779
 1534.000000 1.418326
 1535.000000 1.430023
 1536.000000 1.442287
 1537.000000 1.453599
 1538.000000 1.462527
 1539.000000 1.467950
 1540.000000 1.469332
 1541.000000 1.466787
 1542.000000 1.461016
 1543.000000 1.453018
 1544.000000 1.443996
 1545.000000 1.435176
 1546.000000 1.427499
 1547.000000 1.421797
 1548.000000 1.418529
 1549.000000 1.417676
 1550.000000 1.418855
 1551.000000 1.421406
 1552.000000 1.424566
 1553.000000 1.427768
 1554.000000 1.430697
 1555.000000 1.433346
 1556.000000 1.435787
 1557.000000 1.438041
 1558.000000 1.440098
 1559.000000 1.441904
 1560.000000 1.443384
 1561.000000 1.444417
 1562.000000 1.444817
 1563.000000 1.444304
 1564.000000 1.442544
 1565.000000 1.439274
 1566.000000 1.434486
 1567.000000 1.428616
 1568.000000 1.422436
 1569.000000 1.416992
 1570.000000 1.413100
 1571.000000 1.411253
 1572.000000 1.411644
 1573.000000 1.414083
 1574.000000 1.418133
 1575.000000 1.423085
 1576.000000 1.428164
 1577.000000 1.432476
 1578.000000 1.435195
 1579.000000 1.435865
 1580.000000 1.434423
 1581.000000 1.431267
 1582.000000 1.427174
 1583.000000 1.423004
 1584.000000 1.419563
 1585.000000 1.417499
 1586.000000 1.417178
 1587.000000 1.418673
 1588.000000 1.421752
 1589.000000 1.425920
 1590.000000 1.430449
 1591.000000 1.434522
 1592.000000 1.437412
 1593.000000 1.438771
 1594.000000 1.438688
 1595.000000 1.437587
 1596.000000 1.436012
 1597.000000 1.434458
 1598.000000 1.433261
 1599.000000 1.432588
 1600.000000 1.432512
 1601.000000 1.433005
 1602.000000 1.433902
 1603.000000 1.434857
 1604.000000 1.435396
 1605.000000 1.435136
 1606.000000 1.433957
 1607.000000 1.432112
 1608.000000 1.430085
 1609.000000 1.428353
 1610.000000 1.427244
 1611.000000 1.426911
 1612.000000 1.427317
 1613.000000 1.428277
 1614.000000 1.429522
 1615.000000 1.430710
 1616.000000 1.431494
 1617.000000 1.431534
 1618.000000 1.430646
 1619.000000 1.428954
 1620.000000 1.426880
 1621.000000 1.425022
 1622.000000 1.423941
 1623.000000 1.424033
 1624.000000 1.425454
 1625.000000 1.428091
 1626.000000 1.431637
 1627.000000 1.435547
 1628.000000 1.439172
 1629.000000 1.441748
 1630.000000 1.442635
 1631.000000 1.441451
 1632.000000 1.438243
 1633.000000 1.433485
 1634.000000 1.427983
 1635.000000 1.422728
 1636.000000 1.418680
 1637.000000 1.416616
 1638.000000 1.417038
 1639.000000 1.420061
 1640.000000 1.425482
 1641.000000 1.432725
 1642.000000 1.440831
 1643.000000 1.448695
 1644.000000 1.455337
 1645.000000 1.460023
 1646.000000 1.462337
 1647.000000 1.462235
 1648.000000 1.459993
 1649.000000 1.456116
 1650.000000 1.451256
 1651.000000 1.446144
 1652.000000 1.441458
 1653.000000 1.437808
 1654.000000 1.435496
 1655.000000 1.434540
 1656.000000 1.434675
 1657.000000 1.435506
 1658.000000 1.436692
 1659.000000 1.438047
 1660.000000 1.439566
 1661.000000 1.441327
 1662.000000 1.443387
 1663.000000 1.445713
 1664.000000 1.448098
 1665.000000 1.450191
 1666.000000 1.451577
 1667.000000 1.451837
 1668.000000 1.450623
 1669.000000 1.447737
 1670.000000 1.443220
 1671.000000 1.437456
 1672.000000 1.431270
 1673.000000 1.425882
 1674.000000 1.422522
 1675.000000 1.422215
 1676.000000 1.425479
 1677.000000 1.432264
 1678.000000 1.441813
 1679.000000 1.452879
 1680.000000 1.463855
 1681.000000 1.472969
 1682.000000 1.478668
 1683.000000 1.479742
 1684.000000 1.475736
 1685.000000 1.466883
 1686.000000 1.454276
 1687.000000 1.439579
 1688.000000 1.424983
 1689.000000 1.412614
 1690.000000 1.404614
 1691.000000 1.402272
 1692.000000 1.405936
 1693.000000 1.414936
 1694.000000 1.427756
 1695.000000 1.442354
 1696.000000 1.456295
 1697.000000 1.467536
 1698.000000 1.474866
 1699.000000 1.477650
 1700.000000 1.475777
 1701.000000 1.469549
 1702.000000 1.459698
 1703.000000 1.447332
 1704.000000 1.433902
 1705.000000 1.420782
 1706.000000 1.409434
 1707.000000 1.401095
 1708.000000 1.396589
 1709.000000 1.396344
 1710.000000 1.400492
 1711.000000 1.408798
 1712.000000 1.420810
 1713.000000 1.435481
 1714.000000 1.451548
 1715.000000 1.467540
 1716.000000 1.481849
 1717.000000 1.493237
 1718.000000 1.500734
 1719.000000 1.503556
 1720.000000 1.501261
 1721.000000 1.493818
 1722.000000 1.481720
 1723.000000 1.466038
 1724.000000 1.448394
 1725.000000 1.430971
 1726.000000 1.416018
 1727.000000 1.405567
 1728.000000 1.400808
 1729.000000 1.402134
 1730.000000 1.409254
 1731.000000 1.420979
 1732.000000 1.435699
 1733.000000 1.451374
 1734.000000 1.465998
 1735.000000 1.477888
 1736.000000 1.485741
 1737.000000 1.488708
 1738.000000 1.486628
 1739.000000 1.479873
 1740.000000 1.469350
 1741.000000 1.456339
 1742.000000 1.442155
 1743.000000 1.428593
 1744.000000 1.417193
 1745.000000 1.409221
 1746.000000 1.405492
 1747.000000 1.406024
 1748.000000 1.410316
 1749.000000 1.417467
 1750.000000 1.426433
 1751.000000 1.436413
 1752.000000 1.446137
 1753.000000 1.454731
 1754.000000 1.461493
 1755.000000 1.465678
 1756.000000 1.466760
 1757.000000 1.464515
 1758.000000 1.459034
 1759.000000 1.450675
 1760.000000 1.439932
 1761.000000 1.427764
 1762.000000 1.415413
 1763.000000 1.404337
 1764.000000 1.396013
 1765.000000 1.392023
 1766.000000 1.393182
 1767.000000 1.399615
 1768.000000 1.410873
 1769.000000 1.425467
 1770.000000 1.441658
 1771.000000 1.457695
 1772.000000 1.471766
 1773.000000 1.482310
 1774.000000 1.488173
 1775.000000 1.488792
 1776.000000 1.484178
 1777.000000 1.474999
 1778.000000 1.462345
 1779.000000 1.447539
 1780.000000 1.432324
 1781.000000 1.418587
 1782.000000 1.407948
 1783.000000 1.401453
 1784.000000 1.399680
 1785.000000 1.402524
 1786.000000 1.409269
 1787.000000 1.418777
 1788.000000 1.429771
 1789.000000 1.440915
 1790.000000 1.451087
 1791.000000 1.459319
 1792.000000 1.464807
 1793.000000 1.467088
 1794.000000 1.466164
 1795.000000 1.462256
 1796.000000 1.455883
 1797.000000 1.447746
 1798.000000 1.438386
 1799.000000 1.428618
 1800.000000 1.419432
 1801.000000 1.411880
 1802.000000 1.406967
 1803.000000 1.405629
 1804.000000 1.408372
 1805.000000 1.415121
 1806.000000 1.425250
 1807.000000 1.437654
 1808.000000 1.450802
 1809.000000 1.463117
 1810.000000 1.472888
 1811.000000 1.478763
 1812.000000 1.479796
 1813.000000 1.475712
 1814.000000 1.467035
 1815.000000 1.454949
 1816.000000 1.440960
 1817.000000 1.427002
 1818.000000 1.414817
 1819.000000 1.406089
 1820.000000 1.402006
 1821.000000 1.402947
 1822.000000 1.408516
 1823.000000 1.417632
 1824.000000 1.428863
 1825.000000 1.440651
 1826.000000 1.451350
 1827.000000 1.459686
 1828.000000 1.464798
 1829.000000 1.466183
 1830.000000 1.463650
 1831.000000 1.457422
 1832.000000 1.448091
 1833.000000 1.436578
 1834.000000 1.424247
 1835.000000 1.412669
 1836.000000 1.403303
 1837.000000 1.397463
 1838.000000 1.396048
 1839.000000 1.399501
 1840.000000 1.407649
 1841.000000 1.419648
 1842.000000 1.434164
 1843.000000 1.449424
 1844.000000 1.464059
 1845.000000 1.476363
 1846.000000 1.485060
 1847.000000 1.489214
 1848.000000 1.488446
 1849.000000 1.482825
 1850.000000 1.472901
 1851.000000 1.459689
 1852.000000 1.444574
 1853.000000 1.429217
 1854.000000 1.415420
 1855.000000 1.404772
 1856.000000 1.398572
 1857.000000 1.397536
 1858.000000 1.401761
 1859.000000 1.410688
 1860.000000 1.423239
 1861.000000 1.437947
 1862.000000 1.453052
 1863.000000 1.466978
 1864.000000 1.478355
 1865.000000 1.486176
 1866.000000 1.489943
 1867.000000 1.489460
 1868.000000 1.484893
 1869.000000 1.476750
 1870.000000 1.465813
 1871.000000 1.453103
 1872.000000 1.439738
 1873.000000 1.426875
 1874.000000 1.415929
 1875.000000 1.408384
 1876.000000 1.405019
 1877.000000 1.406081
 1878.000000 1.411272
 1879.000000 1.419726
 1880.000000 1.430315
 1881.000000 1.441661
 1882.000000 1.452432
 1883.000000 1.461600
 1884.000000 1.468255
 1885.000000 1.471863
 1886.000000 1.472056
 1887.000000 1.468734
 1888.000000 1.462027
 1889.000000 1.452276
 1890.000000 1.440441
 1891.000000 1.427779
 1892.000000 1.415653
 1893.000000 1.405519
 1894.000000 1.398822
 1895.000000 1.396468
 1896.000000 1.398874
 1897.000000 1.405900
 1898.000000 1.416647
 1899.000000 1.429650
 1900.000000 1.443316
 1901.000000 1.456073
 1902.000000 1.466460
 1903.000000 1.473429
 1904.000000 1.476428
 1905.000000 1.475380
 1906.000000 1.470622
 1907.000000 1.462895
 1908.000000 1.453196
 1909.000000 1.442716
 1910.000000 1.432719
 1911.000000 1.424282
 1912.000000 1.418369
 1913.000000 1.415571
 1914.000000 1.415892
 1915.000000 1.419059
 1916.000000 1.424560
 1917.000000 1.431705
 1918.000000 1.439830
 1919.000000 1.448191
 1920.000000 1.455879
 1921.000000 1.462106
 1922.000000 1.466233
 1923.000000 1.467774
 1924.000000 1.466509
 1925.000000 1.462437
 1926.000000 1.455706
 1927.000000 1.446697
 1928.000000 1.436117
 1929.000000 1.424800
 1930.000000 1.413957
 1931.000000 1.404885
 1932.000000 1.398723
 1933.000000 1.396158
 1934.000000 1.397534
 1935.000000 1.402682
 1936.000000 1.410978
 1937.000000 1.421416
 1938.000000 1.432851
 1939.000000 1.443970
 1940.000000 1.453585
 1941.000000 1.460834
 1942.000000 1.465076
 1943.000000 1.466048
 1944.000000 1.463889
 1945.000000 1.459073
 1946.000000 1.452290
 1947.000000 1.444349
 1948.000000 1.436129
 1949.000000 1.428652
 1950.000000 1.422769
 1951.000000 1.419058
 1952.000000 1.417878
 1953.000000 1.419322
 1954.000000 1.423125
 1955.000000 1.428782
 1956.000000 1.435514
 1957.000000 1.442473
 1958.000000 1.448756
 1959.000000 1.453593
 1960.000000 1.456422
 1961.000000 1.457014
 1962.000000 1.455414
 1963.000000 1.451941
 1964.000000 1.447073
 1965.000000 1.441453
 1966.000000 1.435623
 1967.000000 1.430123
 1968.000000 1.425490
 1969.000000 1.422356
 1970.000000 1.421295
 1971.000000 1.422626
 1972.000000 1.426335
 1973.000000 1.432087
 1974.000000 1.439090
 1975.000000 1.446294
 1976.000000 1.452627
 1977.000000 1.456990
 1978.000000 1.458437
 1979.000000 1.456350
 1980.000000 1.450586
 1981.000000 1.441504
 1982.000000 1.429995
 1983.000000 1.417204
 1984.000000 1.404723
 1985.000000 1.394044
 1986.000000 1.386607
 1987.000000 1.383446
 1988.000000 1.385024
 1989.000000 1.391162
 1990.000000 1.401015
 1991.000000 1.413378
 1992.000000 1.426446
 1993.000000 1.439025
 1994.000000 1.449942
 1995.000000 1.458465
 1996.000000 1.464316
 1997.000000 1.467479
 1998.000000 1.468026
 1999.000000 1.466144
 2000.000000 1.462101
 2001.000000 1.456288
 2002.000000 1.449149
 2003.000000 1.441229
 2004.000000 1.433178
 2005.000000 1.425682
 2006.000000 1.419453
 2007.000000 1.415373
 2008.000000 1.414301
 2009.000000 1.416835
 2010.000000 1.423159
 2011.000000 1.433024
 2012.000000 1.445464
 2013.000000 1.459281
 2014.000000 1.472841
 2015.000000 1.484767
 2016.000000 1.493637
 2017.000000 1.498350
 2018.000000 1.498133
 2019.000000 1.492692
 2020.000000 1.482441
 2021.000000 1.468347
 2022.000000 1.451930
 2023.000000 1.434926
 2024.000000 1.419312
 2025.000000 1.407009
 2026.000000 1.399497
 2027.000000 1.397705
 2028.000000 1.401655
 2029.000000 1.410449
 2030.000000 1.422458
 2031.000000 1.435839
 2032.000000 1.448751
 2033.000000 1.459475
 2034.000000 1.466785
 2035.000000 1.470090
 2036.000000 1.469337
 2037.000000 1.464923
 2038.000000 1.457590
 2039.000000 1.448349
 2040.000000 1.438267
 2041.000000 1.428306
 2042.000000 1.419437
 2043.000000 1.412586
 2044.000000 1.408221
 2045.000000 1.406611
 2046.000000 1.407731
 2047.000000 1.411295
 2048.000000 1.416723
 2049.000000 1.423336
 2050.000000 1.430402
 2051.000000 1.437344
 2052.000000 1.443818
 2053.000000 1.449409
 2054.000000 1.453979
 2055.000000 1.457281
 2056.000000 1.459038
 2057.000000 1.459010
 2058.000000 1.457126
 2059.000000 1.453602
 2060.000000 1.448943
 2061.000000 1.443930
 2062.000000 1.439371
 2063.000000 1.435963
 2064.000000 1.434161
 2065.000000 1.434174
 2066.000000 1.435872
 2067.000000 1.438885
 2068.000000 1.442626
 2069.000000 1.446407
 2070.000000 1.449574
 2071.000000 1.451715
 2072.000000 1.452585
 2073.000000 1.452176
 2074.000000 1.450584
 2075.000000 1.448055
 2076.000000 1.445008
 2077.000000 1.441900
 2078.000000 1.439089
 2079.000000 1.436810
 2080.000000 1.435091
 2081.000000 1.433819
 2082.000000 1.432800
 2083.000000 1.431874
 2084.000000 1.431018
 2085.000000 1.430379
 2086.000000 1.430232
 2087.000000 1.430864
 2088.000000 1.432457
 2089.000000 1.435031
 2090.000000 1.438464
 2091.000000 1.442579
 2092.000000 1.446974
 2093.000000 1.451156
 2094.000000 1.454539
 2095.000000 1.456581
 2096.000000 1.456784
 2097.000000 1.454847
 2098.000000 1.450811
 2099.000000 1.445128
 2100.000000 1.438608
 2101.000000 1.432111
 2102.000000 1.426429
 2103.000000 1.422278
 2104.000000 1.420046
 2105.000000 1.419918
 2106.000000 1.421799
 2107.000000 1.425343
 2108.000000 1.429945
 2109.000000 1.434868
 2110.000000 1.439331
 2111.000000 1.442766
 2112.000000 1.444838
 2113.000000 1.445451
 2114.000000 1.444766
 2115.000000 1.443159
 2116.000000 1.441076
 2117.000000 1.439009
 2118.000000 1.437355
 2119.000000 1.436352
 2120.000000 1.436060
 2121.000000 1.436348
 2122.000000 1.436974
 2123.000000 1.437679
 2124.000000 1.438309
 2125.000000 1.438846
 2126.000000 1.439338
 2127.000000 1.439809
 2128.000000 1.440155
 2129.000000 1.440114
 2130.000000 1.439372
 2131.000000 1.437696
 2132.000000 1.435107
 2133.000000 1.431881
 2134.000000 1.428495
 2135.000000 1.425516
 2136.000000 1.423401
 2137.000000 1.422515
 2138.000000 1.423131
 2139.000000 1.425403
 2140.000000 1.429386
 2141.000000 1.434995
 2142.000000 1.441889
 2143.000000 1.449284
 2144.000000 1.456229
 2145.000000 1.461725
 2146.000000 1.464908
 2147.000000 1.465203
 2148.000000 1.462296
 2149.000000 1.456292
 2150.000000 1.447663
 2151.000000 1.437343
 2152.000000 1.426555
 2153.000000 1.416805
 2154.000000 1.409306
 2155.000000 1.405101
 2156.000000 1.404827
 2157.000000 1.408547
 2158.000000 1.415709
 2159.000000 1.425302
 2160.000000 1.436064
 2161.000000 1.446579
 2162.000000 1.455555
 2163.000000 1.462008
 2164.000000 1.465167
 2165.000000 1.464726
 2166.000000 1.460759
 2167.000000 1.453673
 2168.000000 1.444268
 2169.000000 1.433588
 2170.000000 1.422871
 2171.000000 1.413149
 2172.000000 1.405697
 2173.000000 1.401370
 2174.000000 1.400759
 2175.000000 1.403942
 2176.000000 1.410527
 2177.000000 1.419767
 2178.000000 1.430643
 2179.000000 1.442132
 2180.000000 1.453039
 2181.000000 1.462401
 2182.000000 1.469601
 2183.000000 1.474178
 2184.000000 1.475915
 2185.000000 1.474790
 2186.000000 1.470960
 2187.000000 1.464760
 2188.000000 1.456902
 2189.000000 1.448290
 2190.000000 1.439957
 2191.000000 1.432750
 2192.000000 1.427705
 2193.000000 1.425425
 2194.000000 1.426117
 2195.000000 1.429591
 2196.000000 1.435236
 2197.000000 1.442181
 2198.000000 1.449267
 2199.000000 1.455474
 2200.000000 1.459954
 2201.000000 1.462046
 2202.000000 1.461450
 2203.000000 1.458248
 2204.000000 1.452851
 2205.000000 1.446004
 2206.000000 1.438610
 2207.000000 1.431796
 2208.000000 1.426376
 2209.000000 1.422948
 2210.000000 1.421809
 2211.000000 1.422922
 2212.000000 1.425956
 2213.000000 1.430496
 2214.000000 1.436042
 2215.000000 1.442107
 2216.000000 1.448206
 2217.000000 1.453774
 2218.000000 1.458372
 2219.000000 1.461583
 2220.000000 1.463042
 2221.000000 1.462498
 2222.000000 1.459891
 2223.000000 1.455366
 2224.000000 1.449178
 2225.000000 1.441821
 2226.000000 1.433999
 2227.000000 1.426544
 2228.000000 1.420172
 2229.000000 1.415623
 2230.000000 1.413478
 2231.000000 1.414070
 2232.000000 1.417418
 2233.000000 1.423204
 2234.000000 1.430739
 2235.000000 1.439087
 2236.000000 1.447183
 2237.000000 1.454102
 2238.000000 1.459206
 2239.000000 1.462224
 2240.000000 1.463130
 2241.000000 1.462023
 2242.000000 1.459109
 2243.000000 1.454683
 2244.000000 1.449198
 2245.000000 1.443170
 2246.000000 1.437324
 2247.000000 1.432395
 2248.000000 1.429040
 2249.000000 1.427730
 2250.000000 1.428750
 2251.000000 1.432092
 2252.000000 1.437480
 2253.000000 1.444358
 2254.000000 1.452056
 2255.000000 1.459650
 2256.000000 1.466117
 2257.000000 1.470476
 2258.000000 1.471900
 2259.000000 1.469937
 2260.000000 1.464615
 2261.000000 1.456430
 2262.000000 1.446364
 2263.000000 1.435749
 2264.000000 1.426054
 2265.000000 1.418634
 2266.000000 1.414421
 2267.000000 1.413973
 2268.000000 1.417362
 2269.000000 1.424166
 2270.000000 1.433642
 2271.000000 1.444621
 2272.000000 1.455788
 2273.000000 1.465676
 2274.000000 1.473103
 2275.000000 1.477138
 2276.000000 1.477202
 2277.000000 1.473194
 2278.000000 1.465401
 2279.000000 1.454468
 2280.000000 1.441497
 2281.000000 1.428103
 2282.000000 1.416084
 2283.000000 1.406853
 2284.000000 1.401754
 2285.000000 1.401655
 2286.000000 1.406799
 2287.000000 1.416675
 2288.000000 1.430088
 2289.000000 1.445336
 2290.000000 1.460950
 2291.000000 1.475120
 2292.000000 1.486443
 2293.000000 1.494053
 2294.000000 1.497369
 2295.000000 1.496163
 2296.000000 1.490557
 2297.000000 1.480910
 2298.000000 1.468019
 2299.000000 1.453309
 2300.000000 1.438346
 2301.000000 1.424815
 2302.000000 1.413984
 2303.000000 1.407049
 2304.000000 1.404446
 2305.000000 1.406073
 2306.000000 1.411306
 2307.000000 1.419275
 2308.000000 1.428771
 2309.000000 1.438740
 2310.000000 1.448085
 2311.000000 1.456033
 2312.000000 1.462050
 2313.000000 1.465807
 2314.000000 1.467286
 2315.000000 1.466622
 2316.000000 1.464056
 2317.000000 1.459897
 2318.000000 1.454563
 2319.000000 1.448353
 2320.000000 1.441568
 2321.000000 1.434551
 2322.000000 1.427674
 2323.000000 1.421440
 2324.000000 1.416575
 2325.000000 1.413655
 2326.000000 1.413044
 2327.000000 1.414781
 2328.000000 1.418505
 2329.000000 1.423532
 2330.000000 1.428970
 2331.000000 1.433947
 2332.000000 1.437610
 2333.000000 1.439359
 2334.000000 1.438880
 2335.000000 1.436125
 2336.000000 1.431420
 2337.000000 1.425435
 2338.000000 1.419241
 2339.000000 1.414067
 2340.000000 1.410946
 2341.000000 1.410640
 2342.000000 1.413401
 2343.000000 1.419006
 2344.000000 1.426866
 2345.000000 1.435965
 2346.000000 1.445099
 2347.000000 1.453029
 2348.000000 1.458791
 2349.000000 1.461693
 2350.000000 1.461509
 2351.000000 1.458465
 2352.000000 1.453150
 2353.000000 1.446413
 2354.000000 1.439159
 2355.000000 1.432383
 2356.000000 1.426911
 2357.000000 1.423353
 2358.000000 1.421950
 2359.000000 1.422631
 2360.000000 1.425092
 2361.000000 1.428891
 2362.000000 1.433533
 2363.000000 1.438506
 2364.000000 1.443180
 2365.000000 1.446908
 2366.000000 1.448998
 2367.000000 1.448939
 2368.000000 1.446477
 2369.000000 1.441793
 2370.000000 1.435436
 2371.000000 1.428201
 2372.000000 1.420982
 2373.000000 1.414624
 2374.000000 1.409918
 2375.000000 1.407501
 2376.000000 1.407817
 2377.000000 1.411082
 2378.000000 1.417104
 2379.000000 1.425220
 2380.000000 1.434458
 2381.000000 1.443649
 2382.000000 1.451467
 2383.000000 1.456679
 2384.000000 1.458393
 2385.000000 1.456109
 2386.000000 1.449857
 2387.000000 1.440391
 2388.000000 1.428901
 2389.000000 1.416950
 2390.000000 1.406539
 2391.000000 1.399397
 2392.000000 1.396773
 2393.000000 1.399089
 2394.000000 1.406039
 2395.000000 1.416572
 2396.000000 1.429117
 2397.000000 1.441781
 2398.000000 1.453067
 2399.000000 1.461621
 2400.000000 1.466673
 2401.000000 1.467997
 2402.000000 1.465743
 2403.000000 1.460380
 2404.000000 1.452576
 2405.000000 1.443150
 2406.000000 1.433232
 2407.000000 1.423727
 2408.000000 1.415423
 2409.000000 1.409015
 2410.000000 1.405090
 2411.000000 1.404021
 2412.000000 1.405982
 2413.000000 1.410928
 2414.000000 1.418591
 2415.000000 1.428508
 2416.000000 1.439835
 2417.000000 1.451618
 2418.000000 1.462664
 2419.000000 1.471810
 2420.000000 1.477965
 2421.000000 1.480419
 2422.000000 1.478753
 2423.000000 1.472901
 2424.000000 1.463258
 2425.000000 1.450741
 2426.000000 1.436809
 2427.000000 1.422904
 2428.000000 1.410698
 2429.000000 1.401931
 2430.000000 1.397663
 2431.000000 1.398477
 2432.000000 1.404201
 2433.000000 1.413999
 2434.000000 1.426633
 2435.000000 1.440315
 2436.000000 1.453261
 2437.000000 1.464140
 2438.000000 1.471938
 2439.000000 1.476011
 2440.000000 1.476186
 2441.000000 1.472699
 2442.000000 1.466080
 2443.000000 1.457013
 2444.000000 1.446416
 2445.000000 1.435424
 2446.000000 1.425188
 2447.000000 1.416949
 2448.000000 1.411585
 2449.000000 1.409547
 2450.000000 1.410842
 2451.000000 1.415065
 2452.000000 1.421438
 2453.000000 1.429088
 2454.000000 1.436981
 2455.000000 1.444187
 2456.000000 1.449927
 2457.000000 1.453584
 2458.000000 1.454877
 2459.000000 1.453869
 2460.000000 1.450889
 2461.000000 1.446419
 2462.000000 1.441023
 2463.000000 1.435293
 2464.000000 1.429841
 2465.000000 1.425421
 2466.000000 1.422738
 2467.000000 1.422310
 2468.000000 1.424351
 2469.000000 1.428789
 2470.000000 1.435137
 2471.000000 1.442565
 2472.000000 1.450147
 2473.000000 1.456956
 2474.000000 1.462078
 2475.000000 1.464865
 2476.000000 1.464861
 2477.000000 1.461931
 2478.000000 1.456297
 2479.000000 1.448633
 2480.000000 1.439939
 2481.000000 1.431162
 2482.000000 1.423435
 2483.000000 1.417734
 2484.000000 1.414694
 2485.000000 1.414695
 2486.000000 1.417654
 2487.000000 1.423024
 2488.000000 1.429891
 2489.000000 1.437191
 2490.000000 1.443862
 2491.000000 1.449136
 2492.000000 1.452396
 2493.000000 1.453354
 2494.000000 1.451922
 2495.000000 1.448180
 2496.000000 1.442388
 2497.000000 1.434911
 2498.000000 1.426361
 2499.000000 1.417493
 2500.000000 1.409185
 2501.000000 1.402338
 2502.000000 1.397677
 2503.000000 1.395702
 2504.000000 1.396648
 2505.000000 1.400569
 2506.000000 1.407209
 2507.000000 1.415994
 2508.000000 1.426176
 2509.000000 1.436672
 2510.000000 1.446418
 2511.000000 1.454308
 2512.000000 1.459531
 2513.000000 1.461428
 2514.000000 1.459655
 2515.000000 1.454313
 2516.000000 1.445930
 2517.000000 1.435529
 2518.000000 1.424717
 2519.000000 1.414925
 2520.000000 1.407652
 2521.000000 1.403911
 2522.000000 1.404229
 2523.000000 1.408543
 2524.000000 1.416211
 2525.000000 1.426105
 2526.000000 1.436776
 2527.000000 1.446550
 2528.000000 1.453888
 2529.000000 1.457743
 2530.000000 1.457483
 2531.000000 1.453021
 2532.000000 1.444812
 2533.000000 1.433854
 2534.000000 1.421627
 2535.000000 1.409582
 2536.000000 1.399263
 2537.000000 1.392015
 2538.000000 1.388818
 2539.000000 1.390141
 2540.000000 1.395795
 2541.000000 1.404956
 2542.000000 1.416484
 2543.000000 1.428781
 2544.000000 1.440621
 2545.000000 1.450806
 2546.000000 1.458378
 2547.000000 1.462704
 2548.000000 1.463484
 2549.000000 1.460733
 2550.000000 1.454726
 2551.000000 1.446202
 2552.000000 1.435965
 2553.000000 1.424989
 2554.000000 1.414186
 2555.000000 1.404525
 2556.000000 1.396995
 2557.000000 1.392596
 2558.000000 1.391894
 2559.000000 1.395046
 2560.000000 1.401626
 2561.000000 1.410807
 2562.000000 1.421465
 2563.000000 1.432451
 2564.000000 1.442159
 2565.000000 1.449239
 2566.000000 1.452789
 2567.000000 1.452308
 2568.000000 1.447771
 2569.000000 1.439805
 2570.000000 1.429665
 2571.000000 1.418875
 2572.000000 1.409108
 2573.000000 1.401906
 2574.000000 1.398463
 2575.000000 1.399422
 2576.000000 1.404667
 2577.000000 1.413307
 2578.000000 1.423903
 2579.000000 1.434811
 2580.000000 1.444465
 2581.000000 1.451585
 2582.000000 1.455285
 2583.000000 1.455311
 2584.000000 1.451924
 2585.000000 1.445780
 2586.000000 1.437923
 2587.000000 1.429674
 2588.000000 1.422305
 2589.000000 1.416843
 2590.000000 1.414111
 2591.000000 1.414422
 2592.000000 1.417617
 2593.000000 1.423231
 2594.000000 1.430530
 2595.000000 1.438755
 2596.000000 1.447052
 2597.000000 1.454667
 2598.000000 1.460914
 2599.000000 1.465169
 2600.000000 1.467032
 2601.000000 1.466357
 2602.000000 1.463217
 2603.000000 1.457862
 2604.000000 1.450789
 2605.000000 1.442660
 2606.000000 1.434250
 2607.000000 1.426661
 2608.000000 1.420849
 2609.000000 1.417711
 2610.000000 1.417632
 2611.000000 1.420566
 2612.000000 1.426133
 2613.000000 1.433443
 2614.000000 1.441524
 2615.000000 1.449134
 2616.000000 1.455063
 2617.000000 1.458277
 2618.000000 1.458149
 2619.000000 1.454467
 2620.000000 1.447511
 2621.000000 1.438039
 2622.000000 1.427124
 2623.000000 1.416140
 2624.000000 1.406440
 2625.000000 1.399125
 2626.000000 1.395125
 2627.000000 1.394907
 2628.000000 1.398397
 2629.000000 1.404977
 2630.000000 1.413696
 2631.000000 1.423570
 2632.000000 1.433608
 2633.000000 1.442736
 2634.000000 1.450208
 2635.000000 1.455458
 2636.000000 1.458057
 2637.000000 1.457804
 2638.000000 1.454766
 2639.000000 1.449180
 2640.000000 1.441494
 2641.000000 1.432476
 2642.000000 1.422657
 2643.000000 1.413055
 2644.000000 1.404910
 2645.000000 1.399421
 2646.000000 1.397448
 2647.000000 1.399375
 2648.000000 1.404993
 2649.000000 1.413457
 2650.000000 1.423554
 2651.000000 1.433702
 2652.000000 1.442357
 2653.000000 1.448102
 2654.000000 1.449933
 2655.000000 1.447416
 2656.000000 1.440804
 2657.000000 1.430940
 2658.000000 1.419283
 2659.000000 1.407451
 2660.000000 1.397269
 2661.000000 1.390389
 2662.000000 1.387879
 2663.000000 1.390062
 2664.000000 1.396516
 2665.000000 1.406331
 2666.000000 1.418009
 2667.000000 1.429823
 2668.000000 1.440187
 2669.000000 1.447730
 2670.000000 1.451710
 2671.000000 1.451814
 2672.000000 1.448249
 2673.000000 1.441667
 2674.000000 1.433000
 2675.000000 1.423411
 2676.000000 1.414226
 2677.000000 1.406649
 2678.000000 1.401498
 2679.000000 1.399450
 2680.000000 1.400721
 2681.000000 1.405111
 2682.000000 1.412025
 2683.000000 1.420712
 2684.000000 1.430341
 2685.000000 1.440030
 2686.000000 1.448722
 2687.000000 1.455536
 2688.000000 1.459943
 2689.000000 1.461780
 2690.000000 1.461042
 2691.000000 1.457982
 2692.000000 1.453013
 2693.000000 1.446656
 2694.000000 1.439545
 2695.000000 1.432603
 2696.000000 1.426732
 2697.000000 1.422782
 2698.000000 1.421433
 2699.000000 1.422909
 2700.000000 1.426970
 2701.000000 1.432975
 2702.000000 1.439978
 2703.000000 1.446937
 2704.000000 1.452770
 2705.000000 1.456653
 2706.000000 1.457842
 2707.000000 1.455943
 2708.000000 1.451058
 2709.000000 1.443716
 2710.000000 1.434814
 2711.000000 1.425528
 2712.000000 1.417063
 2713.000000 1.410718
 2714.000000 1.407308
 2715.000000 1.407307
 2716.000000 1.410724
 2717.000000 1.417060
 2718.000000 1.425534
 2719.000000 1.435146
 2720.000000 1.444775
 2721.000000 1.453454
 2722.000000 1.460511
 2723.000000 1.465120
 2724.000000 1.466809
 2725.000000 1.465375
 2726.000000 1.460832
 2727.000000 1.453480
 2728.000000 1.444088
 2729.000000 1.433427
 2730.000000 1.422601
 2731.000000 1.412696
 2732.000000 1.404763
 2733.000000 1.399778
 2734.000000 1.398380
 2735.000000 1.400892
 2736.000000 1.407182
 2737.000000 1.416631
 2738.000000 1.428165
 2739.000000 1.440344
 2740.000000 1.451855
 2741.000000 1.461175
 2742.000000 1.467122
 2743.000000 1.468912
 2744.000000 1.466126
 2745.000000 1.458861
 2746.000000 1.447729
 2747.000000 1.434071
 2748.000000 1.419596
 2749.000000 1.406272
 2750.000000 1.395897
 2751.000000 1.389856
 2752.000000 1.388937
 2753.000000 1.393316
 2754.000000 1.402392
 2755.000000 1.414609
 2756.000000 1.428252
 2757.000000 1.441303
 2758.000000 1.452056
 2759.000000 1.459303
 2760.000000 1.462367
 2761.000000 1.460989
 2762.000000 1.455443
 2763.000000 1.446482
 2764.000000 1.435098
 2765.000000 1.422622
 2766.000000 1.410884
 2767.000000 1.401433
 2768.000000 1.395670
 2769.000000 1.394378
 2770.000000 1.397753
 2771.000000 1.405304
 2772.000000 1.416204
 2773.000000 1.429008
 2774.000000 1.442537
 2775.000000 1.455393
 2776.000000 1.466515
 2777.000000 1.474866
 2778.000000 1.479668
 2779.000000 1.480681
 2780.000000 1.477921
 2781.000000 1.471739
 2782.000000 1.462739
 2783.000000 1.451780
 2784.000000 1.439891
 2785.000000 1.428507
 2786.000000 1.419085
 2787.000000 1.412938
 2788.000000 1.410881
 2789.000000 1.413228
 2790.000000 1.419613
 2791.000000 1.429143
 2792.000000 1.440436
 2793.000000 1.451952
 2794.000000 1.462011
 2795.000000 1.468952
 2796.000000 1.471659
 2797.000000 1.469539
 2798.000000 1.462647
 2799.000000 1.451758
 2800.000000 1.438049
 2801.000000 1.423243
 2802.000000 1.409164
 2803.000000 1.397727
 2804.000000 1.390421
 2805.000000 1.388391
 2806.000000 1.391880
 2807.000000 1.400275
 2808.000000 1.412212
 2809.000000 1.426110
 2810.000000 1.440196
 2811.000000 1.452794
 2812.000000 1.462759
 2813.000000 1.468995
 2814.000000 1.471020
 2815.000000 1.468678
 2816.000000 1.462187
 2817.000000 1.452061
 2818.000000 1.439110
 2819.000000 1.424608
 2820.000000 1.410018
 2821.000000 1.396738
 2822.000000 1.386284
 2823.000000 1.379957
 2824.000000 1.378626
 2825.000000 1.382622
 2826.000000 1.391606
 2827.000000 1.404456
 2828.000000 1.419742
 2829.000000 1.435248
 2830.000000 1.449317
 2831.000000 1.460209
 2832.000000 1.466469
 2833.000000 1.467122
 2834.000000 1.461902
 2835.000000 1.451199
 2836.000000 1.436189
 2837.000000 1.418648
 2838.000000 1.400821
 2839.000000 1.385203
 2840.000000 1.374246
 2841.000000 1.369501
 2842.000000 1.371719
 2843.000000 1.380501
 2844.000000 1.394349
 2845.000000 1.411029
 2846.000000 1.428126
 2847.000000 1.443223
 2848.000000 1.454436
 2849.000000 1.460381
 2850.000000 1.460501
 2851.000000 1.454839
 2852.000000 1.444014
 2853.000000 1.429287
 2854.000000 1.412208
 2855.000000 1.394681
 2856.000000 1.378750
 2857.000000 1.366459
 2858.000000 1.359348
 2859.000000 1.358186
 2860.000000 1.362990
 2861.000000 1.373085
 2862.000000 1.387281
 2863.000000 1.404235
 2864.000000 1.421827
 2865.000000 1.438135
 2866.000000 1.451368
