#! FIELDS time d
 0.000000 1.395008
 1.000000 1.384382
 2.000000 1.374711
 3.000000 1.367713
 4.000000 1.364635
 5.000000 1.366126
 6.000000 1.372100
 7.000000 1.381805
 8.000000 1.393888
 9.000000 1.406972
 10.000000 1.419479
 11.000000 1.429913
 12.000000 1.437250
 13.000000 1.440726
 14.000000 1.440056
 15.000000 1.435372
 16.000000 1.427192
 17.000000 1.416381
 18.000000 1.404161
 19.000000 1.391675
 20.000000 1.380454
 21.000000 1.371730
 22.000000 1.366164
 23.000000 1.364214
 24.000000 1.365846
 25.000000 1.370554
 26.000000 1.377422
 27.000000 1.385405
 28.000000 1.393367
 29.000000 1.400437
 30.000000 1.405825
 31.000000 1.409214
 32.000000 1.410459
 33.000000 1.409654
 34.000000 1.407067
 35.000000 1.403148
 36.000000 1.398350
 37.000000 1.393242
 38.000000 1.388390
 39.000000 1.384567
 40.000000 1.382495
 41.000000 1.382632
 42.000000 1.385106
 43.000000 1.389614
 44.000000 1.395477
 45.000000 1.401842
 46.000000 1.407679
 47.000000 1.412051
 48.000000 1.414196
 49.000000 1.413620
 50.000000 1.410187
 51.000000 1.404200
 52.000000 1.396488
 53.000000 1.388289
 54.000000 1.380993
 55.000000 1.375832
 56.000000 1.373822
 57.000000 1.375316
 58.000000 1.380048
 59.000000 1.387135
 60.000000 1.395512
 61.000000 1.404184
 62.000000 1.412073
 63.000000 1.418340
 64.000000 1.422436
 65.000000 1.424039
 66.000000 1.423027
 67.000000 1.419582
 68.000000 1.414152
 69.000000 1.407478
 70.000000 1.400433
 71.000000 1.393950
 72.000000 1.388924
 73.000000 1.386097
 74.000000 1.385843
 75.000000 1.388213
 76.000000 1.392899
 77.000000 1.399302
 78.000000 1.406462
 79.000000 1.413358
 80.000000 1.419071
 81.000000 1.422687
 82.000000 1.423677
 83.000000 1.421908
 84.000000 1.417660
 85.000000 1.411515
 86.000000 1.404363
 87.000000 1.397102
 88.000000 1.390615
 89.000000 1.385765
 90.000000 1.383277
 91.000000 1.383574
 92.000000 1.386747
 93.000000 1.392483
 94.000000 1.400206
 95.000000 1.409116
 96.000000 1.418331
 97.000000 1.426872
 98.000000 1.433938
 99.000000 1.438747
 100.000000 1.440857
 101.000000 1.440059
 102.000000 1.436415
 103.000000 1.430170
 104.000000 1.421913
 105.000000 1.412563
 106.000000 1.402948
 107.000000 1.393932
 108.000000 1.386354
 109.000000 1.381009
 110.000000 1.378348
 111.000000 1.378389
 112.000000 1.380802
 113.000000 1.384969
 114.000000 1.390019
 115.000000 1.394983
 116.000000 1.398982
 117.000000 1.401374
 118.000000 1.401812
 119.000000 1.400331
 120.000000 1.397366
 121.000000 1.393706
 122.000000 1.390382
 123.000000 1.388317
 124.000000 1.388183
 125.000000 1.390265
 126.000000 1.394433
 127.000000 1.400228
 128.000000 1.407068
 129.000000 1.414165
 130.000000 1.420667
 131.000000 1.425929
 132.000000 1.429302
 133.000000 1.430405
 134.000000 1.429033
 135.000000 1.425229
 136.000000 1.419333
 137.000000 1.411883
 138.000000 1.403579
 139.000000 1.395303
 140.000000 1.387773
 141.000000 1.381905
 142.000000 1.378274
 143.000000 1.377278
 144.000000 1.378966
 145.000000 1.383044
 146.000000 1.388849
 147.000000 1.395565
 148.000000 1.402265
 149.000000 1.407965
 150.000000 1.412049
 151.000000 1.414160
 152.000000 1.414141
 153.000000 1.412075
 154.000000 1.408250
 155.000000 1.403078
 156.000000 1.397111
 157.000000 1.390994
 158.000000 1.385499
 159.000000 1.381517
 160.000000 1.379710
 161.000000 1.380449
 162.000000 1.383715
 163.000000 1.389152
 164.000000 1.396030
 165.000000 1.403401
 166.000000 1.410207
 167.000000 1.415466
 168.000000 1.418448
 169.000000 1.418732
 170.000000 1.416201
 171.000000 1.411116
 172.000000 1.403983
 173.000000 1.395608
 174.000000 1.386974
 175.000000 1.379263
 176.000000 1.373565
 177.000000 1.370684
 178.000000 1.371012
 179.000000 1.374496
 180.000000 1.380637
 181.000000 1.388727
 182.000000 1.397708
 183.000000 1.406422
 184.000000 1.413956
 185.000000 1.419661
 186.000000 1.423098
 187.000000 1.423893
 188.000000 1.422018
 189.000000 1.417728
 190.000000 1.411601
 191.000000 1.404296
 192.000000 1.396644
 193.000000 1.389520
 194.000000 1.383594
 195.000000 1.379338
 196.000000 1.376948
 197.000000 1.376454
 198.000000 1.377720
 199.000000 1.380434
 200.000000 1.384086
 201.000000 1.387945
 202.000000 1.391241
 203.000000 1.393433
 204.000000 1.394242
 205.000000 1.393798
 206.000000 1.392499
 207.000000 1.390883
 208.000000 1.389468
 209.000000 1.388654
 210.000000 1.388666
 211.000000 1.389620
 212.000000 1.391532
 213.000000 1.394313
 214.000000 1.397687
 215.000000 1.401371
 216.000000 1.404987
 217.000000 1.408102
 218.000000 1.410346
 219.000000 1.411407
 220.000000 1.411103
 221.000000 1.409405
 222.000000 1.406404
 223.000000 1.402217
 224.000000 1.397167
 225.000000 1.391727
 226.000000 1.386479
 227.000000 1.382131
 228.000000 1.379374
 229.000000 1.378867
 230.000000 1.380972
 231.000000 1.385646
 232.000000 1.392413
 233.000000 1.400399
 234.000000 1.408567
 235.000000 1.415854
 236.000000 1.421181
 237.000000 1.424047
 238.000000 1.424231
 239.000000 1.421818
 240.000000 1.417208
 241.000000 1.411093
 242.000000 1.404297
 243.000000 1.397628
 244.000000 1.391959
 245.000000 1.387973
 246.000000 1.386072
 247.000000 1.386281
 248.000000 1.388256
 249.000000 1.391471
 250.000000 1.395308
 251.000000 1.399271
 252.000000 1.403027
 253.000000 1.406345
 254.000000 1.409010
 255.000000 1.410780
 256.000000 1.411432
 257.000000 1.410849
 258.000000 1.409047
 259.000000 1.406215
 260.000000 1.402621
 261.000000 1.398665
 262.000000 1.394773
 263.000000 1.391379
 264.000000 1.388984
 265.000000 1.388064
 266.000000 1.388963
 267.000000 1.391774
 268.000000 1.396249
 269.000000 1.401923
 270.000000 1.408135
 271.000000 1.414199
 272.000000 1.419534
 273.000000 1.423750
 274.000000 1.426580
 275.000000 1.427921
 276.000000 1.427801
 277.000000 1.426301
 278.000000 1.423634
 279.000000 1.420152
 280.000000 1.416274
 281.000000 1.412501
 282.000000 1.409230
 283.000000 1.406787
 284.000000 1.405334
 285.000000 1.404835
 286.000000 1.405067
 287.000000 1.405737
 288.000000 1.406553
 289.000000 1.407284
 290.000000 1.407723
 291.000000 1.407682
 292.000000 1.407006
 293.000000 1.405676
 294.000000 1.403921
 295.000000 1.402247
 296.000000 1.401332
 297.000000 1.401783
 298.000000 1.403907
 299.000000 1.407553
 300.000000 1.412229
 301.000000 1.417199
 302.000000 1.421724
 303.000000 1.425322
 304.000000 1.427780
 305.000000 1.429017
 306.000000 1.429056
 307.000000 1.427960
 308.000000 1.425838
 309.000000 1.422856
 310.000000 1.419177
 311.000000 1.414967
 312.000000 1.410503
 313.000000 1.405968
 314.000000 1.401506
 315.000000 1.397350
 316.000000 1.393892
 317.000000 1.391556
 318.000000 1.390812
 319.000000 1.392001
 320.000000 1.395190
 321.000000 1.400073
 322.000000 1.406048
 323.000000 1.412226
 324.000000 1.417906
 325.000000 1.422405
 326.000000 1.425146
 327.000000 1.425897
 328.000000 1.424712
 329.000000 1.421919
 330.000000 1.418064
 331.000000 1.413844
 332.000000 1.409928
 333.000000 1.406724
 334.000000 1.404412
 335.000000 1.402833
 336.000000 1.401641
 337.000000 1.400431
 338.000000 1.398881
 339.000000 1.396880
 340.000000 1.394573
 341.000000 1.392350
 342.000000 1.390754
 343.000000 1.390221
 344.000000 1.390990
 345.000000 1.393066
 346.000000 1.396214
 347.000000 1.399986
 348.000000 1.403885
 349.000000 1.407360
 350.000000 1.409836
 351.000000 1.410915
 352.000000 1.410399
 353.000000 1.408318
 354.000000 1.405001
 355.000000 1.401038
 356.000000 1.397119
 357.000000 1.393945
 358.000000 1.392040
 359.000000 1.391594
 360.000000 1.392495
 361.000000 1.394378
 362.000000 1.396790
 363.000000 1.399278
 364.000000 1.401471
 365.000000 1.403095
 366.000000 1.403899
 367.000000 1.403704
 368.000000 1.402394
 369.000000 1.399997
 370.000000 1.396750
 371.000000 1.393163
 372.000000 1.389826
 373.000000 1.387311
 374.000000 1.386075
 375.000000 1.386413
 376.000000 1.388370
 377.000000 1.391789
 378.000000 1.396319
 379.000000 1.401362
 380.000000 1.406070
 381.000000 1.409531
 382.000000 1.411114
 383.000000 1.410580
 384.000000 1.408172
 385.000000 1.404522
 386.000000 1.400548
 387.000000 1.397168
 388.000000 1.395144
 389.000000 1.394855
 390.000000 1.396309
 391.000000 1.399193
 392.000000 1.402978
 393.000000 1.407040
 394.000000 1.410779
 395.000000 1.413693
 396.000000 1.415417
 397.000000 1.415734
 398.000000 1.414646
 399.000000 1.412334
 400.000000 1.409091
 401.000000 1.405368
 402.000000 1.401648
 403.000000 1.398479
 404.000000 1.396192
 405.000000 1.394925
 406.000000 1.394600
 407.000000 1.395024
 408.000000 1.395981
 409.000000 1.397294
 410.000000 1.398847
 411.000000 1.400501
 412.000000 1.402062
 413.000000 1.403305
 414.000000 1.403985
 415.000000 1.403942
 416.000000 1.403135
 417.000000 1.401629
 418.000000 1.399502
 419.000000 1.396877
 420.000000 1.393809
 421.000000 1.390438
 422.000000 1.387172
 423.000000 1.384510
 424.000000 1.383116
 425.000000 1.383536
 426.000000 1.385983
 427.000000 1.390270
 428.000000 1.395701
 429.000000 1.401371
 430.000000 1.406312
 431.000000 1.409756
 432.000000 1.411387
 433.000000 1.411154
 434.000000 1.409213
 435.000000 1.405850
 436.000000 1.401406
 437.000000 1.396469
 438.000000 1.391779
 439.000000 1.388271
 440.000000 1.386783
 441.000000 1.388011
 442.000000 1.392200
 443.000000 1.399132
 444.000000 1.408110
 445.000000 1.418038
 446.000000 1.427768
 447.000000 1.436144
 448.000000 1.442156
 449.000000 1.445186
 450.000000 1.444953
 451.000000 1.441585
 452.000000 1.435537
 453.000000 1.427566
 454.000000 1.418667
 455.000000 1.409990
 456.000000 1.402564
 457.000000 1.397308
 458.000000 1.394837
 459.000000 1.395297
 460.000000 1.398447
 461.000000 1.403583
 462.000000 1.409743
 463.000000 1.415833
 464.000000 1.420840
 465.000000 1.424005
 466.000000 1.424842
 467.000000 1.423292
 468.000000 1.419707
 469.000000 1.414779
 470.000000 1.409485
 471.000000 1.404796
 472.000000 1.401539
 473.000000 1.400192
 474.000000 1.400830
 475.000000 1.403210
 476.000000 1.406885
 477.000000 1.411290
 478.000000 1.415925
 479.000000 1.420448
 480.000000 1.424574
 481.000000 1.428052
 482.000000 1.430670
 483.000000 1.432233
 484.000000 1.432602
 485.000000 1.431718
 486.000000 1.429576
 487.000000 1.426202
 488.000000 1.421714
 489.000000 1.416340
 490.000000 1.410539
 491.000000 1.405010
 492.000000 1.400639
 493.000000 1.398315
 494.000000 1.398740
 495.000000 1.402137
 496.000000 1.408243
 497.000000 1.416346
 498.000000 1.425426
 499.000000 1.434349
 500.000000 1.441978
 501.000000 1.447227
 502.000000 1.449161
 503.000000 1.447368
 504.000000 1.441889
 505.000000 1.433410
 506.000000 1.423055
 507.000000 1.412313
 508.000000 1.402701
 509.000000 1.395707
 510.000000 1.392363
 511.000000 1.393042
 512.000000 1.397483
 513.000000 1.404828
 514.000000 1.413782
 515.000000 1.422763
 516.000000 1.430374
 517.000000 1.435371
 518.000000 1.436952
 519.000000 1.434918
 520.000000 1.429633
 521.000000 1.421850
 522.000000 1.412700
 523.000000 1.403569
 524.000000 1.395689
 525.000000 1.390262
 526.000000 1.388155
 527.000000 1.389673
 528.000000 1.394531
 529.000000 1.402015
 530.000000 1.411246
 531.000000 1.420871
 532.000000 1.429743
 533.000000 1.437057
 534.000000 1.442049
 535.000000 1.444300
 536.000000 1.443819
 537.000000 1.440900
 538.000000 1.436053
 539.000000 1.429809
 540.000000 1.422757
 541.000000 1.415614
 542.000000 1.408949
 543.000000 1.403255
 544.000000 1.399159
 545.000000 1.397112
 546.000000 1.397492
 547.000000 1.400443
 548.000000 1.405863
 549.000000 1.413361
 550.000000 1.422237
 551.000000 1.431553
 552.000000 1.440389
 553.000000 1.447732
 554.000000 1.452667
 555.000000 1.454625
 556.000000 1.453225
 557.000000 1.448505
 558.000000 1.440878
 559.000000 1.431150
 560.000000 1.420472
 561.000000 1.410183
 562.000000 1.401561
 563.000000 1.395680
 564.000000 1.393387
 565.000000 1.394944
 566.000000 1.400007
 567.000000 1.407759
 568.000000 1.417090
 569.000000 1.426883
 570.000000 1.435910
 571.000000 1.443158
 572.000000 1.447976
 573.000000 1.450019
 574.000000 1.449360
 575.000000 1.446301
 576.000000 1.441286
 577.000000 1.434843
 578.000000 1.427473
 579.000000 1.419702
 580.000000 1.412145
 581.000000 1.405330
 582.000000 1.399764
 583.000000 1.395851
 584.000000 1.393901
 585.000000 1.394113
 586.000000 1.396480
 587.000000 1.400825
 588.000000 1.406748
 589.000000 1.413789
 590.000000 1.421383
 591.000000 1.428680
 592.000000 1.434908
 593.000000 1.439289
 594.000000 1.441260
 595.000000 1.440495
 596.000000 1.436995
 597.000000 1.431148
 598.000000 1.423753
 599.000000 1.415756
 600.000000 1.408305
 601.000000 1.402563
 602.000000 1.399509
 603.000000 1.399697
 604.000000 1.403079
 605.000000 1.409087
 606.000000 1.416838
 607.000000 1.425181
 608.000000 1.432974
 609.000000 1.439356
 610.000000 1.443744
 611.000000 1.445836
 612.000000 1.445633
 613.000000 1.443375
 614.000000 1.439488
 615.000000 1.434586
 616.000000 1.429290
 617.000000 1.424314
 618.000000 1.420284
 619.000000 1.417722
 620.000000 1.416946
 621.000000 1.418027
 622.000000 1.420752
 623.000000 1.424658
 624.000000 1.429145
 625.000000 1.433568
 626.000000 1.437177
 627.000000 1.439353
 628.000000 1.439689
 629.000000 1.437940
 630.000000 1.434077
 631.000000 1.428364
 632.000000 1.421264
 633.000000 1.413519
 634.000000 1.406064
 635.000000 1.399703
 636.000000 1.395244
 637.000000 1.393284
 638.000000 1.394002
 639.000000 1.397229
 640.000000 1.402557
 641.000000 1.409309
 642.000000 1.416863
 643.000000 1.424522
 644.000000 1.431652
 645.000000 1.437826
 646.000000 1.442533
 647.000000 1.445367
 648.000000 1.446030
 649.000000 1.444392
 650.000000 1.440517
 651.000000 1.434703
 652.000000 1.427477
 653.000000 1.419599
 654.000000 1.411933
 655.000000 1.405301
 656.000000 1.400434
 657.000000 1.397833
 658.000000 1.397677
 659.000000 1.399828
 660.000000 1.403820
 661.000000 1.408982
 662.000000 1.414481
 663.000000 1.419596
 664.000000 1.423576
 665.000000 1.426095
 666.000000 1.427028
 667.000000 1.426543
 668.000000 1.425060
 669.000000 1.423142
 670.000000 1.421366
 671.000000 1.420231
 672.000000 1.420077
 673.000000 1.421051
 674.000000 1.423037
 675.000000 1.425739
 676.000000 1.428687
 677.000000 1.431339
 678.000000 1.433234
 679.000000 1.434074
 680.000000 1.433752
 681.000000 1.432339
 682.000000 1.430013
 683.000000 1.426967
 684.000000 1.423429
 685.000000 1.419691
 686.000000 1.416035
 687.000000 1.412685
 688.000000 1.409952
 689.000000 1.408102
 690.000000 1.407346
 691.000000 1.407781
 692.000000 1.409399
 693.000000 1.412129
 694.000000 1.415809
 695.000000 1.420272
 696.000000 1.425224
 697.000000 1.430334
 698.000000 1.435215
 699.000000 1.439456
 700.000000 1.442707
 701.000000 1.444723
 702.000000 1.445312
 703.000000 1.444408
 704.000000 1.442084
 705.000000 1.438597
 706.000000 1.434324
 707.000000 1.429853
 708.000000 1.425883
 709.000000 1.422970
 710.000000 1.421532
 711.000000 1.421782
 712.000000 1.423641
 713.000000 1.426797
 714.000000 1.430766
 715.000000 1.434887
 716.000000 1.438411
 717.000000 1.440670
 718.000000 1.441144
 719.000000 1.439480
 720.000000 1.435618
 721.000000 1.429776
 722.000000 1.422506
 723.000000 1.414564
 724.000000 1.406849
 725.000000 1.400168
 726.000000 1.395241
 727.000000 1.392588
 728.000000 1.392332
 729.000000 1.394269
 730.000000 1.397849
 731.000000 1.402275
 732.000000 1.406653
 733.000000 1.410170
 734.000000 1.412225
 735.000000 1.412460
 736.000000 1.410893
 737.000000 1.407863
 738.000000 1.403987
 739.000000 1.399996
 740.000000 1.396660
 741.000000 1.394618
 742.000000 1.394301
 743.000000 1.395809
 744.000000 1.398890
 745.000000 1.402981
 746.000000 1.407431
 747.000000 1.411546
 748.000000 1.414746
 749.000000 1.416676
 750.000000 1.417234
 751.000000 1.416482
 752.000000 1.414604
 753.000000 1.411884
 754.000000 1.408690
 755.000000 1.405395
 756.000000 1.402445
 757.000000 1.400292
 758.000000 1.399315
 759.000000 1.399830
 760.000000 1.402003
 761.000000 1.405839
 762.000000 1.411195
 763.000000 1.417776
 764.000000 1.425212
 765.000000 1.433023
 766.000000 1.440578
 767.000000 1.447211
 768.000000 1.452360
 769.000000 1.455463
 770.000000 1.456134
 771.000000 1.454161
 772.000000 1.449592
 773.000000 1.442749
 774.000000 1.434247
 775.000000 1.425019
 776.000000 1.416284
 777.000000 1.409041
 778.000000 1.404111
 779.000000 1.401883
 780.000000 1.402351
 781.000000 1.405052
 782.000000 1.409127
 783.000000 1.413505
 784.000000 1.417156
 785.000000 1.419315
 786.000000 1.419481
 787.000000 1.417525
 788.000000 1.413687
 789.000000 1.408567
 790.000000 1.402993
 791.000000 1.397964
 792.000000 1.394487
 793.000000 1.393313
 794.000000 1.394789
 795.000000 1.398828
 796.000000 1.404892
 797.000000 1.412363
 798.000000 1.420294
 799.000000 1.427725
 800.000000 1.433720
 801.000000 1.437742
 802.000000 1.439345
 803.000000 1.438347
 804.000000 1.434878
 805.000000 1.429362
 806.000000 1.422361
 807.000000 1.414602
 808.000000 1.406893
 809.000000 1.400015
 810.000000 1.394551
 811.000000 1.391035
 812.000000 1.389749
 813.000000 1.390760
 814.000000 1.393836
 815.000000 1.398547
 816.000000 1.404283
 817.000000 1.410433
 818.000000 1.416465
 819.000000 1.421903
 820.000000 1.426507
 821.000000 1.429981
 822.000000 1.432194
 823.000000 1.433103
 824.000000 1.432764
 825.000000 1.431376
 826.000000 1.429244
 827.000000 1.426795
 828.000000 1.424388
 829.000000 1.422322
 830.000000 1.420766
 831.000000 1.419787
 832.000000 1.419364
 833.000000 1.419387
 834.000000 1.419695
 835.000000 1.420077
 836.000000 1.420298
 837.000000 1.420126
 838.000000 1.419397
 839.000000 1.418059
 840.000000 1.416181
 841.000000 1.413972
 842.000000 1.411703
 843.000000 1.409628
 844.000000 1.407951
 845.000000 1.406835
 846.000000 1.406392
 847.000000 1.406670
 848.000000 1.407634
 849.000000 1.409144
 850.000000 1.411011
 851.000000 1.412976
 852.000000 1.414817
 853.000000 1.416379
 854.000000 1.417605
 855.000000 1.418516
 856.000000 1.419137
 857.000000 1.419452
 858.000000 1.419410
 859.000000 1.418974
 860.000000 1.418166
 861.000000 1.417090
 862.000000 1.415875
 863.000000 1.414681
 864.000000 1.413622
 865.000000 1.412787
 866.000000 1.412262
 867.000000 1.412108
 868.000000 1.412375
 869.000000 1.413050
 870.000000 1.414023
 871.000000 1.415067
 872.000000 1.415901
 873.000000 1.416251
 874.000000 1.415907
 875.000000 1.414797
 876.000000 1.413017
 877.000000 1.410753
 878.000000 1.408318
 879.000000 1.406051
 880.000000 1.404290
 881.000000 1.403330
 882.000000 1.403364
 883.000000 1.404471
 884.000000 1.406551
 885.000000 1.409355
 886.000000 1.412477
 887.000000 1.415388
 888.000000 1.417624
 889.000000 1.418889
 890.000000 1.419060
 891.000000 1.418186
 892.000000 1.416430
 893.000000 1.414017
 894.000000 1.411190
 895.000000 1.408205
 896.000000 1.405364
 897.000000 1.402991
 898.000000 1.401358
 899.000000 1.400618
 900.000000 1.400740
 901.000000 1.401530
 902.000000 1.402699
 903.000000 1.403954
 904.000000 1.405041
 905.000000 1.405758
 906.000000 1.405931
 907.000000 1.405496
 908.000000 1.404538
 909.000000 1.403319
 910.000000 1.402251
 911.000000 1.401779
 912.000000 1.402259
 913.000000 1.403877
 914.000000 1.406594
 915.000000 1.410136
 916.000000 1.414030
 917.000000 1.417776
 918.000000 1.420858
 919.000000 1.422863
 920.000000 1.423567
 921.000000 1.422923
 922.000000 1.421110
 923.000000 1.418455
 924.000000 1.415385
 925.000000 1.412338
 926.000000 1.409656
 927.000000 1.407560
 928.000000 1.406058
 929.000000 1.405036
 930.000000 1.404266
 931.000000 1.403506
 932.000000 1.402650
 933.000000 1.401803
 934.000000 1.401297
 935.000000 1.401581
 936.000000 1.403048
 937.000000 1.405911
 938.000000 1.410105
 939.000000 1.415313
 940.000000 1.420917
 941.000000 1.426164
 942.000000 1.430277
 943.000000 1.432501
 944.000000 1.432248
 945.000000 1.429214
 946.000000 1.423475
 947.000000 1.415570
 948.000000 1.406473
 949.000000 1.397435
 950.000000 1.389491
 951.000000 1.383711
 952.000000 1.380712
 953.000000 1.380719
 954.000000 1.383496
 955.000000 1.388500
 956.000000 1.394852
 957.000000 1.401546
 958.000000 1.407580
 959.000000 1.412183
 960.000000 1.414863
 961.000000 1.415566
 962.000000 1.414536
 963.000000 1.412236
 964.000000 1.409239
 965.000000 1.406170
 966.000000 1.403519
 967.000000 1.401725
 968.000000 1.401050
 969.000000 1.401594
 970.000000 1.403250
 971.000000 1.405762
 972.000000 1.408764
 973.000000 1.411869
 974.000000 1.414720
 975.000000 1.417060
 976.000000 1.418666
 977.000000 1.419326
 978.000000 1.418899
 979.000000 1.417335
 980.000000 1.414715
 981.000000 1.411258
 982.000000 1.407325
 983.000000 1.403312
 984.000000 1.399568
 985.000000 1.396445
 986.000000 1.394149
 987.000000 1.392834
 988.000000 1.392589
 989.000000 1.393445
 990.000000 1.395350
 991.000000 1.398152
 992.000000 1.401581
 993.000000 1.405212
 994.000000 1.408658
 995.000000 1.411438
 996.000000 1.413123
 997.000000 1.413387
 998.000000 1.412039
 999.000000 1.409088
 1000.000000 1.404713
 1001.000000 1.399482
 1002.000000 1.394018
 1003.000000 1.388904
 1004.000000 1.384850
 1005.000000 1.382418
 1006.000000 1.382075
 1007.000000 1.383981
 1008.000000 1.387955
 1009.000000 1.393469
 1010.000000 1.399666
 1011.000000 1.405587
 1012.000000 1.410273
 1013.000000 1.413065
 1014.000000 1.413564
 1015.000000 1.411783
 1016.000000 1.408085
 1017.000000 1.403033
 1018.000000 1.397344
 1019.000000 1.391873
 1020.000000 1.387420
 1021.000000 1.384539
 1022.000000 1.383588
 1023.000000 1.384672
 1024.000000 1.387638
 1025.000000 1.392129
 1026.000000 1.397623
 1027.000000 1.403592
 1028.000000 1.409466
 1029.000000 1.414777
 1030.000000 1.419056
 1031.000000 1.421989
 1032.000000 1.423327
 1033.000000 1.422954
 1034.000000 1.420882
 1035.000000 1.417258
 1036.000000 1.412340
 1037.000000 1.406618
 1038.000000 1.400607
 1039.000000 1.394822
 1040.000000 1.389752
 1041.000000 1.385951
 1042.000000 1.383862
 1043.000000 1.383804
 1044.000000 1.385829
 1045.000000 1.389713
 1046.000000 1.395036
 1047.000000 1.401149
 1048.000000 1.407290
 1049.000000 1.412684
 1050.000000 1.416657
 1051.000000 1.418826
 1052.000000 1.419018
 1053.000000 1.417344
 1054.000000 1.414203
 1055.000000 1.410163
 1056.000000 1.405946
 1057.000000 1.402268
 1058.000000 1.399579
 1059.000000 1.398220
 1060.000000 1.398279
 1061.000000 1.399608
 1062.000000 1.401859
 1063.000000 1.404564
 1064.000000 1.407208
 1065.000000 1.409252
 1066.000000 1.410293
 1067.000000 1.410022
 1068.000000 1.408318
 1069.000000 1.405245
 1070.000000 1.401066
 1071.000000 1.396173
 1072.000000 1.391116
 1073.000000 1.386455
 1074.000000 1.382689
 1075.000000 1.380198
 1076.000000 1.379241
 1077.000000 1.379833
 1078.000000 1.381809
 1079.000000 1.384853
 1080.000000 1.388649
 1081.000000 1.392790
 1082.000000 1.397053
 1083.000000 1.401266
 1084.000000 1.405288
 1085.000000 1.408990
 1086.000000 1.412250
 1087.000000 1.414887
 1088.000000 1.416671
 1089.000000 1.417369
 1090.000000 1.416758
 1091.000000 1.414698
 1092.000000 1.411195
 1093.000000 1.406413
 1094.000000 1.400744
 1095.000000 1.394702
 1096.000000 1.389036
 1097.000000 1.384330
 1098.000000 1.381033
 1099.000000 1.379400
 1100.000000 1.379486
 1101.000000 1.381072
 1102.000000 1.383759
 1103.000000 1.387085
 1104.000000 1.390521
 1105.000000 1.393602
 1106.000000 1.396088
 1107.000000 1.397944
 1108.000000 1.399287
 1109.000000 1.400290
 1110.000000 1.401133
 1111.000000 1.401943
 1112.000000 1.402806
 1113.000000 1.403735
 1114.000000 1.404675
 1115.000000 1.405522
 1116.000000 1.406120
 1117.000000 1.406284
 1118.000000 1.405813
 1119.000000 1.404555
 1120.000000 1.402436
 1121.000000 1.399544
 1122.000000 1.396153
 1123.000000 1.392598
 1124.000000 1.389311
 1125.000000 1.386669
 1126.000000 1.384873
 1127.000000 1.383968
 1128.000000 1.383868
 1129.000000 1.384379
 1130.000000 1.385234
 1131.000000 1.386140
 1132.000000 1.386838
 1133.000000 1.387189
 1134.000000 1.387254
 1135.000000 1.387274
 1136.000000 1.387583
 1137.000000 1.388515
 1138.000000 1.390317
 1139.000000 1.393091
 1140.000000 1.396796
 1141.000000 1.401206
 1142.000000 1.406087
 1143.000000 1.411079
 1144.000000 1.415795
 1145.000000 1.419795
 1146.000000 1.422620
 1147.000000 1.423973
 1148.000000 1.423756
 1149.000000 1.422073
 1150.000000 1.419231
 1151.000000 1.415616
 1152.000000 1.411687
 1153.000000 1.407895
 1154.000000 1.404614
 1155.000000 1.402142
 1156.000000 1.400649
 1157.000000 1.400164
 1158.000000 1.400525
 1159.000000 1.401431
 1160.000000 1.402514
 1161.000000 1.403341
 1162.000000 1.403463
 1163.000000 1.402554
 1164.000000 1.400477
 1165.000000 1.397306
 1166.000000 1.393303
 1167.000000 1.388887
 1168.000000 1.384566
 1169.000000 1.380903
 1170.000000 1.378324
 1171.000000 1.377185
 1172.000000 1.377650
 1173.000000 1.379668
 1174.000000 1.382981
 1175.000000 1.387160
 1176.000000 1.391799
 1177.000000 1.396365
 1178.000000 1.400467
 1179.000000 1.403821
 1180.000000 1.406219
 1181.000000 1.407566
 1182.000000 1.407922
 1183.000000 1.407384
 1184.000000 1.405998
 1185.000000 1.403802
 1186.000000 1.400866
 1187.000000 1.397306
 1188.000000 1.393331
 1189.000000 1.389151
 1190.000000 1.385068
 1191.000000 1.381467
 1192.000000 1.378724
 1193.000000 1.377216
 1194.000000 1.377227
 1195.000000 1.378929
 1196.000000 1.382358
 1197.000000 1.387358
 1198.000000 1.393585
 1199.000000 1.400478
 1200.000000 1.407445
 1201.000000 1.413839
 1202.000000 1.419019
 1203.000000 1.422348
 1204.000000 1.423475
 1205.000000 1.422275
 1206.000000 1.418918
 1207.000000 1.413765
 1208.000000 1.407422
 1209.000000 1.400629
 1210.000000 1.394181
 1211.000000 1.388701
 1212.000000 1.384747
 1213.000000 1.382521
 1214.000000 1.381936
 1215.000000 1.382641
 1216.000000 1.384115
 1217.000000 1.385839
 1218.000000 1.387414
 1219.000000 1.388632
 1220.000000 1.389453
 1221.000000 1.389983
 1222.000000 1.390401
 1223.000000 1.390863
 1224.000000 1.391472
 1225.000000 1.392243
 1226.000000 1.393104
 1227.000000 1.393911
 1228.000000 1.394482
 1229.000000 1.394636
 1230.000000 1.394256
 1231.000000 1.393333
 1232.000000 1.391998
 1233.000000 1.390524
 1234.000000 1.389272
 1235.000000 1.388564
 1236.000000 1.388574
 1237.000000 1.389296
 1238.000000 1.390545
 1239.000000 1.392023
 1240.000000 1.393422
 1241.000000 1.394522
 1242.000000 1.395229
 1243.000000 1.395571
 1244.000000 1.395644
 1245.000000 1.395588
 1246.000000 1.395549
 1247.000000 1.395648
 1248.000000 1.395977
 1249.000000 1.396628
 1250.000000 1.397705
 1251.000000 1.399332
 1252.000000 1.401536
 1253.000000 1.404192
 1254.000000 1.407029
 1255.000000 1.409607
 1256.000000 1.411487
 1257.000000 1.412255
 1258.000000 1.411705
 1259.000000 1.409876
 1260.000000 1.407098
 1261.000000 1.403885
 1262.000000 1.400801
 1263.000000 1.398448
 1264.000000 1.397287
 1265.000000 1.397613
 1266.000000 1.399482
 1267.000000 1.402649
 1268.000000 1.406519
 1269.000000 1.410294
 1270.000000 1.413176
 1271.000000 1.414502
 1272.000000 1.413889
 1273.000000 1.411373
 1274.000000 1.407340
 1275.000000 1.402435
 1276.000000 1.397517
 1277.000000 1.393376
 1278.000000 1.390624
 1279.000000 1.389685
 1280.000000 1.390637
 1281.000000 1.393240
 1282.000000 1.396993
 1283.000000 1.401166
 1284.000000 1.405029
 1285.000000 1.407919
 1286.000000 1.409452
 1287.000000 1.409631
 1288.000000 1.408743
 1289.000000 1.407225
 1290.000000 1.405552
 1291.000000 1.404107
 1292.000000 1.403132
 1293.000000 1.402729
 1294.000000 1.402882
 1295.000000 1.403481
 1296.000000 1.404324
 1297.000000 1.405152
 1298.000000 1.405685
 1299.000000 1.405646
 1300.000000 1.404815
 1301.000000 1.403101
 1302.000000 1.400541
 1303.000000 1.397330
 1304.000000 1.393776
 1305.000000 1.390235
 1306.000000 1.387091
 1307.000000 1.384694
 1308.000000 1.383220
 1309.000000 1.382749
 1310.000000 1.383233
 1311.000000 1.384472
 1312.000000 1.386162
 1313.000000 1.387933
 1314.000000 1.389432
 1315.000000 1.390470
 1316.000000 1.391062
 1317.000000 1.391368
 1318.000000 1.391648
 1319.000000 1.392153
 1320.000000 1.393038
 1321.000000 1.394322
 1322.000000 1.395883
 1323.000000 1.397446
 1324.000000 1.398709
 1325.000000 1.399464
 1326.000000 1.399653
 1327.000000 1.399296
 1328.000000 1.398468
 1329.000000 1.397308
 1330.000000 1.396012
 1331.000000 1.394846
 1332.000000 1.394134
 1333.000000 1.394236
 1334.000000 1.395455
 1335.000000 1.397988
 1336.000000 1.401835
 1337.000000 1.406727
 1338.000000 1.412142
 1339.000000 1.417318
 1340.000000 1.421401
 1341.000000 1.423698
 1342.000000 1.423764
 1343.000000 1.421570
 1344.000000 1.417481
 1345.000000 1.412118
 1346.000000 1.406286
 1347.000000 1.400816
 1348.000000 1.396383
 1349.000000 1.393555
 1350.000000 1.392711
 1351.000000 1.393958
 1352.000000 1.397124
 1353.000000 1.401757
 1354.000000 1.407163
 1355.000000 1.412616
 1356.000000 1.417320
 1357.000000 1.420726
 1358.000000 1.422431
 1359.000000 1.422122
 1360.000000 1.419640
 1361.000000 1.415006
 1362.000000 1.408419
 1363.000000 1.400402
 1364.000000 1.391523
 1365.000000 1.382807
 1366.000000 1.375352
 1367.000000 1.370044
 1368.000000 1.367600
 1369.000000 1.368403
 1370.000000 1.372436
 1371.000000 1.379337
 1372.000000 1.388418
 1373.000000 1.398719
 1374.000000 1.409025
 1375.000000 1.418172
 1376.000000 1.425190
 1377.000000 1.429448
 1378.000000 1.430556
 1379.000000 1.428512
 1380.000000 1.423652
 1381.000000 1.416565
 1382.000000 1.408022
 1383.000000 1.398983
 1384.000000 1.390675
 1385.000000 1.384186
 1386.000000 1.380362
 1387.000000 1.379754
 1388.000000 1.382389
 1389.000000 1.387767
 1390.000000 1.395047
 1391.000000 1.402953
 1392.000000 1.410373
 1393.000000 1.416093
 1394.000000 1.419141
 1395.000000 1.418967
 1396.000000 1.415437
 1397.000000 1.408886
 1398.000000 1.400000
 1399.000000 1.389882
 1400.000000 1.379859
 1401.000000 1.371502
 1402.000000 1.366120
 1403.000000 1.364549
 1404.000000 1.367140
 1405.000000 1.373643
 1406.000000 1.383275
 1407.000000 1.394632
 1408.000000 1.406108
 1409.000000 1.415998
 1410.000000 1.423000
 1411.000000 1.426242
 1412.000000 1.425335
 1413.000000 1.420466
 1414.000000 1.412331
 1415.000000 1.402061
 1416.000000 1.390979
 1417.000000 1.380480
 1418.000000 1.372068
 1419.000000 1.366937
 1420.000000 1.365751
 1421.000000 1.368507
 1422.000000 1.374765
 1423.000000 1.383658
 1424.000000 1.393975
 1425.000000 1.404497
 1426.000000 1.414247
 1427.000000 1.422430
 1428.000000 1.428375
 1429.000000 1.431757
 1430.000000 1.432375
 1431.000000 1.430271
 1432.000000 1.425693
 1433.000000 1.419100
 1434.000000 1.411140
 1435.000000 1.402679
 1436.000000 1.394544
 1437.000000 1.387605
 1438.000000 1.382754
 1439.000000 1.380760
 1440.000000 1.382012
 1441.000000 1.386521
 1442.000000 1.393835
 1443.000000 1.403014
 1444.000000 1.412970
 1445.000000 1.422280
 1446.000000 1.429609
 1447.000000 1.433862
 1448.000000 1.434221
 1449.000000 1.430344
 1450.000000 1.422388
 1451.000000 1.411135
 1452.000000 1.397998
 1453.000000 1.384502
 1454.000000 1.372420
 1455.000000 1.363499
 1456.000000 1.358968
 1457.000000 1.359451
 1458.000000 1.364877
 1459.000000 1.374428
 1460.000000 1.386607
 1461.000000 1.399877
 1462.000000 1.412675
 1463.000000 1.423715
 1464.000000 1.431861
 1465.000000 1.436335
 1466.000000 1.436932
 1467.000000 1.433851
 1468.000000 1.427647
 1469.000000 1.419182
 1470.000000 1.409637
 1471.000000 1.400147
 1472.000000 1.391961
 1473.000000 1.386155
 1474.000000 1.383381
 1475.000000 1.383880
 1476.000000 1.387427
 1477.000000 1.393371
 1478.000000 1.400817
 1479.000000 1.408606
 1480.000000 1.415419
 1481.000000 1.420298
 1482.000000 1.422380
 1483.000000 1.421305
 1484.000000 1.417141
 1485.000000 1.410361
 1486.000000 1.401882
 1487.000000 1.392874
 1488.000000 1.384502
 1489.000000 1.378001
 1490.000000 1.374326
 1491.000000 1.374096
 1492.000000 1.377471
 1493.000000 1.384214
 1494.000000 1.393674
 1495.000000 1.404747
 1496.000000 1.416161
 1497.000000 1.426680
 1498.000000 1.435246
 1499.000000 1.440934
 1500.000000 1.443142
 1501.000000 1.441582
 1502.000000 1.436286
 1503.000000 1.427723
 1504.000000 1.416672
 1505.000000 1.404376
 1506.000000 1.392358
 1507.000000 1.382401
 1508.000000 1.375919
 1509.000000 1.373938
 1510.000000 1.376849
 1511.000000 1.384251
 1512.000000 1.395052
 1513.000000 1.407640
 1514.000000 1.420368
 1515.000000 1.431752
 1516.000000 1.440306
 1517.000000 1.445270
 1518.000000 1.446284
 1519.000000 1.443503
 1520.000000 1.437426
 1521.000000 1.428891
 1522.000000 1.418962
 1523.000000 1.408888
 1524.000000 1.399808
 1525.000000 1.392835
 1526.000000 1.388744
 1527.000000 1.387906
 1528.000000 1.390291
 1529.000000 1.395587
 1530.000000 1.403027
 1531.000000 1.411760
 1532.000000 1.420807
 1533.000000 1.429263
 1534.000000 1.436085
 1535.000000 1.440462
 1536.000000 1.441833
 1537.000000 1.439903
 1538.000000 1.434660
 1539.000000 1.426438
 1540.000000 1.415911
 1541.000000 1.404155
 1542.000000 1.392511
 1543.000000 1.382410
 1544.000000 1.375354
 1545.000000 1.372574
 1546.000000 1.374606
 1547.000000 1.381173
 1548.000000 1.391270
 1549.000000 1.403425
 1550.000000 1.415702
 1551.000000 1.426521
 1552.000000 1.434504
 1553.000000 1.438841
 1554.000000 1.439212
 1555.000000 1.435886
 1556.000000 1.429556
 1557.000000 1.421342
 1558.000000 1.412548
 1559.000000 1.404538
 1560.000000 1.398517
 1561.000000 1.395368
 1562.000000 1.395436
 1563.000000 1.398574
 1564.000000 1.404195
 1565.000000 1.411309
 1566.000000 1.418799
 1567.000000 1.425506
 1568.000000 1.430501
 1569.000000 1.433025
 1570.000000 1.432732
 1571.000000 1.429656
 1572.000000 1.424139
 1573.000000 1.416937
 1574.000000 1.408934
 1575.000000 1.401221
 1576.000000 1.394750
 1577.000000 1.390417
 1578.000000 1.388835
 1579.000000 1.390149
 1580.000000 1.394151
 1581.000000 1.400392
 1582.000000 1.408109
 1583.000000 1.416496
 1584.000000 1.424650
 1585.000000 1.431604
 1586.000000 1.436541
 1587.000000 1.438787
 1588.000000 1.437963
 1589.000000 1.434109
 1590.000000 1.427654
 1591.000000 1.419401
 1592.000000 1.410509
 1593.000000 1.402232
 1594.000000 1.395743
 1595.000000 1.392006
 1596.000000 1.391653
 1597.000000 1.394828
 1598.000000 1.401164
 1599.000000 1.409909
 1600.000000 1.420035
 1601.000000 1.430424
 1602.000000 1.439864
 1603.000000 1.447305
 1604.000000 1.451810
 1605.000000 1.452878
 1606.000000 1.450379
 1607.000000 1.444746
 1608.000000 1.436890
 1609.000000 1.427933
 1610.000000 1.418998
 1611.000000 1.411269
 1612.000000 1.405819
 1613.000000 1.403370
 1614.000000 1.404133
 1615.000000 1.407903
 1616.000000 1.414082
 1617.000000 1.421707
 1618.000000 1.429595
 1619.000000 1.436615
 1620.000000 1.441831
 1621.000000 1.444615
 1622.000000 1.444731
 1623.000000 1.442311
 1624.000000 1.437803
 1625.000000 1.431988
 1626.000000 1.425686
 1627.000000 1.419790
 1628.000000 1.415001
 1629.000000 1.411876
 1630.000000 1.410677
 1631.000000 1.411455
 1632.000000 1.414069
 1633.000000 1.418248
 1634.000000 1.423608
 1635.000000 1.429640
 1636.000000 1.435775
 1637.000000 1.441429
 1638.000000 1.446061
 1639.000000 1.449234
 1640.000000 1.450637
 1641.000000 1.450109
 1642.000000 1.447593
 1643.000000 1.443197
 1644.000000 1.437182
 1645.000000 1.430078
 1646.000000 1.422731
 1647.000000 1.416203
 1648.000000 1.411592
 1649.000000 1.409777
 1650.000000 1.411181
 1651.000000 1.415670
 1652.000000 1.422613
 1653.000000 1.430904
 1654.000000 1.439379
 1655.000000 1.446854
 1656.000000 1.452412
 1657.000000 1.455522
 1658.000000 1.456012
 1659.000000 1.454062
 1660.000000 1.450109
 1661.000000 1.444802
 1662.000000 1.438939
 1663.000000 1.433236
 1664.000000 1.428339
 1665.000000 1.424748
 1666.000000 1.422738
 1667.000000 1.422405
 1668.000000 1.423722
 1669.000000 1.426585
 1670.000000 1.430822
 1671.000000 1.436150
 1672.000000 1.442107
 1673.000000 1.448023
 1674.000000 1.453245
 1675.000000 1.457154
 1676.000000 1.459313
 1677.000000 1.459440
 1678.000000 1.457386
 1679.000000 1.453136
 1680.000000 1.446857
 1681.000000 1.438957
 1682.000000 1.430087
 1683.000000 1.421274
 1684.000000 1.413585
 1685.000000 1.408025
 1686.000000 1.405496
 1687.000000 1.406398
 1688.000000 1.410594
 1689.000000 1.417485
 1690.000000 1.425966
 1691.000000 1.434864
 1692.000000 1.442870
 1693.000000 1.448908
 1694.000000 1.452343
 1695.000000 1.452934
 1696.000000 1.450894
 1697.000000 1.446780
 1698.000000 1.441331
 1699.000000 1.435294
 1700.000000 1.429294
 1701.000000 1.423889
 1702.000000 1.419478
 1703.000000 1.416273
 1704.000000 1.414344
 1705.000000 1.413592
 1706.000000 1.413844
 1707.000000 1.414869
 1708.000000 1.416413
 1709.000000 1.418204
 1710.000000 1.419948
 1711.000000 1.421339
 1712.000000 1.422170
 1713.000000 1.422337
 1714.000000 1.421899
 1715.000000 1.421020
 1716.000000 1.419925
 1717.000000 1.418808
 1718.000000 1.417813
 1719.000000 1.417087
 1720.000000 1.416842
 1721.000000 1.417405
 1722.000000 1.419196
 1723.000000 1.422591
 1724.000000 1.427752
 1725.000000 1.434488
 1726.000000 1.442284
 1727.000000 1.450329
 1728.000000 1.457812
 1729.000000 1.463980
 1730.000000 1.468026
 1731.000000 1.469142
 1732.000000 1.466858
 1733.000000 1.461134
 1734.000000 1.452436
 1735.000000 1.441678
 1736.000000 1.430105
 1737.000000 1.419252
 1738.000000 1.410371
 1739.000000 1.404445
 1740.000000 1.402059
 1741.000000 1.403211
 1742.000000 1.407393
 1743.000000 1.413596
 1744.000000 1.420621
 1745.000000 1.427248
 1746.000000 1.432454
 1747.000000 1.435754
 1748.000000 1.437055
 1749.000000 1.436601
 1750.000000 1.434819
 1751.000000 1.432190
 1752.000000 1.429310
 1753.000000 1.426610
 1754.000000 1.424389
 1755.000000 1.422852
 1756.000000 1.422031
 1757.000000 1.421819
 1758.000000 1.422092
 1759.000000 1.422807
 1760.000000 1.424082
 1761.000000 1.426122
 1762.000000 1.429103
 1763.000000 1.433115
 1764.000000 1.438140
 1765.000000 1.443839
 1766.000000 1.449749
 1767.000000 1.455255
 1768.000000 1.459653
 1769.000000 1.461949
 1770.000000 1.461282
 1771.000000 1.457118
 1772.000000 1.449425
 1773.000000 1.438850
 1774.000000 1.426646
 1775.000000 1.414391
 1776.000000 1.403797
 1777.000000 1.396489
 1778.000000 1.393400
 1779.000000 1.394802
 1780.000000 1.400390
 1781.000000 1.409185
 1782.000000 1.419879
 1783.000000 1.431097
 1784.000000 1.441463
 1785.000000 1.449867
 1786.000000 1.455593
 1787.000000 1.458262
 1788.000000 1.457839
 1789.000000 1.454567
 1790.000000 1.448969
 1791.000000 1.441820
 1792.000000 1.434137
 1793.000000 1.426942
 1794.000000 1.420947
 1795.000000 1.416809
 1796.000000 1.415040
 1797.000000 1.415867
 1798.000000 1.419296
 1799.000000 1.425032
 1800.000000 1.432468
 1801.000000 1.440751
 1802.000000 1.448972
 1803.000000 1.456091
 1804.000000 1.461305
 1805.000000 1.464012
 1806.000000 1.464056
 1807.000000 1.461583
 1808.000000 1.456979
 1809.000000 1.450792
 1810.000000 1.443822
 1811.000000 1.436957
 1812.000000 1.431230
 1813.000000 1.427540
 1814.000000 1.426435
 1815.000000 1.428059
 1816.000000 1.432125
 1817.000000 1.437929
 1818.000000 1.444585
 1819.000000 1.450952
 1820.000000 1.455824
 1821.000000 1.458218
 1822.000000 1.457542
 1823.000000 1.453695
 1824.000000 1.447041
 1825.000000 1.438303
 1826.000000 1.428633
 1827.000000 1.419250
 1828.000000 1.411251
 1829.000000 1.405508
 1830.000000 1.402695
 1831.000000 1.403088
 1832.000000 1.406500
 1833.000000 1.412486
 1834.000000 1.420394
 1835.000000 1.429508
 1836.000000 1.439194
 1837.000000 1.448735
 1838.000000 1.457460
 1839.000000 1.464542
 1840.000000 1.469403
 1841.000000 1.471634
 1842.000000 1.471093
 1843.000000 1.467863
 1844.000000 1.462072
 1845.000000 1.454060
 1846.000000 1.444276
 1847.000000 1.433494
 1848.000000 1.422610
 1849.000000 1.413027
 1850.000000 1.406153
 1851.000000 1.403010
 1852.000000 1.403999
 1853.000000 1.408827
 1854.000000 1.416505
 1855.000000 1.425592
 1856.000000 1.434358
 1857.000000 1.441188
 1858.000000 1.444810
 1859.000000 1.444369
 1860.000000 1.439779
 1861.000000 1.431750
 1862.000000 1.421781
 1863.000000 1.411719
 1864.000000 1.403473
 1865.000000 1.398617
 1866.000000 1.398054
 1867.000000 1.402006
 1868.000000 1.410014
 1869.000000 1.420869
 1870.000000 1.433009
 1871.000000 1.444753
 1872.000000 1.454643
 1873.000000 1.461633
 1874.000000 1.464959
 1875.000000 1.464308
 1876.000000 1.459837
 1877.000000 1.451997
 1878.000000 1.441656
 1879.000000 1.430092
 1880.000000 1.418580
 1881.000000 1.408463
 1882.000000 1.400830
 1883.000000 1.396276
 1884.000000 1.394992
 1885.000000 1.396706
 1886.000000 1.400900
 1887.000000 1.406958
 1888.000000 1.414256
 1889.000000 1.422220
 1890.000000 1.429991
 1891.000000 1.436838
 1892.000000 1.442226
 1893.000000 1.445786
 1894.000000 1.447227
 1895.000000 1.446442
 1896.000000 1.443412
 1897.000000 1.438240
 1898.000000 1.431401
 1899.000000 1.423763
 1900.000000 1.416428
 1901.000000 1.410596
 1902.000000 1.407324
 1903.000000 1.407212
 1904.000000 1.410302
 1905.000000 1.416079
 1906.000000 1.423772
 1907.000000 1.432301
 1908.000000 1.440528
 1909.000000 1.447326
 1910.000000 1.451760
 1911.000000 1.453307
 1912.000000 1.451983
 1913.000000 1.448415
 1914.000000 1.443524
 1915.000000 1.438426
 1916.000000 1.434168
 1917.000000 1.431538
 1918.000000 1.430862
 1919.000000 1.432064
 1920.000000 1.434704
 1921.000000 1.438046
 1922.000000 1.441209
 1923.000000 1.443341
 1924.000000 1.443950
 1925.000000 1.442979
 1926.000000 1.440718
 1927.000000 1.437606
 1928.000000 1.434094
 1929.000000 1.430518
 1930.000000 1.427202
 1931.000000 1.424435
 1932.000000 1.422456
 1933.000000 1.421409
 1934.000000 1.421357
 1935.000000 1.422198
 1936.000000 1.423680
 1937.000000 1.425513
 1938.000000 1.427555
 1939.000000 1.429840
 1940.000000 1.432504
 1941.000000 1.435662
 1942.000000 1.439252
 1943.000000 1.443052
 1944.000000 1.446732
 1945.000000 1.449955
 1946.000000 1.452339
 1947.000000 1.453495
 1948.000000 1.453027
 1949.000000 1.450596
 1950.000000 1.446136
 1951.000000 1.440017
 1952.000000 1.433240
 1953.000000 1.427321
 1954.000000 1.423587
 1955.000000 1.422966
 1956.000000 1.425880
 1957.000000 1.432096
 1958.000000 1.440826
 1959.000000 1.450827
 1960.000000 1.460638
 1961.000000 1.468789
 1962.000000 1.473762
 1963.000000 1.474513
 1964.000000 1.470626
 1965.000000 1.462402
 1966.000000 1.450666
 1967.000000 1.436644
 1968.000000 1.421647
 1969.000000 1.407269
 1970.000000 1.395183
 1971.000000 1.386657
 1972.000000 1.382675
 1973.000000 1.383477
 1974.000000 1.388628
 1975.000000 1.397042
 1976.000000 1.407362
 1977.000000 1.418183
 1978.000000 1.428390
 1979.000000 1.437158
 1980.000000 1.443894
 1981.000000 1.448246
 1982.000000 1.450142
 1983.000000 1.449684
 1984.000000 1.447200
 1985.000000 1.443198
 1986.000000 1.438305
 1987.000000 1.433094
 1988.000000 1.427999
 1989.000000 1.423384
 1990.000000 1.419729
 1991.000000 1.417643
 1992.000000 1.417863
 1993.000000 1.420848
 1994.000000 1.426558
 1995.000000 1.434373
 1996.000000 1.443252
 1997.000000 1.451917
 1998.000000 1.458947
 1999.000000 1.463026
 2000.000000 1.463153
 2001.000000 1.458850
 2002.000000 1.450060
 2003.000000 1.437478
 2004.000000 1.422676
 2005.000000 1.407819
 2006.000000 1.395100
 2007.000000 1.386582
 2008.000000 1.383698
 2009.000000 1.386955
 2010.000000 1.395939
 2011.000000 1.409500
 2012.000000 1.425566
 2013.000000 1.441997
 2014.000000 1.456478
 2015.000000 1.467413
 2016.000000 1.473651
 2017.000000 1.474753
 2018.000000 1.470865
 2019.000000 1.462591
 2020.000000 1.451161
 2021.000000 1.437971
 2022.000000 1.424628
 2023.000000 1.412667
 2024.000000 1.403534
 2025.000000 1.398296
 2026.000000 1.397373
 2027.000000 1.400473
 2028.000000 1.406768
 2029.000000 1.415002
 2030.000000 1.423829
 2031.000000 1.432217
 2032.000000 1.439354
 2033.000000 1.444537
 2034.000000 1.447284
 2035.000000 1.447364
 2036.000000 1.444804
 2037.000000 1.439941
 2038.000000 1.433383
 2039.000000 1.425933
 2040.000000 1.418448
 2041.000000 1.411734
 2042.000000 1.406654
 2043.000000 1.404051
 2044.000000 1.404422
 2045.000000 1.407934
 2046.000000 1.414276
 2047.000000 1.422696
 2048.000000 1.431904
 2049.000000 1.440579
 2050.000000 1.447399
 2051.000000 1.451309
 2052.000000 1.451670
 2053.000000 1.448272
 2054.000000 1.441383
 2055.000000 1.431883
 2056.000000 1.421013
 2057.000000 1.410386
 2058.000000 1.401777
 2059.000000 1.396642
 2060.000000 1.395914
 2061.000000 1.399954
 2062.000000 1.408487
 2063.000000 1.420648
 2064.000000 1.435128
 2065.000000 1.449919
 2066.000000 1.463282
 2067.000000 1.473960
 2068.000000 1.480948
 2069.000000 1.483735
 2070.000000 1.482085
 2071.000000 1.476028
 2072.000000 1.465906
 2073.000000 1.452390
 2074.000000 1.436559
 2075.000000 1.419875
 2076.000000 1.404441
 2077.000000 1.392261
 2078.000000 1.384859
 2079.000000 1.383262
 2080.000000 1.387823
 2081.000000 1.398158
 2082.000000 1.413174
 2083.000000 1.431238
 2084.000000 1.450438
 2085.000000 1.468841
 2086.000000 1.484564
 2087.000000 1.495988
 2088.000000 1.501850
 2089.000000 1.501315
 2090.000000 1.494231
 2091.000000 1.480886
 2092.000000 1.462544
 2093.000000 1.441207
 2094.000000 1.419581
 2095.000000 1.400258
 2096.000000 1.385825
 2097.000000 1.378555
 2098.000000 1.379389
 2099.000000 1.387982
 2100.000000 1.402731
 2101.000000 1.421306
 2102.000000 1.441060
 2103.000000 1.459167
 2104.000000 1.473697
 2105.000000 1.483147
 2106.000000 1.486737
 2107.000000 1.484604
 2108.000000 1.477397
 2109.000000 1.466284
 2110.000000 1.452868
 2111.000000 1.438754
 2112.000000 1.425627
 2113.000000 1.415080
 2114.000000 1.408145
 2115.000000 1.405243
 2116.000000 1.406007
 2117.000000 1.409630
 2118.000000 1.415123
 2119.000000 1.421552
 2120.000000 1.427973
 2121.000000 1.433627
 2122.000000 1.437967
 2123.000000 1.440541
 2124.000000 1.441213
 2125.000000 1.440106
 2126.000000 1.437552
 2127.000000 1.433995
 2128.000000 1.429916
 2129.000000 1.425796
 2130.000000 1.422046
 2131.000000 1.419242
 2132.000000 1.418058
 2133.000000 1.419129
 2134.000000 1.422849
 2135.000000 1.429197
 2136.000000 1.437797
 2137.000000 1.447880
 2138.000000 1.458360
 2139.000000 1.468014
 2140.000000 1.475702
 2141.000000 1.480454
 2142.000000 1.481516
 2143.000000 1.478481
 2144.000000 1.471391
 2145.000000 1.460860
 2146.000000 1.448043
 2147.000000 1.434237
 2148.000000 1.420897
 2149.000000 1.409643
 2150.000000 1.401674
 2151.000000 1.397798
 2152.000000 1.398192
 2153.000000 1.402389
 2154.000000 1.409413
 2155.000000 1.417874
 2156.000000 1.426271
 2157.000000 1.433538
 2158.000000 1.438763
 2159.000000 1.441489
 2160.000000 1.441646
 2161.000000 1.439421
 2162.000000 1.435209
 2163.000000 1.429586
 2164.000000 1.423331
 2165.000000 1.417193
 2166.000000 1.411873
 2167.000000 1.407853
 2168.000000 1.405468
 2169.000000 1.404876
 2170.000000 1.406159
 2171.000000 1.409314
 2172.000000 1.414165
 2173.000000 1.420487
 2174.000000 1.427811
 2175.000000 1.435557
 2176.000000 1.443093
 2177.000000 1.449794
 2178.000000 1.455017
 2179.000000 1.458224
 2180.000000 1.458973
 2181.000000 1.457123
 2182.000000 1.452919
 2183.000000 1.447064
 2184.000000 1.440527
 2185.000000 1.434355
 2186.000000 1.429681
 2187.000000 1.427260
 2188.000000 1.427510
 2189.000000 1.430347
 2190.000000 1.435226
 2191.000000 1.441337
 2192.000000 1.447414
 2193.000000 1.452294
 2194.000000 1.455048
 2195.000000 1.455164
 2196.000000 1.452612
 2197.000000 1.447757
 2198.000000 1.441297
 2199.000000 1.433920
 2200.000000 1.426311
 2201.000000 1.419237
 2202.000000 1.413338
 2203.000000 1.409178
 2204.000000 1.407030
 2205.000000 1.406923
 2206.000000 1.408630
 2207.000000 1.411752
 2208.000000 1.415951
 2209.000000 1.420958
 2210.000000 1.426472
 2211.000000 1.432081
 2212.000000 1.437457
 2213.000000 1.442279
 2214.000000 1.446202
 2215.000000 1.448906
 2216.000000 1.450149
 2217.000000 1.449722
 2218.000000 1.447520
 2219.000000 1.443591
 2220.000000 1.438220
 2221.000000 1.432078
 2222.000000 1.426071
 2223.000000 1.421140
 2224.000000 1.418004
 2225.000000 1.417181
 2226.000000 1.418905
 2227.000000 1.423032
 2228.000000 1.429133
 2229.000000 1.436403
 2230.000000 1.443774
 2231.000000 1.450130
 2232.000000 1.454354
 2233.000000 1.455843
 2234.000000 1.454455
 2235.000000 1.450548
 2236.000000 1.444831
 2237.000000 1.438186
 2238.000000 1.431496
 2239.000000 1.425501
 2240.000000 1.420699
 2241.000000 1.417399
 2242.000000 1.415463
 2243.000000 1.414489
 2244.000000 1.413961
 2245.000000 1.413433
 2246.000000 1.412747
 2247.000000 1.412075
 2248.000000 1.411856
 2249.000000 1.412663
 2250.000000 1.415020
 2251.000000 1.419238
 2252.000000 1.425330
 2253.000000 1.432901
 2254.000000 1.441322
 2255.000000 1.449609
 2256.000000 1.456664
 2257.000000 1.461509
 2258.000000 1.463465
 2259.000000 1.462372
 2260.000000 1.458550
 2261.000000 1.452605
 2262.000000 1.445297
 2263.000000 1.437403
 2264.000000 1.429651
 2265.000000 1.422683
 2266.000000 1.416895
 2267.000000 1.412593
 2268.000000 1.409907
 2269.000000 1.408757
 2270.000000 1.408967
 2271.000000 1.410412
 2272.000000 1.413067
 2273.000000 1.416950
 2274.000000 1.422027
 2275.000000 1.428095
 2276.000000 1.434714
 2277.000000 1.441411
 2278.000000 1.447546
 2279.000000 1.452477
 2280.000000 1.455497
 2281.000000 1.455945
 2282.000000 1.453410
 2283.000000 1.447896
 2284.000000 1.439916
 2285.000000 1.430584
 2286.000000 1.421271
 2287.000000 1.413442
 2288.000000 1.408328
 2289.000000 1.406737
 2290.000000 1.408838
 2291.000000 1.414263
 2292.000000 1.422134
 2293.000000 1.431315
 2294.000000 1.440415
 2295.000000 1.448093
 2296.000000 1.453358
 2297.000000 1.455916
 2298.000000 1.455914
 2299.000000 1.453866
 2300.000000 1.450485
 2301.000000 1.446532
 2302.000000 1.442641
 2303.000000 1.439434
 2304.000000 1.437289
 2305.000000 1.436395
 2306.000000 1.436656
 2307.000000 1.437756
 2308.000000 1.439243
 2309.000000 1.440731
 2310.000000 1.441969
 2311.000000 1.442873
 2312.000000 1.443427
 2313.000000 1.443591
 2314.000000 1.443284
 2315.000000 1.442392
 2316.000000 1.440809
 2317.000000 1.438444
 2318.000000 1.435303
 2319.000000 1.431391
 2320.000000 1.426812
 2321.000000 1.421817
 2322.000000 1.416790
 2323.000000 1.412301
 2324.000000 1.409113
 2325.000000 1.407858
 2326.000000 1.408956
 2327.000000 1.412500
 2328.000000 1.418226
 2329.000000 1.425572
 2330.000000 1.433701
 2331.000000 1.441723
 2332.000000 1.448575
 2333.000000 1.453379
 2334.000000 1.455521
 2335.000000 1.454682
 2336.000000 1.451011
 2337.000000 1.445098
 2338.000000 1.437926
 2339.000000 1.430597
 2340.000000 1.424034
 2341.000000 1.419069
 2342.000000 1.416151
 2343.000000 1.415455
 2344.000000 1.416867
 2345.000000 1.419995
 2346.000000 1.424239
 2347.000000 1.428936
 2348.000000 1.433578
 2349.000000 1.437842
 2350.000000 1.441619
 2351.000000 1.444902
 2352.000000 1.447663
 2353.000000 1.449779
 2354.000000 1.451080
 2355.000000 1.451347
 2356.000000 1.450397
 2357.000000 1.448146
 2358.000000 1.444544
 2359.000000 1.439665
 2360.000000 1.433804
 2361.000000 1.427509
 2362.000000 1.421635
 2363.000000 1.417161
 2364.000000 1.414990
 2365.000000 1.415588
 2366.000000 1.418933
 2367.000000 1.424544
 2368.000000 1.431576
 2369.000000 1.438962
 2370.000000 1.445594
 2371.000000 1.450499
 2372.000000 1.452924
 2373.000000 1.452533
 2374.000000 1.449501
 2375.000000 1.444493
 2376.000000 1.438520
 2377.000000 1.432782
 2378.000000 1.428445
 2379.000000 1.426354
 2380.000000 1.426897
 2381.000000 1.430015
 2382.000000 1.435246
 2383.000000 1.441753
 2384.000000 1.448602
 2385.000000 1.454793
 2386.000000 1.459576
 2387.000000 1.462353
 2388.000000 1.462886
 2389.000000 1.461148
 2390.000000 1.457312
 2391.000000 1.451693
 2392.000000 1.444812
 2393.000000 1.437140
 2394.000000 1.429463
 2395.000000 1.422648
 2396.000000 1.417445
 2397.000000 1.414443
 2398.000000 1.413896
 2399.000000 1.415836
 2400.000000 1.420126
 2401.000000 1.426429
 2402.000000 1.434191
 2403.000000 1.442782
 2404.000000 1.451420
 2405.000000 1.459251
 2406.000000 1.465284
 2407.000000 1.468852
 2408.000000 1.469482
 2409.000000 1.466878
 2410.000000 1.460972
 2411.000000 1.452015
 2412.000000 1.440759
 2413.000000 1.428294
 2414.000000 1.416156
 2415.000000 1.405838
 2416.000000 1.398796
 2417.000000 1.395941
 2418.000000 1.397668
 2419.000000 1.403685
 2420.000000 1.413060
 2421.000000 1.424621
 2422.000000 1.436901
 2423.000000 1.448297
 2424.000000 1.457462
 2425.000000 1.463333
 2426.000000 1.465293
 2427.000000 1.463317
 2428.000000 1.457889
 2429.000000 1.449986
 2430.000000 1.440807
 2431.000000 1.431800
 2432.000000 1.424065
 2433.000000 1.418629
 2434.000000 1.416048
 2435.000000 1.416446
 2436.000000 1.419457
 2437.000000 1.424374
 2438.000000 1.430267
 2439.000000 1.436066
 2440.000000 1.440762
 2441.000000 1.443597
 2442.000000 1.444165
 2443.000000 1.442488
 2444.000000 1.438933
 2445.000000 1.434175
 2446.000000 1.428986
 2447.000000 1.424187
 2448.000000 1.420392
 2449.000000 1.417976
 2450.000000 1.417094
 2451.000000 1.417734
 2452.000000 1.419735
 2453.000000 1.422836
 2454.000000 1.426633
 2455.000000 1.430659
 2456.000000 1.434421
 2457.000000 1.437419
 2458.000000 1.439266
 2459.000000 1.439739
 2460.000000 1.438746
 2461.000000 1.436264
 2462.000000 1.432376
 2463.000000 1.427281
 2464.000000 1.421325
 2465.000000 1.415149
 2466.000000 1.409546
 2467.000000 1.405259
 2468.000000 1.402786
 2469.000000 1.402368
 2470.000000 1.403965
 2471.000000 1.407294
 2472.000000 1.411965
 2473.000000 1.417525
 2474.000000 1.423379
 2475.000000 1.428962
 2476.000000 1.433633
 2477.000000 1.436837
 2478.000000 1.438213
 2479.000000 1.437676
 2480.000000 1.435442
 2481.000000 1.431898
 2482.000000 1.427603
 2483.000000 1.423117
 2484.000000 1.418937
 2485.000000 1.415610
 2486.000000 1.413660
 2487.000000 1.413434
 2488.000000 1.415033
 2489.000000 1.418221
 2490.000000 1.422462
 2491.000000 1.427117
 2492.000000 1.431496
 2493.000000 1.435144
 2494.000000 1.437847
 2495.000000 1.439619
 2496.000000 1.440643
 2497.000000 1.441115
 2498.000000 1.441205
 2499.000000 1.441002
 2500.000000 1.440576
 2501.000000 1.440019
 2502.000000 1.439475
 2503.000000 1.439123
 2504.000000 1.439128
 2505.000000 1.439614
 2506.000000 1.440629
 2507.000000 1.442145
 2508.000000 1.444074
 2509.000000 1.446205
 2510.000000 1.448196
 2511.000000 1.449497
 2512.000000 1.449453
 2513.000000 1.447402
 2514.000000 1.442965
 2515.000000 1.436219
 2516.000000 1.427741
 2517.000000 1.418553
 2518.000000 1.410077
 2519.000000 1.403395
 2520.000000 1.399531
 2521.000000 1.399092
 2522.000000 1.402283
 2523.000000 1.408837
 2524.000000 1.418018
 2525.000000 1.428626
 2526.000000 1.439204
 2527.000000 1.448172
 2528.000000 1.454237
 2529.000000 1.456709
 2530.000000 1.455379
 2531.000000 1.450580
 2532.000000 1.443058
 2533.000000 1.433952
 2534.000000 1.424695
 2535.000000 1.416548
 2536.000000 1.410661
 2537.000000 1.407826
 2538.000000 1.408394
 2539.000000 1.412205
 2540.000000 1.418608
 2541.000000 1.426606
 2542.000000 1.435195
 2543.000000 1.443226
 2544.000000 1.449986
 2545.000000 1.454884
 2546.000000 1.457519
 2547.000000 1.457711
 2548.000000 1.455515
 2549.000000 1.451187
 2550.000000 1.445235
 2551.000000 1.438506
 2552.000000 1.431717
 2553.000000 1.425508
 2554.000000 1.420273
 2555.000000 1.416322
 2556.000000 1.413931
 2557.000000 1.413385
 2558.000000 1.414807
 2559.000000 1.418071
 2560.000000 1.422758
 2561.000000 1.428268
 2562.000000 1.433905
 2563.000000 1.439019
 2564.000000 1.442809
 2565.000000 1.444691
 2566.000000 1.444357
 2567.000000 1.441793
 2568.000000 1.437249
 2569.000000 1.431433
 2570.000000 1.425412
 2571.000000 1.420354
 2572.000000 1.417394
 2573.000000 1.417427
 2574.000000 1.420892
 2575.000000 1.427646
 2576.000000 1.437072
 2577.000000 1.447970
 2578.000000 1.458944
 2579.000000 1.468679
 2580.000000 1.476041
 2581.000000 1.480172
 2582.000000 1.480515
 2583.000000 1.476989
 2584.000000 1.469841
 2585.000000 1.459662
 2586.000000 1.447436
 2587.000000 1.434487
 2588.000000 1.422126
 2589.000000 1.411501
 2590.000000 1.403789
 2591.000000 1.399705
 2592.000000 1.399483
 2593.000000 1.402892
 2594.000000 1.409311
 2595.000000 1.417921
 2596.000000 1.427633
 2597.000000 1.437382
 2598.000000 1.446113
 2599.000000 1.452797
 2600.000000 1.456690
 2601.000000 1.457428
 2602.000000 1.455048
 2603.000000 1.449905
 2604.000000 1.442668
 2605.000000 1.434184
 2606.000000 1.425371
 2607.000000 1.417454
 2608.000000 1.411516
 2609.000000 1.408627
 2610.000000 1.409345
 2611.000000 1.413718
 2612.000000 1.421336
 2613.000000 1.431054
 2614.000000 1.441636
 2615.000000 1.451616
 2616.000000 1.459709
 2617.000000 1.464912
 2618.000000 1.466663
 2619.000000 1.464699
 2620.000000 1.459173
 2621.000000 1.450700
 2622.000000 1.440299
 2623.000000 1.429427
 2624.000000 1.419627
 2625.000000 1.412184
 2626.000000 1.408134
 2627.000000 1.407945
 2628.000000 1.411461
 2629.000000 1.417903
 2630.000000 1.426041
 2631.000000 1.434478
 2632.000000 1.441773
 2633.000000 1.446546
 2634.000000 1.447950
 2635.000000 1.445607
 2636.000000 1.439718
 2637.000000 1.431073
 2638.000000 1.420816
 2639.000000 1.410245
 2640.000000 1.400904
 2641.000000 1.394392
 2642.000000 1.391588
 2643.000000 1.392990
 2644.000000 1.398470
 2645.000000 1.407335
 2646.000000 1.418518
 2647.000000 1.430878
 2648.000000 1.443102
 2649.000000 1.453925
 2650.000000 1.462436
 2651.000000 1.467872
 2652.000000 1.469793
 2653.000000 1.468084
 2654.000000 1.462958
 2655.000000 1.454888
 2656.000000 1.444655
 2657.000000 1.433187
 2658.000000 1.421725
 2659.000000 1.411524
 2660.000000 1.404019
 2661.000000 1.400512
 2662.000000 1.401786
 2663.000000 1.407938
 2664.000000 1.418264
 2665.000000 1.431751
 2666.000000 1.446832
 2667.000000 1.461738
 2668.000000 1.474796
 2669.000000 1.484378
 2670.000000 1.489383
 2671.000000 1.489082
 2672.000000 1.483376
 2673.000000 1.472829
 2674.000000 1.458557
 2675.000000 1.442217
 2676.000000 1.425939
 2677.000000 1.411817
 2678.000000 1.401432
 2679.000000 1.396294
 2680.000000 1.397175
 2681.000000 1.403973
 2682.000000 1.415606
 2683.000000 1.430420
 2684.000000 1.446505
 2685.000000 1.461956
 2686.000000 1.474804
 2687.000000 1.483640
 2688.000000 1.487819
 2689.000000 1.487376
 2690.000000 1.482727
 2691.000000 1.474717
 2692.000000 1.464373
 2693.000000 1.452759
 2694.000000 1.440949
 2695.000000 1.430232
 2696.000000 1.421573
 2697.000000 1.415680
 2698.000000 1.413035
 2699.000000 1.413677
 2700.000000 1.417326
 2701.000000 1.423433
 2702.000000 1.431195
 2703.000000 1.439693
 2704.000000 1.447885
 2705.000000 1.454915
 2706.000000 1.459805
 2707.000000 1.461804
 2708.000000 1.460444
 2709.000000 1.455619
 2710.000000 1.447601
 2711.000000 1.437090
 2712.000000 1.425115
 2713.000000 1.413309
 2714.000000 1.403197
 2715.000000 1.396337
 2716.000000 1.393819
 2717.000000 1.396168
 2718.000000 1.403170
 2719.000000 1.413903
 2720.000000 1.426826
 2721.000000 1.440172
 2722.000000 1.452352
 2723.000000 1.461516
 2724.000000 1.466556
 2725.000000 1.467066
 2726.000000 1.463170
 2727.000000 1.455576
 2728.000000 1.445621
 2729.000000 1.434632
 2730.000000 1.424173
 2731.000000 1.415604
 2732.000000 1.410010
 2733.000000 1.408069
 2734.000000 1.409784
 2735.000000 1.414620
 2736.000000 1.421576
 2737.000000 1.429425
 2738.000000 1.436923
 2739.000000 1.442955
 2740.000000 1.446850
 2741.000000 1.448140
 2742.000000 1.446793
 2743.000000 1.443067
 2744.000000 1.437590
 2745.000000 1.431115
 2746.000000 1.424440
