#! FIELDS time d
 0.000000 1.395008
 1.000000 1.387406
 2.000000 1.380198
 3.000000 1.374660
 4.000000 1.371904
 5.000000 1.372734
 6.000000 1.377445
 7.000000 1.385723
 8.000000 1.396581
 9.000000 1.408800
 10.000000 1.420798
 11.000000 1.430944
 12.000000 1.438006
 13.000000 1.440999
 14.000000 1.439453
 15.000000 1.433415
 16.000000 1.423447
 17.000000 1.410587
 18.000000 1.396376
 19.000000 1.382329
 20.000000 1.370444
 21.000000 1.362316
 22.000000 1.358754
 23.000000 1.360043
 24.000000 1.365680
 25.000000 1.374494
 26.000000 1.384801
 27.000000 1.394944
 28.000000 1.403437
 29.000000 1.409417
 30.000000 1.412369
 31.000000 1.412388
 32.000000 1.409891
 33.000000 1.405590
 34.000000 1.400191
 35.000000 1.394646
 36.000000 1.389764
 37.000000 1.386219
 38.000000 1.384365
 39.000000 1.384391
 40.000000 1.386259
 41.000000 1.389801
 42.000000 1.394677
 43.000000 1.400443
 44.000000 1.406527
 45.000000 1.412320
 46.000000 1.417066
 47.000000 1.420083
 48.000000 1.420867
 49.000000 1.419150
 50.000000 1.414951
 51.000000 1.408594
 52.000000 1.400758
 53.000000 1.392385
 54.000000 1.384539
 55.000000 1.378266
 56.000000 1.374672
 57.000000 1.374448
 58.000000 1.377859
 59.000000 1.384564
 60.000000 1.393800
 61.000000 1.404570
 62.000000 1.415443
 63.000000 1.425037
 64.000000 1.432218
 65.000000 1.436190
 66.000000 1.436507
 67.000000 1.433280
 68.000000 1.427119
 69.000000 1.419070
 70.000000 1.410307
 71.000000 1.401995
 72.000000 1.395199
 73.000000 1.390765
 74.000000 1.389102
 75.000000 1.390230
 76.000000 1.393742
 77.000000 1.398903
 78.000000 1.404654
 79.000000 1.409941
 80.000000 1.413916
 81.000000 1.415872
 82.000000 1.415492
 83.000000 1.412833
 84.000000 1.408295
 85.000000 1.402519
 86.000000 1.396462
 87.000000 1.391068
 88.000000 1.387220
 89.000000 1.385631
 90.000000 1.386657
 91.000000 1.390230
 92.000000 1.395948
 93.000000 1.403027
 94.000000 1.410698
 95.000000 1.418190
 96.000000 1.424839
 97.000000 1.430013
 98.000000 1.433249
 99.000000 1.434183
 100.000000 1.432736
 101.000000 1.429060
 102.000000 1.423557
 103.000000 1.416662
 104.000000 1.409008
 105.000000 1.401412
 106.000000 1.394518
 107.000000 1.388988
 108.000000 1.385488
 109.000000 1.384549
 110.000000 1.386310
 111.000000 1.390462
 112.000000 1.396269
 113.000000 1.402749
 114.000000 1.408697
 115.000000 1.412946
 116.000000 1.414595
 117.000000 1.413125
 118.000000 1.408454
 119.000000 1.401032
 120.000000 1.391832
 121.000000 1.382294
 122.000000 1.374204
 123.000000 1.369066
 124.000000 1.367972
 125.000000 1.371387
 126.000000 1.379054
 127.000000 1.390063
 128.000000 1.403185
 129.000000 1.416711
 130.000000 1.428745
 131.000000 1.437805
 132.000000 1.442561
 133.000000 1.442329
 134.000000 1.437021
 135.000000 1.427190
 136.000000 1.414054
 137.000000 1.399226
 138.000000 1.384581
 139.000000 1.372185
 140.000000 1.363550
 141.000000 1.359954
 142.000000 1.361678
 143.000000 1.368155
 144.000000 1.378091
 145.000000 1.389674
 146.000000 1.400812
 147.000000 1.409855
 148.000000 1.415593
 149.000000 1.417369
 150.000000 1.415339
 151.000000 1.410233
 152.000000 1.403286
 153.000000 1.395957
 154.000000 1.389790
 155.000000 1.385957
 156.000000 1.385148
 157.000000 1.387583
 158.000000 1.392923
 159.000000 1.400313
 160.000000 1.408676
 161.000000 1.416912
 162.000000 1.423928
 163.000000 1.429075
 164.000000 1.431711
 165.000000 1.431453
 166.000000 1.428143
 167.000000 1.421968
 168.000000 1.413336
 169.000000 1.402962
 170.000000 1.391850
 171.000000 1.381117
 172.000000 1.371726
 173.000000 1.364631
 174.000000 1.360563
 175.000000 1.360027
 176.000000 1.363071
 177.000000 1.369250
 178.000000 1.377773
 179.000000 1.387631
 180.000000 1.397547
 181.000000 1.406532
 182.000000 1.413561
 183.000000 1.417895
 184.000000 1.419241
 185.000000 1.417622
 186.000000 1.413297
 187.000000 1.406908
 188.000000 1.399201
 189.000000 1.391212
 190.000000 1.384155
 191.000000 1.379000
 192.000000 1.376518
 193.000000 1.377092
 194.000000 1.380583
 195.000000 1.386314
 196.000000 1.393323
 197.000000 1.400355
 198.000000 1.406288
 199.000000 1.410222
 200.000000 1.411601
 201.000000 1.410181
 202.000000 1.406175
 203.000000 1.400148
 204.000000 1.393116
 205.000000 1.386030
 206.000000 1.380132
 207.000000 1.376489
 208.000000 1.375870
 209.000000 1.378626
 210.000000 1.384621
 211.000000 1.393217
 212.000000 1.403503
 213.000000 1.414297
 214.000000 1.424118
 215.000000 1.431987
 216.000000 1.437134
 217.000000 1.439025
 218.000000 1.437512
 219.000000 1.432740
 220.000000 1.425320
 221.000000 1.416022
 222.000000 1.405922
 223.000000 1.396004
 224.000000 1.387483
 225.000000 1.381434
 226.000000 1.378495
 227.000000 1.378877
 228.000000 1.382305
 229.000000 1.388071
 230.000000 1.395330
 231.000000 1.403017
 232.000000 1.410159
 233.000000 1.416010
 234.000000 1.420096
 235.000000 1.422244
 236.000000 1.422484
 237.000000 1.421095
 238.000000 1.418475
 239.000000 1.415123
 240.000000 1.411532
 241.000000 1.408179
 242.000000 1.405446
 243.000000 1.403567
 244.000000 1.402692
 245.000000 1.402828
 246.000000 1.403852
 247.000000 1.405518
 248.000000 1.407495
 249.000000 1.409449
 250.000000 1.411032
 251.000000 1.411973
 252.000000 1.412119
 253.000000 1.411418
 254.000000 1.409926
 255.000000 1.407801
 256.000000 1.405276
 257.000000 1.402575
 258.000000 1.399893
 259.000000 1.397495
 260.000000 1.395574
 261.000000 1.394323
 262.000000 1.393859
 263.000000 1.394207
 264.000000 1.395314
 265.000000 1.397038
 266.000000 1.399154
 267.000000 1.401383
 268.000000 1.403375
 269.000000 1.404804
 270.000000 1.405389
 271.000000 1.404959
 272.000000 1.403509
 273.000000 1.401194
 274.000000 1.398356
 275.000000 1.395385
 276.000000 1.392688
 277.000000 1.390702
 278.000000 1.389782
 279.000000 1.390140
 280.000000 1.391787
 281.000000 1.394491
 282.000000 1.397819
 283.000000 1.401119
 284.000000 1.403663
 285.000000 1.404806
 286.000000 1.404186
 287.000000 1.401783
 288.000000 1.397965
 289.000000 1.393364
 290.000000 1.388816
 291.000000 1.385090
 292.000000 1.382816
 293.000000 1.382375
 294.000000 1.383856
 295.000000 1.387111
 296.000000 1.391807
 297.000000 1.397511
 298.000000 1.403824
 299.000000 1.410213
 300.000000 1.416331
 301.000000 1.421787
 302.000000 1.426230
 303.000000 1.429413
 304.000000 1.431163
 305.000000 1.431300
 306.000000 1.429726
 307.000000 1.426452
 308.000000 1.421690
 309.000000 1.415894
 310.000000 1.409627
 311.000000 1.403560
 312.000000 1.398576
 313.000000 1.395331
 314.000000 1.394172
 315.000000 1.395127
 316.000000 1.397819
 317.000000 1.401582
 318.000000 1.405485
 319.000000 1.408535
 320.000000 1.410011
 321.000000 1.409553
 322.000000 1.407299
 323.000000 1.403863
 324.000000 1.400032
 325.000000 1.396708
 326.000000 1.394717
 327.000000 1.394549
 328.000000 1.396347
 329.000000 1.399909
 330.000000 1.404734
 331.000000 1.410061
 332.000000 1.415001
 333.000000 1.418795
 334.000000 1.420751
 335.000000 1.420459
 336.000000 1.417770
 337.000000 1.412850
 338.000000 1.406127
 339.000000 1.398223
 340.000000 1.389869
 341.000000 1.381860
 342.000000 1.375217
 343.000000 1.370819
 344.000000 1.369366
 345.000000 1.371280
 346.000000 1.376533
 347.000000 1.384589
 348.000000 1.394624
 349.000000 1.405544
 350.000000 1.416064
 351.000000 1.425225
 352.000000 1.432365
 353.000000 1.437051
 354.000000 1.439109
 355.000000 1.438589
 356.000000 1.435781
 357.000000 1.431126
 358.000000 1.425188
 359.000000 1.418519
 360.000000 1.411629
 361.000000 1.405153
 362.000000 1.399584
 363.000000 1.395365
 364.000000 1.392831
 365.000000 1.392131
 366.000000 1.393247
 367.000000 1.395928
 368.000000 1.399681
 369.000000 1.403794
 370.000000 1.407409
 371.000000 1.409561
 372.000000 1.409488
 373.000000 1.406768
 374.000000 1.401475
 375.000000 1.394360
 376.000000 1.386879
 377.000000 1.380521
 378.000000 1.376685
 379.000000 1.376391
 380.000000 1.379902
 381.000000 1.386578
 382.000000 1.395427
 383.000000 1.405250
 384.000000 1.414858
 385.000000 1.423317
 386.000000 1.429833
 387.000000 1.433941
 388.000000 1.435406
 389.000000 1.434352
 390.000000 1.431188
 391.000000 1.426513
 392.000000 1.421065
 393.000000 1.415611
 394.000000 1.410824
 395.000000 1.407220
 396.000000 1.405133
 397.000000 1.404697
 398.000000 1.405725
 399.000000 1.407837
 400.000000 1.410577
 401.000000 1.413398
 402.000000 1.415783
 403.000000 1.417228
 404.000000 1.417422
 405.000000 1.416261
 406.000000 1.413862
 407.000000 1.410622
 408.000000 1.407104
 409.000000 1.403851
 410.000000 1.401158
 411.000000 1.399146
 412.000000 1.397817
 413.000000 1.397212
 414.000000 1.397521
 415.000000 1.398972
 416.000000 1.401687
 417.000000 1.405466
 418.000000 1.409893
 419.000000 1.414336
 420.000000 1.418338
 421.000000 1.421491
 422.000000 1.423298
 423.000000 1.423373
 424.000000 1.421311
 425.000000 1.416847
 426.000000 1.410064
 427.000000 1.401244
 428.000000 1.391417
 429.000000 1.381986
 430.000000 1.374666
 431.000000 1.370985
 432.000000 1.371760
 433.000000 1.377203
 434.000000 1.386948
 435.000000 1.400041
 436.000000 1.415369
 437.000000 1.431253
 438.000000 1.446080
 439.000000 1.458244
 440.000000 1.466741
 441.000000 1.470753
 442.000000 1.469902
 443.000000 1.464311
 444.000000 1.454569
 445.000000 1.441813
 446.000000 1.427419
 447.000000 1.413040
 448.000000 1.400399
 449.000000 1.390837
 450.000000 1.385362
 451.000000 1.384381
 452.000000 1.387703
 453.000000 1.394552
 454.000000 1.403610
 455.000000 1.413207
 456.000000 1.421724
 457.000000 1.427688
 458.000000 1.430035
 459.000000 1.428271
 460.000000 1.422410
 461.000000 1.413055
 462.000000 1.401149
 463.000000 1.387992
 464.000000 1.375071
 465.000000 1.363918
 466.000000 1.356141
 467.000000 1.352995
 468.000000 1.355144
 469.000000 1.362373
 470.000000 1.373546
 471.000000 1.386974
 472.000000 1.400718
 473.000000 1.413225
 474.000000 1.423475
 475.000000 1.430989
 476.000000 1.435687
 477.000000 1.437648
 478.000000 1.437077
 479.000000 1.434229
 480.000000 1.429455
 481.000000 1.423235
 482.000000 1.416177
 483.000000 1.409014
 484.000000 1.402533
 485.000000 1.397463
 486.000000 1.394437
 487.000000 1.393928
 488.000000 1.396165
 489.000000 1.400971
 490.000000 1.407785
 491.000000 1.415733
 492.000000 1.423752
 493.000000 1.430724
 494.000000 1.435524
 495.000000 1.437469
 496.000000 1.436247
 497.000000 1.432013
 498.000000 1.425350
 499.000000 1.417229
 500.000000 1.408947
 501.000000 1.401957
 502.000000 1.397668
 503.000000 1.396892
 504.000000 1.400003
 505.000000 1.406729
 506.000000 1.416273
 507.000000 1.427364
 508.000000 1.438528
 509.000000 1.448068
 510.000000 1.454493
 511.000000 1.456818
 512.000000 1.454572
 513.000000 1.448009
 514.000000 1.437977
 515.000000 1.425802
 516.000000 1.412780
 517.000000 1.400354
 518.000000 1.389972
 519.000000 1.382784
 520.000000 1.379613
 521.000000 1.380937
 522.000000 1.386702
 523.000000 1.396199
 524.000000 1.408345
 525.000000 1.421614
 526.000000 1.434460
 527.000000 1.445626
 528.000000 1.454139
 529.000000 1.459476
 530.000000 1.461460
 531.000000 1.459982
 532.000000 1.455199
 533.000000 1.447387
 534.000000 1.437268
 535.000000 1.425821
 536.000000 1.413975
 537.000000 1.402777
 538.000000 1.393308
 539.000000 1.386479
 540.000000 1.383153
 541.000000 1.383894
 542.000000 1.388620
 543.000000 1.396609
 544.000000 1.406527
 545.000000 1.416940
 546.000000 1.426237
 547.000000 1.433077
 548.000000 1.436361
 549.000000 1.435336
 550.000000 1.429702
 551.000000 1.419855
 552.000000 1.406864
 553.000000 1.392647
 554.000000 1.379532
 555.000000 1.369439
 556.000000 1.364123
 557.000000 1.364395
 558.000000 1.370161
 559.000000 1.380434
 560.000000 1.393515
 561.000000 1.407343
 562.000000 1.419875
 563.000000 1.429327
 564.000000 1.434129
 565.000000 1.433455
 566.000000 1.427366
 567.000000 1.416692
 568.000000 1.402918
 569.000000 1.387876
 570.000000 1.373955
 571.000000 1.363520
 572.000000 1.358429
 573.000000 1.359734
 574.000000 1.367279
 575.000000 1.379751
 576.000000 1.395121
 577.000000 1.410956
 578.000000 1.425288
 579.000000 1.436774
 580.000000 1.444624
 581.000000 1.448572
 582.000000 1.448616
 583.000000 1.444979
 584.000000 1.438106
 585.000000 1.428748
 586.000000 1.418017
 587.000000 1.406882
 588.000000 1.396514
 589.000000 1.387757
 590.000000 1.381208
 591.000000 1.377456
 592.000000 1.376846
 593.000000 1.379568
 594.000000 1.385501
 595.000000 1.394143
 596.000000 1.404636
 597.000000 1.415874
 598.000000 1.426620
 599.000000 1.435990
 600.000000 1.443155
 601.000000 1.447134
 602.000000 1.446965
 603.000000 1.441856
 604.000000 1.431690
 605.000000 1.417263
 606.000000 1.400316
 607.000000 1.383670
 608.000000 1.370422
 609.000000 1.363057
 610.000000 1.363031
 611.000000 1.370353
 612.000000 1.383656
 613.000000 1.400555
 614.000000 1.418324
 615.000000 1.434307
 616.000000 1.446705
 617.000000 1.454158
 618.000000 1.456096
 619.000000 1.452576
 620.000000 1.444243
 621.000000 1.432232
 622.000000 1.418035
 623.000000 1.403410
 624.000000 1.390103
 625.000000 1.379721
 626.000000 1.373799
 627.000000 1.373129
 628.000000 1.377561
 629.000000 1.386050
 630.000000 1.396913
 631.000000 1.407865
 632.000000 1.416918
 633.000000 1.422589
 634.000000 1.424195
 635.000000 1.421835
 636.000000 1.416256
 637.000000 1.408724
 638.000000 1.400619
 639.000000 1.393218
 640.000000 1.387420
 641.000000 1.383746
 642.000000 1.382102
 643.000000 1.381978
 644.000000 1.382715
 645.000000 1.383978
 646.000000 1.385950
 647.000000 1.389074
 648.000000 1.393537
 649.000000 1.398907
 650.000000 1.404286
 651.000000 1.408665
 652.000000 1.411178
 653.000000 1.411375
 654.000000 1.409241
 655.000000 1.405090
 656.000000 1.399406
 657.000000 1.392665
 658.000000 1.385375
 659.000000 1.378440
 660.000000 1.372927
 661.000000 1.369933
 662.000000 1.370372
 663.000000 1.374579
 664.000000 1.382197
 665.000000 1.392521
 666.000000 1.404317
 667.000000 1.416347
 668.000000 1.427115
 669.000000 1.435374
 670.000000 1.440120
 671.000000 1.440634
 672.000000 1.436558
 673.000000 1.428247
 674.000000 1.416893
 675.000000 1.404057
 676.000000 1.391704
 677.000000 1.381764
 678.000000 1.375679
 679.000000 1.374287
 680.000000 1.377751
 681.000000 1.385495
 682.000000 1.396269
 683.000000 1.408486
 684.000000 1.420168
 685.000000 1.429199
 686.000000 1.434009
 687.000000 1.433974
 688.000000 1.429234
 689.000000 1.420660
 690.000000 1.409673
 691.000000 1.397768
 692.000000 1.386569
 693.000000 1.377679
 694.000000 1.372483
 695.000000 1.371854
 696.000000 1.376041
 697.000000 1.384512
 698.000000 1.395952
 699.000000 1.408399
 700.000000 1.419845
 701.000000 1.428866
 702.000000 1.434685
 703.000000 1.437229
 704.000000 1.436796
 705.000000 1.433892
 706.000000 1.429030
 707.000000 1.422892
 708.000000 1.416305
 709.000000 1.409983
 710.000000 1.404570
 711.000000 1.400513
 712.000000 1.397924
 713.000000 1.396447
 714.000000 1.395554
 715.000000 1.394948
 716.000000 1.394698
 717.000000 1.395026
 718.000000 1.396030
 719.000000 1.397554
 720.000000 1.399208
 721.000000 1.400568
 722.000000 1.401311
 723.000000 1.401280
 724.000000 1.400481
 725.000000 1.398995
 726.000000 1.396928
 727.000000 1.394373
 728.000000 1.391436
 729.000000 1.388427
 730.000000 1.386005
 731.000000 1.385019
 732.000000 1.386154
 733.000000 1.389627
 734.000000 1.395187
 735.000000 1.402152
 736.000000 1.409720
 737.000000 1.417053
 738.000000 1.423301
 739.000000 1.427704
 740.000000 1.429506
 741.000000 1.428050
 742.000000 1.423064
 743.000000 1.414975
 744.000000 1.404949
 745.000000 1.394747
 746.000000 1.385994
 747.000000 1.380078
 748.000000 1.377884
 749.000000 1.379692
 750.000000 1.385282
 751.000000 1.393791
 752.000000 1.403924
 753.000000 1.414085
 754.000000 1.422576
 755.000000 1.428067
 756.000000 1.429586
 757.000000 1.426840
 758.000000 1.420265
 759.000000 1.411088
 760.000000 1.400775
 761.000000 1.391014
 762.000000 1.383294
 763.000000 1.378768
 764.000000 1.378116
 765.000000 1.381501
 766.000000 1.388459
 767.000000 1.397862
 768.000000 1.408133
 769.000000 1.417284
 770.000000 1.423603
 771.000000 1.426050
 772.000000 1.424409
 773.000000 1.419236
 774.000000 1.411444
 775.000000 1.402075
 776.000000 1.392288
 777.000000 1.382992
 778.000000 1.375078
 779.000000 1.369188
 780.000000 1.365862
 781.000000 1.365168
 782.000000 1.366658
 783.000000 1.369562
 784.000000 1.373154
 785.000000 1.377131
 786.000000 1.381515
 787.000000 1.386374
 788.000000 1.391728
 789.000000 1.397333
 790.000000 1.402831
 791.000000 1.407805
 792.000000 1.411860
 793.000000 1.414725
 794.000000 1.416160
 795.000000 1.415794
 796.000000 1.413242
 797.000000 1.408247
 798.000000 1.401134
 799.000000 1.392931
 800.000000 1.385225
 801.000000 1.379406
 802.000000 1.376735
 803.000000 1.377927
 804.000000 1.382999
 805.000000 1.391277
 806.000000 1.401681
 807.000000 1.412741
 808.000000 1.422782
 809.000000 1.430211
 810.000000 1.433933
 811.000000 1.433427
 812.000000 1.428967
 813.000000 1.421507
 814.000000 1.412367
 815.000000 1.402782
 816.000000 1.394134
 817.000000 1.387662
 818.000000 1.384376
 819.000000 1.384852
 820.000000 1.389010
 821.000000 1.395995
 822.000000 1.404536
 823.000000 1.413156
 824.000000 1.420370
 825.000000 1.425105
 826.000000 1.427063
 827.000000 1.426482
 828.000000 1.424005
 829.000000 1.420391
 830.000000 1.416335
 831.000000 1.412509
 832.000000 1.409528
 833.000000 1.407781
 834.000000 1.407443
 835.000000 1.408282
 836.000000 1.409672
 837.000000 1.410688
 838.000000 1.410426
 839.000000 1.408459
 840.000000 1.405059
 841.000000 1.401071
 842.000000 1.397450
 843.000000 1.394868
 844.000000 1.393672
 845.000000 1.394003
 846.000000 1.395883
 847.000000 1.399200
 848.000000 1.403761
 849.000000 1.409153
 850.000000 1.414946
 851.000000 1.420417
 852.000000 1.424802
 853.000000 1.427379
 854.000000 1.427767
 855.000000 1.426073
 856.000000 1.422774
 857.000000 1.418547
 858.000000 1.414166
 859.000000 1.410328
 860.000000 1.407678
 861.000000 1.406603
 862.000000 1.407137
 863.000000 1.408963
 864.000000 1.411533
 865.000000 1.414155
 866.000000 1.416123
 867.000000 1.416947
 868.000000 1.416412
 869.000000 1.414620
 870.000000 1.411963
 871.000000 1.409054
 872.000000 1.406606
 873.000000 1.405327
 874.000000 1.405794
 875.000000 1.408216
 876.000000 1.412308
 877.000000 1.417455
 878.000000 1.422667
 879.000000 1.426943
 880.000000 1.429526
 881.000000 1.430087
 882.000000 1.428807
 883.000000 1.426182
 884.000000 1.422845
 885.000000 1.419280
 886.000000 1.415806
 887.000000 1.412612
 888.000000 1.409742
 889.000000 1.407180
 890.000000 1.404963
 891.000000 1.403131
 892.000000 1.401701
 893.000000 1.400760
 894.000000 1.400483
 895.000000 1.401215
 896.000000 1.403431
 897.000000 1.407582
 898.000000 1.413911
 899.000000 1.422272
 900.000000 1.432051
 901.000000 1.442393
 902.000000 1.452131
 903.000000 1.460096
 904.000000 1.465229
 905.000000 1.466729
 906.000000 1.464107
 907.000000 1.457425
 908.000000 1.447405
 909.000000 1.435292
 910.000000 1.422744
 911.000000 1.411434
 912.000000 1.402730
 913.000000 1.397800
 914.000000 1.397273
 915.000000 1.401169
 916.000000 1.408834
 917.000000 1.419195
 918.000000 1.430691
 919.000000 1.441666
 920.000000 1.450554
 921.000000 1.456081
 922.000000 1.457515
 923.000000 1.454847
 924.000000 1.448783
 925.000000 1.440500
 926.000000 1.431369
 927.000000 1.422783
 928.000000 1.415813
 929.000000 1.411410
 930.000000 1.410144
 931.000000 1.412090
 932.000000 1.416830
 933.000000 1.423582
 934.000000 1.431348
 935.000000 1.439172
 936.000000 1.446066
 937.000000 1.451419
 938.000000 1.454808
 939.000000 1.455941
 940.000000 1.454662
 941.000000 1.451032
 942.000000 1.445329
 943.000000 1.437999
 944.000000 1.429709
 945.000000 1.421051
 946.000000 1.412547
 947.000000 1.404785
 948.000000 1.398387
 949.000000 1.394012
 950.000000 1.392163
 951.000000 1.393240
 952.000000 1.397260
 953.000000 1.403733
 954.000000 1.411940
 955.000000 1.420985
 956.000000 1.429789
 957.000000 1.437389
 958.000000 1.442936
 959.000000 1.445823
 960.000000 1.445656
 961.000000 1.442435
 962.000000 1.436626
 963.000000 1.429082
 964.000000 1.421053
 965.000000 1.414026
 966.000000 1.409128
 967.000000 1.407204
 968.000000 1.408499
 969.000000 1.412740
 970.000000 1.419155
 971.000000 1.426709
 972.000000 1.434238
 973.000000 1.440659
 974.000000 1.445119
 975.000000 1.447230
 976.000000 1.446974
 977.000000 1.444685
 978.000000 1.440879
 979.000000 1.436188
 980.000000 1.431277
 981.000000 1.426805
 982.000000 1.423395
 983.000000 1.421509
 984.000000 1.421341
 985.000000 1.422770
 986.000000 1.425353
 987.000000 1.428434
 988.000000 1.431386
 989.000000 1.433852
 990.000000 1.435805
 991.000000 1.437443
 992.000000 1.439017
 993.000000 1.440645
 994.000000 1.442305
 995.000000 1.443768
 996.000000 1.444703
 997.000000 1.444816
 998.000000 1.443945
 999.000000 1.442133
 1000.000000 1.439587
 1001.000000 1.436759
 1002.000000 1.434096
 1003.000000 1.431952
 1004.000000 1.430654
 1005.000000 1.430381
 1006.000000 1.431184
 1007.000000 1.432947
 1008.000000 1.435384
 1009.000000 1.438047
 1010.000000 1.440343
 1011.000000 1.441697
 1012.000000 1.441695
 1013.000000 1.440253
 1014.000000 1.437678
 1015.000000 1.434581
 1016.000000 1.431732
 1017.000000 1.429750
 1018.000000 1.429057
 1019.000000 1.429850
 1020.000000 1.432108
 1021.000000 1.435679
 1022.000000 1.440357
 1023.000000 1.445794
 1024.000000 1.451543
 1025.000000 1.457029
 1026.000000 1.461595
 1027.000000 1.464710
 1028.000000 1.465994
 1029.000000 1.465328
 1030.000000 1.462828
 1031.000000 1.458764
 1032.000000 1.453534
 1033.000000 1.447467
 1034.000000 1.440963
 1035.000000 1.434410
 1036.000000 1.428148
 1037.000000 1.422667
 1038.000000 1.418368
 1039.000000 1.415539
 1040.000000 1.414323
 1041.000000 1.414730
 1042.000000 1.416602
 1043.000000 1.419684
 1044.000000 1.423690
 1045.000000 1.428280
 1046.000000 1.433123
 1047.000000 1.437755
 1048.000000 1.441627
 1049.000000 1.444189
 1050.000000 1.445027
 1051.000000 1.444041
 1052.000000 1.441490
 1053.000000 1.437895
 1054.000000 1.434034
 1055.000000 1.430617
 1056.000000 1.428217
 1057.000000 1.427137
 1058.000000 1.427369
 1059.000000 1.428715
 1060.000000 1.430813
 1061.000000 1.433187
 1062.000000 1.435304
 1063.000000 1.436705
 1064.000000 1.437090
 1065.000000 1.436383
 1066.000000 1.434756
 1067.000000 1.432564
 1068.000000 1.430281
 1069.000000 1.428320
 1070.000000 1.426953
 1071.000000 1.426271
 1072.000000 1.426258
 1073.000000 1.426841
 1074.000000 1.427953
 1075.000000 1.429531
 1076.000000 1.431431
 1077.000000 1.433406
 1078.000000 1.435131
 1079.000000 1.436222
 1080.000000 1.436364
 1081.000000 1.435371
 1082.000000 1.433237
 1083.000000 1.430118
 1084.000000 1.426297
 1085.000000 1.422125
 1086.000000 1.417987
 1087.000000 1.414358
 1088.000000 1.411792
 1089.000000 1.410817
 1090.000000 1.411850
 1091.000000 1.414999
 1092.000000 1.419964
 1093.000000 1.426127
 1094.000000 1.432611
 1095.000000 1.438546
 1096.000000 1.443033
 1097.000000 1.445517
 1098.000000 1.445685
 1099.000000 1.443454
 1100.000000 1.439009
 1101.000000 1.432844
 1102.000000 1.425704
 1103.000000 1.418521
 1104.000000 1.412544
 1105.000000 1.408983
 1106.000000 1.408572
 1107.000000 1.411515
 1108.000000 1.417459
 1109.000000 1.425666
 1110.000000 1.435197
 1111.000000 1.444928
 1112.000000 1.453988
 1113.000000 1.461439
 1114.000000 1.466423
 1115.000000 1.468281
 1116.000000 1.466615
 1117.000000 1.461402
 1118.000000 1.453053
 1119.000000 1.442534
 1120.000000 1.431089
 1121.000000 1.420208
 1122.000000 1.411248
 1123.000000 1.405259
 1124.000000 1.403117
 1125.000000 1.405250
 1126.000000 1.411593
 1127.000000 1.421559
 1128.000000 1.434074
 1129.000000 1.447575
 1130.000000 1.460388
 1131.000000 1.471007
 1132.000000 1.478026
 1133.000000 1.480406
 1134.000000 1.477673
 1135.000000 1.469971
 1136.000000 1.458057
 1137.000000 1.442818
 1138.000000 1.425965
 1139.000000 1.409710
 1140.000000 1.396079
 1141.000000 1.386856
 1142.000000 1.383147
 1143.000000 1.385305
 1144.000000 1.392797
 1145.000000 1.404211
 1146.000000 1.417400
 1147.000000 1.430194
 1148.000000 1.440850
 1149.000000 1.448234
 1150.000000 1.451968
 1151.000000 1.452527
 1152.000000 1.450828
 1153.000000 1.447938
 1154.000000 1.444823
 1155.000000 1.442240
 1156.000000 1.440652
 1157.000000 1.440204
 1158.000000 1.440676
 1159.000000 1.441531
 1160.000000 1.442001
 1161.000000 1.441283
 1162.000000 1.438814
 1163.000000 1.434403
 1164.000000 1.428378
 1165.000000 1.421481
 1166.000000 1.414730
 1167.000000 1.409256
 1168.000000 1.406029
 1169.000000 1.405679
 1170.000000 1.408406
 1171.000000 1.413963
 1172.000000 1.421791
 1173.000000 1.430923
 1174.000000 1.440171
 1175.000000 1.448400
 1176.000000 1.454867
 1177.000000 1.458946
 1178.000000 1.460446
 1179.000000 1.459482
 1180.000000 1.456392
 1181.000000 1.451622
 1182.000000 1.445620
 1183.000000 1.438773
 1184.000000 1.431378
 1185.000000 1.423902
 1186.000000 1.416878
 1187.000000 1.410900
 1188.000000 1.406653
 1189.000000 1.404713
 1190.000000 1.405520
 1191.000000 1.409218
 1192.000000 1.415559
 1193.000000 1.423950
 1194.000000 1.433729
 1195.000000 1.444154
 1196.000000 1.454311
 1197.000000 1.463293
 1198.000000 1.470250
 1199.000000 1.474465
 1200.000000 1.475601
 1201.000000 1.473658
 1202.000000 1.469004
 1203.000000 1.462364
 1204.000000 1.454568
 1205.000000 1.446480
 1206.000000 1.438937
 1207.000000 1.432561
 1208.000000 1.427918
 1209.000000 1.425411
 1210.000000 1.425157
 1211.000000 1.426932
 1212.000000 1.430197
 1213.000000 1.434284
 1214.000000 1.438460
 1215.000000 1.442151
 1216.000000 1.445000
 1217.000000 1.446861
 1218.000000 1.447729
 1219.000000 1.447714
 1220.000000 1.446989
 1221.000000 1.445756
 1222.000000 1.444224
 1223.000000 1.442593
 1224.000000 1.440956
 1225.000000 1.439338
 1226.000000 1.437715
 1227.000000 1.436063
 1228.000000 1.434438
 1229.000000 1.433019
 1230.000000 1.432113
 1231.000000 1.432049
 1232.000000 1.433068
 1233.000000 1.435223
 1234.000000 1.438273
 1235.000000 1.441738
 1236.000000 1.445100
 1237.000000 1.447762
 1238.000000 1.449315
 1239.000000 1.449526
 1240.000000 1.448366
 1241.000000 1.445993
 1242.000000 1.442748
 1243.000000 1.439154
 1244.000000 1.435907
 1245.000000 1.433675
 1246.000000 1.432996
 1247.000000 1.434140
 1248.000000 1.436971
 1249.000000 1.441008
 1250.000000 1.445449
 1251.000000 1.449489
 1252.000000 1.452298
 1253.000000 1.453222
 1254.000000 1.451879
 1255.000000 1.448214
 1256.000000 1.442466
 1257.000000 1.435307
 1258.000000 1.427629
 1259.000000 1.420262
 1260.000000 1.414224
 1261.000000 1.410269
 1262.000000 1.408787
 1263.000000 1.409823
 1264.000000 1.413037
 1265.000000 1.417803
 1266.000000 1.423259
 1267.000000 1.428634
 1268.000000 1.433158
 1269.000000 1.436262
 1270.000000 1.437621
 1271.000000 1.437153
 1272.000000 1.435000
 1273.000000 1.431525
 1274.000000 1.427215
 1275.000000 1.422649
 1276.000000 1.418492
 1277.000000 1.415272
 1278.000000 1.413318
 1279.000000 1.412766
 1280.000000 1.413498
 1281.000000 1.415243
 1282.000000 1.417703
 1283.000000 1.420569
 1284.000000 1.423598
 1285.000000 1.426496
 1286.000000 1.428950
 1287.000000 1.430663
 1288.000000 1.431384
 1289.000000 1.430901
 1290.000000 1.429106
 1291.000000 1.426058
 1292.000000 1.422031
 1293.000000 1.417502
 1294.000000 1.413063
 1295.000000 1.409385
 1296.000000 1.407126
 1297.000000 1.406663
 1298.000000 1.408086
 1299.000000 1.411217
 1300.000000 1.415680
 1301.000000 1.420956
 1302.000000 1.426570
 1303.000000 1.431978
 1304.000000 1.436654
 1305.000000 1.440117
 1306.000000 1.441999
 1307.000000 1.442112
 1308.000000 1.440527
 1309.000000 1.437465
 1310.000000 1.433292
 1311.000000 1.428377
 1312.000000 1.422958
 1313.000000 1.417358
 1314.000000 1.412091
 1315.000000 1.407770
 1316.000000 1.405023
 1317.000000 1.404447
 1318.000000 1.406344
 1319.000000 1.410665
 1320.000000 1.416973
 1321.000000 1.424737
 1322.000000 1.433419
 1323.000000 1.442305
 1324.000000 1.450633
 1325.000000 1.457576
 1326.000000 1.462508
 1327.000000 1.464851
 1328.000000 1.464145
 1329.000000 1.460155
 1330.000000 1.452955
 1331.000000 1.442974
 1332.000000 1.431064
 1333.000000 1.418717
 1334.000000 1.407467
 1335.000000 1.398783
 1336.000000 1.393924
 1337.000000 1.393644
 1338.000000 1.398064
 1339.000000 1.406709
 1340.000000 1.418514
 1341.000000 1.432064
 1342.000000 1.445502
 1343.000000 1.457227
 1344.000000 1.465831
 1345.000000 1.470467
 1346.000000 1.470978
 1347.000000 1.467770
 1348.000000 1.461680
 1349.000000 1.453779
 1350.000000 1.445184
 1351.000000 1.436915
 1352.000000 1.429774
 1353.000000 1.424394
 1354.000000 1.421210
 1355.000000 1.420330
 1356.000000 1.421594
 1357.000000 1.424599
 1358.000000 1.428806
 1359.000000 1.433548
 1360.000000 1.438143
 1361.000000 1.441924
 1362.000000 1.444477
 1363.000000 1.445594
 1364.000000 1.445320
 1365.000000 1.443819
 1366.000000 1.441333
 1367.000000 1.438130
 1368.000000 1.434584
 1369.000000 1.431125
 1370.000000 1.428292
 1371.000000 1.426578
 1372.000000 1.426368
 1373.000000 1.427847
 1374.000000 1.430944
 1375.000000 1.435354
 1376.000000 1.440679
 1377.000000 1.446466
 1378.000000 1.452111
 1379.000000 1.456941
 1380.000000 1.460160
 1381.000000 1.461151
 1382.000000 1.459595
 1383.000000 1.455556
 1384.000000 1.449565
 1385.000000 1.442435
 1386.000000 1.435060
 1387.000000 1.428441
 1388.000000 1.423461
 1389.000000 1.420661
 1390.000000 1.420167
 1391.000000 1.421857
 1392.000000 1.425408
 1393.000000 1.430325
 1394.000000 1.436024
 1395.000000 1.441978
 1396.000000 1.447701
 1397.000000 1.452707
 1398.000000 1.456646
 1399.000000 1.459198
 1400.000000 1.460118
 1401.000000 1.459237
 1402.000000 1.456507
 1403.000000 1.451999
 1404.000000 1.445925
 1405.000000 1.438760
 1406.000000 1.431097
 1407.000000 1.423936
 1408.000000 1.418350
 1409.000000 1.415372
 1410.000000 1.415643
 1411.000000 1.419414
 1412.000000 1.426443
 1413.000000 1.436057
 1414.000000 1.447111
 1415.000000 1.458150
 1416.000000 1.467804
 1417.000000 1.474836
 1418.000000 1.478167
 1419.000000 1.477138
 1420.000000 1.471662
 1421.000000 1.462232
 1422.000000 1.449803
 1423.000000 1.435828
 1424.000000 1.422196
 1425.000000 1.410750
 1426.000000 1.402938
 1427.000000 1.399710
 1428.000000 1.401429
 1429.000000 1.407711
 1430.000000 1.417542
 1431.000000 1.429418
 1432.000000 1.441694
 1433.000000 1.452763
 1434.000000 1.461262
 1435.000000 1.466204
 1436.000000 1.467170
 1437.000000 1.464150
 1438.000000 1.457586
 1439.000000 1.448397
 1440.000000 1.437776
 1441.000000 1.427048
 1442.000000 1.417669
 1443.000000 1.410907
 1444.000000 1.407428
 1445.000000 1.407461
 1446.000000 1.410740
 1447.000000 1.416611
 1448.000000 1.424281
 1449.000000 1.432912
 1450.000000 1.441637
 1451.000000 1.449412
 1452.000000 1.455153
 1453.000000 1.457994
 1454.000000 1.457304
 1455.000000 1.452798
 1456.000000 1.444637
 1457.000000 1.433537
 1458.000000 1.420555
 1459.000000 1.407104
 1460.000000 1.394986
 1461.000000 1.385692
 1462.000000 1.380531
 1463.000000 1.380415
 1464.000000 1.385693
 1465.000000 1.395927
 1466.000000 1.410132
 1467.000000 1.426596
 1468.000000 1.443638
 1469.000000 1.459544
 1470.000000 1.472534
 1471.000000 1.481434
 1472.000000 1.485388
 1473.000000 1.484130
 1474.000000 1.478054
 1475.000000 1.468090
 1476.000000 1.455548
 1477.000000 1.442237
 1478.000000 1.429799
 1479.000000 1.419848
 1480.000000 1.413805
 1481.000000 1.412281
 1482.000000 1.415426
 1483.000000 1.422701
 1484.000000 1.432900
 1485.000000 1.444554
 1486.000000 1.455876
 1487.000000 1.465221
 1488.000000 1.471445
 1489.000000 1.473805
 1490.000000 1.472163
 1491.000000 1.466894
 1492.000000 1.458762
 1493.000000 1.448694
 1494.000000 1.437767
 1495.000000 1.427306
 1496.000000 1.418575
 1497.000000 1.412627
 1498.000000 1.410167
 1499.000000 1.411470
 1500.000000 1.416285
 1501.000000 1.423959
 1502.000000 1.433356
 1503.000000 1.443101
 1504.000000 1.452003
 1505.000000 1.458997
 1506.000000 1.463314
 1507.000000 1.464438
 1508.000000 1.462299
 1509.000000 1.457222
 1510.000000 1.449970
 1511.000000 1.441517
 1512.000000 1.432981
 1513.000000 1.425537
 1514.000000 1.420119
 1515.000000 1.417315
 1516.000000 1.417360
 1517.000000 1.419942
 1518.000000 1.424350
 1519.000000 1.429804
 1520.000000 1.435454
 1521.000000 1.440503
 1522.000000 1.444361
 1523.000000 1.446584
 1524.000000 1.446955
 1525.000000 1.445407
 1526.000000 1.442079
 1527.000000 1.437292
 1528.000000 1.431511
 1529.000000 1.425241
 1530.000000 1.419302
 1531.000000 1.414361
 1532.000000 1.411001
 1533.000000 1.409614
 1534.000000 1.410472
 1535.000000 1.413633
 1536.000000 1.419015
 1537.000000 1.426399
 1538.000000 1.435309
 1539.000000 1.444963
 1540.000000 1.454353
 1541.000000 1.462329
 1542.000000 1.467890
 1543.000000 1.470381
 1544.000000 1.469528
 1545.000000 1.465492
 1546.000000 1.458786
 1547.000000 1.450297
 1548.000000 1.440967
 1549.000000 1.431646
 1550.000000 1.423345
 1551.000000 1.416833
 1552.000000 1.412868
 1553.000000 1.411965
 1554.000000 1.414313
 1555.000000 1.419692
 1556.000000 1.427514
 1557.000000 1.436802
 1558.000000 1.446456
 1559.000000 1.455361
 1560.000000 1.462559
 1561.000000 1.467312
 1562.000000 1.469240
 1563.000000 1.468144
 1564.000000 1.464039
 1565.000000 1.457158
 1566.000000 1.447912
 1567.000000 1.436989
 1568.000000 1.425247
 1569.000000 1.414055
 1570.000000 1.404723
 1571.000000 1.398422
 1572.000000 1.396102
 1573.000000 1.398152
 1574.000000 1.404396
 1575.000000 1.414007
 1576.000000 1.425882
 1577.000000 1.438534
 1578.000000 1.450322
 1579.000000 1.459933
 1580.000000 1.466091
 1581.000000 1.468024
 1582.000000 1.465350
 1583.000000 1.458237
 1584.000000 1.447485
 1585.000000 1.434556
 1586.000000 1.421230
 1587.000000 1.409557
 1588.000000 1.401415
 1589.000000 1.397958
 1590.000000 1.399709
 1591.000000 1.406439
 1592.000000 1.417188
 1593.000000 1.430533
 1594.000000 1.444915
 1595.000000 1.458787
 1596.000000 1.470755
 1597.000000 1.479612
 1598.000000 1.484460
 1599.000000 1.484921
 1600.000000 1.480984
 1601.000000 1.473028
 1602.000000 1.461784
 1603.000000 1.448269
 1604.000000 1.433858
 1605.000000 1.419977
 1606.000000 1.408067
 1607.000000 1.399532
 1608.000000 1.395396
 1609.000000 1.396096
 1610.000000 1.401569
 1611.000000 1.411215
 1612.000000 1.423803
 1613.000000 1.437771
 1614.000000 1.451527
 1615.000000 1.463343
 1616.000000 1.472083
 1617.000000 1.476856
 1618.000000 1.477171
 1619.000000 1.473052
 1620.000000 1.464903
 1621.000000 1.453607
 1622.000000 1.440447
 1623.000000 1.427137
 1624.000000 1.415287
 1625.000000 1.406691
 1626.000000 1.402548
 1627.000000 1.403499
 1628.000000 1.409461
 1629.000000 1.419521
 1630.000000 1.432312
 1631.000000 1.445962
 1632.000000 1.458577
 1633.000000 1.468431
 1634.000000 1.474285
 1635.000000 1.475437
 1636.000000 1.471918
 1637.000000 1.464354
 1638.000000 1.453796
 1639.000000 1.441644
 1640.000000 1.429310
 1641.000000 1.418156
 1642.000000 1.409552
 1643.000000 1.404428
 1644.000000 1.403160
 1645.000000 1.405608
 1646.000000 1.411204
 1647.000000 1.419068
 1648.000000 1.428129
 1649.000000 1.437258
 1650.000000 1.445386
 1651.000000 1.451619
 1652.000000 1.455385
 1653.000000 1.456363
 1654.000000 1.454551
 1655.000000 1.450178
 1656.000000 1.443679
 1657.000000 1.435661
 1658.000000 1.426943
 1659.000000 1.418627
 1660.000000 1.411922
 1661.000000 1.408059
 1662.000000 1.408012
 1663.000000 1.412180
 1664.000000 1.420320
 1665.000000 1.431528
 1666.000000 1.444444
 1667.000000 1.457436
 1668.000000 1.468933
 1669.000000 1.477440
 1670.000000 1.481962
 1671.000000 1.481896
 1672.000000 1.477178
 1673.000000 1.468316
 1674.000000 1.456244
 1675.000000 1.442347
 1676.000000 1.428125
 1677.000000 1.415064
 1678.000000 1.404727
 1679.000000 1.398244
 1680.000000 1.396195
 1681.000000 1.398538
 1682.000000 1.404549
 1683.000000 1.412969
 1684.000000 1.422403
 1685.000000 1.431564
 1686.000000 1.439182
 1687.000000 1.444413
 1688.000000 1.446812
 1689.000000 1.446412
 1690.000000 1.443579
 1691.000000 1.438914
 1692.000000 1.433265
 1693.000000 1.427517
 1694.000000 1.422441
 1695.000000 1.418675
 1696.000000 1.416699
 1697.000000 1.416756
 1698.000000 1.418879
 1699.000000 1.423014
 1700.000000 1.429014
 1701.000000 1.436505
 1702.000000 1.444896
 1703.000000 1.453436
 1704.000000 1.461239
 1705.000000 1.467551
 1706.000000 1.471639
 1707.000000 1.472944
 1708.000000 1.471136
 1709.000000 1.466164
 1710.000000 1.458262
 1711.000000 1.448123
 1712.000000 1.436595
 1713.000000 1.424981
 1714.000000 1.414584
 1715.000000 1.406725
 1716.000000 1.402574
 1717.000000 1.402822
 1718.000000 1.407653
 1719.000000 1.416633
 1720.000000 1.428668
 1721.000000 1.442443
 1722.000000 1.456421
 1723.000000 1.469137
 1724.000000 1.479419
 1725.000000 1.486318
 1726.000000 1.489259
 1727.000000 1.488006
 1728.000000 1.482703
 1729.000000 1.473747
 1730.000000 1.461929
 1731.000000 1.448689
 1732.000000 1.435475
 1733.000000 1.423868
 1734.000000 1.415175
 1735.000000 1.410237
 1736.000000 1.409432
 1737.000000 1.412612
 1738.000000 1.419190
 1739.000000 1.428250
 1740.000000 1.438594
 1741.000000 1.448984
 1742.000000 1.458425
 1743.000000 1.465812
 1744.000000 1.470407
 1745.000000 1.471777
 1746.000000 1.469805
 1747.000000 1.464783
 1748.000000 1.457332
 1749.000000 1.448382
 1750.000000 1.439064
 1751.000000 1.430294
 1752.000000 1.423368
 1753.000000 1.419019
 1754.000000 1.417585
 1755.000000 1.419046
 1756.000000 1.422888
 1757.000000 1.428271
 1758.000000 1.434061
 1759.000000 1.439148
 1760.000000 1.442679
 1761.000000 1.444096
 1762.000000 1.443289
 1763.000000 1.440627
 1764.000000 1.436788
 1765.000000 1.432725
 1766.000000 1.429295
 1767.000000 1.427144
 1768.000000 1.426632
 1769.000000 1.427856
 1770.000000 1.430617
 1771.000000 1.434509
 1772.000000 1.438987
 1773.000000 1.443467
 1774.000000 1.447422
 1775.000000 1.450463
 1776.000000 1.452306
 1777.000000 1.452764
 1778.000000 1.451792
 1779.000000 1.449423
 1780.000000 1.445768
 1781.000000 1.441042
 1782.000000 1.435486
 1783.000000 1.429345
 1784.000000 1.422969
 1785.000000 1.416795
 1786.000000 1.411333
 1787.000000 1.407182
 1788.000000 1.404936
 1789.000000 1.405154
 1790.000000 1.408181
 1791.000000 1.414052
 1792.000000 1.422342
 1793.000000 1.432260
 1794.000000 1.443007
 1795.000000 1.453518
 1796.000000 1.462559
 1797.000000 1.469071
 1798.000000 1.472415
 1799.000000 1.472196
 1800.000000 1.468377
 1801.000000 1.461357
 1802.000000 1.451876
 1803.000000 1.441030
 1804.000000 1.429953
 1805.000000 1.420057
 1806.000000 1.412477
 1807.000000 1.408068
 1808.000000 1.407294
 1809.000000 1.410074
 1810.000000 1.415824
 1811.000000 1.423684
 1812.000000 1.432591
 1813.000000 1.441589
 1814.000000 1.449948
 1815.000000 1.457128
 1816.000000 1.462937
 1817.000000 1.467287
 1818.000000 1.470256
 1819.000000 1.471881
 1820.000000 1.472161
 1821.000000 1.471049
 1822.000000 1.468468
 1823.000000 1.464395
 1824.000000 1.458888
 1825.000000 1.452182
 1826.000000 1.444848
 1827.000000 1.437601
 1828.000000 1.431179
 1829.000000 1.426234
 1830.000000 1.423322
 1831.000000 1.422702
 1832.000000 1.424216
 1833.000000 1.427408
 1834.000000 1.431551
 1835.000000 1.435783
 1836.000000 1.439300
 1837.000000 1.441419
 1838.000000 1.441717
 1839.000000 1.440060
 1840.000000 1.436625
 1841.000000 1.431901
 1842.000000 1.426588
 1843.000000 1.421557
 1844.000000 1.417527
 1845.000000 1.415252
 1846.000000 1.415218
 1847.000000 1.417616
 1848.000000 1.422361
 1849.000000 1.428976
 1850.000000 1.436722
 1851.000000 1.444722
 1852.000000 1.452096
 1853.000000 1.458055
 1854.000000 1.461966
 1855.000000 1.463436
 1856.000000 1.462304
 1857.000000 1.458634
 1858.000000 1.452677
 1859.000000 1.444980
 1860.000000 1.436214
 1861.000000 1.427215
 1862.000000 1.418991
 1863.000000 1.412457
 1864.000000 1.408391
 1865.000000 1.407300
 1866.000000 1.409317
 1867.000000 1.414234
 1868.000000 1.421578
 1869.000000 1.430445
 1870.000000 1.439797
 1871.000000 1.448557
 1872.000000 1.455803
 1873.000000 1.460849
 1874.000000 1.463122
 1875.000000 1.462315
 1876.000000 1.458455
 1877.000000 1.451828
 1878.000000 1.443117
 1879.000000 1.433407
 1880.000000 1.423847
 1881.000000 1.415730
 1882.000000 1.410212
 1883.000000 1.408070
 1884.000000 1.409667
 1885.000000 1.414824
 1886.000000 1.422813
 1887.000000 1.432517
 1888.000000 1.442654
 1889.000000 1.452077
 1890.000000 1.459478
 1891.000000 1.464028
 1892.000000 1.465347
 1893.000000 1.463527
 1894.000000 1.459035
 1895.000000 1.452638
 1896.000000 1.445279
 1897.000000 1.437934
 1898.000000 1.431669
 1899.000000 1.427386
 1900.000000 1.425611
 1901.000000 1.426518
 1902.000000 1.429904
 1903.000000 1.435242
 1904.000000 1.441778
 1905.000000 1.448581
 1906.000000 1.454867
 1907.000000 1.459873
 1908.000000 1.462988
 1909.000000 1.463759
 1910.000000 1.461943
 1911.000000 1.457508
 1912.000000 1.450796
 1913.000000 1.442545
 1914.000000 1.433467
 1915.000000 1.424619
 1916.000000 1.417208
 1917.000000 1.412388
 1918.000000 1.410878
 1919.000000 1.412946
 1920.000000 1.418346
 1921.000000 1.426327
 1922.000000 1.435815
 1923.000000 1.445503
 1924.000000 1.454251
 1925.000000 1.460979
 1926.000000 1.465032
 1927.000000 1.466021
 1928.000000 1.463916
 1929.000000 1.458923
 1930.000000 1.451569
 1931.000000 1.442569
 1932.000000 1.432789
 1933.000000 1.422986
 1934.000000 1.414157
 1935.000000 1.407223
 1936.000000 1.403029
 1937.000000 1.402158
 1938.000000 1.404816
 1939.000000 1.410792
 1940.000000 1.419497
 1941.000000 1.430171
 1942.000000 1.441760
 1943.000000 1.453087
 1944.000000 1.463039
 1945.000000 1.470801
 1946.000000 1.475754
 1947.000000 1.477566
 1948.000000 1.476189
 1949.000000 1.471852
 1950.000000 1.465067
 1951.000000 1.456459
 1952.000000 1.446858
 1953.000000 1.437328
 1954.000000 1.428718
 1955.000000 1.421781
 1956.000000 1.417269
 1957.000000 1.415588
 1958.000000 1.416884
 1959.000000 1.420951
 1960.000000 1.427366
 1961.000000 1.435540
 1962.000000 1.444667
 1963.000000 1.454013
 1964.000000 1.462898
 1965.000000 1.470476
 1966.000000 1.476163
 1967.000000 1.479554
 1968.000000 1.480453
 1969.000000 1.478880
 1970.000000 1.475103
 1971.000000 1.469546
 1972.000000 1.462844
 1973.000000 1.455605
 1974.000000 1.448627
 1975.000000 1.442662
 1976.000000 1.438242
 1977.000000 1.435752
 1978.000000 1.435326
 1979.000000 1.436804
 1980.000000 1.439765
 1981.000000 1.443637
 1982.000000 1.447801
 1983.000000 1.451744
 1984.000000 1.455030
 1985.000000 1.457450
 1986.000000 1.458934
 1987.000000 1.459534
 1988.000000 1.459389
 1989.000000 1.458676
 1990.000000 1.457589
 1991.000000 1.456289
 1992.000000 1.454940
 1993.000000 1.453592
 1994.000000 1.452274
 1995.000000 1.450980
 1996.000000 1.449689
 1997.000000 1.448409
 1998.000000 1.447194
 1999.000000 1.446122
 2000.000000 1.445250
 2001.000000 1.444572
 2002.000000 1.444006
 2003.000000 1.443437
 2004.000000 1.442741
 2005.000000 1.441799
 2006.000000 1.440477
 2007.000000 1.438655
 2008.000000 1.436262
 2009.000000 1.433351
 2010.000000 1.430134
 2011.000000 1.426927
 2012.000000 1.424232
 2013.000000 1.422486
 2014.000000 1.422031
 2015.000000 1.422999
 2016.000000 1.425297
 2017.000000 1.428635
 2018.000000 1.432553
 2019.000000 1.436558
 2020.000000 1.440036
 2021.000000 1.442551
 2022.000000 1.443826
 2023.000000 1.443792
 2024.000000 1.442574
 2025.000000 1.440457
 2026.000000 1.437809
 2027.000000 1.435088
 2028.000000 1.432659
 2029.000000 1.430845
 2030.000000 1.429857
 2031.000000 1.429720
 2032.000000 1.430316
 2033.000000 1.431405
 2034.000000 1.432664
 2035.000000 1.433797
 2036.000000 1.434610
 2037.000000 1.435055
 2038.000000 1.435250
 2039.000000 1.435444
 2040.000000 1.435933
 2041.000000 1.436959
 2042.000000 1.438614
 2043.000000 1.440765
 2044.000000 1.443133
 2045.000000 1.445275
 2046.000000 1.446704
 2047.000000 1.447009
 2048.000000 1.445942
 2049.000000 1.443515
 2050.000000 1.440016
 2051.000000 1.435907
 2052.000000 1.431707
 2053.000000 1.428030
 2054.000000 1.425194
 2055.000000 1.423342
 2056.000000 1.422343
 2057.000000 1.421824
 2058.000000 1.421253
 2059.000000 1.420065
 2060.000000 1.417842
 2061.000000 1.414497
 2062.000000 1.410321
 2063.000000 1.405979
 2064.000000 1.402361
 2065.000000 1.400487
 2066.000000 1.401097
 2067.000000 1.404543
 2068.000000 1.410711
 2069.000000 1.419035
 2070.000000 1.428616
 2071.000000 1.438432
 2072.000000 1.447144
 2073.000000 1.453741
 2074.000000 1.457483
 2075.000000 1.458059
 2076.000000 1.455528
 2077.000000 1.450326
 2078.000000 1.443145
 2079.000000 1.434944
 2080.000000 1.426710
 2081.000000 1.419480
 2082.000000 1.414262
 2083.000000 1.411825
 2084.000000 1.412591
 2085.000000 1.416555
 2086.000000 1.423342
 2087.000000 1.432216
 2088.000000 1.442155
 2089.000000 1.451996
 2090.000000 1.460745
 2091.000000 1.467754
 2092.000000 1.472314
 2093.000000 1.474019
 2094.000000 1.472711
 2095.000000 1.468462
 2096.000000 1.461543
 2097.000000 1.452574
 2098.000000 1.442252
 2099.000000 1.431497
 2100.000000 1.421443
 2101.000000 1.413116
 2102.000000 1.407420
 2103.000000 1.405138
 2104.000000 1.406603
 2105.000000 1.411668
 2106.000000 1.419662
 2107.000000 1.429719
 2108.000000 1.440609
 2109.000000 1.451032
 2110.000000 1.459648
 2111.000000 1.465432
 2112.000000 1.467633
 2113.000000 1.465872
 2114.000000 1.460297
 2115.000000 1.451753
 2116.000000 1.441351
 2117.000000 1.430671
 2118.000000 1.421310
 2119.000000 1.414655
 2120.000000 1.411825
 2121.000000 1.413319
 2122.000000 1.418989
 2123.000000 1.427967
 2124.000000 1.438995
 2125.000000 1.450599
 2126.000000 1.461047
 2127.000000 1.468970
 2128.000000 1.473334
 2129.000000 1.473534
 2130.000000 1.469495
 2131.000000 1.461574
 2132.000000 1.450613
 2133.000000 1.437638
 2134.000000 1.423890
 2135.000000 1.410893
 2136.000000 1.399970
 2137.000000 1.392370
 2138.000000 1.389083
 2139.000000 1.390511
 2140.000000 1.396464
 2141.000000 1.406260
 2142.000000 1.418860
 2143.000000 1.432855
 2144.000000 1.446917
 2145.000000 1.459686
 2146.000000 1.469935
 2147.000000 1.476883
 2148.000000 1.480008
 2149.000000 1.479031
 2150.000000 1.473956
 2151.000000 1.465094
 2152.000000 1.453059
 2153.000000 1.438972
 2154.000000 1.424038
 2155.000000 1.409967
 2156.000000 1.398639
 2157.000000 1.391378
 2158.000000 1.389235
 2159.000000 1.392407
 2160.000000 1.400289
 2161.000000 1.411689
 2162.000000 1.425126
 2163.000000 1.439042
 2164.000000 1.451718
 2165.000000 1.461863
 2166.000000 1.468525
 2167.000000 1.471279
 2168.000000 1.470114
 2169.000000 1.465465
 2170.000000 1.458053
 2171.000000 1.448653
 2172.000000 1.438406
 2173.000000 1.428361
 2174.000000 1.419765
 2175.000000 1.413648
 2176.000000 1.410691
 2177.000000 1.411087
 2178.000000 1.414556
 2179.000000 1.420472
 2180.000000 1.427904
 2181.000000 1.435918
 2182.000000 1.443766
 2183.000000 1.450790
 2184.000000 1.456543
 2185.000000 1.460707
 2186.000000 1.462847
 2187.000000 1.462630
 2188.000000 1.459834
 2189.000000 1.454484
 2190.000000 1.446911
 2191.000000 1.437616
 2192.000000 1.427745
 2193.000000 1.418473
 2194.000000 1.411039
 2195.000000 1.406516
 2196.000000 1.405662
 2197.000000 1.408683
 2198.000000 1.415132
 2199.000000 1.424136
 2200.000000 1.434496
 2201.000000 1.444723
 2202.000000 1.453445
 2203.000000 1.459385
 2204.000000 1.461693
 2205.000000 1.459909
 2206.000000 1.454089
 2207.000000 1.444975
 2208.000000 1.433655
 2209.000000 1.421625
 2210.000000 1.410720
 2211.000000 1.402822
 2212.000000 1.399150
 2213.000000 1.400376
 2214.000000 1.406461
 2215.000000 1.416692
 2216.000000 1.429628
 2217.000000 1.443292
 2218.000000 1.455932
 2219.000000 1.466093
 2220.000000 1.472796
 2221.000000 1.475548
 2222.000000 1.474412
 2223.000000 1.469890
 2224.000000 1.462676
 2225.000000 1.453706
 2226.000000 1.444058
 2227.000000 1.434806
 2228.000000 1.426709
 2229.000000 1.420392
 2230.000000 1.416174
 2231.000000 1.414110
 2232.000000 1.414158
 2233.000000 1.416204
 2234.000000 1.420128
 2235.000000 1.425720
 2236.000000 1.432553
 2237.000000 1.439971
 2238.000000 1.447179
 2239.000000 1.453416
 2240.000000 1.458025
 2241.000000 1.460374
 2242.000000 1.460072
 2243.000000 1.456910
 2244.000000 1.450979
 2245.000000 1.442718
 2246.000000 1.433171
 2247.000000 1.423721
 2248.000000 1.415822
 2249.000000 1.410672
 2250.000000 1.409212
 2251.000000 1.411771
 2252.000000 1.418091
 2253.000000 1.427366
 2254.000000 1.438540
 2255.000000 1.450229
 2256.000000 1.460970
 2257.000000 1.469447
 2258.000000 1.474637
 2259.000000 1.476070
 2260.000000 1.473781
 2261.000000 1.468257
 2262.000000 1.460306
 2263.000000 1.450969
 2264.000000 1.441418
 2265.000000 1.432838
 2266.000000 1.426128
 2267.000000 1.422004
 2268.000000 1.420796
 2269.000000 1.422333
 2270.000000 1.426034
 2271.000000 1.431005
 2272.000000 1.436332
 2273.000000 1.441237
 2274.000000 1.445271
 2275.000000 1.448203
 2276.000000 1.450006
 2277.000000 1.450895
 2278.000000 1.451091
 2279.000000 1.450654
 2280.000000 1.449459
 2281.000000 1.447313
 2282.000000 1.444027
 2283.000000 1.439438
 2284.000000 1.433565
 2285.000000 1.426776
 2286.000000 1.419794
 2287.000000 1.413728
 2288.000000 1.409776
 2289.000000 1.408887
 2290.000000 1.411441
 2291.000000 1.417236
 2292.000000 1.425501
 2293.000000 1.435164
 2294.000000 1.444820
 2295.000000 1.452976
 2296.000000 1.458275
 2297.000000 1.459850
 2298.000000 1.457279
 2299.000000 1.450873
 2300.000000 1.441594
 2301.000000 1.430821
 2302.000000 1.419845
 2303.000000 1.410132
 2304.000000 1.402721
 2305.000000 1.398470
 2306.000000 1.397766
 2307.000000 1.400546
 2308.000000 1.406253
 2309.000000 1.414021
 2310.000000 1.422649
 2311.000000 1.431118
 2312.000000 1.438706
 2313.000000 1.444991
 2314.000000 1.449954
 2315.000000 1.453678
 2316.000000 1.456204
 2317.000000 1.457580
 2318.000000 1.457788
 2319.000000 1.456787
 2320.000000 1.454500
 2321.000000 1.450838
 2322.000000 1.445754
 2323.000000 1.439413
 2324.000000 1.432453
 2325.000000 1.425739
 2326.000000 1.420305
 2327.000000 1.417158
 2328.000000 1.416924
 2329.000000 1.419681
 2330.000000 1.424959
 2331.000000 1.431891
 2332.000000 1.439213
 2333.000000 1.445646
 2334.000000 1.450034
 2335.000000 1.451387
 2336.000000 1.449105
 2337.000000 1.443189
 2338.000000 1.434449
 2339.000000 1.424403
 2340.000000 1.414848
 2341.000000 1.407738
 2342.000000 1.404482
 2343.000000 1.405905
 2344.000000 1.412158
 2345.000000 1.422594
 2346.000000 1.435875
 2347.000000 1.450171
 2348.000000 1.463595
 2349.000000 1.474268
 2350.000000 1.480786
 2351.000000 1.482473
 2352.000000 1.479428
 2353.000000 1.472383
 2354.000000 1.462392
 2355.000000 1.450773
 2356.000000 1.438811
 2357.000000 1.427840
 2358.000000 1.418794
 2359.000000 1.412241
 2360.000000 1.408313
 2361.000000 1.406690
 2362.000000 1.407008
 2363.000000 1.409017
 2364.000000 1.412610
 2365.000000 1.417773
 2366.000000 1.424350
 2367.000000 1.432051
 2368.000000 1.440329
 2369.000000 1.448512
 2370.000000 1.455881
 2371.000000 1.461765
 2372.000000 1.465512
 2373.000000 1.466572
 2374.000000 1.464529
 2375.000000 1.459207
 2376.000000 1.450810
 2377.000000 1.440112
 2378.000000 1.428530
 2379.000000 1.417821
 2380.000000 1.409611
 2381.000000 1.405115
 2382.000000 1.405046
 2383.000000 1.409317
 2384.000000 1.417207
 2385.000000 1.427391
 2386.000000 1.438339
 2387.000000 1.448199
 2388.000000 1.455503
 2389.000000 1.459241
 2390.000000 1.458984
 2391.000000 1.455072
 2392.000000 1.448448
 2393.000000 1.440150
 2394.000000 1.431469
 2395.000000 1.423656
 2396.000000 1.417704
 2397.000000 1.414299
 2398.000000 1.413604
 2399.000000 1.415337
 2400.000000 1.418846
 2401.000000 1.423263
 2402.000000 1.427773
 2403.000000 1.431867
 2404.000000 1.435251
 2405.000000 1.437734
 2406.000000 1.439077
 2407.000000 1.439067
 2408.000000 1.437508
 2409.000000 1.434304
 2410.000000 1.429575
 2411.000000 1.423667
 2412.000000 1.417168
 2413.000000 1.410681
 2414.000000 1.404934
 2415.000000 1.400678
 2416.000000 1.398840
 2417.000000 1.400241
 2418.000000 1.405401
 2419.000000 1.414304
 2420.000000 1.426246
 2421.000000 1.440219
 2422.000000 1.454762
 2423.000000 1.468066
 2424.000000 1.478405
 2425.000000 1.484165
 2426.000000 1.484145
 2427.000000 1.477857
 2428.000000 1.465716
 2429.000000 1.449190
 2430.000000 1.430230
 2431.000000 1.411404
 2432.000000 1.394695
 2433.000000 1.382164
 2434.000000 1.375137
 2435.000000 1.374291
 2436.000000 1.379389
 2437.000000 1.389462
 2438.000000 1.402981
 2439.000000 1.418007
 2440.000000 1.432617
 2441.000000 1.445321
 2442.000000 1.455096
 2443.000000 1.461599
 2444.000000 1.464787
 2445.000000 1.464933
 2446.000000 1.462524
 2447.000000 1.458218
 2448.000000 1.452778
 2449.000000 1.446925
 2450.000000 1.441265
 2451.000000 1.436240
 2452.000000 1.432083
 2453.000000 1.428732
 2454.000000 1.426197
 2455.000000 1.424680
 2456.000000 1.424582
 2457.000000 1.426271
 2458.000000 1.429744
 2459.000000 1.434638
 2460.000000 1.440308
 2461.000000 1.445905
 2462.000000 1.450593
 2463.000000 1.453682
 2464.000000 1.454692
 2465.000000 1.453340
 2466.000000 1.449674
 2467.000000 1.444059
 2468.000000 1.437173
 2469.000000 1.429968
 2470.000000 1.423668
 2471.000000 1.419444
 2472.000000 1.418103
 2473.000000 1.420011
 2474.000000 1.425038
 2475.000000 1.432654
 2476.000000 1.441807
 2477.000000 1.451122
 2478.000000 1.459109
 2479.000000 1.464374
 2480.000000 1.466004
 2481.000000 1.463845
 2482.000000 1.458372
 2483.000000 1.450485
 2484.000000 1.441218
 2485.000000 1.431699
 2486.000000 1.423042
 2487.000000 1.416107
 2488.000000 1.411640
 2489.000000 1.410056
 2490.000000 1.411418
 2491.000000 1.415336
 2492.000000 1.421056
 2493.000000 1.427759
 2494.000000 1.434741
 2495.000000 1.441518
 2496.000000 1.447810
 2497.000000 1.453395
 2498.000000 1.457992
 2499.000000 1.461201
 2500.000000 1.462601
 2501.000000 1.461800
 2502.000000 1.458607
 2503.000000 1.453060
 2504.000000 1.445382
 2505.000000 1.435953
 2506.000000 1.425495
 2507.000000 1.414946
 2508.000000 1.405292
 2509.000000 1.397708
 2510.000000 1.393111
 2511.000000 1.392124
 2512.000000 1.394819
 2513.000000 1.400820
 2514.000000 1.409282
 2515.000000 1.419215
 2516.000000 1.429609
 2517.000000 1.439465
 2518.000000 1.447600
 2519.000000 1.453346
 2520.000000 1.456171
 2521.000000 1.455974
 2522.000000 1.452973
 2523.000000 1.447666
 2524.000000 1.440728
 2525.000000 1.432985
 2526.000000 1.425281
 2527.000000 1.418460
 2528.000000 1.413170
 2529.000000 1.409716
 2530.000000 1.408235
 2531.000000 1.408697
 2532.000000 1.410888
 2533.000000 1.414399
 2534.000000 1.418583
 2535.000000 1.422739
 2536.000000 1.426175
 2537.000000 1.428411
 2538.000000 1.429262
 2539.000000 1.428835
 2540.000000 1.427439
 2541.000000 1.425457
 2542.000000 1.423202
 2543.000000 1.420966
 2544.000000 1.418959
 2545.000000 1.417499
 2546.000000 1.417009
 2547.000000 1.417904
 2548.000000 1.420436
 2549.000000 1.424634
 2550.000000 1.430203
 2551.000000 1.436428
 2552.000000 1.442582
 2553.000000 1.447864
 2554.000000 1.451590
 2555.000000 1.453169
 2556.000000 1.452208
 2557.000000 1.448604
 2558.000000 1.442557
 2559.000000 1.434725
 2560.000000 1.425992
 2561.000000 1.417272
 2562.000000 1.409468
 2563.000000 1.403306
 2564.000000 1.399572
 2565.000000 1.398606
 2566.000000 1.400326
 2567.000000 1.404285
 2568.000000 1.409909
 2569.000000 1.416437
 2570.000000 1.423100
 2571.000000 1.429280
 2572.000000 1.434406
 2573.000000 1.437968
 2574.000000 1.439575
 2575.000000 1.439051
 2576.000000 1.436548
 2577.000000 1.432546
 2578.000000 1.427720
 2579.000000 1.422770
 2580.000000 1.418350
 2581.000000 1.415073
 2582.000000 1.413560
 2583.000000 1.414321
 2584.000000 1.417688
 2585.000000 1.423680
 2586.000000 1.431848
 2587.000000 1.441290
 2588.000000 1.450972
 2589.000000 1.459909
 2590.000000 1.466999
 2591.000000 1.471386
 2592.000000 1.472500
 2593.000000 1.470125
 2594.000000 1.464479
 2595.000000 1.456171
 2596.000000 1.446284
 2597.000000 1.436038
 2598.000000 1.426736
 2599.000000 1.419672
 2600.000000 1.415780
 2601.000000 1.415497
 2602.000000 1.418721
 2603.000000 1.424861
 2604.000000 1.432827
 2605.000000 1.441282
 2606.000000 1.448933
 2607.000000 1.454477
 2608.000000 1.457107
 2609.000000 1.456424
 2610.000000 1.452556
 2611.000000 1.446100
 2612.000000 1.437873
 2613.000000 1.429205
 2614.000000 1.421294
 2615.000000 1.415306
 2616.000000 1.412021
 2617.000000 1.411741
 2618.000000 1.414256
 2619.000000 1.418947
 2620.000000 1.425012
 2621.000000 1.431648
 2622.000000 1.438178
 2623.000000 1.443965
 2624.000000 1.448498
 2625.000000 1.451411
 2626.000000 1.452402
 2627.000000 1.451324
 2628.000000 1.448204
 2629.000000 1.443275
 2630.000000 1.436918
 2631.000000 1.429595
 2632.000000 1.421937
 2633.000000 1.414865
 2634.000000 1.409281
 2635.000000 1.406085
 2636.000000 1.406036
 2637.000000 1.409474
 2638.000000 1.416225
 2639.000000 1.425703
 2640.000000 1.436845
 2641.000000 1.448108
 2642.000000 1.458374
 2643.000000 1.466269
 2644.000000 1.470628
 2645.000000 1.470745
 2646.000000 1.466513
 2647.000000 1.458332
 2648.000000 1.447216
 2649.000000 1.434660
 2650.000000 1.422234
 2651.000000 1.411662
 2652.000000 1.404342
 2653.000000 1.401204
 2654.000000 1.402463
 2655.000000 1.407621
 2656.000000 1.415532
 2657.000000 1.424754
 2658.000000 1.433698
 2659.000000 1.441092
 2660.000000 1.445966
 2661.000000 1.447790
 2662.000000 1.446559
 2663.000000 1.442705
 2664.000000 1.437044
 2665.000000 1.430433
 2666.000000 1.423859
 2667.000000 1.418212
 2668.000000 1.414092
 2669.000000 1.411854
 2670.000000 1.411519
 2671.000000 1.412951
 2672.000000 1.415940
 2673.000000 1.420237
 2674.000000 1.425586
 2675.000000 1.431623
 2676.000000 1.437791
 2677.000000 1.443437
 2678.000000 1.447955
 2679.000000 1.450597
 2680.000000 1.450736
 2681.000000 1.447987
 2682.000000 1.442390
 2683.000000 1.434378
 2684.000000 1.424780
 2685.000000 1.414818
 2686.000000 1.406161
 2687.000000 1.400424
 2688.000000 1.398762
 2689.000000 1.401683
 2690.000000 1.409019
 2691.000000 1.419841
 2692.000000 1.432805
 2693.000000 1.446433
 2694.000000 1.459249
 2695.000000 1.469646
 2696.000000 1.476523
 2697.000000 1.479195
 2698.000000 1.477399
 2699.000000 1.471309
 2700.000000 1.461599
 2701.000000 1.449331
 2702.000000 1.435922
 2703.000000 1.422913
 2704.000000 1.411927
 2705.000000 1.404123
 2706.000000 1.400524
 2707.000000 1.401528
 2708.000000 1.406816
 2709.000000 1.415509
 2710.000000 1.426382
 2711.000000 1.438036
 2712.000000 1.449193
 2713.000000 1.458504
 2714.000000 1.465152
 2715.000000 1.468534
 2716.000000 1.468436
 2717.000000 1.464984
 2718.000000 1.458609
 2719.000000 1.450042
 2720.000000 1.440314
 2721.000000 1.430565
 2722.000000 1.421891
 2723.000000 1.415697
 2724.000000 1.412924
 2725.000000 1.414016
 2726.000000 1.418907
 2727.000000 1.426946
 2728.000000 1.436775
 2729.000000 1.447008
 2730.000000 1.456042
 2731.000000 1.462549
 2732.000000 1.465555
 2733.000000 1.464517
 2734.000000 1.459464
 2735.000000 1.450865
 2736.000000 1.439704
 2737.000000 1.427381
 2738.000000 1.415589
 2739.000000 1.406148
 2740.000000 1.400418
 2741.000000 1.399450
 2742.000000 1.403415
 2743.000000 1.411807
 2744.000000 1.423225
 2745.000000 1.435952
 2746.000000 1.448230
 2747.000000 1.458113
 2748.000000 1.464157
 2749.000000 1.465512
 2750.000000 1.462002
 2751.000000 1.454083
 2752.000000 1.442550
 2753.000000 1.428931
 2754.000000 1.414964
 2755.000000 1.402847
 2756.000000 1.394184
 2757.000000 1.390277
 2758.000000 1.391639
 2759.000000 1.397991
 2760.000000 1.408596
 2761.000000 1.422324
 2762.000000 1.437642
 2763.000000 1.452942
 2764.000000 1.467087
 2765.000000 1.479050
 2766.000000 1.487839
 2767.000000 1.493067
 2768.000000 1.494554
 2769.000000 1.492364
 2770.000000 1.486621
 2771.000000 1.477664
 2772.000000 1.465950
 2773.000000 1.452686
 2774.000000 1.439041
 2775.000000 1.426627
 2776.000000 1.416832
 2777.000000 1.410931
 2778.000000 1.409674
 2779.000000 1.413040
 2780.000000 1.420326
 2781.000000 1.430253
 2782.000000 1.441273
 2783.000000 1.451740
 2784.000000 1.460203
 2785.000000 1.465376
 2786.000000 1.466489
 2787.000000 1.463372
 2788.000000 1.456402
 2789.000000 1.446391
 2790.000000 1.434759
 2791.000000 1.423039
 2792.000000 1.412830
 2793.000000 1.405500
 2794.000000 1.402116
 2795.000000 1.403176
 2796.000000 1.408439
 2797.000000 1.417037
 2798.000000 1.427645
