#! FIELDS time d
 0.000000 1.395008
 1.000000 1.402839
 2.000000 1.409148
 3.000000 1.413357
 4.000000 1.415327
 5.000000 1.415207
 6.000000 1.413339
 7.000000 1.410190
 8.000000 1.406341
 9.000000 1.402328
 10.000000 1.398714
 11.000000 1.395995
 12.000000 1.394490
 13.000000 1.394403
 14.000000 1.395772
 15.000000 1.398472
 16.000000 1.402228
 17.000000 1.406638
 18.000000 1.411160
 19.000000 1.415288
 20.000000 1.418377
 21.000000 1.419892
 22.000000 1.419482
 23.000000 1.416928
 24.000000 1.412208
 25.000000 1.405542
 26.000000 1.397540
 27.000000 1.389048
 28.000000 1.381217
 29.000000 1.375119
 30.000000 1.371811
 31.000000 1.371823
 32.000000 1.375231
 33.000000 1.381525
 34.000000 1.389992
 35.000000 1.399361
 36.000000 1.408421
 37.000000 1.416014
 38.000000 1.421425
 39.000000 1.424115
 40.000000 1.423951
 41.000000 1.421181
 42.000000 1.416374
 43.000000 1.410297
 44.000000 1.403827
 45.000000 1.397780
 46.000000 1.392966
 47.000000 1.389929
 48.000000 1.388878
 49.000000 1.389731
 50.000000 1.392176
 51.000000 1.395741
 52.000000 1.399822
 53.000000 1.403773
 54.000000 1.406988
 55.000000 1.408979
 56.000000 1.409360
 57.000000 1.408032
 58.000000 1.405224
 59.000000 1.401524
 60.000000 1.397663
 61.000000 1.394385
 62.000000 1.392431
 63.000000 1.392303
 64.000000 1.394193
 65.000000 1.398041
 66.000000 1.403492
 67.000000 1.409958
 68.000000 1.416810
 69.000000 1.423409
 70.000000 1.429218
 71.000000 1.433773
 72.000000 1.436617
 73.000000 1.437303
 74.000000 1.435499
 75.000000 1.430979
 76.000000 1.423769
 77.000000 1.414211
 78.000000 1.403212
 79.000000 1.391922
 80.000000 1.381591
 81.000000 1.373815
 82.000000 1.369867
 83.000000 1.370593
 84.000000 1.376159
 85.000000 1.386004
 86.000000 1.398728
 87.000000 1.412721
 88.000000 1.426382
 89.000000 1.438146
 90.000000 1.446670
 91.000000 1.451148
 92.000000 1.451240
 93.000000 1.446978
 94.000000 1.438846
 95.000000 1.427743
 96.000000 1.414857
 97.000000 1.401752
 98.000000 1.389951
 99.000000 1.381084
 100.000000 1.376189
 101.000000 1.375682
 102.000000 1.379308
 103.000000 1.386315
 104.000000 1.395459
 105.000000 1.405183
 106.000000 1.414233
 107.000000 1.421593
 108.000000 1.426518
 109.000000 1.428522
 110.000000 1.427475
 111.000000 1.423547
 112.000000 1.417120
 113.000000 1.408755
 114.000000 1.399374
 115.000000 1.390109
 116.000000 1.382083
 117.000000 1.376199
 118.000000 1.373096
 119.000000 1.373069
 120.000000 1.376074
 121.000000 1.381770
 122.000000 1.389468
 123.000000 1.398393
 124.000000 1.407685
 125.000000 1.416552
 126.000000 1.424181
 127.000000 1.430003
 128.000000 1.433705
 129.000000 1.435023
 130.000000 1.433797
 131.000000 1.430019
 132.000000 1.423953
 133.000000 1.416010
 134.000000 1.407118
 135.000000 1.398498
 136.000000 1.391474
 137.000000 1.387176
 138.000000 1.386282
 139.000000 1.388935
 140.000000 1.394662
 141.000000 1.402303
 142.000000 1.410456
 143.000000 1.417476
 144.000000 1.421934
 145.000000 1.422780
 146.000000 1.419548
 147.000000 1.412502
 148.000000 1.402577
 149.000000 1.391431
 150.000000 1.380713
 151.000000 1.372035
 152.000000 1.366904
 153.000000 1.366296
 154.000000 1.370582
 155.000000 1.379428
 156.000000 1.391872
 157.000000 1.406592
 158.000000 1.421940
 159.000000 1.435945
 160.000000 1.447044
 161.000000 1.454097
 162.000000 1.456371
 163.000000 1.453807
 164.000000 1.446656
 165.000000 1.435606
 166.000000 1.421749
 167.000000 1.406589
 168.000000 1.391682
 169.000000 1.378627
 170.000000 1.368935
 171.000000 1.363599
 172.000000 1.362901
 173.000000 1.366517
 174.000000 1.373541
 175.000000 1.382638
 176.000000 1.392364
 177.000000 1.401416
 178.000000 1.408822
 179.000000 1.413971
 180.000000 1.416458
 181.000000 1.416290
 182.000000 1.413743
 183.000000 1.409389
 184.000000 1.403918
 185.000000 1.398011
 186.000000 1.392301
 187.000000 1.387530
 188.000000 1.384146
 189.000000 1.382522
 190.000000 1.382906
 191.000000 1.385364
 192.000000 1.389720
 193.000000 1.395480
 194.000000 1.401923
 195.000000 1.408118
 196.000000 1.413185
 197.000000 1.416292
 198.000000 1.416872
 199.000000 1.414644
 200.000000 1.409616
 201.000000 1.402138
 202.000000 1.392900
 203.000000 1.382760
 204.000000 1.373064
 205.000000 1.364895
 206.000000 1.359547
 207.000000 1.357912
 208.000000 1.360337
 209.000000 1.366523
 210.000000 1.375655
 211.000000 1.386406
 212.000000 1.397385
 213.000000 1.407167
 214.000000 1.414366
 215.000000 1.418327
 216.000000 1.418826
 217.000000 1.416050
 218.000000 1.410614
 219.000000 1.403484
 220.000000 1.396015
 221.000000 1.389434
 222.000000 1.384891
 223.000000 1.383151
 224.000000 1.384595
 225.000000 1.389068
 226.000000 1.395836
 227.000000 1.403728
 228.000000 1.411409
 229.000000 1.417382
 230.000000 1.420563
 231.000000 1.420223
 232.000000 1.416216
 233.000000 1.409061
 234.000000 1.399724
 235.000000 1.389577
 236.000000 1.380434
 237.000000 1.373650
 238.000000 1.370418
 239.000000 1.371521
 240.000000 1.377020
 241.000000 1.386198
 242.000000 1.397825
 243.000000 1.410508
 244.000000 1.422616
 245.000000 1.432672
 246.000000 1.439463
 247.000000 1.442149
 248.000000 1.440430
 249.000000 1.434473
 250.000000 1.425057
 251.000000 1.413354
 252.000000 1.400806
 253.000000 1.388930
 254.000000 1.379203
 255.000000 1.372876
 256.000000 1.370673
 257.000000 1.372608
 258.000000 1.378155
 259.000000 1.386263
 260.000000 1.395774
 261.000000 1.405327
 262.000000 1.413731
 263.000000 1.420112
 264.000000 1.423820
 265.000000 1.424519
 266.000000 1.422155
 267.000000 1.416985
 268.000000 1.409650
 269.000000 1.401010
 270.000000 1.392217
 271.000000 1.384542
 272.000000 1.379179
 273.000000 1.376958
 274.000000 1.378038
 275.000000 1.381923
 276.000000 1.387623
 277.000000 1.393908
 278.000000 1.399635
 279.000000 1.403995
 280.000000 1.406629
 281.000000 1.407450
 282.000000 1.406581
 283.000000 1.404245
 284.000000 1.400741
 285.000000 1.396573
 286.000000 1.392303
 287.000000 1.388511
 288.000000 1.385739
 289.000000 1.384380
 290.000000 1.384683
 291.000000 1.386742
 292.000000 1.390494
 293.000000 1.395724
 294.000000 1.402066
 295.000000 1.409042
 296.000000 1.416003
 297.000000 1.422207
 298.000000 1.426978
 299.000000 1.429626
 300.000000 1.429842
 301.000000 1.427599
 302.000000 1.423302
 303.000000 1.417618
 304.000000 1.411367
 305.000000 1.405488
 306.000000 1.400817
 307.000000 1.397976
 308.000000 1.397282
 309.000000 1.398672
 310.000000 1.401746
 311.000000 1.405875
 312.000000 1.410194
 313.000000 1.413944
 314.000000 1.416609
 315.000000 1.417919
 316.000000 1.417844
 317.000000 1.416492
 318.000000 1.414018
 319.000000 1.410534
 320.000000 1.406081
 321.000000 1.400854
 322.000000 1.395244
 323.000000 1.389958
 324.000000 1.385645
 325.000000 1.383020
 326.000000 1.382668
 327.000000 1.384800
 328.000000 1.389266
 329.000000 1.395610
 330.000000 1.403143
 331.000000 1.410958
 332.000000 1.418061
 333.000000 1.423664
 334.000000 1.427029
 335.000000 1.427735
 336.000000 1.425620
 337.000000 1.420875
 338.000000 1.414000
 339.000000 1.405731
 340.000000 1.396903
 341.000000 1.388342
 342.000000 1.381004
 343.000000 1.375600
 344.000000 1.372627
 345.000000 1.372385
 346.000000 1.374879
 347.000000 1.379832
 348.000000 1.386755
 349.000000 1.394912
 350.000000 1.403303
 351.000000 1.411046
 352.000000 1.417403
 353.000000 1.421802
 354.000000 1.423912
 355.000000 1.423664
 356.000000 1.421313
 357.000000 1.417359
 358.000000 1.412507
 359.000000 1.407505
 360.000000 1.403058
 361.000000 1.399832
 362.000000 1.398195
 363.000000 1.398185
 364.000000 1.399526
 365.000000 1.401665
 366.000000 1.403888
 367.000000 1.405537
 368.000000 1.406080
 369.000000 1.405214
 370.000000 1.402874
 371.000000 1.399231
 372.000000 1.394582
 373.000000 1.389342
 374.000000 1.384052
 375.000000 1.379443
 376.000000 1.376321
 377.000000 1.375202
 378.000000 1.376363
 379.000000 1.379778
 380.000000 1.385005
 381.000000 1.391271
 382.000000 1.397876
 383.000000 1.404135
 384.000000 1.409414
 385.000000 1.413233
 386.000000 1.415245
 387.000000 1.415377
 388.000000 1.413799
 389.000000 1.410875
 390.000000 1.407115
 391.000000 1.403010
 392.000000 1.399035
 393.000000 1.395635
 394.000000 1.393225
 395.000000 1.392181
 396.000000 1.392797
 397.000000 1.395183
 398.000000 1.399196
 399.000000 1.404381
 400.000000 1.410206
 401.000000 1.415967
 402.000000 1.420994
 403.000000 1.424542
 404.000000 1.426103
 405.000000 1.425348
 406.000000 1.422060
 407.000000 1.416266
 408.000000 1.408239
 409.000000 1.398665
 410.000000 1.388523
 411.000000 1.379273
 412.000000 1.372462
 413.000000 1.369328
 414.000000 1.370595
 415.000000 1.376246
 416.000000 1.385645
 417.000000 1.397441
 418.000000 1.410205
 419.000000 1.422037
 420.000000 1.431511
 421.000000 1.437475
 422.000000 1.439016
 423.000000 1.436011
 424.000000 1.428873
 425.000000 1.418556
 426.000000 1.406551
 427.000000 1.394032
 428.000000 1.382600
 429.000000 1.373619
 430.000000 1.368197
 431.000000 1.366938
 432.000000 1.369779
 433.000000 1.376156
 434.000000 1.385090
 435.000000 1.395209
 436.000000 1.405202
 437.000000 1.413572
 438.000000 1.419184
 439.000000 1.421327
 440.000000 1.419976
 441.000000 1.415576
 442.000000 1.409024
 443.000000 1.401336
 444.000000 1.393618
 445.000000 1.387001
 446.000000 1.382472
 447.000000 1.380857
 448.000000 1.382593
 449.000000 1.387494
 450.000000 1.394701
 451.000000 1.402972
 452.000000 1.411055
 453.000000 1.417873
 454.000000 1.422638
 455.000000 1.424829
 456.000000 1.424262
 457.000000 1.421018
 458.000000 1.415519
 459.000000 1.408319
 460.000000 1.400394
 461.000000 1.392910
 462.000000 1.386799
 463.000000 1.382756
 464.000000 1.381137
 465.000000 1.381960
 466.000000 1.385012
 467.000000 1.389843
 468.000000 1.395801
 469.000000 1.402143
 470.000000 1.407987
 471.000000 1.412525
 472.000000 1.415065
 473.000000 1.415161
 474.000000 1.412712
 475.000000 1.407927
 476.000000 1.401324
 477.000000 1.393792
 478.000000 1.386414
 479.000000 1.380281
 480.000000 1.376472
 481.000000 1.375836
 482.000000 1.378772
 483.000000 1.385142
 484.000000 1.394219
 485.000000 1.404755
 486.000000 1.415312
 487.000000 1.424529
 488.000000 1.431094
 489.000000 1.434094
 490.000000 1.432945
 491.000000 1.427595
 492.000000 1.418439
 493.000000 1.406424
 494.000000 1.393184
 495.000000 1.380448
 496.000000 1.370107
 497.000000 1.363790
 498.000000 1.362626
 499.000000 1.366998
 500.000000 1.376415
 501.000000 1.389646
 502.000000 1.404710
 503.000000 1.419934
 504.000000 1.433576
 505.000000 1.444044
 506.000000 1.450334
 507.000000 1.451921
 508.000000 1.448778
 509.000000 1.441355
 510.000000 1.430503
 511.000000 1.417267
 512.000000 1.403238
 513.000000 1.389949
 514.000000 1.378957
 515.000000 1.371632
 516.000000 1.368767
 517.000000 1.370637
 518.000000 1.376763
 519.000000 1.386079
 520.000000 1.397174
 521.000000 1.408609
 522.000000 1.419010
 523.000000 1.427172
 524.000000 1.432375
 525.000000 1.434102
 526.000000 1.432165
 527.000000 1.426813
 528.000000 1.418773
 529.000000 1.409103
 530.000000 1.399017
 531.000000 1.390312
 532.000000 1.384485
 533.000000 1.382550
 534.000000 1.384994
 535.000000 1.391481
 536.000000 1.401005
 537.000000 1.412024
 538.000000 1.422766
 539.000000 1.431744
 540.000000 1.437726
 541.000000 1.439851
 542.000000 1.437967
 543.000000 1.432587
 544.000000 1.424810
 545.000000 1.415976
 546.000000 1.407630
 547.000000 1.401076
 548.000000 1.397305
 549.000000 1.396862
 550.000000 1.399793
 551.000000 1.405594
 552.000000 1.413399
 553.000000 1.421990
 554.000000 1.430063
 555.000000 1.436679
 556.000000 1.441016
 557.000000 1.442740
 558.000000 1.441858
 559.000000 1.438639
 560.000000 1.433553
 561.000000 1.427206
 562.000000 1.420283
 563.000000 1.413544
 564.000000 1.407952
 565.000000 1.404331
 566.000000 1.403134
 567.000000 1.404515
 568.000000 1.408265
 569.000000 1.413991
 570.000000 1.421073
 571.000000 1.428838
 572.000000 1.436606
 573.000000 1.443614
 574.000000 1.449307
 575.000000 1.453140
 576.000000 1.454774
 577.000000 1.453990
 578.000000 1.450763
 579.000000 1.445200
 580.000000 1.437710
 581.000000 1.428929
 582.000000 1.419815
 583.000000 1.411501
 584.000000 1.405196
 585.000000 1.401983
 586.000000 1.402526
 587.000000 1.406839
 588.000000 1.414351
 589.000000 1.424063
 590.000000 1.434724
 591.000000 1.444741
 592.000000 1.452758
 593.000000 1.457605
 594.000000 1.458591
 595.000000 1.455503
 596.000000 1.448662
 597.000000 1.438940
 598.000000 1.427717
 599.000000 1.416419
 600.000000 1.406583
 601.000000 1.399611
 602.000000 1.396529
 603.000000 1.397806
 604.000000 1.403179
 605.000000 1.411799
 606.000000 1.422466
 607.000000 1.433622
 608.000000 1.443712
 609.000000 1.451542
 610.000000 1.456286
 611.000000 1.457522
 612.000000 1.455241
 613.000000 1.449792
 614.000000 1.441805
 615.000000 1.432212
 616.000000 1.421926
 617.000000 1.412016
 618.000000 1.403402
 619.000000 1.396877
 620.000000 1.392992
 621.000000 1.392067
 622.000000 1.394149
 623.000000 1.399015
 624.000000 1.406209
 625.000000 1.415084
 626.000000 1.424563
 627.000000 1.433525
 628.000000 1.441038
 629.000000 1.446188
 630.000000 1.448466
 631.000000 1.447505
 632.000000 1.443243
 633.000000 1.435939
 634.000000 1.426257
 635.000000 1.415024
 636.000000 1.403581
 637.000000 1.393605
 638.000000 1.386555
 639.000000 1.383546
 640.000000 1.385094
 641.000000 1.390953
 642.000000 1.400294
 643.000000 1.411674
 644.000000 1.423409
 645.000000 1.434112
 646.000000 1.442468
 647.000000 1.447654
 648.000000 1.449349
 649.000000 1.447734
 650.000000 1.443384
 651.000000 1.437193
 652.000000 1.430246
 653.000000 1.423685
 654.000000 1.418499
 655.000000 1.415358
 656.000000 1.414571
 657.000000 1.416088
 658.000000 1.419553
 659.000000 1.424329
 660.000000 1.429724
 661.000000 1.435085
 662.000000 1.439748
 663.000000 1.443250
 664.000000 1.445131
 665.000000 1.445231
 666.000000 1.443541
 667.000000 1.440216
 668.000000 1.435647
 669.000000 1.430315
 670.000000 1.424727
 671.000000 1.419415
 672.000000 1.414877
 673.000000 1.411713
 674.000000 1.410401
 675.000000 1.411198
 676.000000 1.414106
 677.000000 1.418791
 678.000000 1.424617
 679.000000 1.430732
 680.000000 1.436206
 681.000000 1.440211
 682.000000 1.442083
 683.000000 1.441467
 684.000000 1.438264
 685.000000 1.432726
 686.000000 1.425375
 687.000000 1.416824
 688.000000 1.408012
 689.000000 1.399952
 690.000000 1.393760
 691.000000 1.390316
 692.000000 1.390192
 693.000000 1.393544
 694.000000 1.399945
 695.000000 1.408622
 696.000000 1.418411
 697.000000 1.428121
 698.000000 1.436622
 699.000000 1.442980
 700.000000 1.446579
 701.000000 1.447172
 702.000000 1.444793
 703.000000 1.439802
 704.000000 1.432848
 705.000000 1.424797
 706.000000 1.416536
 707.000000 1.409084
 708.000000 1.403430
 709.000000 1.400160
 710.000000 1.399581
 711.000000 1.401707
 712.000000 1.406170
 713.000000 1.412421
 714.000000 1.419797
 715.000000 1.427459
 716.000000 1.434515
 717.000000 1.440285
 718.000000 1.444361
 719.000000 1.446516
 720.000000 1.446703
 721.000000 1.445057
 722.000000 1.441841
 723.000000 1.437345
 724.000000 1.431918
 725.000000 1.425895
 726.000000 1.419723
 727.000000 1.413989
 728.000000 1.409251
 729.000000 1.406062
 730.000000 1.404863
 731.000000 1.405849
 732.000000 1.408934
 733.000000 1.413755
 734.000000 1.419762
 735.000000 1.426182
 736.000000 1.432274
 737.000000 1.437353
 738.000000 1.440856
 739.000000 1.442468
 740.000000 1.442122
 741.000000 1.440009
 742.000000 1.436617
 743.000000 1.432650
 744.000000 1.428879
 745.000000 1.426073
 746.000000 1.424766
 747.000000 1.425202
 748.000000 1.427231
 749.000000 1.430355
 750.000000 1.433941
 751.000000 1.437232
 752.000000 1.439564
 753.000000 1.440465
 754.000000 1.439713
 755.000000 1.437348
 756.000000 1.433670
 757.000000 1.429212
 758.000000 1.424612
 759.000000 1.420700
 760.000000 1.418151
 761.000000 1.417514
 762.000000 1.419058
 763.000000 1.422699
 764.000000 1.428060
 765.000000 1.434543
 766.000000 1.441378
 767.000000 1.447793
 768.000000 1.453159
 769.000000 1.456888
 770.000000 1.458599
 771.000000 1.458113
 772.000000 1.455481
 773.000000 1.451001
 774.000000 1.445196
 775.000000 1.438798
 776.000000 1.432728
 777.000000 1.427758
 778.000000 1.424554
 779.000000 1.423534
 780.000000 1.424888
 781.000000 1.428547
 782.000000 1.434153
 783.000000 1.441081
 784.000000 1.448569
 785.000000 1.455914
 786.000000 1.462340
 787.000000 1.467089
 788.000000 1.469702
 789.000000 1.469882
 790.000000 1.467567
 791.000000 1.462906
 792.000000 1.456318
 793.000000 1.448365
 794.000000 1.439802
 795.000000 1.431596
 796.000000 1.424787
 797.000000 1.420131
 798.000000 1.418436
 799.000000 1.420152
 800.000000 1.425308
 801.000000 1.433626
 802.000000 1.444344
 803.000000 1.456430
 804.000000 1.468698
 805.000000 1.479992
 806.000000 1.489335
 807.000000 1.495819
 808.000000 1.498687
 809.000000 1.497467
 810.000000 1.492000
 811.000000 1.482534
 812.000000 1.469583
 813.000000 1.454205
 814.000000 1.437858
 815.000000 1.421950
 816.000000 1.408347
 817.000000 1.398747
 818.000000 1.394454
 819.000000 1.396144
 820.000000 1.403677
 821.000000 1.415931
 822.000000 1.431341
 823.000000 1.448075
 824.000000 1.464101
 825.000000 1.477578
 826.000000 1.487371
 827.000000 1.492528
 828.000000 1.492839
 829.000000 1.488549
 830.000000 1.480246
 831.000000 1.468929
 832.000000 1.455895
 833.000000 1.442352
 834.000000 1.429835
 835.000000 1.419552
 836.000000 1.412400
 837.000000 1.408941
 838.000000 1.409288
 839.000000 1.413098
 840.000000 1.419754
 841.000000 1.428373
 842.000000 1.437956
 843.000000 1.447545
 844.000000 1.456283
 845.000000 1.463353
 846.000000 1.468025
 847.000000 1.469736
 848.000000 1.468189
 849.000000 1.463358
 850.000000 1.455367
 851.000000 1.444747
 852.000000 1.432265
 853.000000 1.419188
 854.000000 1.407001
 855.000000 1.397146
 856.000000 1.390762
 857.000000 1.388568
 858.000000 1.390626
 859.000000 1.396357
 860.000000 1.404588
 861.000000 1.413816
 862.000000 1.422714
 863.000000 1.429956
 864.000000 1.434640
 865.000000 1.436271
 866.000000 1.434845
 867.000000 1.430875
 868.000000 1.425284
 869.000000 1.419200
 870.000000 1.413757
 871.000000 1.410017
 872.000000 1.408649
 873.000000 1.409913
 874.000000 1.413635
 875.000000 1.419237
 876.000000 1.425760
 877.000000 1.432285
 878.000000 1.437817
 879.000000 1.441608
 880.000000 1.443229
 881.000000 1.442581
 882.000000 1.439919
 883.000000 1.435746
 884.000000 1.430802
 885.000000 1.425808
 886.000000 1.421497
 887.000000 1.418524
 888.000000 1.417261
 889.000000 1.417774
 890.000000 1.419866
 891.000000 1.423177
 892.000000 1.427317
 893.000000 1.431821
 894.000000 1.436230
 895.000000 1.440089
 896.000000 1.442973
 897.000000 1.444530
 898.000000 1.444538
 899.000000 1.442923
 900.000000 1.439797
 901.000000 1.435393
 902.000000 1.430119
 903.000000 1.424495
 904.000000 1.419146
 905.000000 1.414754
 906.000000 1.412107
 907.000000 1.411704
 908.000000 1.413799
 909.000000 1.418308
 910.000000 1.424781
 911.000000 1.432542
 912.000000 1.440827
 913.000000 1.448681
 914.000000 1.455194
 915.000000 1.459575
 916.000000 1.461225
 917.000000 1.459882
 918.000000 1.455671
 919.000000 1.449024
 920.000000 1.440732
 921.000000 1.431813
 922.000000 1.423559
 923.000000 1.417197
 924.000000 1.413748
 925.000000 1.413853
 926.000000 1.417599
 927.000000 1.424547
 928.000000 1.433901
 929.000000 1.444443
 930.000000 1.454840
 931.000000 1.464028
 932.000000 1.471041
 933.000000 1.475347
 934.000000 1.476696
 935.000000 1.475048
 936.000000 1.470566
 937.000000 1.463526
 938.000000 1.454382
 939.000000 1.443719
 940.000000 1.432432
 941.000000 1.421512
 942.000000 1.411960
 943.000000 1.404785
 944.000000 1.400891
 945.000000 1.400817
 946.000000 1.404681
 947.000000 1.412139
 948.000000 1.422358
 949.000000 1.434104
 950.000000 1.446245
 951.000000 1.457292
 952.000000 1.466012
 953.000000 1.471300
 954.000000 1.472623
 955.000000 1.469801
 956.000000 1.463151
 957.000000 1.453502
 958.000000 1.442118
 959.000000 1.430453
 960.000000 1.420056
 961.000000 1.412092
 962.000000 1.407464
 963.000000 1.406473
 964.000000 1.408919
 965.000000 1.414067
 966.000000 1.420912
 967.000000 1.428207
 968.000000 1.434877
 969.000000 1.440072
 970.000000 1.443345
 971.000000 1.444608
 972.000000 1.444031
 973.000000 1.441965
 974.000000 1.438870
 975.000000 1.435224
 976.000000 1.431483
 977.000000 1.428095
 978.000000 1.425350
 979.000000 1.423428
 980.000000 1.422395
 981.000000 1.422238
 982.000000 1.422897
 983.000000 1.424291
 984.000000 1.426319
 985.000000 1.428796
 986.000000 1.431536
 987.000000 1.434312
 988.000000 1.436901
 989.000000 1.439107
 990.000000 1.440755
 991.000000 1.441679
 992.000000 1.441735
 993.000000 1.440839
 994.000000 1.439025
 995.000000 1.436512
 996.000000 1.433665
 997.000000 1.430918
 998.000000 1.428744
 999.000000 1.427470
 1000.000000 1.427232
 1001.000000 1.427959
 1002.000000 1.429375
 1003.000000 1.431061
 1004.000000 1.432502
 1005.000000 1.433238
 1006.000000 1.432925
 1007.000000 1.431473
 1008.000000 1.429082
 1009.000000 1.426218
 1010.000000 1.423545
 1011.000000 1.421745
 1012.000000 1.421398
 1013.000000 1.422852
 1014.000000 1.426175
 1015.000000 1.431144
 1016.000000 1.437213
 1017.000000 1.443773
 1018.000000 1.450103
 1019.000000 1.455389
 1020.000000 1.458955
 1021.000000 1.460459
 1022.000000 1.459784
 1023.000000 1.457054
 1024.000000 1.452571
 1025.000000 1.446787
 1026.000000 1.440298
 1027.000000 1.433709
 1028.000000 1.427689
 1029.000000 1.422772
 1030.000000 1.419412
 1031.000000 1.417826
 1032.000000 1.418060
 1033.000000 1.420008
 1034.000000 1.423413
 1035.000000 1.427909
 1036.000000 1.433067
 1037.000000 1.438244
 1038.000000 1.442794
 1039.000000 1.446106
 1040.000000 1.447662
 1041.000000 1.447040
 1042.000000 1.444047
 1043.000000 1.438720
 1044.000000 1.431344
 1045.000000 1.422498
 1046.000000 1.412874
 1047.000000 1.403449
 1048.000000 1.395371
 1049.000000 1.389830
 1050.000000 1.387883
 1051.000000 1.390168
 1052.000000 1.396769
 1053.000000 1.407312
 1054.000000 1.420635
 1055.000000 1.435345
 1056.000000 1.449671
 1057.000000 1.461807
 1058.000000 1.470626
 1059.000000 1.475064
 1060.000000 1.474619
 1061.000000 1.469369
 1062.000000 1.460009
 1063.000000 1.447717
 1064.000000 1.434025
 1065.000000 1.420792
 1066.000000 1.409492
 1067.000000 1.401425
 1068.000000 1.397481
 1069.000000 1.397905
 1070.000000 1.402305
 1071.000000 1.409805
 1072.000000 1.419190
 1073.000000 1.429203
 1074.000000 1.438753
 1075.000000 1.446971
 1076.000000 1.453086
 1077.000000 1.456662
 1078.000000 1.457581
 1079.000000 1.455958
 1080.000000 1.452114
 1081.000000 1.446651
 1082.000000 1.440158
 1083.000000 1.433329
 1084.000000 1.426933
 1085.000000 1.421751
 1086.000000 1.418430
 1087.000000 1.417428
 1088.000000 1.418866
 1089.000000 1.422477
 1090.000000 1.427591
 1091.000000 1.433267
 1092.000000 1.438503
 1093.000000 1.442457
 1094.000000 1.444549
 1095.000000 1.444596
 1096.000000 1.442821
 1097.000000 1.439732
 1098.000000 1.436009
 1099.000000 1.432371
 1100.000000 1.429523
 1101.000000 1.427993
 1102.000000 1.428072
 1103.000000 1.429823
 1104.000000 1.433085
 1105.000000 1.437450
 1106.000000 1.442382
 1107.000000 1.447277
 1108.000000 1.451545
 1109.000000 1.454682
 1110.000000 1.456374
 1111.000000 1.456513
 1112.000000 1.455214
 1113.000000 1.452782
 1114.000000 1.449654
 1115.000000 1.446316
 1116.000000 1.443229
 1117.000000 1.440782
 1118.000000 1.439279
 1119.000000 1.438875
 1120.000000 1.439574
 1121.000000 1.441208
 1122.000000 1.443479
 1123.000000 1.446061
 1124.000000 1.448588
 1125.000000 1.450753
 1126.000000 1.452364
 1127.000000 1.453275
 1128.000000 1.453411
 1129.000000 1.452754
 1130.000000 1.451314
 1131.000000 1.449104
 1132.000000 1.446158
 1133.000000 1.442554
 1134.000000 1.438382
 1135.000000 1.433883
 1136.000000 1.429341
 1137.000000 1.424948
 1138.000000 1.421059
 1139.000000 1.418025
 1140.000000 1.416036
 1141.000000 1.415146
 1142.000000 1.415256
 1143.000000 1.416148
 1144.000000 1.417531
 1145.000000 1.419086
 1146.000000 1.420493
 1147.000000 1.421531
 1148.000000 1.422120
 1149.000000 1.422333
 1150.000000 1.422382
 1151.000000 1.422575
 1152.000000 1.423239
 1153.000000 1.424646
 1154.000000 1.426945
 1155.000000 1.430117
 1156.000000 1.433960
 1157.000000 1.438064
 1158.000000 1.442051
 1159.000000 1.445412
 1160.000000 1.447711
 1161.000000 1.448637
 1162.000000 1.448127
 1163.000000 1.446309
 1164.000000 1.443487
 1165.000000 1.440052
 1166.000000 1.436368
 1167.000000 1.432731
 1168.000000 1.429325
 1169.000000 1.426243
 1170.000000 1.423400
 1171.000000 1.420698
 1172.000000 1.417976
 1173.000000 1.415157
 1174.000000 1.412296
 1175.000000 1.409596
 1176.000000 1.407346
 1177.000000 1.405990
 1178.000000 1.405920
 1179.000000 1.407399
 1180.000000 1.410504
 1181.000000 1.415055
 1182.000000 1.420639
 1183.000000 1.426677
 1184.000000 1.432541
 1185.000000 1.437527
 1186.000000 1.441091
 1187.000000 1.442941
 1188.000000 1.443057
 1189.000000 1.441711
 1190.000000 1.439386
 1191.000000 1.436706
 1192.000000 1.434309
 1193.000000 1.432768
 1194.000000 1.432471
 1195.000000 1.433596
 1196.000000 1.436123
 1197.000000 1.439840
 1198.000000 1.444397
 1199.000000 1.449331
 1200.000000 1.454234
 1201.000000 1.458735
 1202.000000 1.462510
 1203.000000 1.465224
 1204.000000 1.466657
 1205.000000 1.466631
 1206.000000 1.465062
 1207.000000 1.461942
 1208.000000 1.457409
 1209.000000 1.451729
 1210.000000 1.445317
 1211.000000 1.438623
 1212.000000 1.432339
 1213.000000 1.427074
 1214.000000 1.423429
 1215.000000 1.421804
 1216.000000 1.422305
 1217.000000 1.424759
 1218.000000 1.428756
 1219.000000 1.433698
 1220.000000 1.438806
 1221.000000 1.443342
 1222.000000 1.446717
 1223.000000 1.448388
 1224.000000 1.448116
 1225.000000 1.445884
 1226.000000 1.441923
 1227.000000 1.436690
 1228.000000 1.430768
 1229.000000 1.424782
 1230.000000 1.419400
 1231.000000 1.415142
 1232.000000 1.412335
 1233.000000 1.411154
 1234.000000 1.411566
 1235.000000 1.413329
 1236.000000 1.416082
 1237.000000 1.419336
 1238.000000 1.422661
 1239.000000 1.425710
 1240.000000 1.428260
 1241.000000 1.430233
 1242.000000 1.431661
 1243.000000 1.432623
 1244.000000 1.433184
 1245.000000 1.433399
 1246.000000 1.433306
 1247.000000 1.432958
 1248.000000 1.432459
 1249.000000 1.431970
 1250.000000 1.431713
 1251.000000 1.431918
 1252.000000 1.432788
 1253.000000 1.434413
 1254.000000 1.436769
 1255.000000 1.439655
 1256.000000 1.442798
 1257.000000 1.445774
 1258.000000 1.448163
 1259.000000 1.449636
 1260.000000 1.449885
 1261.000000 1.448744
 1262.000000 1.446199
 1263.000000 1.442447
 1264.000000 1.437830
 1265.000000 1.432830
 1266.000000 1.428087
 1267.000000 1.424120
 1268.000000 1.421422
 1269.000000 1.420312
 1270.000000 1.420934
 1271.000000 1.423249
 1272.000000 1.427034
 1273.000000 1.431878
 1274.000000 1.437264
 1275.000000 1.442576
 1276.000000 1.447101
 1277.000000 1.450254
 1278.000000 1.451651
 1279.000000 1.451106
 1280.000000 1.448689
 1281.000000 1.444690
 1282.000000 1.439480
 1283.000000 1.433564
 1284.000000 1.427423
 1285.000000 1.421663
 1286.000000 1.416870
 1287.000000 1.413483
 1288.000000 1.411728
 1289.000000 1.411707
 1290.000000 1.413365
 1291.000000 1.416491
 1292.000000 1.420760
 1293.000000 1.425786
 1294.000000 1.431197
 1295.000000 1.436599
 1296.000000 1.441509
 1297.000000 1.445553
 1298.000000 1.448458
 1299.000000 1.450004
 1300.000000 1.450068
 1301.000000 1.448699
 1302.000000 1.446119
 1303.000000 1.442749
 1304.000000 1.439150
 1305.000000 1.435923
 1306.000000 1.433658
 1307.000000 1.432800
 1308.000000 1.433518
 1309.000000 1.435783
 1310.000000 1.439309
 1311.000000 1.443620
 1312.000000 1.448207
 1313.000000 1.452428
 1314.000000 1.455567
 1315.000000 1.457037
 1316.000000 1.456500
 1317.000000 1.453893
 1318.000000 1.449437
 1319.000000 1.443684
 1320.000000 1.437456
 1321.000000 1.431492
 1322.000000 1.426385
 1323.000000 1.422662
 1324.000000 1.420589
 1325.000000 1.420143
 1326.000000 1.421011
 1327.000000 1.422731
 1328.000000 1.424788
 1329.000000 1.426699
 1330.000000 1.428149
 1331.000000 1.428984
 1332.000000 1.429183
 1333.000000 1.428821
 1334.000000 1.428040
 1335.000000 1.426992
 1336.000000 1.425788
 1337.000000 1.424441
 1338.000000 1.422845
 1339.000000 1.420833
 1340.000000 1.418281
 1341.000000 1.415218
 1342.000000 1.411971
 1343.000000 1.409052
 1344.000000 1.407131
 1345.000000 1.406835
 1346.000000 1.408553
 1347.000000 1.412350
 1348.000000 1.417970
 1349.000000 1.424871
 1350.000000 1.432346
 1351.000000 1.439648
 1352.000000 1.446125
 1353.000000 1.451223
 1354.000000 1.454553
 1355.000000 1.456018
 1356.000000 1.455749
 1357.000000 1.454095
 1358.000000 1.451506
 1359.000000 1.448465
 1360.000000 1.445379
 1361.000000 1.442551
 1362.000000 1.440090
 1363.000000 1.438017
 1364.000000 1.436245
 1365.000000 1.434768
 1366.000000 1.433640
 1367.000000 1.432942
 1368.000000 1.432770
 1369.000000 1.433177
 1370.000000 1.434145
 1371.000000 1.435619
 1372.000000 1.437546
 1373.000000 1.439885
 1374.000000 1.442552
 1375.000000 1.445403
 1376.000000 1.448183
 1377.000000 1.450532
 1378.000000 1.451984
 1379.000000 1.452118
 1380.000000 1.450661
 1381.000000 1.447601
 1382.000000 1.443216
 1383.000000 1.438067
 1384.000000 1.432991
 1385.000000 1.428803
 1386.000000 1.426158
 1387.000000 1.425507
 1388.000000 1.426937
 1389.000000 1.430156
 1390.000000 1.434611
 1391.000000 1.439426
 1392.000000 1.443788
 1393.000000 1.446834
 1394.000000 1.447920
 1395.000000 1.446793
 1396.000000 1.443596
 1397.000000 1.438865
 1398.000000 1.433340
 1399.000000 1.427918
 1400.000000 1.423452
 1401.000000 1.420695
 1402.000000 1.420113
 1403.000000 1.421822
 1404.000000 1.425660
 1405.000000 1.431187
 1406.000000 1.437851
 1407.000000 1.444859
 1408.000000 1.451466
 1409.000000 1.456984
 1410.000000 1.461002
 1411.000000 1.463310
 1412.000000 1.463843
 1413.000000 1.462703
 1414.000000 1.460094
 1415.000000 1.456297
 1416.000000 1.451606
 1417.000000 1.446305
 1418.000000 1.440784
 1419.000000 1.435448
 1420.000000 1.430703
 1421.000000 1.426883
 1422.000000 1.424320
 1423.000000 1.423275
 1424.000000 1.423857
 1425.000000 1.425946
 1426.000000 1.429235
 1427.000000 1.433270
 1428.000000 1.437478
 1429.000000 1.441322
 1430.000000 1.444218
 1431.000000 1.445660
 1432.000000 1.445324
 1433.000000 1.443159
 1434.000000 1.439426
 1435.000000 1.434692
 1436.000000 1.429623
 1437.000000 1.424931
 1438.000000 1.421293
 1439.000000 1.419259
 1440.000000 1.419107
 1441.000000 1.420856
 1442.000000 1.424222
 1443.000000 1.428623
 1444.000000 1.433370
 1445.000000 1.437637
 1446.000000 1.440739
 1447.000000 1.442263
 1448.000000 1.442064
 1449.000000 1.440290
 1450.000000 1.437311
 1451.000000 1.433672
 1452.000000 1.429978
 1453.000000 1.426705
 1454.000000 1.424230
 1455.000000 1.422802
 1456.000000 1.422486
 1457.000000 1.423203
 1458.000000 1.424784
 1459.000000 1.427022
 1460.000000 1.429692
 1461.000000 1.432653
 1462.000000 1.435763
 1463.000000 1.438880
 1464.000000 1.441774
 1465.000000 1.444150
 1466.000000 1.445741
 1467.000000 1.446247
 1468.000000 1.445418
 1469.000000 1.443092
 1470.000000 1.439270
 1471.000000 1.434117
 1472.000000 1.428114
 1473.000000 1.422013
 1474.000000 1.416658
 1475.000000 1.412897
 1476.000000 1.411357
 1477.000000 1.412447
 1478.000000 1.416203
 1479.000000 1.422299
 1480.000000 1.430063
 1481.000000 1.438796
 1482.000000 1.447473
 1483.000000 1.455237
 1484.000000 1.461229
 1485.000000 1.464956
 1486.000000 1.466144
 1487.000000 1.464846
 1488.000000 1.461407
 1489.000000 1.456433
 1490.000000 1.450645
 1491.000000 1.444832
 1492.000000 1.439710
 1493.000000 1.435840
 1494.000000 1.433588
 1495.000000 1.433134
 1496.000000 1.434390
 1497.000000 1.437056
 1498.000000 1.440730
 1499.000000 1.444933
 1500.000000 1.449218
 1501.000000 1.453208
 1502.000000 1.456457
 1503.000000 1.458538
 1504.000000 1.459171
 1505.000000 1.458229
 1506.000000 1.455759
 1507.000000 1.451990
 1508.000000 1.447228
 1509.000000 1.441899
 1510.000000 1.436583
 1511.000000 1.431826
 1512.000000 1.428142
 1513.000000 1.425974
 1514.000000 1.425539
 1515.000000 1.426794
 1516.000000 1.429415
 1517.000000 1.432923
 1518.000000 1.436721
 1519.000000 1.440351
 1520.000000 1.443361
 1521.000000 1.445355
 1522.000000 1.446069
 1523.000000 1.445422
 1524.000000 1.443557
 1525.000000 1.440823
 1526.000000 1.437679
 1527.000000 1.434570
 1528.000000 1.431821
 1529.000000 1.429569
 1530.000000 1.427888
 1531.000000 1.426676
 1532.000000 1.425753
 1533.000000 1.424898
 1534.000000 1.423923
 1535.000000 1.422712
 1536.000000 1.421271
 1537.000000 1.419746
 1538.000000 1.418413
 1539.000000 1.417586
 1540.000000 1.417519
 1541.000000 1.418343
 1542.000000 1.420024
 1543.000000 1.422361
 1544.000000 1.424972
 1545.000000 1.427348
 1546.000000 1.429001
 1547.000000 1.429519
 1548.000000 1.428712
 1549.000000 1.426699
 1550.000000 1.423898
 1551.000000 1.420849
 1552.000000 1.418182
 1553.000000 1.416430
 1554.000000 1.415984
 1555.000000 1.416985
 1556.000000 1.419347
 1557.000000 1.422738
 1558.000000 1.426680
 1559.000000 1.430621
 1560.000000 1.434050
 1561.000000 1.436587
 1562.000000 1.438098
 1563.000000 1.438612
 1564.000000 1.438364
 1565.000000 1.437703
 1566.000000 1.437008
 1567.000000 1.436612
 1568.000000 1.436737
 1569.000000 1.437441
 1570.000000 1.438614
 1571.000000 1.440008
 1572.000000 1.441291
 1573.000000 1.442132
 1574.000000 1.442315
 1575.000000 1.441795
 1576.000000 1.440697
 1577.000000 1.439277
 1578.000000 1.437867
 1579.000000 1.436787
 1580.000000 1.436326
 1581.000000 1.436648
 1582.000000 1.437769
 1583.000000 1.439558
 1584.000000 1.441740
 1585.000000 1.443939
 1586.000000 1.445797
 1587.000000 1.447021
 1588.000000 1.447463
 1589.000000 1.447183
 1590.000000 1.446367
 1591.000000 1.445258
 1592.000000 1.444119
 1593.000000 1.443178
 1594.000000 1.442606
 1595.000000 1.442503
 1596.000000 1.442899
 1597.000000 1.443758
 1598.000000 1.444994
 1599.000000 1.446527
 1600.000000 1.448296
 1601.000000 1.450263
 1602.000000 1.452351
 1603.000000 1.454419
 1604.000000 1.456203
 1605.000000 1.457365
 1606.000000 1.457484
 1607.000000 1.456160
 1608.000000 1.453095
 1609.000000 1.448133
 1610.000000 1.441276
 1611.000000 1.432873
 1612.000000 1.423696
 1613.000000 1.414743
 1614.000000 1.407041
 1615.000000 1.401708
 1616.000000 1.399408
 1617.000000 1.400400
 1618.000000 1.404413
 1619.000000 1.410713
 1620.000000 1.418328
 1621.000000 1.426136
 1622.000000 1.433101
 1623.000000 1.438347
 1624.000000 1.441443
 1625.000000 1.442221
 1626.000000 1.440896
 1627.000000 1.437956
 1628.000000 1.434021
 1629.000000 1.429832
 1630.000000 1.426044
 1631.000000 1.423245
 1632.000000 1.421826
 1633.000000 1.421989
 1634.000000 1.423707
 1635.000000 1.426752
 1636.000000 1.430728
 1637.000000 1.435153
 1638.000000 1.439546
 1639.000000 1.443482
 1640.000000 1.446643
 1641.000000 1.448797
 1642.000000 1.449705
 1643.000000 1.449215
 1644.000000 1.447289
 1645.000000 1.444039
 1646.000000 1.439738
 1647.000000 1.434787
 1648.000000 1.429681
 1649.000000 1.424964
 1650.000000 1.421203
 1651.000000 1.418944
 1652.000000 1.418609
 1653.000000 1.420421
 1654.000000 1.424317
 1655.000000 1.429906
 1656.000000 1.436543
 1657.000000 1.443463
 1658.000000 1.449866
 1659.000000 1.454969
 1660.000000 1.458144
 1661.000000 1.458915
 1662.000000 1.457057
 1663.000000 1.452671
 1664.000000 1.446225
 1665.000000 1.438537
 1666.000000 1.430620
 1667.000000 1.423553
 1668.000000 1.418260
 1669.000000 1.415467
 1670.000000 1.415495
 1671.000000 1.418362
 1672.000000 1.423723
 1673.000000 1.430844
 1674.000000 1.438785
 1675.000000 1.446438
 1676.000000 1.452854
 1677.000000 1.457347
 1678.000000 1.459482
 1679.000000 1.459192
 1680.000000 1.456719
 1681.000000 1.452542
 1682.000000 1.447296
 1683.000000 1.441733
 1684.000000 1.436471
 1685.000000 1.431960
 1686.000000 1.428562
 1687.000000 1.426408
 1688.000000 1.425476
 1689.000000 1.425602
 1690.000000 1.426519
 1691.000000 1.427875
 1692.000000 1.429251
 1693.000000 1.430244
 1694.000000 1.430563
 1695.000000 1.430049
 1696.000000 1.428718
 1697.000000 1.426716
 1698.000000 1.424238
 1699.000000 1.421479
 1700.000000 1.418604
 1701.000000 1.415832
 1702.000000 1.413442
 1703.000000 1.411772
 1704.000000 1.411175
 1705.000000 1.411902
 1706.000000 1.414036
 1707.000000 1.417426
 1708.000000 1.421723
 1709.000000 1.426384
 1710.000000 1.430744
 1711.000000 1.434043
 1712.000000 1.435688
 1713.000000 1.435281
 1714.000000 1.432803
 1715.000000 1.428586
 1716.000000 1.423319
 1717.000000 1.417792
 1718.000000 1.412809
 1719.000000 1.409141
 1720.000000 1.407393
 1721.000000 1.407841
 1722.000000 1.410433
 1723.000000 1.414792
 1724.000000 1.420278
 1725.000000 1.426078
 1726.000000 1.431410
 1727.000000 1.435613
 1728.000000 1.438334
 1729.000000 1.439465
 1730.000000 1.439024
 1731.000000 1.437173
 1732.000000 1.434167
 1733.000000 1.430378
 1734.000000 1.426229
 1735.000000 1.422147
 1736.000000 1.418535
 1737.000000 1.415770
 1738.000000 1.414106
 1739.000000 1.413778
 1740.000000 1.415005
 1741.000000 1.417927
 1742.000000 1.422575
 1743.000000 1.428641
 1744.000000 1.435616
 1745.000000 1.442746
 1746.000000 1.449101
 1747.000000 1.453877
 1748.000000 1.456363
 1749.000000 1.456102
 1750.000000 1.452935
 1751.000000 1.447028
 1752.000000 1.439200
 1753.000000 1.430435
 1754.000000 1.421885
 1755.000000 1.414944
 1756.000000 1.410838
 1757.000000 1.410297
 1758.000000 1.413522
 1759.000000 1.420109
 1760.000000 1.429245
 1761.000000 1.439591
 1762.000000 1.449650
 1763.000000 1.458020
 1764.000000 1.463623
 1765.000000 1.465655
 1766.000000 1.464086
 1767.000000 1.459417
 1768.000000 1.452410
 1769.000000 1.444282
 1770.000000 1.436195
 1771.000000 1.429176
 1772.000000 1.424154
 1773.000000 1.421794
 1774.000000 1.422389
 1775.000000 1.425741
 1776.000000 1.431195
 1777.000000 1.437713
 1778.000000 1.444322
 1779.000000 1.450336
 1780.000000 1.455253
 1781.000000 1.458768
 1782.000000 1.460690
 1783.000000 1.460911
 1784.000000 1.459343
 1785.000000 1.455991
 1786.000000 1.451013
 1787.000000 1.444716
 1788.000000 1.437474
 1789.000000 1.429753
 1790.000000 1.421999
 1791.000000 1.414753
 1792.000000 1.408762
 1793.000000 1.404849
 1794.000000 1.403604
 1795.000000 1.405439
 1796.000000 1.410372
 1797.000000 1.417964
 1798.000000 1.427657
 1799.000000 1.438500
 1800.000000 1.449335
 1801.000000 1.459043
 1802.000000 1.466723
 1803.000000 1.471631
 1804.000000 1.473478
 1805.000000 1.472331
 1806.000000 1.468646
 1807.000000 1.463137
 1808.000000 1.456714
 1809.000000 1.450260
 1810.000000 1.444645
 1811.000000 1.440484
 1812.000000 1.438154
 1813.000000 1.437668
 1814.000000 1.438638
 1815.000000 1.440422
 1816.000000 1.442365
 1817.000000 1.443966
 1818.000000 1.444977
 1819.000000 1.445335
 1820.000000 1.445063
 1821.000000 1.444177
 1822.000000 1.442670
 1823.000000 1.440574
 1824.000000 1.437981
 1825.000000 1.435070
 1826.000000 1.432098
 1827.000000 1.429265
 1828.000000 1.426686
 1829.000000 1.424447
 1830.000000 1.422734
 1831.000000 1.421823
 1832.000000 1.421957
 1833.000000 1.423244
 1834.000000 1.425544
 1835.000000 1.428528
 1836.000000 1.431825
 1837.000000 1.435062
 1838.000000 1.437938
 1839.000000 1.440124
 1840.000000 1.441347
 1841.000000 1.441373
 1842.000000 1.440146
 1843.000000 1.437901
 1844.000000 1.435086
 1845.000000 1.432374
 1846.000000 1.430365
 1847.000000 1.429477
 1848.000000 1.429827
 1849.000000 1.431258
 1850.000000 1.433367
 1851.000000 1.435580
 1852.000000 1.437261
 1853.000000 1.437826
 1854.000000 1.436881
 1855.000000 1.434342
 1856.000000 1.430513
 1857.000000 1.425987
 1858.000000 1.421524
 1859.000000 1.418006
 1860.000000 1.416171
 1861.000000 1.416579
 1862.000000 1.419478
 1863.000000 1.424741
 1864.000000 1.431844
 1865.000000 1.439971
 1866.000000 1.448248
 1867.000000 1.455723
 1868.000000 1.461738
 1869.000000 1.465733
 1870.000000 1.467647
 1871.000000 1.467777
 1872.000000 1.466588
 1873.000000 1.464522
 1874.000000 1.461923
 1875.000000 1.459065
 1876.000000 1.456023
 1877.000000 1.452766
 1878.000000 1.449243
 1879.000000 1.445393
 1880.000000 1.441122
 1881.000000 1.436510
 1882.000000 1.431846
 1883.000000 1.427526
 1884.000000 1.424045
 1885.000000 1.421726
 1886.000000 1.420729
 1887.000000 1.420969
 1888.000000 1.422193
 1889.000000 1.424066
 1890.000000 1.426160
 1891.000000 1.428051
 1892.000000 1.429371
 1893.000000 1.429870
 1894.000000 1.429481
 1895.000000 1.428409
 1896.000000 1.427087
 1897.000000 1.426045
 1898.000000 1.425764
 1899.000000 1.426505
 1900.000000 1.428298
 1901.000000 1.431007
 1902.000000 1.434333
 1903.000000 1.437842
 1904.000000 1.440988
 1905.000000 1.443148
 1906.000000 1.443851
 1907.000000 1.442892
 1908.000000 1.440444
 1909.000000 1.437029
 1910.000000 1.433362
 1911.000000 1.430105
 1912.000000 1.427808
 1913.000000 1.426775
 1914.000000 1.427033
 1915.000000 1.428440
 1916.000000 1.430638
 1917.000000 1.433044
 1918.000000 1.435022
 1919.000000 1.436048
 1920.000000 1.435868
 1921.000000 1.434614
 1922.000000 1.432678
 1923.000000 1.430579
 1924.000000 1.428768
 1925.000000 1.427584
 1926.000000 1.427161
 1927.000000 1.427498
 1928.000000 1.428456
 1929.000000 1.429781
 1930.000000 1.431074
 1931.000000 1.431883
 1932.000000 1.431874
 1933.000000 1.430904
 1934.000000 1.429079
 1935.000000 1.426731
 1936.000000 1.424357
 1937.000000 1.422516
 1938.000000 1.421722
 1939.000000 1.422381
 1940.000000 1.424707
 1941.000000 1.428714
 1942.000000 1.433981
 1943.000000 1.439611
 1944.000000 1.444445
 1945.000000 1.447531
 1946.000000 1.448370
 1947.000000 1.447060
 1948.000000 1.444177
 1949.000000 1.440610
 1950.000000 1.437291
 1951.000000 1.434983
 1952.000000 1.434206
 1953.000000 1.435149
 1954.000000 1.437568
 1955.000000 1.440898
 1956.000000 1.444363
 1957.000000 1.447201
 1958.000000 1.448811
 1959.000000 1.448929
 1960.000000 1.447533
 1961.000000 1.444759
 1962.000000 1.440835
 1963.000000 1.436032
 1964.000000 1.430730
 1965.000000 1.425575
 1966.000000 1.421217
 1967.000000 1.418263
 1968.000000 1.417081
 1969.000000 1.417708
 1970.000000 1.419814
 1971.000000 1.422987
 1972.000000 1.426913
 1973.000000 1.431513
 1974.000000 1.436635
 1975.000000 1.442014
 1976.000000 1.447315
 1977.000000 1.452071
 1978.000000 1.455801
 1979.000000 1.458065
 1980.000000 1.458496
 1981.000000 1.456825
 1982.000000 1.452969
 1983.000000 1.447007
 1984.000000 1.439450
 1985.000000 1.431090
 1986.000000 1.422992
 1987.000000 1.416182
 1988.000000 1.411443
 1989.000000 1.409272
 1990.000000 1.409867
 1991.000000 1.413130
 1992.000000 1.418540
 1993.000000 1.425438
 1994.000000 1.432798
 1995.000000 1.439495
 1996.000000 1.444545
 1997.000000 1.447267
 1998.000000 1.447353
 1999.000000 1.444956
 2000.000000 1.440560
 2001.000000 1.434854
 2002.000000 1.428576
 2003.000000 1.422520
 2004.000000 1.417423
 2005.000000 1.413749
 2006.000000 1.411598
 2007.000000 1.410794
 2008.000000 1.410965
 2009.000000 1.411744
 2010.000000 1.412991
 2011.000000 1.414877
 2012.000000 1.417683
 2013.000000 1.421659
 2014.000000 1.426764
 2015.000000 1.432809
 2016.000000 1.439342
 2017.000000 1.445836
 2018.000000 1.451676
 2019.000000 1.456337
 2020.000000 1.459186
 2021.000000 1.459829
 2022.000000 1.458123
 2023.000000 1.454299
 2024.000000 1.449018
 2025.000000 1.443262
 2026.000000 1.438063
 2027.000000 1.434404
 2028.000000 1.432888
 2029.000000 1.433772
 2030.000000 1.436935
 2031.000000 1.441860
 2032.000000 1.447705
 2033.000000 1.453345
 2034.000000 1.457618
 2035.000000 1.459648
 2036.000000 1.459028
 2037.000000 1.455866
 2038.000000 1.450647
 2039.000000 1.444087
 2040.000000 1.436941
 2041.000000 1.429918
 2042.000000 1.423781
 2043.000000 1.419289
 2044.000000 1.416853
 2045.000000 1.416659
 2046.000000 1.418568
 2047.000000 1.422189
 2048.000000 1.426922
 2049.000000 1.432227
 2050.000000 1.437630
 2051.000000 1.442784
 2052.000000 1.447438
 2053.000000 1.451218
 2054.000000 1.453954
 2055.000000 1.455501
 2056.000000 1.455815
 2057.000000 1.454931
 2058.000000 1.452919
 2059.000000 1.449839
 2060.000000 1.445769
 2061.000000 1.440978
 2062.000000 1.435967
 2063.000000 1.431504
 2064.000000 1.428437
 2065.000000 1.427528
 2066.000000 1.429069
 2067.000000 1.432890
 2068.000000 1.438401
 2069.000000 1.444752
 2070.000000 1.450982
 2071.000000 1.456190
 2072.000000 1.459388
 2073.000000 1.459913
 2074.000000 1.457395
 2075.000000 1.451915
 2076.000000 1.444113
 2077.000000 1.434985
 2078.000000 1.425649
 2079.000000 1.417327
 2080.000000 1.411003
 2081.000000 1.407409
 2082.000000 1.406984
 2083.000000 1.409715
 2084.000000 1.415137
 2085.000000 1.422376
 2086.000000 1.430330
 2087.000000 1.437878
 2088.000000 1.444106
 2089.000000 1.448464
 2090.000000 1.450903
 2091.000000 1.451704
 2092.000000 1.451228
 2093.000000 1.449919
 2094.000000 1.448243
 2095.000000 1.446627
 2096.000000 1.445435
 2097.000000 1.444889
 2098.000000 1.444895
 2099.000000 1.445026
 2100.000000 1.444707
 2101.000000 1.443563
 2102.000000 1.441649
 2103.000000 1.439480
 2104.000000 1.437787
 2105.000000 1.437350
 2106.000000 1.438690
 2107.000000 1.441848
 2108.000000 1.446305
 2109.000000 1.451179
 2110.000000 1.455439
 2111.000000 1.458185
 2112.000000 1.458666
 2113.000000 1.456365
 2114.000000 1.451122
 2115.000000 1.443327
 2116.000000 1.433576
 2117.000000 1.422917
 2118.000000 1.412491
 2119.000000 1.403424
 2120.000000 1.396918
 2121.000000 1.393849
 2122.000000 1.394653
 2123.000000 1.399283
 2124.000000 1.407190
 2125.000000 1.417432
 2126.000000 1.428613
 2127.000000 1.439445
 2128.000000 1.448835
 2129.000000 1.456036
 2130.000000 1.460887
 2131.000000 1.463410
 2132.000000 1.463879
 2133.000000 1.462699
 2134.000000 1.460331
 2135.000000 1.457232
 2136.000000 1.453719
 2137.000000 1.449994
 2138.000000 1.446141
 2139.000000 1.442188
 2140.000000 1.438212
 2141.000000 1.434445
 2142.000000 1.431304
 2143.000000 1.429318
 2144.000000 1.428885
 2145.000000 1.430160
 2146.000000 1.432948
 2147.000000 1.436782
 2148.000000 1.440984
 2149.000000 1.444734
 2150.000000 1.447314
 2151.000000 1.448132
 2152.000000 1.446815
 2153.000000 1.443277
 2154.000000 1.437720
 2155.000000 1.430777
 2156.000000 1.423411
 2157.000000 1.416558
 2158.000000 1.411349
 2159.000000 1.408637
 2160.000000 1.408870
 2161.000000 1.412095
 2162.000000 1.417967
 2163.000000 1.425770
 2164.000000 1.434356
 2165.000000 1.442505
 2166.000000 1.449035
 2167.000000 1.453204
 2168.000000 1.454770
 2169.000000 1.454060
 2170.000000 1.451721
 2171.000000 1.448480
 2172.000000 1.445109
 2173.000000 1.442184
 2174.000000 1.440144
 2175.000000 1.439170
 2176.000000 1.439210
 2177.000000 1.440015
 2178.000000 1.441211
 2179.000000 1.442410
 2180.000000 1.443287
 2181.000000 1.443668
 2182.000000 1.443565
 2183.000000 1.443118
 2184.000000 1.442525
 2185.000000 1.442022
 2186.000000 1.441884
 2187.000000 1.442374
 2188.000000 1.443652
 2189.000000 1.445656
 2190.000000 1.448068
 2191.000000 1.450454
 2192.000000 1.452264
 2193.000000 1.453164
 2194.000000 1.453097
 2195.000000 1.452233
 2196.000000 1.450832
 2197.000000 1.449055
 2198.000000 1.446935
 2199.000000 1.444345
 2200.000000 1.441104
 2201.000000 1.437129
 2202.000000 1.432451
 2203.000000 1.427348
 2204.000000 1.422203
 2205.000000 1.417507
 2206.000000 1.413762
 2207.000000 1.411595
 2208.000000 1.411491
 2209.000000 1.413787
 2210.000000 1.418500
 2211.000000 1.425233
 2212.000000 1.433381
 2213.000000 1.442205
 2214.000000 1.450786
 2215.000000 1.458205
 2216.000000 1.463685
 2217.000000 1.466582
 2218.000000 1.466654
 2219.000000 1.463997
 2220.000000 1.458973
 2221.000000 1.452255
 2222.000000 1.444663
 2223.000000 1.437125
 2224.000000 1.430441
 2225.000000 1.425403
 2226.000000 1.422633
 2227.000000 1.422385
 2228.000000 1.424492
 2229.000000 1.428433
 2230.000000 1.433438
 2231.000000 1.438721
 2232.000000 1.443494
 2233.000000 1.447283
 2234.000000 1.449775
 2235.000000 1.450861
 2236.000000 1.450553
 2237.000000 1.448987
 2238.000000 1.446374
 2239.000000 1.442978
 2240.000000 1.439066
 2241.000000 1.434997
 2242.000000 1.431007
 2243.000000 1.427324
 2244.000000 1.424227
 2245.000000 1.421991
 2246.000000 1.420963
 2247.000000 1.421420
 2248.000000 1.423520
 2249.000000 1.427282
 2250.000000 1.432468
 2251.000000 1.438648
 2252.000000 1.445210
 2253.000000 1.451257
 2254.000000 1.455871
 2255.000000 1.458087
 2256.000000 1.457198
 2257.000000 1.452970
 2258.000000 1.445736
 2259.000000 1.436363
 2260.000000 1.426210
 2261.000000 1.416623
 2262.000000 1.408910
 2263.000000 1.404122
 2264.000000 1.402917
 2265.000000 1.405402
 2266.000000 1.411218
 2267.000000 1.419473
 2268.000000 1.428919
 2269.000000 1.438238
 2270.000000 1.446307
 2271.000000 1.452112
 2272.000000 1.455060
 2273.000000 1.454878
 2274.000000 1.451712
 2275.000000 1.445975
 2276.000000 1.438339
 2277.000000 1.429488
 2278.000000 1.420254
 2279.000000 1.411417
 2280.000000 1.403823
 2281.000000 1.398315
 2282.000000 1.395500
 2283.000000 1.395540
 2284.000000 1.398310
 2285.000000 1.403284
 2286.000000 1.409732
 2287.000000 1.416850
 2288.000000 1.423963
 2289.000000 1.430622
 2290.000000 1.436801
 2291.000000 1.442396
 2292.000000 1.447307
 2293.000000 1.451373
 2294.000000 1.454268
 2295.000000 1.455633
 2296.000000 1.455228
 2297.000000 1.453067
 2298.000000 1.449453
 2299.000000 1.444972
 2300.000000 1.440282
 2301.000000 1.436070
 2302.000000 1.432870
 2303.000000 1.431161
 2304.000000 1.431157
 2305.000000 1.432824
 2306.000000 1.435857
 2307.000000 1.439761
 2308.000000 1.443794
 2309.000000 1.447258
 2310.000000 1.449510
 2311.000000 1.450159
 2312.000000 1.449091
 2313.000000 1.446481
 2314.000000 1.442675
 2315.000000 1.438165
 2316.000000 1.433546
 2317.000000 1.429366
 2318.000000 1.426203
 2319.000000 1.424437
 2320.000000 1.424302
 2321.000000 1.425789
 2322.000000 1.428625
 2323.000000 1.432368
 2324.000000 1.436488
 2325.000000 1.440636
 2326.000000 1.444582
 2327.000000 1.448122
 2328.000000 1.451096
 2329.000000 1.453418
 2330.000000 1.455033
 2331.000000 1.455881
 2332.000000 1.455777
 2333.000000 1.454438
 2334.000000 1.451605
 2335.000000 1.447198
 2336.000000 1.441443
 2337.000000 1.434823
 2338.000000 1.428183
 2339.000000 1.422573
 2340.000000 1.418962
 2341.000000 1.418134
 2342.000000 1.420351
 2343.000000 1.425351
 2344.000000 1.432455
 2345.000000 1.440553
 2346.000000 1.448368
 2347.000000 1.454624
 2348.000000 1.458361
 2349.000000 1.458945
 2350.000000 1.456293
 2351.000000 1.450871
 2352.000000 1.443551
 2353.000000 1.435424
 2354.000000 1.427436
 2355.000000 1.420447
 2356.000000 1.415100
 2357.000000 1.411936
 2358.000000 1.411298
 2359.000000 1.413315
 2360.000000 1.417839
 2361.000000 1.424422
 2362.000000 1.432285
 2363.000000 1.440484
 2364.000000 1.447974
 2365.000000 1.453942
 2366.000000 1.457733
 2367.000000 1.459064
 2368.000000 1.457878
 2369.000000 1.454471
 2370.000000 1.449426
 2371.000000 1.443516
 2372.000000 1.437566
 2373.000000 1.432302
 2374.000000 1.428333
 2375.000000 1.426103
 2376.000000 1.425909
 2377.000000 1.427933
 2378.000000 1.432104
 2379.000000 1.438014
 2380.000000 1.444958
 2381.000000 1.451990
 2382.000000 1.457989
 2383.000000 1.461914
 2384.000000 1.463017
 2385.000000 1.460870
 2386.000000 1.455409
 2387.000000 1.447068
 2388.000000 1.436558
 2389.000000 1.424894
 2390.000000 1.413578
 2391.000000 1.404077
 2392.000000 1.397724
 2393.000000 1.395230
 2394.000000 1.396906
 2395.000000 1.402454
 2396.000000 1.411018
 2397.000000 1.421284
 2398.000000 1.431998
 2399.000000 1.441763
 2400.000000 1.449533
 2401.000000 1.454707
 2402.000000 1.457105
 2403.000000 1.457006
 2404.000000 1.454953
 2405.000000 1.451637
 2406.000000 1.447826
 2407.000000 1.444068
 2408.000000 1.440710
 2409.000000 1.437939
 2410.000000 1.435859
 2411.000000 1.434526
 2412.000000 1.433999
 2413.000000 1.434372
 2414.000000 1.435831
 2415.000000 1.438579
 2416.000000 1.442650
 2417.000000 1.447829
 2418.000000 1.453568
 2419.000000 1.459133
 2420.000000 1.463665
 2421.000000 1.466446
 2422.000000 1.466888
 2423.000000 1.464596
 2424.000000 1.459467
 2425.000000 1.451736
 2426.000000 1.442061
 2427.000000 1.431250
 2428.000000 1.420532
 2429.000000 1.411481
 2430.000000 1.405328
 2431.000000 1.403058
 2432.000000 1.404968
 2433.000000 1.410818
 2434.000000 1.419890
 2435.000000 1.430817
 2436.000000 1.441961
 2437.000000 1.451835
 2438.000000 1.459091
 2439.000000 1.462711
 2440.000000 1.462264
 2441.000000 1.457937
 2442.000000 1.450401
 2443.000000 1.440578
 2444.000000 1.429636
 2445.000000 1.418863
 2446.000000 1.409424
 2447.000000 1.402445
 2448.000000 1.398589
 2449.000000 1.398063
 2450.000000 1.400637
 2451.000000 1.405722
 2452.000000 1.412464
 2453.000000 1.420070
 2454.000000 1.427694
 2455.000000 1.434634
 2456.000000 1.440307
 2457.000000 1.444209
 2458.000000 1.446071
 2459.000000 1.445895
 2460.000000 1.443917
 2461.000000 1.440503
 2462.000000 1.436095
 2463.000000 1.431154
 2464.000000 1.426170
 2465.000000 1.421827
 2466.000000 1.418894
 2467.000000 1.418075
 2468.000000 1.419806
 2469.000000 1.424185
 2470.000000 1.430787
 2471.000000 1.438723
 2472.000000 1.446918
 2473.000000 1.454258
 2474.000000 1.459658
 2475.000000 1.462391
 2476.000000 1.462019
 2477.000000 1.458520
 2478.000000 1.452317
 2479.000000 1.444377
 2480.000000 1.436034
 2481.000000 1.428517
 2482.000000 1.423057
 2483.000000 1.420525
 2484.000000 1.421248
 2485.000000 1.425082
 2486.000000 1.431315
 2487.000000 1.438876
 2488.000000 1.446449
 2489.000000 1.452794
 2490.000000 1.456858
 2491.000000 1.458072
 2492.000000 1.456257
 2493.000000 1.451680
 2494.000000 1.444909
 2495.000000 1.436681
 2496.000000 1.427816
 2497.000000 1.419128
 2498.000000 1.411503
 2499.000000 1.405795
 2500.000000 1.402621
 2501.000000 1.402304
 2502.000000 1.404743
 2503.000000 1.409535
 2504.000000 1.416139
 2505.000000 1.424009
 2506.000000 1.432419
 2507.000000 1.440580
 2508.000000 1.447767
 2509.000000 1.453178
 2510.000000 1.456227
 2511.000000 1.456506
 2512.000000 1.453935
 2513.000000 1.448722
 2514.000000 1.441466
 2515.000000 1.432996
 2516.000000 1.424332
 2517.000000 1.416657
 2518.000000 1.411360
 2519.000000 1.409374
 2520.000000 1.411340
 2521.000000 1.417322
 2522.000000 1.426770
 2523.000000 1.438654
 2524.000000 1.451690
 2525.000000 1.464357
 2526.000000 1.475173
 2527.000000 1.482777
 2528.000000 1.486213
 2529.000000 1.485074
 2530.000000 1.479404
 2531.000000 1.469803
 2532.000000 1.457182
 2533.000000 1.442884
 2534.000000 1.428637
 2535.000000 1.415931
 2536.000000 1.406210
 2537.000000 1.400537
 2538.000000 1.399466
 2539.000000 1.402930
 2540.000000 1.410223
 2541.000000 1.420128
 2542.000000 1.431290
 2543.000000 1.442050
 2544.000000 1.451243
 2545.000000 1.457879
 2546.000000 1.461344
 2547.000000 1.461487
 2548.000000 1.458584
 2549.000000 1.453184
 2550.000000 1.446058
 2551.000000 1.438248
 2552.000000 1.430539
 2553.000000 1.423627
 2554.000000 1.417988
 2555.000000 1.414024
 2556.000000 1.412033
 2557.000000 1.412192
 2558.000000 1.414423
 2559.000000 1.418345
 2560.000000 1.423347
 2561.000000 1.428752
 2562.000000 1.433876
 2563.000000 1.438127
 2564.000000 1.440815
 2565.000000 1.441472
 2566.000000 1.439902
 2567.000000 1.436243
 2568.000000 1.430863
 2569.000000 1.424527
 2570.000000 1.418211
 2571.000000 1.412824
 2572.000000 1.409157
 2573.000000 1.407762
 2574.000000 1.408835
 2575.000000 1.412155
 2576.000000 1.417140
 2577.000000 1.422836
 2578.000000 1.428181
 2579.000000 1.432236
 2580.000000 1.434297
 2581.000000 1.433990
 2582.000000 1.431279
 2583.000000 1.426491
 2584.000000 1.420143
 2585.000000 1.412996
 2586.000000 1.406010
 2587.000000 1.400233
 2588.000000 1.396543
 2589.000000 1.395509
 2590.000000 1.397393
 2591.000000 1.402023
 2592.000000 1.408839
 2593.000000 1.417103
 2594.000000 1.425869
 2595.000000 1.434294
 2596.000000 1.441578
 2597.000000 1.447142
 2598.000000 1.450575
 2599.000000 1.451599
 2600.000000 1.450160
 2601.000000 1.446440
 2602.000000 1.440835
 2603.000000 1.433905
 2604.000000 1.426474
 2605.000000 1.419430
 2606.000000 1.413573
 2607.000000 1.409746
 2608.000000 1.408484
 2609.000000 1.410069
 2610.000000 1.414452
 2611.000000 1.421242
 2612.000000 1.429897
 2613.000000 1.439338
 2614.000000 1.448552
 2615.000000 1.456397
 2616.000000 1.461947
 2617.000000 1.464605
 2618.000000 1.464231
 2619.000000 1.461047
 2620.000000 1.455594
 2621.000000 1.448623
 2622.000000 1.440937
 2623.000000 1.433397
 2624.000000 1.426745
 2625.000000 1.421497
 2626.000000 1.418065
 2627.000000 1.416620
 2628.000000 1.417085
 2629.000000 1.419167
 2630.000000 1.422408
 2631.000000 1.426326
 2632.000000 1.430447
 2633.000000 1.434285
 2634.000000 1.437515
 2635.000000 1.439891
 2636.000000 1.441191
 2637.000000 1.441246
 2638.000000 1.439974
 2639.000000 1.437366
 2640.000000 1.433546
 2641.000000 1.428863
 2642.000000 1.423624
 2643.000000 1.418439
 2644.000000 1.414056
 2645.000000 1.411219
 2646.000000 1.410534
 2647.000000 1.412407
 2648.000000 1.416936
 2649.000000 1.423825
 2650.000000 1.432497
 2651.000000 1.442000
 2652.000000 1.451289
 2653.000000 1.459244
 2654.000000 1.464908
 2655.000000 1.467646
 2656.000000 1.467176
 2657.000000 1.463587
 2658.000000 1.457347
 2659.000000 1.449120
 2660.000000 1.439865
 2661.000000 1.430693
 2662.000000 1.422656
 2663.000000 1.416568
 2664.000000 1.413161
 2665.000000 1.412725
 2666.000000 1.415253
 2667.000000 1.420413
 2668.000000 1.427552
 2669.000000 1.435748
 2670.000000 1.444058
 2671.000000 1.451459
 2672.000000 1.457107
 2673.000000 1.460338
 2674.000000 1.460833
 2675.000000 1.458537
 2676.000000 1.453758
 2677.000000 1.447039
 2678.000000 1.438987
 2679.000000 1.430524
 2680.000000 1.422665
 2681.000000 1.416257
 2682.000000 1.412007
 2683.000000 1.410258
 2684.000000 1.411022
 2685.000000 1.413993
 2686.000000 1.418601
 2687.000000 1.424132
 2688.000000 1.429945
 2689.000000 1.435574
 2690.000000 1.440519
 2691.000000 1.444359
 2692.000000 1.446827
 2693.000000 1.447835
 2694.000000 1.447431
 2695.000000 1.445819
 2696.000000 1.443308
 2697.000000 1.440255
 2698.000000 1.437048
 2699.000000 1.433927
 2700.000000 1.431106
 2701.000000 1.428749
 2702.000000 1.426996
 2703.000000 1.425981
 2704.000000 1.425833
 2705.000000 1.426626
 2706.000000 1.428340
 2707.000000 1.430841
 2708.000000 1.433825
 2709.000000 1.436930
 2710.000000 1.439788
 2711.000000 1.442067
 2712.000000 1.443534
 2713.000000 1.444037
 2714.000000 1.443575
 2715.000000 1.442252
 2716.000000 1.440245
 2717.000000 1.437838
 2718.000000 1.435326
 2719.000000 1.433015
 2720.000000 1.431214
 2721.000000 1.430171
 2722.000000 1.430030
 2723.000000 1.430864
 2724.000000 1.432624
 2725.000000 1.435170
 2726.000000 1.438256
 2727.000000 1.441595
 2728.000000 1.444762
 2729.000000 1.447420
 2730.000000 1.449192
 2731.000000 1.449771
 2732.000000 1.448935
 2733.000000 1.446601
 2734.000000 1.442862
 2735.000000 1.437968
 2736.000000 1.432371
 2737.000000 1.426673
 2738.000000 1.421568
 2739.000000 1.417772
 2740.000000 1.415793
 2741.000000 1.415998
 2742.000000 1.418389
 2743.000000 1.422691
 2744.000000 1.428249
 2745.000000 1.434325
 2746.000000 1.440220
 2747.000000 1.445162
 2748.000000 1.448589
 2749.000000 1.450145
 2750.000000 1.449721
 2751.000000 1.447447
 2752.000000 1.443597
 2753.000000 1.438703
 2754.000000 1.433383
 2755.000000 1.428437
 2756.000000 1.424466
 2757.000000 1.421981
 2758.000000 1.421202
 2759.000000 1.422040
 2760.000000 1.424178
 2761.000000 1.427129
 2762.000000 1.430281
 2763.000000 1.433048
 2764.000000 1.435024
 2765.000000 1.435910
 2766.000000 1.435520
 2767.000000 1.433814
 2768.000000 1.430888
 2769.000000 1.426957
 2770.000000 1.422332
 2771.000000 1.417453
 2772.000000 1.412720
 2773.000000 1.408698
 2774.000000 1.405754
 2775.000000 1.404241
 2776.000000 1.404375
 2777.000000 1.406214
 2778.000000 1.409619
 2779.000000 1.414382
 2780.000000 1.420071
 2781.000000 1.426161
 2782.000000 1.432129
 2783.000000 1.437459
 2784.000000 1.441713
 2785.000000 1.444457
 2786.000000 1.445421
 2787.000000 1.444529
 2788.000000 1.441916
 2789.000000 1.437905
 2790.000000 1.433088
 2791.000000 1.428118
 2792.000000 1.423683
 2793.000000 1.420371
 2794.000000 1.418648
 2795.000000 1.418762
 2796.000000 1.420657
 2797.000000 1.424018
 2798.000000 1.428306
 2799.000000 1.432784
 2800.000000 1.436747
 2801.000000 1.439493
 2802.000000 1.440516
 2803.000000 1.439511
 2804.000000 1.436465
 2805.000000 1.431765
 2806.000000 1.426088
 2807.000000 1.420290
 2808.000000 1.415307
 2809.000000 1.411869
